150
 0 230 0 0 125 2626 0 0 0 0 2964 12 0 0 0 102 0 1 0 657 0 0 0 0 0 232 1708 0 0 3423 0 0 0 0 0 0 103 0 0 128 0 0 0 69 114 31 0 0 0 0 481 0 0 22 382 0 165 0 0 196 0 0 0 0 0 32 0 252 7 2902 16 1160 495 0 16 72984 2320 4785 69 5067 0 0 18 91 0 11 0 0 0 0 8548 0 2 0 115 5898 0 551 0 443 165 0 362 0 0 0 41 264 9 66 0 0 0 0 6 0 17 49 48 0 0 0 11 33 0 0 0 239 0 0 0 0 0 1956 0 0 0 132 0 13 236 0 0 0 2483 0 0 0 0 78
 0 0 0 0 0 22948 0 0 0 131 256 328 0 841 0 589 0 0 0 11 5 4653 36 0 157 21 5 0 34 42 303 50 93 0 0 0 6 1646 63 123 0 106 0 98 0 14 19 16 0 0 0 2287 0 76 0 28 0 0 1536 0 0 33 1259 15 1010 0 70 4 0 132 0 0 0 15 869 0 57 138 569 93 0 42 66 334 0 0 0 66 0 21 0 69 0 0 0 0 0 0 0 0 1096 0 239 308 443 1 946 0 994 0 0 11 113 839 0 19 0 39 0 0 0 340 0 0 127 0 0 0 0 0 6 0 0 127 3 239 0 0 0 0 708 0 60 0 20 4721 0 6 0 0
 0 6 3 0 0 19794 0 0 0 893 415 0 0 0 17 0 0 0 8 41 0 17 961 67 0 0 0 0 0 2297 0 0 0 12 0 520 12 0 0 0 0 18 20 657 0 7089 1382 0 99 0 0 3314 0 1465 0 0 0 59 0 15805 0 0 0 0 0 0 0 0 248 0 0 0 228 686 0 0 2466 4 106 2388 22 0 0 115 0 0 0 785 0 0 1265 60 142 38 0 0 0 0 0 0 70 0 0 0 32 0 186 0 14 0 0 24 110 0 0 1680 0 0 0 0 0 0 828 102 0 0 172 436 4074 256 0 150 0 458 0 0 91 0 29 0 17 18 1578 0 0 66 354 0 0 0
 1 1 1023 0 0 0 0 0 160 0 0 151 0 1280 5 0 2102 0 0 38 0 12 1091 0 0 334 0 0 0 312 435 0 210 0 0 0 33 0 0 148 321 0 0 0 381 0 0 0 1265 181 237 0 0 0 0 341 0 0 0 5 0 0 87 0 0 0 0 0 0 24 106 2820 255 21 0 0 0 946 2111 0 90 2 0 0 0 0 0 146 0 338 1973 5 255 0 0 97 128 0 0 0 0 0 0 0 24 0 0 0 14 1813 537 0 0 0 18 5 328 267 0 219 48 8 0 0 9447 0 0 0 0 0 0 0 20054 401 0 0 0 907 5023 93 0 93 36 2490 0 33 14379 0 0 3182
 0 0 58 14 0 2134 0 247 0 0 0 0 384 0 117 26 0 2 0 0 46 14 0 0 0 40240 49 0 211 132 0 0 0 0 0 0 0 0 0 1522 0 0 0 0 0 4230 0 228 425 0 185 2289 0 317 0 0 0 63379 0 0 0 0 200 389 0 1096 733 0 226 0 174 0 23 369 0 466 185 0 50 6542 0 15 0 0 57 226 100 6 0 31 0 19 171 0 0 0 0 190 3677 0 0 0 0 0 21 8 0 245 40 0 94811 677 0 60 59 0 0 0 0 0 0 0 0 63 0 2234 34622 3 17 10 0 0 252 0 0 0 0 167 52 16 830 0 0 16 5 0 0 0 0 0
 0 0 0 510 0 0 67 6 122 0 245 0 0 0 4 0 1 0 785 0 0 0 0 0 0 0 0 0 186 0 0 5 257 900 178 0 569 0 0 42 0 8948 0 0 458 0 0 0 0 70 0 8 204 0 0 14 0 0 0 0 0 0 0 0 153 340 2263 0 0 0 0 0 0 1 0 0 59 167 0 0 0 2 91 0 0 0 46 117 298 0 19015 328 298 83 0 6525 0 0 0 0 0 0 75 0 10 0 0 2210 589 0 0 386 0 0 158 59715 41 0 0 54 0 340 46 0 2064 0 0 0 1501 0 27 33 0 109 0 99 12 15 0 0 374 0 0 0 22 0 515 2 0 41
 11752 71 29306 182 1791 0 34 0 27 28 3360 43 0 0 0 0 3054 0 0 484 610 0 484 0 7 0 0 5 37 0 0 0 0 528 372 15 0 0 36 333 0 1 8064 251 0 0 0 30 0 0 0 0 0 599 185 0 119 24689 1376 0 0 0 0 0 0 88 43 0 14564 0 0 0 0 245 0 0 1117 2492 0 83 0 0 30 17 0 396 10871 0 0 0 3 0 18988 0 0 4 0 12 0 0 33 0 113 0 0 297 491 0 947 0 11443 0 0 0 0 0 242 35 0 0 515 47 0 22 0 0 0 0 1 5 37 0 292 93 0 1402 36 0 0 150 0 16831 0 3186 0 0 191 0 0 1788
 3063 15 1911 0 0 0 22 253 387 403 0 0 0 1495 20 499 0 0 8 0 0 0 0 0 0 113 5 0 0 822 0 0 100 0 0 0 0 0 102 3743 0 2677 466 0 277 0 0 0 0 125 0 0 0 61 0 0 0 3181 376 0 4563 0 0 0 0 214 0 1246 44 1954 2742 0 0 0 11 393 2677 522 0 17 35 0 0 0 338 0 0 522 15 3186 0 0 0 252 8 0 423 0 82 0 0 0 24 0 6 2 0 118 115 0 0 0 337 2008 318 655 0 0 0 90 3932 0 0 0 4 0 0 0 0 47 0 1767 0 1 3153 371 0 0 18 0 0 0 268 0 459 0 0 0 0 0
 0 0 357 0 0 0 0 0 12 158 0 0 0 0 253 23 0 199 0 23 0 85 0 0 0 26 0 0 0 27 0 0 11 0 23 0 0 505 0 0 199 44 0 517 0 0 30 673 0 0 4707 64 0 0 148 6 6350 585 26 0 0 1482 0 0 0 0 0 774 100 333 0 150 14 0 0 0 57 2 5958 0 64 0 203 0 132 0 2 0 0 0 2124 0 1863 463 0 0 0 446 1062 0 0 0 0 113 1266 0 0 1309 0 0 0 693 14 0 0 0 0 715 170 968 0 0 0 0 3 255 0 0 0 0 0 9865 0 171 580 20 0 1484 1372 0 0 15 0 0 0 290 0 0 0 5
 19 0 0 971 0 0 0 0 0 17 0 0 3681 0 0 0 21 36 1612 18 0 0 0 0 504 79 0 0 334 0 0 130 1722 13390 616 0 3 0 0 44 0 0 0 0 0 0 0 0 6205 45 0 0 0 1175 0 0 0 0 0 0 0 0 125 52 0 10 0 0 289 4 0 0 0 3419 2648 0 0 0 1648 0 0 0 0 1 0 0 0 291 0 0 32 0 3743 54 0 0 0 0 76 0 2 107 0 64 0 0 38 449 0 0 1986 67 0 0 0 153 0 60 0 0 0 0 11 0 0 0 2 0 623 1115 13 93 0 0 0 0 0 0 546 0 816 2 32 0 286 37 0 2 0 2138
 0 0 0 0 0 0 0 550 635 2 0 0 0 0 147 778 0 7 1 0 0 253 0 0 0 2923 0 0 168 0 0 302 0 4 0 14 7 0 0 41 0 0 0 158 2029 0 8 0 1430 25779 0 0 2 24 4951 3467 1087 0 0 0 65 13 2303 24 168 0 0 0 0 0 0 0 0 267 0 0 0 2 0 0 0 0 0 1265 0 53 3681 0 0 0 0 1991 647 292 16 12 0 4 0 0 0 0 0 182 0 0 0 0 0 0 2 1863 576 46 18 25 141 0 675 0 338 0 0 0 16 2001 130 474 938 368 0 0 43 0 0 17362 0 0 2 0 0 62043 37 306 0 78 1411 3304 971 4703
 0 0 491 0 186 0 0 0 0 5 300 0 0 93 0 0 62 1651 0 0 0 20054 0 261 0 52 0 0 0 0 181 25 160 0 273 0 1159 1159 0 0 178 302 0 0 0 28 0 10 293 0 36 111 0 25 0 0 0 0 0 0 0 0 0 233 0 0 0 0 0 100 918 0 0 0 0 34 0 0 0 0 0 0 0 44 788 436 0 0 5 0 0 0 0 3 13 9 0 0 1165 0 2403 62 0 311 0 165 0 2656 0 0 0 0 72 0 2766 13 974 0 6 0 0 453 0 0 368 0 392 0 0 3 1229 272 0 148 0 13 0 3 3770 0 1069 8 0 0 0 302 247 0 156 34624
 0 41 0 0 0 347 0 6969 1071 0 4 3182 484 0 0 0 6 0 0 0 1271 0 0 17 0 0 0 0 2067 0 888 0 1087 0 32 0 0 0 0 84 0 17 146 0 75 0 67 0 60 90 6 655 0 0 180 544 0 16 0 0 0 0 0 0 0 0 0 274 0 1281 0 0 0 23 1228 4951 155 123 2507 34 20 321 0 0 0 236 422 0 0 0 0 0 0 0 0 178 2409 5066 0 311 0 0 35 384 0 90 39 1 0 27 0 0 1336 113 93 0 515 0 4 87 2 0 0 0 0 0 0 30 232 0 0 0 389 0 0 0 0 306 2522 156 0 655 42 0 0 0 0 0 0 0
 1867 0 0 0 200 0 67 0 1240 0 1 0 3033 657 0 0 0 0 382 0 0 0 0 0 20 0 0 21 366 0 0 185 0 0 0 44 0 0 63 0 0 205 0 0 64 0 0 0 0 33 339 0 0 0 0 18110 69 0 0 119 52 32 0 0 43 0 9 0 0 0 0 0 33 0 0 362 0 0 4735 0 0 423 1 0 0 0 0 5 0 0 6 0 3318 0 1408 687 290 186 0 0 0 0 9 37 45 0 0 0 6510 0 116 0 0 0 0 34 99 0 187 0 0 178 0 82 1 1213 0 0 0 0 450 0 0 539 18 417 18 261 57 0 0 98 72 281 0 4 0 0 480 0
 0 162 0 0 0 0 255 0 0 4228 0 473 568 13 1923 1171 0 0 0 0 0 0 2 15 143 0 0 0 462 0 0 0 0 0 5 0 0 14856 0 2 556 498 1495 0 56 0 3283 0 0 0 0 0 295 0 1292 0 2635 0 0 0 140 80 27 0 203 157 959 1171 0 63 0 347 0 0 1213 0 0 0 0 71 731 0 332 827 0 182 0 143 788 399 2397 86 667 21 1954 2880 77 0 0 0 0 0 0 0 0 0 209 0 353 0 0 179 0 1986 0 0 13 63 10 0 0 191 0 0 2390 0 0 0 958 9 2068 253 0 230 0 0 0 245 0 425 17444 0 1212 0 0 0 566 0 0 0
 0 0 6 0 0 41 12 0 0 0 0 972 58 231 0 0 0 55 102 0 0 337 925 54 0 2 2592 0 0 224 24 5 0 1624 620 1996 16 2598 0 170 772 0 0 0 661 1124 548 394 0 0 27 0 0 98 54 0 0 125 0 0 557 2842 0 0 0 0 3106 0 0 0 20054 0 2348 58 0 0 0 0 1 0 0 0 122 280 0 0 0 0 0 608 0 0 0 0 7 0 877 0 17374 677 0 0 305 0 2 0 122 0 0 0 0 24 0 55 333 0 0 0 1444 0 0 56 1352 0 332 0 86 2 20 444 0 2001 134 0 271 338 1066 17 0 0 0 0 57 0 0 0 3793 6 572 863
 0 332 40 0 133 0 0 16 0 0 22 0 0 159 3046 212 2366 0 0 810 0 0 241 98 0 0 0 16 0 0 0 0 269 0 0 0 37 0 0 0 0 69 7138 17 1042 0 0 132 30 0 0 6 0 1954 2298 134 0 77 0 0 127 166 613 0 0 105 0 0 0 0 0 14 23 0 4 0 36 0 135 0 0 306 71 72 63 785 61 6 59 0 0 496 0 0 0 58 312 0 0 0 0 446 33 870 334 0 0 0 34456 0 430 0 52 63 0 0 50 1 375 0 0 210 150 48 517 0 0 0 537 355 0 1226 0 97 252 0 0 0 47 0 0 22 0 1014 0 401 173 0 0 0
 0 11848 2 0 0 2 0 1536 0 0 0 0 13 268 0 0 228 52 0 0 19 0 0 14564 16 224 179 0 0 304 0 9695 0 0 0 450 42 0 18815 0 0 0 652 0 0 241 521 0 4989 0 64 3667 0 0 66 263 0 0 0 0 82 4 0 1680 0 0 0 0 0 0 0 0 0 819 0 70 457 0 161 0 0 0 316 0 0 1 0 0 0 777 0 0 503 746 0 5 19632 18 0 0 213 0 0 10 0 0 1536 0 0 108 76 0 0 12 0 366 0 116 0 0 0 57 0 1 45 0 398 0 0 102 719 0 0 0 0 0 311 32 0 0 0 151 0 0 0 0 4465 1813 899 165
 62 23 0 510 0 0 47 0 113 0 0 0 22 0 563 0 34 137 0 3 2875 0 2 2068 0 495 1639 0 341 75 0 1126 0 0 1831 0 0 0 0 0 99 53 0 30 0 0 78 63 79 0 0 0 17 0 0 312 0 0 33 1 0 0 0 60 0 62 0 0 0 0 0 0 3341 3 0 41 2801 0 0 131 0 347 1063 158 1466 0 5 0 4143 1180 219 1863 0 0 0 0 0 0 812 0 0 0 470 0 0 0 0 338 99 0 14564 0 0 0 9 0 87 1 0 0 0 0 0 0 5 0 0 68 525 1528 0 6 2134 0 0 0 3131 0 539 343 126 241 12 15 0 70 0 9 0 0
 0 0 0 0 175 3134 0 286 0 0 0 0 0 3 33 101 0 0 0 940 0 1066 0 0 977 0 0 213 48 0 0 0 14 166 0 64 804 0 15 0 14564 0 0 0 730 365 0 11 0 41 0 407 0 0 134 0 0 16 6 0 0 302 0 103 3681 0 0 0 2 0 4440 0 0 1831 29 0 1527 51 0 118 0 0 16 0 200 8 0 1845 0 57 0 0 0 0 0 55 0 0 83 0 22 8 0 605 298 739 20 0 112 0 0 112 0 0 0 2 0 0 0 0 0 0 267 3988 10942 263 10 538 64 3 0 3300 0 0 191 1194 17 42 0 0 0 0 0 0 0 3318 0 0 0 1
 464 0 0 31 0 88 0 311 181 596 1693 38 0 0 515 118 6227 0 0 1477 0 100 70 181 7 454 1 0 0 0 0 0 337 191 36 0 0 0 589 947 0 0 0 0 195 0 6173 0 0 97 27 2309 16 59 4 0 3 0 0 467 0 0 0 0 0 0 0 0 2490 0 173 0 0 175 0 0 0 0 0 163 5 729 0 26 2929 311 0 0 0 0 0 0 0 0 0 827 0 424 0 1192 0 0 0 0 15 199 0 0 0 391 0 16 996 0 4 3407 499 41 1689 0 0 0 15 1115 1969 308 2 0 0 0 0 0 0 0 40 0 0 459 0 364 0 2627 128 3966 0 0 0 212 0 0
 305 0 0 0 0 77 21 0 0 1 0 0 43 353 36078 0 603 0 66 0 0 0 425 0 0 0 0 0 0 0 0 59 1 0 0 0 4394 0 0 786 0 0 0 4175 0 0 0 0 240 0 0 0 2 43 103 0 0 0 0 0 0 0 0 0 290 22 385 4 11 151 0 0 48 6 437 59 0 42 0 922 423 0 0 0 64 20054 0 0 0 0 0 0 0 73 0 0 14 710 20 0 0 0 19 0 0 0 2 1451 4480 5 384 0 0 0 71449 0 3 14 124 0 0 15 0 16 0 101 0 181 0 0 0 0 0 0 0 60 2 0 18965 0 0 230 466 343 0 884 0 0 0 22
 6 0 0 0 1 58663 0 933 2696 386 160 303 16 133 0 0 0 9 0 1207 0 0 493 0 0 0 0 0 134 0 0 64 0 132 7 0 0 132 0 502 0 283 16 58 0 0 0 0 0 73 0 0 0 808 0 389 0 0 448 0 0 0 0 0 114 0 195 0 0 0 0 689 6732 8 64 0 0 101 4 0 3 29 61 0 0 50 144 0 33 0 0 0 0 3286 405 0 0 553 0 4 0 0 0 0 0 0 2220 0 1239 7 0 0 4 566 0 440 369 0 0 46 80 0 0 0 0 22 0 0 242 0 11 6 383 0 1316 0 0 881 0 0 0 233 0 0 7 0 0 0 0 138
 64 35 0 846 24 97 21 0 167 1247 157 0 0 0 0 0 0 0 0 2116 0 810 341 0 1 0 455 49 0 0 80 657 505 87 0 0 0 4164 3 50880 0 0 0 0 0 0 0 0 0 0 0 0 0 0 0 1129 26 0 36087 0 0 0 0 0 0 1454 0 718 0 0 22 0 68 0 0 0 0 0 0 0 0 0 0 0 74 392 0 20010 0 0 0 0 0 0 1 0 0 0 12 112 0 62 571 0 0 6 48 0 1659 0 0 234 0 0 0 0 4 0 0 0 0 0 112 175 0 0 0 0 0 19021 0 335 0 156 0 1288 820 802 0 0 0 0 0 0 0 2995 1927 0 205 31
 129 0 16 0 0 216 0 16 555 0 39 1392 30 0 0 39 213 0 101 0 0 23 0 0 347 0 264 324 0 0 573 25 145 988 0 0 15 338 0 902 0 41 0 1494 0 51 90 0 196 0 0 0 0 0 0 0 124 0 1 14 0 187 10 0 705 0 0 269 0 0 0 29 351 0 3492 6 0 2953 7996 0 0 3665 324 407 465 546 0 142 0 0 4 0 14 0 94 10 0 9 0 717 1 0 0 1294 0 0 0 10 280 0 0 23537 0 0 2598 34 0 0 0 0 0 0 16 22 0 2193 479 31 0 62 0 0 0 197 4569 63 0 739 0 1051 0 332 0 548 0 18 0 0 0 0
 0 0 1189 0 0 9 1013 0 0 0 0 0 178 39 0 0 477 0 0 0 0 2676 0 784 1943 0 932 481 0 363 32 0 0 0 0 5992 1 4 13 6512 1 0 0 0 0 0 0 6008 0 0 2 0 4436 0 572 390 0 0 0 6 0 0 0 336 0 0 0 1221 7 407 0 0 0 0 197 30 0 324 104 47 0 0 0 264 124 12461 41 0 593 14 0 0 0 2 2863 0 18580 54 0 0 0 3009 0 0 0 268 0 9 0 0 0 0 148 0 0 0 3366 6 0 35 0 712 0 253 0 0 0 0 0 0 0 38 24 2064 424 0 0 110 6182 401 0 222 0 0 0 71 0 0 0 0
 0 0 4436 60361 0 31 20 0 358 1356 1266 677 0 116 87 0 2544 0 0 41390 0 10 767 0 0 0 27 188 0 0 0 92 0 157 52 283 0 3246 21 0 59 21 0 1544 0 0 1271 0 316 0 0 0 63384 0 0 0 0 0 71 0 0 454 0 619 0 145 0 0 0 3070 35 4386 10648 2 0 0 0 0 0 0 0 618 3341 14 48 357 0 1348 0 108 0 0 0 0 10 1483 0 0 19 553 0 1 79 0 0 229 64 615 275 0 0 0 0 666 5 33 0 0 981 0 87 1 15378 1502 67 0 0 0 551 0 0 0 3 0 6508 64 0 0 113 0 951 19 0 0 73 78 47 0 0 29
 19 108 1 357 0 1512 0 0 259 21 157 53 3 0 68 903 0 69 92 0 18 367 371 0 0 0 0 21 0 0 0 0 250 101 0 264 263 0 0 0 0 6 0 0 0 150 187 69 0 0 22 0 683 0 41 3 0 0 2626 568 0 0 0 0 0 0 1267 0 334 0 881 9 0 0 0 12 191 0 0 43 0 0 0 0 148 473 0 19 1248 291 0 0 112 0 6202 449 0 1023 0 630 0 0 0 33 2 0 0 16 0 0 0 11382 213 68 0 0 183 0 998 0 209 7 1840 0 0 968 102 0 251 48 176 3734 0 0 0 0 0 56 0 0 14 83 16 2527 0 0 0 2210 0 957
 55 0 50 791 0 0 0 1892 70 0 0 0 0 0 0 0 1262 22 0 0 1153 6120 0 82 13 0 566 620 0 266 0 35 192 0 7 53 515 0 6374 553 377 1 0 586 0 112 530 97 19 558 0 201 49 30 0 0 0 0 0 243 96 0 0 20 0 0 0 0 0 0 0 0 0 0 12 0 0 0 329 0 0 0 0 128 436 0 0 960 0 42 24 0 8 0 0 0 0 0 0 576 318 0 1495 0 3538 0 347 0 0 4482 104 6 0 43 0 2 0 0 0 1453 834 0 0 49 4336 33 0 2769 4103 19 101 5 0 0 36 92 0 0 394 268 0 0 0 0 0 0 0 0 0 0
 0 0 0 0 0 0 1136 0 0 0 0 4749 0 17 23 0 49 0 0 206 14468 1527 2838 0 12464 0 12 0 0 382 11 0 127 2276 0 22 16 2199 0 0 436 300 0 132 0 0 2304 845 0 210 222 0 0 1174 0 195 65 0 10 1991 0 0 2 693 1813 88 0 20 0 162 175 136 0 0 0 0 0 0 0 0 897 0 2178 0 0 0 4193 326 0 0 71 1220 7422 96 0 0 37 0 0 58 3 0 0 0 0 0 0 0 0 31 71 5 36 2744 0 0 521 0 0 16 0 71 92 0 0 2 11101 0 0 38 13947 0 0 93 0 0 4148 0 0 0 1 73 0 0 2710 3167 92 4 229 0
 16 0 2934 0 0 5 15 100 425 54 1042 0 0 5565 4 0 999 2863 0 66 40 0 0 0 0 0 21 0 0 0 0 3681 0 0 17797 0 0 0 0 1266 1195 0 0 8 0 4194 0 0 43 277 186 25 13925 17 0 4 16 382 0 48 0 223 0 103 513 0 0 60 14 1 0 0 23 5 0 432 0 140 1653 0 0 0 1 0 0 21 58311 0 0 0 0 0 0 0 0 103 2441 0 0 7050 230 0 0 0 4160 0 0 12592 1 1648 0 0 3515 93 0 0 36 0 17 6 57 45 0 0 0 0 0 0 47 0 127 0 63 9 0 2 0 0 0 41 0 0 67 0 96 2339 0 0 401 0
 0 0 0 4 332 0 579 41 141 0 0 0 107 0 336 0 6 0 0 0 0 0 0 0 0 0 0 49 0 0 0 714 0 0 0 6 0 296 1280 0 2 70 2430 0 0 0 49 24 25 0 0 0 454 0 262 0 0 0 754 0 139 569 170 2 0 78 0 0 0 0 0 2068 0 0 0 20 0 9008 264 344 0 1 0 5843 0 0 191 19356 0 0 1420 2366 0 0 0 19 0 0 0 0 0 31 0 10 0 0 6202 0 3467 0 0 0 0 0 23 19 1421 0 0 13 9 324 0 0 0 2508 0 96 7917 142 0 6 0 1208 0 0 0 0 0 0 858 0 3766 21 0 0 0 302 0 0
 371 0 467 0 3 0 0 0 0 0 498 0 0 12631 36 1171 0 34 1590 0 0 0 10701 0 0 3152 99 0 0 0 0 22 24 0 4 2270 375 0 94557 0 0 15 275 9 266 154 2834 0 0 0 0 0 2881 0 0 0 0 810 2 0 40 0 0 0 327 0 0 147 0 0 0 0 0 0 7 0 14 2207 123 3157 0 0 0 17 72 0 0 0 6 0 502 114 0 0 13515 0 117 0 0 0 0 102 0 0 0 0 6832 6050 3681 0 0 223 0 155 0 33 0 0 0 0 1258 0 0 1166 178 0 0 0 0 328 0 1814 0 0 281 0 0 464 0 3 0 0 120 0 0 9 0 0 0 64
 1394 898 0 770 713 0 0 390 3212 0 0 58 25792 20 514 0 280 0 0 0 0 46 0 0 0 0 0 0 18 0 15538 4 11 21 0 0 0 0 261 64 0 0 218 1524 302 160 1 0 0 363 0 0 0 0 41 421 0 854 22 0 316 1 45 0 1486 0 71 104 71 70 1 0 83 0 62536 14 545 735 30 0 1436 0 10 0 0 1721 0 230 40 0 882 149 117 0 0 0 0 0 4 0 0 0 0 0 18 929 0 0 0 60152 24 470 1150 0 30 0 0 36 1238 0 740 83 16 0 291 256 0 0 242 805 19580 0 41 0 8 0 15 72 1568 0 0 28 0 2 0 0 85 0 1 0
 459 88 847 5 37 0 0 3266 0 0 977 0 0 0 0 0 0 137 0 0 0 40248 0 8 0 981 0 2011 0 1076 0 1812 0 16 0 0 0 0 30 315 0 608 0 2023 0 613 0 5 0 0 0 22 0 397 61 0 0 4812 0 0 4 0 7 2940 1047 0 0 158 0 11 392 0 0 0 0 0 0 0 221 9 2441 0 0 0 0 0 0 0 6525 4165 0 0 19701 8 421 35 0 380 0 253 0 860 0 18 502 0 0 75 0 0 16915 30 0 365 41 0 0 0 196 202 7111 0 20 0 0 6 2488 13 0 413 1670 0 0 497 972 0 0 0 116 0 3626 25 0 0 0 1184 759 0 490 0
 21 4925 0 66 2436 820 0 613 3 40 0 974 0 0 0 0 787 0 20 0 208 216 22 14 0 0 0 0 0 0 0 0 0 65299 3 36 19 13 0 0 1 0 0 0 70 216 546 25 0 48 0 0 544 0 0 171 347 0 0 56 100 0 16 0 0 0 675 0 151 0 0 0 333 320 763 0 20 0 112 19 0 938 1 332 0 0 196 21 0 370 0 0 18 0 0 0 537 0 0 120 5 0 0 0 6403 6418 389 0 0 0 536 0 72 2124 0 32 0 0 852 128 0 0 0 0 0 3 97 0 1132 0 1489 0 0 23 0 326 0 0 448 0 0 0 2228 0 20 168 0 16 0 74
 0 0 0 0 0 0 15 0 0 0 0 0 10 657 542 0 0 0 3 0 0 0 212 0 0 0 132 0 0 0 1680 525 0 3934 25 0 6 839 0 50877 0 0 0 0 3666 0 0 0 5104 0 0 321 0 134 655 12 0 71 0 0 904 0 739 112 0 0 0 0 0 818 385 7152 0 405 162 0 0 21 0 94 12548 0 0 362 0 0 0 0 0 50 63 0 10 0 0 0 0 279 0 6 92 0 0 0 0 0 0 4 14 1440 0 2382 0 0 0 0 4 0 0 0 14559 0 0 0 0 0 1 0 387 0 0 27 0 0 93 0 41 0 0 18 260 0 0 0 20 0 0 1265 3293 0
 157 0 650 114 373 662 10 0 0 0 2 0 59 350 0 0 12 319 4 50 869 1266 0 0 0 0 0 0 1452 0 523 0 54 23 44 0 0 21 0 0 0 0 54 0 2 0 235 0 193 0 0 3212 0 0 0 0 566 91 1814 0 153 2189 13931 0 0 302 2303 0 0 9 0 0 0 0 0 733 0 0 351 6382 17 0 0 21 0 0 0 0 0 0 999 0 0 0 0 54 0 32 0 0 2 0 0 128 0 2771 480 0 0 0 437 29 1 12 0 0 0 2 554 0 116 229 252 0 0 1079 3 0 0 45 0 0 17 0 0 0 0 0 99 0 0 0 108 57 0 689 0 1248 0 1180
 3237 0 432 2489 0 199 0 0 1221 204 0 543 241 0 4 677 65 0 6 0 0 270 113 0 17 0 0 277 0 61 0 0 0 0 0 7145 2860 0 256 0 3 0 101 202 24669 0 2431 0 694 0 0 0 0 0 0 0 0 0 0 0 0 1266 693 0 0 0 219 196 1456 62 57 0 0 0 0 0 37 54 0 0 7 0 0 620 0 0 9729 0 43 77 356 0 0 0 3470 0 0 6 0 0 0 244 0 0 0 246 20 71 2 13390 254 25 333 0 0 0 59 11 0 0 22 7 185 0 0 0 311 47 3656 0 0 0 0 189 0 0 0 731 1411 28 0 0 0 702 0 0 56 804 0 27
 0 0 0 0 0 0 0 0 43 0 0 4 0 103 0 0 188 15 5 49 0 0 0 0 0 0 1208 7 0 11770 0 61 3 0 0 0 0 87 207 45 0 0 0 4213 287 0 0 0 0 0 2029 0 55 0 0 0 13383 1077 27 3084 1808 0 0 1124 0 0 0 0 75 68 0 0 2 0 1981 0 0 71 123 0 0 90 0 26 0 16 0 0 0 1 1016 0 6 0 120 0 14471 0 0 0 0 0 393 0 3304 18965 0 0 0 67 0 46 0 71295 0 0 0 50 0 0 41 239 0 0 0 502 0 0 48 108 148 33 73 0 0 0 0 100 770 31 451 0 0 76 277 0 299 293 71 178
 18 174 0 0 586 0 1 102 0 1184 879 0 1714 25527 0 0 2 0 0 0 61 8447 1 0 0 0 0 7 0 0 0 0 0 4980 431 0 0 0 0 3 45 13425 0 31 0 0 0 0 0 0 0 0 0 0 0 852 28 0 42 20 1 0 0 0 0 272 0 0 5 0 0 0 0 0 0 0 0 0 27 67 89 11 0 0 1069 42 0 4170 12 300 13 0 0 0 0 0 0 500 179 0 0 0 502 0 0 0 0 0 260 0 264 0 0 0 0 0 0 192 0 0 184 17 0 0 169 26 0 0 0 11 0 0 0 1731 1 0 0 1438 0 361 458 0 35 0 0 3 0 0 32 0
 247 0 0 3065 142 0 0 0 0 428 219 0 0 0 0 0 0 881 0 0 59 0 0 170 0 7347 0 0 0 0 0 0 0 2307 0 0 120 2 84 0 0 100 287 3 122 0 0 0 0 0 16 35 23 0 0 0 0 446 180 0 14 69 36 3 175 0 0 0 2771 0 13 0 0 0 1018 0 43 186 112 4681 0 1512 969 0 0 84 18 470 477 0 0 2925 831 0 0 0 0 0 0 0 1714 0 64 0 2456 0 157 0 0 236 91 49 739 0 17285 0 0 0 198 0 42 0 998 1 0 998 2 0 73 0 0 7 0 28 5426 4 0 0 2568 342 781 0 0 3840 0 0 69 0 0 0
 0 191 0 23 111 106 0 0 753 73 0 13 0 20 0 0 0 0 253 10 74 1474 0 338 0 292 128 28 181 5 327 0 0 0 378 14564 3 0 0 417 2410 0 191 0 0 0 3134 0 0 2738 558 0 0 0 403 0 0 0 0 0 18 0 0 1 0 236 0 0 654 853 0 1081 0 0 0 59 0 9 47 0 0 0 0 64 663 661 0 90 25 0 0 0 0 0 6194 0 3538 0 228 17 29 0 0 32 0 0 8447 0 0 436 4268 0 0 2596 0 245 0 401 632 0 504 37802 0 1639 0 12 0 0 0 0 0 158 0 0 0 13 0 0 9 0 0 0 51 0 4225 0 0 0 0 234
 0 0 0 623 143 2 0 4878 0 47 0 69 517 11 289 563 0 830 0 49 338 0 0 20 0 0 0 128 0 0 0 117 0 0 0 751 647 112 0 0 0 0 57 1238 521 6681 383 0 0 11 0 0 2 1481 0 0 0 6202 5069 288 0 10 472 0 0 17376 0 0 0 0 0 0 0 0 362 12 0 0 128 0 22 189 0 0 3340 0 655 200 0 4262 0 10831 0 0 69 5 0 0 0 0 11 123 0 0 0 0 11443 0 0 0 0 0 0 5 2486 0 0 0 0 157 2766 55 0 0 0 152 0 0 0 0 0 0 4681 433 0 0 7 0 30 0 0 0 0 0 0 0 206 0 0 827
 0 63367 21 0 1232 0 0 0 92 4326 0 259 0 0 0 0 0 68 120 0 0 98 0 2490 0 0 110 0 0 1284 149 2062 0 0 2098 0 0 0 0 0 382 0 7668 0 553 0 17 0 6 13 0 745 213 0 0 116 0 0 25 0 1063 0 0 0 0 0 3131 0 3834 0 0 0 0 0 88 0 0 0 0 11 318 171 168 0 0 0 0 655 0 6142 0 0 0 0 0 0 56 38 0 83 133 0 0 918 1814 848 0 0 0 1232 137 0 0 0 0 95 0 496 0 0 109 0 0 0 191 558 0 0 63 0 0 0 35 0 0 404 14 3423 101 1895 0 2508 0 0 0 87 312 0 0 4
 0 0 0 0 0 0 13537 0 1140 4684 6 0 23305 0 0 0 0 0 22 0 239 13 618 4914 0 0 44 0 0 31 0 0 0 0 0 0 2209 64 151 1 4 26 376 0 360 0 0 421 0 1420 6 0 0 0 0 0 0 11990 0 12 0 3649 0 0 0 242 0 17 0 64 0 923 0 0 0 0 0 0 0 371 0 36 2598 0 0 116 0 187 3827 453 0 0 213 375 15 1255 0 0 577 0 4 0 0 0 120 5 0 0 2430 54 0 0 0 0 0 0 0 0 503 19 4 3675 0 0 0 0 99 0 375 0 0 728 59 210 0 0 383 0 0 0 1210 0 0 0 3 0 0 498 838 0
 29 0 0 4951 27 0 215 429 0 0 0 0 0 32 0 0 325 0 0 1413 0 1 16 0 0 648 0 0 0 0 96 0 0 0 1 0 0 0 0 974 35 2701 0 0 0 5 70 340 0 5852 0 0 0 0 1711 0 0 0 0 9 12621 0 0 35 0 0 2 0 11 3 0 0 0 0 0 0 0 4830 1729 0 0 2580 38 2825 2010 0 50 0 239 0 0 0 0 7 4569 357 0 0 0 45 765 17 0 94 7 0 0 0 100 0 179 0 884 0 362 0 0 50 0 173 2458 0 371 0 0 0 123 0 0 157 0 0 0 3743 0 0 1294 0 0 0 0 45 3017 0 0 0 13390 13 0 0
 256 0 11 1 0 2143 0 138 0 291 2451 0 339 0 10 0 0 982 0 0 101 47 422 0 148 0 2 0 0 0 34 0 72975 0 0 0 10 2 7831 0 4 0 174 4364 0 0 0 292 0 22 0 0 1 238 2096 906 0 4 0 0 50 2 0 676 2592 33 0 934 75 0 17 300 5 0 389 100 0 0 672 346 0 153 0 0 0 0 83 249 0 0 112 567 0 1815 0 0 0 1072 15137 382 0 7 0 0 537 741 4 0 0 0 34 4025 36 0 0 3 0 0 0 8 0 258 0 0 0 0 0 0 852 0 57 213 0 109 58 16 0 0 0 43 0 169 0 70 0 0 0 1294 112 11
 373 420 0 0 0 719 0 556 0 0 0 0 0 58 41440 60 0 0 0 79 21 0 7155 86 0 137 0 0 0 3 0 0 382 271 90 4525 0 0 0 12618 726 58 0 1 0 23 1091 2004 0 196 0 63 326 0 0 918 0 64 2959 0 0 226 0 5 0 117 1535 0 1359 0 1 0 0 52 210 47 0 113 0 364 0 324 0 47 0 10 0 18 0 0 283 7 0 0 2440 194 38 167 0 0 0 4159 502 0 0 0 0 0 0 0 0 68 0 855 0 0 0 0 0 0 0 0 0 0 347 4756 0 0 248 18 0 0 0 0 0 219 75 0 0 450 28 0 621 3300 0 0 422 0 0 0
 12 851 17 0 96 0 572 0 269 0 0 0 0 0 83 10 7 118 5 0 0 22 0 179 20 103 243 2 0 0 0 47 51 0 798 0 0 10 212 0 27 33 0 0 0 0 0 0 0 0 338 338 6653 0 0 0 0 364 10923 0 0 135 3582 0 16 0 97 0 0 0 1251 5 58 0 45 0 1502 61 1520 3 0 0 0 0 0 0 21 190 0 0 1 0 4535 0 0 0 18 0 0 0 0 0 0 128 0 0 0 11 75 0 801 0 4569 0 0 15 0 0 0 0 0 0 0 0 202 141 2902 0 275 792 0 0 9 0 197 1823 0 0 0 0 4 0 433 149 236 252 0 0 0 0
 0 243 0 0 0 18 0 0 0 778 203 0 0 0 10000 0 94 0 2409 4126 0 375 0 940 0 0 0 0 17 0 0 160 1272 44 222 4908 710 280 1259 0 7 0 0 0 8 0 737 929 155 0 241 4 94 358 0 0 18 0 0 0 1052 0 63 295 0 0 0 2 82 2873 0 128 12 0 0 546 0 181 646 0 531 0 186 3650 0 0 12 0 296 0 0 0 0 0 0 22 0 0 482 0 340 102 0 0 3699 306 30 0 27 1165 0 5022 362 0 0 62 0 0 545 0 0 9603 0 977 10623 0 883 101 0 0 1237 10942 0 46 0 34 2208 122 0 636 947 0 2576 0 41 153 0 1 0 970
 100 0 0 419 0 0 0 480 0 1816 1560 0 0 280 38 64 0 0 71 0 0 48 6 24 3834 2020 0 785 0 0 0 496 494 104 0 14 0 0 0 488 130 0 0 22 0 625 0 193 0 0 0 0 45 0 4175 0 72 141 0 0 0 0 0 82 0 0 165 0 0 0 782 31 0 382 0 27 0 0 539 0 95 91 3767 890 56 0 4144 356 838 0 0 0 0 401 0 103 2 488 0 19010 0 4 209 16 0 1112 0 0 2549 0 0 4326 45 0 161 0 978 0 369 106 10 0 1126 0 0 303 0 0 0 2204 373 46 0 0 20 1163 0 127 0 0 851 15 0 0 1402 0 0 0 0 0
 739 163 49 242 0 0 30 254 200 846 0 85 0 368 0 4354 3582 15 0 93 0 0 0 173 94 0 0 0 0 158 0 0 0 2033 330 0 2 5 253 0 19012 0 76 0 0 839 47 0 0 0 0 0 209 36 0 332 0 2765 0 146 0 1181 71 13 2 0 0 41483 0 19 0 0 0 0 3295 1099 0 1472 61 0 289 178 0 0 1378 0 0 0 0 0 0 248 1 0 9865 1036 0 0 0 65 0 219 0 0 0 193 108 86 0 4 0 0 0 1775 1651 22 0 0 4754 0 4 3880 20 0 145 0 22 0 10 0 46 3194 0 2 93 0 61 0 0 0 64 0 536 0 0 0 0 0 82 0
 0 0 0 47 0 0 0 0 464 0 0 0 270 4175 319 0 0 0 45 112 0 0 0 0 0 0 1981 6549 0 0 0 1442 456 1 0 93 0 2 0 3681 70 0 835 0 605 254 35 0 10 55 0 0 0 397 36 0 64 132 1052 84 0 0 2 278 16 17 0 36 1371 251 10 0 0 0 0 0 0 1252 0 1074 0 0 0 575 0 136 643 498 0 0 0 0 0 110 0 0 0 0 116 714 493 21884 0 210 0 50 99 223 34 0 0 3182 552 1459 187 0 0 0 0 0 159 0 0 0 17 30 21 0 0 148 397 20 60454 9012 0 32 170 42 73 13 59 21 110 640 0 0 1215 0 377 0
 0 58 22 209 105 0 0 0 0 2 0 18 0 0 0 0 0 0 2917 0 0 0 6404 33 0 0 0 0 116 996 54 0 218 0 0 356 0 0 0 19 423 171 0 0 179 293 0 0 0 0 52 0 0 0 167 0 0 0 0 0 0 0 0 0 300 0 19 4436 0 0 744 0 12 201 58 0 0 125 0 0 0 26 0 0 0 433 0 268 336 0 11443 66 2 0 0 0 0 0 37 305 0 53 72 1041 0 0 0 0 158 1 37 0 0 200 0 1812 0 23537 1755 2 13 0 165 253 0 3702 0 131 0 0 0 0 223 0 0 30 9 0 0 285 12 7084 0 499 0 1 11 0 0 0
 11 0 1 0 280 0 32 1415 0 0 0 0 0 0 53 0 0 0 0 557 1 17 0 0 70 0 508 0 107 0 0 149 0 0 16 0 0 741 13 342 0 33 587 1465 0 1 19 0 0 111 18 765 0 3 21 0 0 3 0 36 0 1 2776 0 56 54 379 48 883 0 0 13 3300 0 0 0 0 0 0 3254 454 3636 0 1790 0 0 0 0 0 1 0 2 0 367 0 44 321 92 0 3 58 70 9 0 0 0 52 0 0 433 0 61 31 0 0 0 70 5 4432 0 208 0 1402 0 3500 710 413 0 589 0 185 1448 0 168 0 0 0 17 0 0 0 0 0 0 0 350 0 378 19 6147
 0 597 61 0 615 450 0 0 0 38 0 86 0 0 0 2 0 302 28 3 0 4497 0 0 0 2692 11 42 302 0 0 139 332 2553 400 0 41 0 0 0 0 4286 450 142 286 260 50 41 0 480 0 0 1923 0 254 1856 4 3423 7628 0 6 0 0 117 0 27 0 0 0 37 3 0 74 72984 14 0 49 0 0 30 0 0 0 64 966 0 0 0 41 0 0 0 1392 42 0 0 61 0 0 0 0 0 0 111 0 0 0 1062 0 204 0 0 0 0 0 234 0 2 0 0 160 0 209 157 1806 0 0 0 0 72 62 23 0 0 0 0 0 0 0 0 1502 0 553 315 347 0 0 0 0 0
 770 0 0 40 0 28 0 0 0 355 0 3134 0 5 9 0 0 1259 742 0 41 0 9 6 103 87 0 290 239 1 0 1 0 0 0 0 0 0 0 0 35 0 969 0 4 0 49 0 0 0 0 0 0 0 72 0 0 22 0 0 0 0 68 0 0 0 1880 0 0 0 0 318 26 5 0 456 884 0 22 0 11848 0 319 0 734 0 0 395 17 830 6907 0 6 0 0 0 0 0 0 0 1213 0 0 0 0 214 0 0 164 0 68 0 0 0 0 0 0 0 0 0 189 0 0 0 91 0 5 943 0 0 0 0 0 47 1 0 14 0 119 1 0 10135 0 64 0 0 0 0 0 25
 383 0 422 2 0 1829 0 0 0 340 64 40 0 2902 7 0 0 117 0 0 9 40120 0 0 0 3934 0 0 378 0 0 0 0 0 0 454 133 0 3 0 0 0 0 0 0 0 6 15340 0 0 2 565 890 0 14 6 0 0 271 0 0 0 64 10 0 49 212 0 0 18 0 1184 0 245 0 1844 11 0 3 24720 0 0 13 70 0 0 0 0 142 0 0 126 39 1951 1150 4285 0 0 0 0 51 2497 0 0 156 0 15 3 57 0 782 11 770 0 0 0 0 0 4640 26 1582 0 1646 0 835 0 63 0 576 5068 91 0 0 0 0 36 0 64 24 0 1252 0 141 0 0 557 0 62 0 151
 0 30 0 0 994 4 3859 0 336 5 14 6 0 0 389 2408 32 0 0 29 0 60391 0 128 0 0 3679 0 0 0 0 608 23 300 981 0 0 0 1831 0 0 2699 1210 0 12 0 0 24 373 27 0 0 0 0 16 0 119 18 998 1 56 52 0 3301 967 0 0 2 0 2 0 0 0 0 0 0 55 0 0 21 9 15 0 1 48 0 0 0 124 36 0 0 0 0 0 0 10 205 1816 1392 1994 0 1404 0 0 2518 97 36 8 17 100 0 0 129 0 0 52 23 0 17788 0 0 120 0 0 102 0 6 514 0 0 0 157 0 0 0 0 0 3252 1893 56 41424 58 3 0 0 3 357 0 2
 0 54 295 31 3429 90 0 0 1705 33 0 12631 88 0 0 0 0 0 66 633 93 334 2 1972 62 39 689 0 0 42 199 0 0 0 0 0 0 0 0 0 0 0 0 50 0 0 0 0 0 101 0 4 42 0 0 14 0 62723 4 0 209 0 206 23 4 0 0 0 0 0 0 0 3314 12 0 0 373 0 0 0 0 0 2458 0 0 0 0 0 0 378 96 98 0 0 25 0 70 0 61 519 384 254 236 0 0 0 579 0 3548 21 705 947 0 0 0 0 0 0 0 0 0 0 3430 0 0 65 933 8 21 0 0 6549 12 0 0 0 0 0 885 54 0 0 0 0 0 0 250 0 6 170
 269 0 0 212 392 2 0 0 0 7762 0 357 28 0 0 0 0 0 88 0 26 141 1 0 0 141 0 299 18 0 0 0 3159 0 0 63 93 0 0 22 36 0 2210 0 112 0 87 0 0 0 88 2840 0 498 328 0 17 2 0 0 3367 0 0 0 0 22 952 178 4862 114 2087 0 0 7 102 24 616 301 0 0 8 0 96 17 2483 0 46 4 0 12 0 36 128 67 1246 0 0 0 1367 0 0 64 14 21 0 0 0 40 0 1575 332 355 0 3233 0 1252 1024 134 74 0 0 13 0 264 0 1091 186 0 423 0 0 0 260 0 0 0 251 0 10 0 0 1078 0 564 0 2 5984 0 35 0
 0 0 171 0 0 118 0 263 47 0 0 50 3767 423 0 33 0 375 1986 0 0 0 6404 52 0 134 58 0 25774 0 118 0 0 0 0 0 0 0 0 23337 301 0 0 0 835 0 0 456 1204 0 0 44 0 0 31 0 192 0 0 289 0 0 300 36 0 207 0 0 0 0 1241 130 1108 10205 0 0 0 0 232 0 0 0 119 0 0 158 0 174 0 363 3702 0 0 0 0 26 97 0 2 0 1489 0 0 0 361 64 0 1121 0 0 384 0 0 0 0 0 0 892 0 0 0 0 0 53 0 2608 0 0 0 124 41 0 448 0 0 0 92 0 0 0 0 6112 49 2004 0 0 494 0 1 0
 62 0 0 190 0 1602 716 19 287 0 0 0 334 0 0 3880 68 0 0 0 78 2 685 1 189 0 0 1121 0 0 0 0 0 0 0 0 0 852 173 0 112 0 0 0 137 6549 0 0 0 2 0 0 0 0 1274 1013 0 11 0 0 0 7411 0 0 0 61 974 0 3490 85 0 0 0 57 165 0 12 0 22 87 0 0 0 0 3216 0 221 16 1 0 15 162 348 787 10 0 502 150 1840 859 2 0 0 0 71 0 0 0 0 89 18965 0 0 7105 497 0 1915 0 171 618 0 60 0 466 191 0 0 0 0 0 6 0 0 0 0 113 1593 713 0 0 0 3415 0 773 0 0 16157 0 0 0
 848 0 14506 139 11 0 1 2 26 0 0 9796 290 0 0 1 118 0 606 0 16 0 0 213 0 2 0 14 1204 0 0 7907 0 0 0 162 68 249 696 186 255 0 4776 632 346 1502 0 0 1891 0 3698 0 0 0 0 0 123 0 0 0 0 2 1 7 0 30 0 1 0 1122 6202 481 0 1101 0 69 65 0 0 96 0 0 17369 0 0 76 300 23 1256 0 0 142 91 488 0 0 0 0 61 43 0 0 0 0 0 2858 0 496 18 253 0 190 0 151 10 0 144 467 267 0 0 52 1 0 755 0 0 0 0 0 0 0 0 503 0 10 0 2704 0 0 0 0 0 0 0 441 0 0 0 0
 0 0 26 311 0 0 0 0 5068 0 0 1002 0 616 0 22 0 116 0 51 0 0 3669 0 0 1940 0 58 21 0 248 0 30 0 6164 1044 1593 0 64 347 0 64 0 0 0 0 2 0 0 340 60 243 562 0 755 0 0 3387 0 2111 15 0 0 0 0 0 0 1468 0 3656 0 49 55 150 0 0 0 277 44 0 0 0 0 1834 66 300 0 235 0 3 0 0 680 0 0 994 70 0 334 0 524 0 0 0 3 0 0 2001 1 0 0 2362 80 0 0 0 0 0 2 419 0 3304 610 0 9 0 0 0 0 597 305 8 323 378 609 655 0 0 254 2 0 0 160 0 0 0 1810 0 0 827
 279 0 10253 0 0 0 0 12 0 3 44 0 782 0 0 0 352 1454 125 2235 0 0 0 33 50 18 899 0 14 28 594 242 2464 0 4 0 0 0 0 75 45 874 0 0 0 1347 0 122 0 0 223 0 2487 7 0 0 16 0 0 0 69 0 26 0 1 1 974 0 0 0 3650 0 0 0 0 0 0 0 0 25 32 0 0 1226 308 0 0 0 0 0 0 97 338 6202 0 0 40248 0 0 2 48 0 0 6 6 0 0 0 0 0 0 0 586 0 0 23314 149 0 54 24 0 0 57 2314 0 0 0 0 58 0 0 0 0 0 0 25 0 0 0 0 15 0 649 0 0 0 0 907 0 826
 0 0 0 18 2973 2074 252 0 0 155 0 2122 0 999 0 1 0 1 55 2133 0 0 34 0 0 0 1 335 78 0 0 1 0 0 0 0 0 255 0 289 6549 798 2543 4321 0 0 2 0 17376 510 0 44 0 0 0 0 741 0 4 0 3167 0 61 92 0 0 543 6 0 0 0 0 134 0 0 0 0 0 0 0 16 442 0 1023 435 209 85 101 0 0 0 3834 0 0 0 350 394 0 0 0 117 204 0 0 0 0 0 1043 0 0 0 0 830 5 0 0 1148 788 0 0 273 1096 1102 0 0 0 0 16175 454 0 0 7401 96 0 14 0 7143 0 0 481 3677 0 0 2075 0 0 12 1252 459 830
 0 382 0 752 0 206 0 0 0 0 432 174 1 9963 0 462 49 356 0 0 0 0 0 1319 5022 0 0 0 3 13 0 11 0 0 109 0 224 13 0 0 0 0 0 0 0 17 0 0 0 109 0 20 64 0 0 0 0 207 261 90 518 0 18 0 167 0 374 2948 4 42816 0 22 9 0 0 0 0 190 0 0 0 726 0 691 0 0 0 1535 0 0 0 0 0 0 0 1246 0 1 34 14 0 0 0 0 0 94162 49 1293 0 64 80 0 918 0 0 0 0 215 0 48 32 1066 502 0 0 47 22 0 0 1 761 0 0 27 0 48 0 0 229 0 0 0 0 263 0 16052 51 652 0 0
 0 0 12 0 774 0 51 0 0 0 15 0 0 2156 0 1402 50438 63384 183 62 51 0 20 18 7 0 0 64 241 0 0 865 72 0 0 4862 0 0 0 0 273 0 0 995 83 0 0 375 6 0 0 0 0 0 3 0 0 16 0 0 0 0 7127 0 0 0 225 41 0 44 0 0 88 30 0 0 1448 25 0 0 373 39 197 0 119 0 226 0 0 0 0 0 0 0 375 0 133 622 3312 0 202 0 519 1182 0 0 0 0 0 22 0 0 0 36 2701 0 91 62651 0 0 659 2270 0 0 4 0 237 0 0 848 0 39 0 237 0 0 72 0 130 77 0 0 253 0 187 265 6 342 0 273
 0 383 3412 0 0 16 11 0 884 113 12667 0 1292 1766 841 0 13 0 928 0 0 182 128 0 55 39 0 0 1220 0 162 191 0 0 0 0 0 113 0 51 0 0 34624 27 9 70 330 0 0 0 263 0 10 0 0 222 0 46 15 146 2 0 0 60451 0 1316 0 0 0 488 22 0 0 145 0 0 102 0 5733 0 0 329 0 0 0 0 2432 0 0 0 78 1069 0 0 0 0 0 0 0 0 2863 54 0 7275 0 0 0 12 0 0 0 143 4550 15753 17336 103 0 0 851 0 0 0 0 0 26 0 0 49 957 44 57 0 360 0 0 0 123 2450 54 0 24720 0 233 162 87 0 0 13 0 2863
 0 24 445 0 929 58 3304 1023 0 0 5992 957 690 739 0 8 0 0 1961 71 0 0 0 0 0 332 0 0 0 0 3571 0 59 693 200 196 0 36 0 48 265 64 0 553 3 0 0 0 1171 0 0 0 414 2023 18 0 576 0 0 113 2 365 0 140 0 0 50863 786 0 13 0 143 310 0 0 466 0 0 0 621 251 0 1 0 0 427 17 0 38 0 0 0 0 217 0 26 0 6 0 0 58 2 0 0 536 6 14 3 7 475 0 2334 0 0 0 0 0 0 0 20 269 0 25729 0 0 17 521 0 8 0 0 0 0 0 1226 0 0 300 3 0 0 27 0 846 0 0 0 0 0 166
 0 96 0 0 0 292 0 65 0 2318 235 4230 2492 0 3767 0 0 1 0 0 218 0 0 0 0 1 0 389 0 0 0 63 25 0 5041 0 291 44 22 0 0 0 521 186 266 269 36 0 54 0 0 517 0 720 0 0 0 0 0 0 0 425 0 2 781 0 101 0 0 0 386 0 0 49 105 0 0 1590 548 1332 116 13946 0 0 50 0 191 168 0 775 346 797 0 5104 0 0 0 0 32 271 12 375 0 0 0 0 0 57 3743 765 0 0 0 0 1304 22 0 7132 0 0 187 0 0 0 0 0 0 0 0 25 0 0 0 102 2734 6351 0 0 4351 0 0 654 0 193 0 0 0 0 0 0
 1242 0 0 0 0 0 0 22 102 0 0 12 0 108 49 0 2902 0 0 0 0 0 0 0 4 1280 0 72 64 6 0 0 206 64 358 0 0 6108 0 162 146 4945 13 0 76 210 35 658 0 4297 623 0 1241 16 0 3268 0 0 0 1897 0 0 0 0 0 0 0 1682 4 0 0 0 0 0 0 69 25 0 57 8 59 280 0 0 70 0 0 0 0 512 0 0 0 327 5 0 0 0 1485 0 0 0 0 0 0 4898 0 0 0 0 297 0 0 0 70 0 383 1 0 568 0 0 0 0 0 0 792 0 6 336 0 0 0 54 16 0 0 123 3645 0 1096 0 0 0 0 0 0 0 236 0
 0 0 2 14 78 9 445 0 35 0 0 5099 0 6 0 13 0 1120 655 0 1257 0 0 1813 0 0 293 3164 0 475 174 0 0 0 37 0 0 0 18510 0 549 0 2 0 0 144 42 0 0 0 92 1021 0 35 0 162 0 10535 269 3828 15333 0 1 0 2774 256 0 165 21 18961 83 3 0 0 7 0 0 385 0 0 2 0 2902 0 0 0 35812 0 2010 36 12 0 0 0 0 0 12 25 2675 3333 60 265 5700 0 0 1 0 0 26 315 103 0 64 118 0 0 0 62701 0 0 0 3805 205 0 2410 0 0 0 0 0 0 0 113 0 0 196 2 0 0 0 0 0 0 884 49 0 1808 0 0 168
 0 0 0 113 0 58 782 0 53 0 0 0 0 0 174 95 251 0 0 0 0 0 558 112 0 0 339 0 51 1440 0 0 275 0 401 20 0 0 28 1 441 0 0 0 41 68 22 0 0 307 0 0 0 0 117 5 0 0 0 98 733 0 343 0 0 1037 1 6273 64 106 0 0 1265 0 1174 481 178 63 0 0 0 9 70 0 0 11 0 0 1609 0 1171 0 0 42 375 646 0 737 958 0 0 4640 0 6201 0 6183 12 0 274 43 0 520 0 0 0 0 0 0 0 0 0 0 0 736 0 0 705 448 70 596 0 0 0 0 122 0 5021 0 0 0 515 0 0 193 0 0 0 6 205 0
 0 0 0 26 0 0 0 0 0 24720 191 1476 0 97 14 775 0 0 0 0 0 158 0 191 5 1 19 0 43 2 0 330 0 0 186 0 1980 2844 0 4707 20 0 3934 0 246 364 200 28 39 0 0 11443 613 54 469 0 0 0 0 0 0 0 2 0 0 23537 47 353 17 0 0 143 45 0 0 0 96 0 0 0 0 0 174 0 0 530 376 0 30 109 1083 0 254 0 0 62 208 179 18 0 0 0 818 386 0 0 0 0 31 4 14 0 0 0 0 0 2490 63 17 0 0 0 0 363 1470 0 1249 74 22 0 1782 0 18 0 0 100 0 19 54 1454 0 13 127 88 14 0 0 0 0 180
 0 0 0 0 22 0 0 0 0 0 0 15 0 318 491 522 197 20 22 0 0 0 0 0 0 0 34624 1790 1670 6 0 0 0 0 830 32 0 5082 0 0 0 0 0 264 2 543 0 2270 0 0 0 218 0 0 0 255 1173 4719 0 0 162 0 186 426 10 0 634 123 0 0 0 16 0 2 0 0 5 2867 0 0 0 0 4175 1840 0 0 4264 113 0 53 27 0 0 0 0 0 0 209 222 296 335 0 0 0 0 0 0 0 0 13 0 1130 286 3934 0 0 0 0 36 364 0 4 0 0 8 0 0 0 0 0 0 714 82 0 0 6162 0 0 0 1029 0 21959 2 0 12 0 0 0 0 0
 0 0 0 0 0 13 155 0 0 0 549 448 0 0 28 0 0 0 906 143 0 579 0 1 0 0 7127 28 0 90 0 0 0 0 0 0 113 0 1523 0 0 0 0 0 96 982 0 0 1863 0 0 0 0 354 514 0 650 0 0 161 2535 74 0 0 160 0 1 1232 2699 13357 0 97 0 0 1803 609 262 3341 498 3860 10 0 0 0 0 0 0 0 0 855 0 1057 0 20 563 0 13 16169 0 4 0 488 0 6151 2 196 1165 0 0 0 0 4 167 0 70 0 2399 0 0 21 70 0 0 0 0 553 0 0 30 362 0 156 19 0 0 75 0 0 500 0 7 0 0 0 0 0 113 120 0 814
 0 0 0 41 0 2 0 0 57 0 0 186 0 0 0 6 0 4 0 0 0 0 0 839 262 0 6387 0 11 42 227 0 0 4 0 0 0 0 1182 42 0 0 8 1 0 0 1659 0 0 0 869 37 0 0 1650 0 0 49 0 0 0 2855 1489 0 0 0 0 3853 1023 30 10 0 0 0 8 882 62 0 0 247 0 0 56 0 0 0 0 0 0 0 1659 49 0 0 0 6 715 0 36 0 0 0 0 380 622 19 0 51 3582 111 0 0 0 0 1 0 51 0 0 11 345 0 0 0 0 0 0 14 71 0 0 0 0 3702 0 4979 95 0 0 178 0 602 3885 3423 311 0 2143 0 0 0
 505 421 0 0 9 11 1 0 0 161 972 7 0 7 0 300 17 44 90 1 0 0 0 1721 50 15 47 9 0 0 208 819 4 0 0 1 0 0 0 12 0 47 0 0 0 6105 132 0 20050 3516 0 0 0 57 0 0 481 0 16 0 96 0 109 2673 1025 0 0 0 49 0 556 0 0 0 0 22 9737 33 0 726 81 0 137 17 16 0 0 0 0 0 0 502 0 0 0 0 36 430 66 0 0 19307 0 0 84 0 0 195 0 0 4951 49 35 0 0 69 55 0 0 0 520 10923 12 0 0 124 0 0 19 0 144 0 57 0 141 0 0 0 401 0 145 0 0 6 96 63 78 0 0 49
 0 0 986 0 0 0 4148 0 0 0 2068 0 0 0 143 2867 0 0 0 188 0 5 0 0 0 7265 0 1883 593 0 0 0 4 0 687 0 1412 2663 215 0 0 0 3 0 0 0 0 0 0 257 1392 0 0 4635 0 0 211 181 9 0 1 472 150 142 0 162 0 0 0 0 0 17 0 0 341 0 1 586 439 973 1123 132 83 0 0 0 2143 0 0 64 0 0 224 3427 0 0 110 351 10000 0 0 0 0 4 0 0 149 371 12 0 0 0 72 100 0 176 29 0 0 251 123 0 0 6 25 0 0 1420 72984 0 479 1246 1145 0 400 2 0 22 273 4 0 0 0 177 68 13 23537 0 855 0
 0 0 3203 13 26 0 0 51 0 3300 0 92 0 0 0 0 0 0 0 0 17 21328 0 1173 0 1 0 2959 5 0 0 549 766 0 69 0 204 579 101 275 0 0 0 123 0 0 0 2592 4589 16175 0 0 14 0 420 3391 57 0 0 2810 0 0 0 0 0 216 3162 93 0 0 15 0 0 2380 0 0 0 0 1489 0 0 0 46 0 10941 0 0 0 0 0 0 0 0 0 641 146 0 0 0 0 0 0 0 0 1436 0 0 0 0 0 13 301 0 0 0 0 0 2592 0 309 0 0 1069 126 5 0 0 3 0 0 17785 1651 511 0 0 0 232 0 0 154 0 0 11 0 3 0 6160 0 197 0
 0 0 0 22 56 156 0 357 42 0 0 0 28 63 0 0 0 17 0 416 0 786 1693 1122 0 0 0 2245 0 5 0 0 0 3214 0 0 0 0 0 0 0 0 0 0 21 42 0 44 0 194 0 0 260 0 867 0 0 1 0 0 20 0 76 14 183 0 0 0 0 1892 0 149 40 0 75 0 346 0 0 6199 0 174 504 0 0 0 0 2696 0 47 35 16 0 112 8 4 0 0 98 142 1 0 3 0 0 26 0 1 84 0 0 0 6 3431 1158 0 448 0 1632 350 693 0 0 48 0 0 13874 0 0 2598 0 0 1422 0 568 0 0 0 1 0 94 11 456 62 288 551 0 0 566 0
 30 295 0 827 0 2617 73 0 0 18 0 0 0 49 186 100 0 1179 0 0 0 0 57 0 0 0 0 0 0 2821 830 86 0 11 340 0 0 164 140 0 0 3 0 0 180 138 0 128 16 30 0 0 0 3423 2549 44 0 0 129 0 120 0 63 0 0 0 0 0 4210 0 466 165 0 0 4 2 0 2701 52 9703 0 20 0 2766 1226 0 0 3 182 165 31 0 0 0 9 35 28 12 0 0 0 0 226 0 0 0 0 1 0 0 0 0 1787 188 0 0 100 198 0 0 0 179 0 0 118 0 0 1412 26 2115 0 55 0 0 0 68 277 0 0 0 488 0 933 92 0 0 0 0 0 0
 0 71 298 0 0 4 0 151 1065 0 0 0 0 263 0 568 0 0 1201 0 0 0 0 0 0 0 0 0 2509 44 0 0 251 0 0 0 15 61 5 0 0 0 0 209 0 0 17 176 0 30 1197 2 0 0 0 18 17368 906 382 342 0 1489 0 971 0 0 1813 0 1536 25 2714 0 107 4671 54 0 0 977 2598 0 15 480 99 4 484 6 0 169 9 997 2372 0 0 0 4029 0 96 0 0 0 0 502 0 0 0 1245 0 0 0 0 4 0 35 3650 14 378 0 17 672 0 0 8061 2 44 0 0 0 7127 0 0 259 0 0 78 0 100 0 0 0 52 0 0 558 212 622 0 0 18897 0 464
 91 39 624 0 0 0 0 0 0 4 0 4 0 87 0 2113 0 0 0 22 1436 13949 0 202 7 0 11 2012 2701 0 0 0 1387 307 34 0 0 62759 0 364 473 0 6742 0 0 350 0 0 1326 0 0 0 1212 0 177 94 0 87 11 172 498 0 140 0 0 0 34 0 950 0 0 0 0 1248 0 597 0 0 7 16 97 0 1791 1773 11 56 4436 903 120 0 0 0 0 3315 0 20 0 73 0 0 0 0 0 0 0 17 7 1 0 0 0 319 8 0 0 0 0 0 0 0 0 114 1460 1257 3 263 2708 0 350 0 0 311 0 0 0 0 0 0 2111 0 0 0 0 0 68 0 0 0 14 0
 66 0 0 0 0 0 2 0 0 0 0 0 661 0 0 3 0 488 881 0 117 157 73 0 0 126 0 0 0 0 393 0 368 0 32 0 116 38 56 1 0 0 0 0 0 0 14 0 0 0 819 0 17 0 0 1814 42 0 401 549 0 0 0 0 0 0 934 0 0 8 10 482 0 284 61 100 13 0 6 0 824 3767 174 0 0 0 0 4 0 0 309 0 112 149 64 105 13 8 0 0 677 264 0 268 90 0 7155 686 0 3291 2 295 0 0 34624 0 40 0 0 0 34 0 83 0 0 0 0 0 0 0 0 0 1892 5 97 0 0 0 0 0 3677 0 0 0 3 128 14 0 2 0
 85 6 0 0 0 0 2701 0 59 78 0 0 0 332 0 0 0 29 0 2133 3637 0 0 12 0 0 648 0 1294 219 364 1986 0 0 0 60 6 998 0 1193 0 0 0 76 302 0 0 0 0 4286 0 0 615 459 0 137 0 0 0 0 16 530 488 0 0 375 3108 4740 11 1603 15 0 61 612 0 0 0 4638 0 29 1 0 1792 422 0 0 0 0 0 0 0 0 10 6 0 757 0 17 810 1084 0 0 0 0 1630 46 169 0 0 0 0 8 0 94 1454 0 23 0 0 0 0 0 363 747 0 0 17 381 0 110 0 352 0 0 182 15 201 0 0 1 0 0 3677 3601 8 0 148 0 0 4690
 366 0 810 0 0 19 0 0 684 0 20 120 36 515 0 0 45 0 0 0 0 187 3 4 37 0 0 0 0 2714 0 993 232 32 0 0 0 43 0 0 0 60 186 0 0 0 3 2474 0 59 0 3 153 0 1011 0 1985 0 551 0 0 0 0 0 0 0 2381 45 0 7069 459 6194 0 0 0 0 0 0 0 432 2 0 511 0 0 0 295 790 0 0 70 0 0 98 0 0 0 0 2304 0 686 35 6 0 113 1530 0 73 382 0 0 0 0 276 2678 0 0 1646 34624 1535 4094 2738 12 0 0 545 1212 0 0 0 181 0 21 0 48 150 0 0 3026 1252 95 0 2702 50 0 0 401 0 0 325
 0 1832 0 0 244 0 0 52 0 0 285 0 4436 0 0 66 1680 0 0 1 181 186 0 94506 0 21 19 41 0 0 309 0 0 0 16 1030 0 0 0 0 0 6525 591 28 3677 183 15110 0 0 0 0 4684 98 555 0 841 166 0 1988 420 0 61 0 0 1643 80 44 103 0 5 0 32 0 277 0 0 0 0 0 0 0 595 1367 0 0 0 52 0 19703 0 0 0 0 0 0 0 0 4862 344 145 635 997 89 0 0 151 0 0 0 0 0 265 382 0 1598 0 0 2576 0 0 0 0 106 0 0 258 0 2571 20 6 50 0 208 95 0 74 798 0 0 0 118 7 0 0 344 0 0 0 20 0
 288 0 0 0 0 0 996 45 7260 661 0 1 214 0 0 20 0 364 0 0 151 102 25 0 0 95 194 0 24 0 0 0 0 0 2573 126 697 0 2770 12 2 0 4 0 0 228 68 0 0 20 523 765 0 117 0 0 569 75 0 3959 0 0 3687 0 0 26 0 0 15 0 0 2 0 38 18 255 15618 183 0 0 0 383 132 0 44 41 36087 0 590 88 23 2441 0 1954 1530 15 0 0 0 0 11 0 7271 0 9 0 0 2994 0 177 514 0 0 826 0 0 169 20 0 465 0 0 0 0 0 0 0 0 0 0 0 0 904 22 162 0 0 0 6 29 0 1530 0 0 0 568 1466 1 22 0
 0 0 0 0 0 0 0 354 0 0 0 1 2441 0 0 50880 17 0 395 0 0 306 981 7 0 0 984 0 0 0 0 839 18 0 0 0 0 492 0 0 6727 0 2 277 0 0 0 54 214 0 941 311 0 0 0 157 0 0 0 2 790 0 13 0 0 0 0 2 1628 1 270 0 2 0 205 1408 0 89 263 0 3619 0 2 540 0 64 184 0 0 76 3448 488 0 0 1265 148 0 0 1814 64 0 0 410 0 26 0 1246 0 397 0 0 0 0 517 178 0 0 464 210 0 3 126 0 0 0 0 0 0 0 0 7 1224 0 0 0 2 0 0 0 7275 62759 0 198 6164 0 0 0 0 0 0
 0 2441 0 1 864 0 70 0 0 0 0 0 0 0 0 8064 6202 0 122 788 0 0 0 364 3713 0 223 0 537 0 64 137 212 0 0 9 124 0 2434 1208 3403 788 0 2 1192 0 0 0 86 324 10 0 237 0 72 0 0 179 0 0 39 0 20054 0 0 287 0 35 143 216 0 0 0 0 1 0 9 1182 0 10595 981 0 29 0 28 2 0 0 0 0 3629 0 12 88 798 0 0 2027 8 14307 0 797 116 41 4649 0 5 78 3310 4951 0 56 0 0 7849 86 0 0 167 70 0 19 85 7 0 175 58 0 3387 0 0 0 6 162 0 0 0 0 0 0 556 0 858 0 0 338 0 0 17 4
 0 1023 141 374 214 1171 277 0 1147 0 0 0 392 0 0 0 13 22 5 23 19 63 0 0 0 0 0 0 4 1184 378 13 0 0 0 0 659 110 0 0 293 3767 0 0 37 0 0 1 0 63 154 9 0 563 0 0 2714 3232 0 91 0 0 0 0 1493 1840 0 4436 20054 0 1 40 165 0 18 0 371 3506 0 257 9 13498 0 0 0 0 26 0 693 34 167 0 0 0 0 0 0 0 1476 50 0 839 0 390 693 0 26 0 356 0 1959 1137 107 0 931 4 1085 65 0 118 0 0 0 143 54 0 177 0 0 17 50 407 0 0 0 0 0 0 0 0 0 64 66 0 74 0 0 57 2718 1734
 0 40 46 0 1433 0 0 333 22 36 0 0 0 0 0 12 0 0 41 0 0 0 0 1049 0 588 0 0 636 64 0 0 0 20 0 301 2 0 0 519 31 13 64 0 0 0 0 0 0 0 0 0 0 1981 45 0 2130 75 0 0 101 40 0 85 3 0 54 0 0 1266 502 0 279 0 0 0 0 0 82 0 728 3387 0 0 0 1 0 0 0 5 361 0 0 2460 285 1813 0 0 4 36 18 0 2010 677 0 1 0 1 0 0 0 328 2 0 81 0 45 1 0 10562 94808 21 0 32 0 0 0 34 675 13 826 5885 2090 0 70 63 0 490 2 0 0 0 1784 43 0 0 15776 0 12 0
 50 0 297 0 11 38 9814 0 0 150 2892 0 0 0 0 0 0 0 0 34446 610 0 422 1 0 0 32 0 26 0 0 0 0 303 330 0 0 0 0 0 357 299 0 21 0 99 111 94721 0 0 6404 0 579 0 2204 0 0 2 0 0 0 46 0 0 117 0 0 0 1 0 0 72 2594 5559 0 6549 0 1672 0 0 0 0 23 1174 0 0 86 0 263 442 623 7 0 0 77 232 0 0 0 413 7 6404 3 0 205 49 0 0 974 0 2441 0 0 4 0 563 0 0 0 0 524 12 0 334 0 1702 650 0 3387 0 0 2304 0 221 22 0 3880 0 0 78 0 432 756 166 206 187 2 0 401 0
 0 0 0 20 0 14 0 76 0 212 0 2 0 0 476 0 786 0 7 9 0 0 0 48 0 0 80 0 4379 18 353 190 29 251 0 45 0 0 0 1641 0 4915 146 2538 0 123 1892 0 0 180 1109 0 11 0 82 0 933 88 13342 0 53 13 11 0 2932 1066 18963 51 0 0 64 0 69 23082 0 0 0 0 0 59 0 0 59 1 0 3880 0 0 0 220 0 94 1991 0 265 1272 0 1118 0 0 0 0 0 182 62 0 231 0 0 14 781 0 12 0 153 0 0 202 0 0 0 0 0 0 49 0 1 1436 6 0 99 0 75 0 0 0 0 191 1066 0 0 0 16 783 24652 0 53 0 0 0
 354 2063 0 265 0 202 14493 0 0 0 373 0 513 323 0 0 167 0 0 0 0 0 80 0 0 39 0 3 23 615 272 33 0 0 22 78 190 1329 1952 5 0 24 0 575 8447 0 2 0 0 257 0 389 0 0 0 0 59 362 0 0 0 0 0 0 0 0 0 0 0 0 0 1461 0 0 0 0 0 0 11 0 0 0 59 0 288 3182 10427 0 0 0 0 0 0 0 0 0 0 7 1 244 147 559 0 7 0 6874 0 0 499 49 0 0 2 0 0 0 20 0 77 237 0 16 0 0 3 0 0 6120 0 0 0 310 13 0 0 0 0 85 0 2738 263 1170 0 0 43 44 571 905 1160 61
 0 29 4626 543 3 822 90 43 11 1954 52 2561 0 58 13 0 1018 280 39 0 0 165 0 0 0 2 0 0 0 0 0 87 326 1 0 0 0 0 22 32 0 263 0 64 0 2953 0 0 1 1 36 0 0 0 0 0 118 15 98 0 0 28 6 0 0 6120 0 0 0 416 1593 100 0 780 0 0 139 0 0 0 206 229 65 0 0 191 99 0 0 1944 0 10917 0 0 0 0 0 569 0 58 923 0 0 1420 40 0 1 0 0 0 0 94 0 0 0 0 0 290 0 0 1207 10 0 0 0 0 0 0 0 506 0 0 3341 0 479 0 94 0 0 0 1199 1112 0 11 0 316 0 0 1109 0
 0 0 0 43 13 28 0 0 76 0 2068 0 1 0 661 657 464 0 0 0 13 956 0 34 0 2171 269 0 0 0 0 28 3 99 477 0 0 0 230 0 251 0 0 0 0 0 0 38 258 1490 0 5 929 0 15 0 72 0 0 0 0 126 0 0 0 0 0 0 8 0 0 0 0 5068 0 58 0 0 0 131 2120 21 4 0 36 110 38 0 71 0 0 0 1172 261 10 0 0 6 0 0 490 0 0 0 0 0 0 550 0 0 1 0 26 1 0 382 579 517 0 0 0 0 194 0 0 0 243 0 248 869 38 0 0 70 428 0 5017 0 18 13372 91 3929 536 0 0 0 0 62646 0 0
 0 380 947 2 0 3 375 2420 187 0 0 0 270 91 68 0 0 4 0 0 1257 0 5 0 0 0 0 0 502 21 1278 0 0 3182 0 164 0 0 0 7 204 881 13 0 26 2673 0 0 0 0 0 0 0 0 0 0 479 2419 0 1621 0 0 59 183 4 140 1861 0 15 616 0 0 0 22 0 0 124 933 0 11 0 134 115 882 0 0 91 0 101 0 0 142 0 0 0 1369 0 5 0 0 3179 820 11670 0 0 73 15375 357 0 0 17 342 0 0 0 484 12 0 357 0 237 0 57 0 0 0 69 615 0 0 10 0 11470 0 14 0 74 0 0 0 731 0 26 151 1207 2 0 142 75 0
 0 0 158 15 1413 0 0 0 477 0 0 376 0 0 1322 0 0 22 0 201 459 0 0 0 567 22 0 17 0 13 0 1237 0 193 0 336 0 0 13482 0 0 0 63 627 0 110 137 1158 0 19691 15 0 71 292 0 0 3 179 493 0 0 0 1538 48 0 3249 40218 0 1420 0 459 4 483 3167 0 22 0 27 502 67 0 161 72 0 0 2 56 16 60 0 0 0 0 0 1 0 0 58 0 4 25 0 21 1535 225 1723 0 0 936 0 191 0 0 0 261 91 158 0 586 0 0 1 0 100 0 0 0 0 0 0 14 0 0 4 99 936 114 0 650 0 0 0 0 2964 1570 0 0 0 4 10
 104 0 266 587 59 0 0 317 0 0 0 0 0 0 23 30 0 0 0 0 0 0 499 0 0 0 18 0 378 75 1648 0 312 10782 0 0 0 0 312 269 974 146 0 151 0 39 0 17 12 0 0 0 74 0 0 730 0 19 5 94 63384 0 78 209 0 0 0 300 766 0 0 3820 589 2935 0 0 0 3248 0 0 167 0 884 226 12758 0 0 0 14 54 20 601 68 0 0 0 70 0 0 0 43 13 0 12 0 0 0 0 222 0 0 0 0 0 99 0 0 0 0 0 0 2943 216 0 0 4 0 0 974 0 9 6164 3832 2 0 15 0 783 0 11 557 0 2068 0 58 0 11 1840 0 0
 15 0 0 0 0 0 36 0 0 17312 38 0 151 0 1149 0 0 12 0 0 0 0 0 17 114 0 76 0 0 31 0 1 1359 0 0 0 47 105 0 0 0 0 302 3304 0 0 0 0 4261 1016 0 20 62 1252 0 0 338 108 0 0 201 26 0 0 356 0 0 0 2755 5 160 0 348 21 64 28 181 0 0 0 0 7 0 382 0 3186 0 0 0 0 0 0 0 0 0 35 0 0 644 0 160 558 0 0 0 297 338 70 0 0 5 920 22 0 21 19703 0 0 6 1610 302 47 491 231 0 0 0 0 0 0 0 0 100 0 173 48 593 327 0 83 0 0 0 0 75 64 0 0 2 0
 1488 0 0 1252 0 336 0 0 188 2307 1151 0 0 459 104 704 0 2678 67 0 0 243 749 0 1433 0 0 188 61 207 0 0 2 0 0 0 431 0 0 0 1 1118 8064 10 0 0 0 0 1232 0 0 0 0 0 1166 6031 1069 0 0 0 42 0 0 4 0 27 292 0 0 4 3 0 3997 0 0 0 34 1083 0 0 0 0 51 0 35 0 0 2 0 0 0 13 93 247 1651 0 0 416 0 558 79 0 0 0 0 0 0 12 436 0 73 0 0 84 0 277 10 0 0 0 0 0 30 124 274 0 33 0 0 2854 69 0 0 0 0 71 0 0 0 0 0 0 0 0 0 10 0 0 187 651
 0 0 0 10 11 0 0 2 1 0 2821 14 0 549 0 0 328 0 2821 0 0 0 0 0 1204 33 0 488 0 26 43 0 0 726 382 0 366 0 0 8062 130 0 0 0 65 236 0 0 1 20 0 6245 0 0 101 0 620 0 0 0 0 275 14 6 4 0 26 213 0 0 166 0 0 328 26 0 214 0 0 0 36 0 0 191 261 0 0 0 0 2548 10 0 0 0 0 88 134 0 0 0 6 0 6 44 0 194 0 0 0 0 61 339 43 0 88 0 0 0 41483 0 0 0 0 0 63 0 36 68 68 0 0 0 13 8064 94 838 0 625 0 3 53 270 0 64 819 0 0 65 0 0
 0 64 20 18904 0 0 418 0 0 0 82 0 0 577 41 157 0 0 0 265 157 0 0 47 0 0 0 0 0 0 0 2483 0 40 0 981 0 287 0 0 60 0 412 1092 442 597 12530 0 151 0 359 321 0 0 0 68 0 4 0 0 360 0 0 137 0 0 788 0 0 3772 0 0 0 1228 270 499 95 0 0 0 0 0 17 0 0 0 0 0 1408 0 0 0 113 0 1 0 60 175 0 0 0 0 130 1248 0 0 0 0 428 0 0 0 7881 0 0 0 0 321 962 0 17372 274 157 35 0 378 0 0 0 0 0 171 0 0 82 0 0 0 250 0 0 0 0 0 0 0 277 16 346 0
 0 0 0 0 0 0 0 0 979 785 0 0 0 0 0 3004 0 249 0 0 1535 0 0 0 0 0 0 8000 12606 269 0 0 0 494 2 264 0 77 0 170 0 1125 33 474 22 0 0 111 0 0 0 0 34 0 0 2203 210 0 0 0 0 864 1246 70 0 0 13 0 4175 38385 825 0 0 0 0 0 0 882 10942 0 35 0 0 0 1969 312 8 8 0 0 58 47 0 0 0 1860 0 98 0 105 5 17 0 0 1882 0 759 0 0 0 14 0 0 0 0 0 229 1115 0 0 0 0 0 1176 262 0 0 132 71 124 0 0 0 12 115 854 0 0 0 0 0 20 0 0 2 0 6 5670 855 0
 0 6202 254 0 241 0 1867 100 786 6 5 176 0 96 221 719 302 0 1892 190 0 0 0 22 1 0 5 0 0 0 0 347 31 0 24 3 0 52 0 0 14 0 0 0 0 0 96 46 20 59 0 2 0 0 0 0 0 0 2701 0 0 0 0 0 0 82 120 0 0 0 14 0 0 0 0 0 0 0 173 0 115 884 0 47 566 10 32 0 3 2368 0 0 0 0 7 0 0 0 0 2940 495 273 3 247 300 0 0 576 68 10 133 0 1535 8 61 0 0 975 143 0 0 0 0 0 22 0 0 67 0 0 30 98 0 26 3767 0 5017 11 0 0 0 0 0 14 0 0 56 0 1091 0
 174 0 578 0 0 566 0 187 15 0 0 0 25 0 17 253 0 0 0 145 425 0 4 0 0 931 0 128 0 0 1294 110 4 0 0 0 50 0 0 62 0 0 0 0 0 58 0 0 2973 0 61 62759 133 164 0 11248 3293 0 0 0 0 0 0 0 36 1651 34 448 0 0 703 3 71 0 0 554 0 316 0 81 0 16 0 494 297 0 106 0 112 733 350 0 23 0 0 4286 0 0 964 263 0 0 0 25 0 0 0 579 0 0 6202 0 39 0 2 0 475 0 0 0 0 442 0 2 0 382 129 284 9 0 50 1 110 0 223 1 2862 0 0 64 0 0 0 1981 374 378 0 0 108 0
 62 0 0 968 0 0 122 230 0 0 0 167 80 18 0 0 922 1102 21 0 0 0 149 0 0 5559 281 0 0 0 332 0 0 0 0 21 0 0 0 0 37 0 0 2568 140 0 1 0 0 3488 0 0 48 0 1964 0 23 4286 0 101 0 0 0 164 0 0 502 54 9 3299 0 0 4 172 99 0 67 0 0 1861 0 10 0 64 2410 0 0 0 0 384 0 2134 7155 0 0 0 19 52 235 0 120 0 0 714 0 596 0 4915 0 340 9 15 389 0 0 0 151 0 0 0 0 531 0 103 0 0 1240 2 1873 17 0 0 0 38 0 0 51 0 0 196 0 53 0 0 4 4161 6 0 0 0
 116 0 0 0 0 57 488 0 0 111 0 0 0 4097 799 649 0 155 34624 759 0 38 0 413 42 0 2678 0 0 0 0 500 788 0 269 0 0 0 0 33 150 0 0 30 88 71 0 0 8 0 0 0 0 0 0 0 88 2300 0 0 59 481 46 7 263 0 0 0 0 0 0 0 87 29 0 348 17372 0 0 61 0 0 1329 0 0 0 0 57 46 72 0 392 0 7255 0 0 2702 0 0 0 0 0 0 65 0 14 0 0 37 0 0 0 50 2 0 0 0 0 0 146 0 21 0 589 7 0 271 0 0 0 4756 0 0 118 0 0 127 0 3692 0 0 396 6 0 0 0 0 6187 0 0
 0 0 0 181 0 15 807 0 139 0 0 347 0 639 0 0 0 0 30 150 2847 2 0 3650 9 5 0 0 0 0 0 280 0 49 0 0 214 0 810 0 11 0 0 0 50 657 117 9639 0 38 57 227 0 0 0 63 373 0 179 0 64 0 0 0 0 1329 328 0 3650 0 0 113 69 0 0 18 0 0 5 279 709 0 1 0 0 0 118 1032 0 0 727 0 0 0 3336 0 0 46 0 45 0 68 358 48 269 0 71 4433 58 0 275 0 0 0 0 0 3009 0 0 1812 0 0 1238 0 0 0 71 0 0 8 34 0 2005 0 50 0 19585 4 30 0 96 0 249 0 6023 269 504 0 45 0
 0 2 44 0 0 0 2 0 64 75 0 0 0 212 2057 0 107 1449 0 0 0 0 0 55 0 23 0 213 50880 129 0 0 0 0 0 0 0 804 7626 69 304 0 0 0 24 76 0 680 100 241 92 0 0 0 675 331 41 69 74 0 2 144 44 0 0 25 2973 147 27 0 0 1 0 0 4 3 13949 2101 0 0 1986 20 93 0 1 0 3 0 0 0 0 10 0 0 0 0 2 0 690 214 254 68 0 0 0 0 0 790 124 0 0 622 25 52 2432 0 3 0 0 8 0 1 30 0 0 66 0 0 0 28 6123 0 148 525 0 12 46 0 214 0 1635 0 0 72 36 28 219 128 7 0
 2 0 0 0 14685 0 0 0 0 0 0 0 0 0 0 333 25 0 68 0 0 5 0 63384 0 1 0 10 0 819 0 0 0 0 176 0 177 1060 91 53 3 517 0 484 0 19 0 0 1 0 0 10 0 2876 0 924 0 220 256 18 1561 0 0 36076 683 166 0 34 4 710 0 0 0 98 1863 6205 204 494 840 0 0 0 989 39 896 0 15 61 2 153 0 45 796 0 0 268 0 816 0 935 0 0 0 0 0 0 11 3300 96 41 5 0 43 0 568 69 1452 0 21925 2872 1215 0 0 80 0 0 0 302 20 0 2667 0 0 36 0 3180 0 15378 0 0 353 44 0 0 472 2 0 123 0 0
 0 556 77 0 980 0 0 1902 747 0 0 0 0 0 0 231 0 3594 0 0 0 0 0 0 347 0 550 0 2956 0 0 0 139 825 826 36 0 1990 0 63 88 6 237 76 1433 14 201 4118 148 1 473 0 98 4756 290 0 733 179 1957 0 7 0 6 0 0 176 0 0 14820 0 2 809 906 0 5397 0 0 208 0 0 0 0 54 0 0 0 0 0 0 3420 2731 0 1 33159 0 0 64 974 0 45 0 0 0 172 63 0 742 0 0 87 0 0 2 0 0 0 0 0 332 0 0 4 181 1644 153 0 0 0 0 4495 355 0 710 0 1735 0 17376 0 1405 53 27 418 9543 8 0 0 4264 1288 0 0
 0 0 3431 0 367 71 0 2515 0 0 0 17 1651 0 0 445 0 0 0 5 0 0 9 22 246 0 2 3538 850 0 0 3 1783 0 0 684 821 0 0 0 0 0 0 1118 0 15805 0 23 296 41 7 123 1659 109 0 0 0 1246 33 0 1 0 0 480 0 71 39 0 0 0 6 200 0 0 0 55 0 302 0 87 0 3566 0 500 0 0 938 22 89 0 0 0 0 2489 0 0 191 0 75 0 0 0 123 0 0 263 36058 0 0 0 253 0 7 0 1376 0 0 194 0 0 198 1969 0 1804 0 1 1883 1051 269 537 178 253 0 0 0 0 0 0 0 0 0 0 247 0 0 0 0 0 0 517
 0 1 0 2010 0 7 1 0 0 406 0 0 0 0 0 0 0 88 4 456 0 0 227 1 173 96 0 0 342 1 0 398 3 0 0 0 114 0 726 7 46 0 0 0 1091 0 69 316 139 478 0 0 0 291 0 0 0 0 0 1144 387 0 0 0 0 0 0 9014 1206 111 0 0 974 1582 0 269 0 0 0 1392 650 0 78 0 2490 0 185 47 0 0 466 61 0 0 827 6131 6311 579 0 0 33 0 0 61 0 0 0 0 6 0 13 2241 0 0 524 0 0 0 13 0 0 0 719 25 18 234 0 0 315 23337 966 0 2096 0 0 0 0 0 2 0 8064 0 0 0 0 0 296 0 0 22
 0 282 70 0 726 0 0 0 0 71 1595 174 0 0 96 112 647 391 7 0 78 68 0 12 506 0 0 1977 0 0 0 0 50 364 0 0 0 40 81 5557 0 613 96 0 0 0 0 0 408 0 200 0 41481 291 0 40 0 0 0 0 1808 0 4212 0 63 0 0 167 0 2 1 0 0 0 7 656 0 0 0 0 3318 0 0 0 146 65 5 954 37 0 524 0 223 0 0 0 0 0 0 37 165 35 0 0 0 917 1 4 0 0 113 3814 0 0 0 0 0 68 167 265 0 3666 0 0 25 0 79 239 162 0 0 0 0 0 0 1792 178 0 178 114 0 5847 0 0 782 0 0 0 407 0
 27 54 1118 0 0 0 0 0 30 259 0 0 0 128 128 248 0 544 209 128 1420 295 0 312 70 1 0 0 0 0 0 0 0 0 0 8 0 0 0 0 0 0 0 0 0 0 0 449 3 0 18 0 0 0 0 0 0 0 0 60 37 884 213 0 6233 321 2 0 0 0 0 0 0 30 265 581 657 1155 0 0 0 0 448 0 8 1194 0 0 466 0 2287 9 0 2 0 0 0 126 986 0 0 0 0 6 0 0 1289 0 0 429 195 632 467 382 66 0 178 0 14 39 3 0 0 441 220 0 2132 0 0 0 804 0 974 46 9 3089 0 0 63 0 55 190 40 0 0 0 0 0 0 0
 0 0 202 0 0 0 0 191 619 0 350 0 14 0 0 0 0 0 5 52 240 0 42 577 0 0 0 0 34548 0 0 0 89 0 0 0 18 0 0 0 0 70 0 0 2 0 51 0 1833 354 0 145 0 5 36 71 0 223 0 401 35 0 123 0 0 0 949 0 0 0 1643 22 176 336 0 0 0 0 1492 33 0 279 59 2708 0 0 0 0 0 0 43 17 0 0 302 0 0 3880 0 0 72 470 0 0 0 792 210 0 304 0 0 0 0 417 0 36 0 0 0 0 101 40248 34 0 2707 0 0 0 0 0 0 0 7 11538 0 0 2628 0 0 2 0 3735 957 296 141 10000 0 76 60254 0
 0 0 0 4 0 0 2555 0 63 0 720 1 243 0 259 0 0 124 278 0 0 83 6 0 0 0 0 0 51 0 20 2973 1092 0 0 495 0 0 0 1259 1536 0 100 158 117 35 0 71 57 0 101 0 0 29 0 0 0 0 0 0 0 2 6 528 0 0 0 0 0 6 0 0 37 4 0 693 0 368 1018 332 0 440 0 788 0 0 0 0 0 0 0 0 1272 0 173 0 2 282 16 0 0 0 705 0 0 0 1610 0 459 180 661 229 0 0 0 143 0 336 0 131 41 0 0 3311 0 0 0 453 0 0 558 0 50 0 38 0 2 0 0 93 0 0 0 0 17 1997 207 2738 0 0
 0 10 0 0 0 112 0 1159 0 300 50839 1767 2 0 828 248 0 0 0 0 0 0 292 0 0 0 0 64 0 12465 9 1977 0 0 36 6 788 912 239 1991 3648 0 0 66 3 20 880 1047 118 165 0 17 51 1 0 39 0 487 32 22 0 0 0 0 1880 0 0 14 0 0 89 15 0 790 137 0 0 357 255 0 149 0 0 0 68 0 0 0 0 600 11 7680 86 0 0 0 0 60 0 2216 115 846 0 0 0 0 2 0 0 30 0 0 0 0 1373 0 0 0 0 113 0 47 0 0 924 554 24 0 0 0 0 619 0 0 0 0 4 0 0 0 1689 0 0 0 0 2765 0 0 0 195
 8 0 0 0 0 0 1786 0 0 0 0 0 82 0 0 0 0 0 0 0 0 12 116 319 15 332 0 11 0 179 984 3 0 0 75 1 1164 36 264 35 0 0 15 925 0 1981 2679 1843 0 0 0 1120 0 0 0 0 0 0 0 3148 231 0 4023 0 0 0 0 2 983 0 0 53 1359 20 0 2361 0 0 1392 0 4192 0 0 29 0 75 0 195 977 3385 0 0 174 57 0 0 93 0 0 1 139 112 0 45 1192 0 0 1040 0 0 1208 37 0 13 0 57 0 482 0 0 0 0 1570 0 17 2067 0 137 425 0 233 63 3182 499 0 0 0 422 22 0 33 0 0 134 0 0 0 118 61 0
 1530 2076 0 1176 0 36 40887 17 0 496 0 1369 0 0 63 2395 869 147 41 0 0 0 0 336 0 122 0 0 0 0 0 0 993 0 0 0 1096 0 158 0 0 0 0 0 0 187 0 2771 0 0 0 0 6187 0 0 0 38 101 769 0 0 0 0 94791 784 93 347 830 0 0 125 0 0 3 0 0 148 588 0 1381 0 10 199 331 130 24 0 203 552 0 0 529 0 0 3 524 0 61 3 384 253 330 18 0 336 0 214 0 21 5 0 31 731 0 0 196 10 0 0 23 37 110 43 0 0 0 0 0 1952 0 0 64 0 3677 11 15 0 0 2366 0 34 645 4707 0 253 4 0 0 0 0
 47 337 0 514 0 0 0 0 33 0 0 0 0 311 1556 0 0 0 364 0 0 53 0 0 0 59 120 0 0 0 6 45 0 521 0 0 0 0 0 54 407 0 147 1 0 0 0 186 0 0 0 37 0 0 0 0 297 0 0 90 0 0 0 6590 442 0 114 2460 0 0 162 0 0 0 50 0 0 83 1454 160 0 47 0 0 2400 29601 0 0 0 0 0 0 78 0 0 23 0 0 46 0 0 0 6 18 8 0 0 37 244 139 0 0 0 0 0 75 336 0 210 0 0 0 47 0 0 3 3293 98 0 0 0 186 0 0 0 0 114 2082 0 287 466 0 0 0 0 0 596 399 0 0
 0 1813 0 2 0 1773 1628 0 3 97 0 48 0 0 29 0 192 9 0 0 572 0 21959 181 0 17 69 0 0 792 49 0 850 177 0 0 0 9 0 60 123 33 2 61 0 368 13 10942 99 20 0 473 22 1923 0 237 181 0 345 0 0 15 71 147 1185 0 4 0 0 13251 0 72 2011 15804 0 0 0 536 0 0 13 0 0 0 0 0 0 0 0 234 0 0 11 7 375 0 124 0 0 323 269 0 0 5 0 240 0 3767 0 0 0 0 59 5 0 0 1 0 563 0 43 3387 0 1361 0 0 0 4 691 2865 0 167 26 0 52894 0 392 0 0 64 0 0 0 0 0 0 1840 7 0 868
 13 11848 0 255 0 0 0 2 1 0 0 268 0 0 0 0 0 0 0 0 0 0 0 11 87 0 0 0 0 100 0 0 41 0 28 0 0 29 0 0 13537 0 2476 38 0 0 10669 0 0 0 22 10 0 2 3834 0 0 450 0 0 0 0 45 595 0 0 0 0 21884 0 0 0 394 0 7079 0 0 1128 0 0 0 0 14 185 0 1895 0 4 14564 28 0 9 191 0 1 0 0 0 0 6183 0 566 36 0 71 0 0 203 0 290 0 0 253 61 0 0 21 0 0 0 1485 50 0 1447 0 0 15 0 0 0 0 98 0 907 269 0 21 0 0 0 0 0 270 484 0 0 0 0 0 0
 180 368 0 219 0 7124 0 0 1646 0 0 0 232 82 0 0 0 0 0 0 12 4 21 0 0 331 4 0 0 0 121 0 0 0 0 0 0 0 10 0 0 18 142 13 3267 128 0 0 0 0 2959 0 0 0 12 44 0 3134 0 13509 92 453 0 255 17369 0 0 57161 0 0 0 163 0 0 440 0 264 6 0 0 2 305 1358 0 0 0 670 28 0 1762 0 263 35 13458 0 0 54 16 6194 0 0 74 1118 247 110 0 1 459 0 600 56 0 26 0 0 71 0 0 0 648 5 0 0 0 9 493 2513 0 10 0 0 0 0 3 0 0 0 0 0 157 492 22 20 124 0 0 63288 2728 575 240
 7155 0 539 1 384 0 0 0 0 0 0 0 15 0 0 0 64 0 478 106 1117 3553 0 18843 1892 2124 0 0 0 0 0 1 0 0 0 0 522 49 0 0 4 26 38 0 491 3 72 0 1085 44 0 0 0 0 0 0 0 38 0 718 0 10 0 0 1 0 741 13 0 949 0 18 1491 3629 0 12 0 4397 182 39 0 0 0 76 112 0 261 63121 966 0 0 218 0 16175 0 0 3 0 436 74 0 0 0 0 97 0 0 11 934 0 0 264 0 0 0 0 0 0 0 819 0 0 0 185 0 195 3929 43 733 50 0 0 0 1255 4 0 4784 0 997 116 0 313 0 68 0 30 6 819 0 586
 96 142 0 14 0 0 39 0 0 0 174 0 34624 0 0 0 0 9 0 0 1250 19 0 0 0 0 483 0 0 139 392 0 0 112 7 0 0 88 1151 0 17 0 0 742 154 0 23 0 459 63 0 0 0 0 1106 0 0 75 117 1627 0 4 998 12 0 0 3629 0 998 0 2 0 317 453 772 11 636 0 0 108 0 0 0 0 0 1246 0 3206 0 44 1619 481 0 1597 0 0 0 25170 0 20 311 15 445 0 1 366 36 0 56 0 0 502 2 263 21 4 0 0 574 16 7999 142 0 0 0 0 0 0 0 34219 49 903 52 0 0 4 0 448 0 0 4 13 3380 77 0 0 0 376 0 0
 0 21 333 0 0 110 0 26 0 135 0 480 0 1952 1294 0 12 1744 0 174 14 101 0 6212 62 0 0 48 1488 1 0 5080 35 0 137 0 273 0 0 0 43 561 524 0 0 0 25 187 361 0 9 21 32 0 0 1 50 44 10000 0 0 0 0 5931 21 0 15378 0 786 18 0 495 11 324 0 333 0 0 0 148 0 0 0 0 185 60 2 0 573 0 0 0 0 0 8062 0 1239 0 0 0 1183 0 0 0 0 375 0 149 0 25 0 0 3582 0 0 0 0 608 0 71 0 0 0 0 0 216 13 0 0 0 123 0 9 0 1 0 0 20 0 5 302 0 17 38 0 0 7 0 4 0
 0 0 0 0 30 0 0 0 0 1241 593 0 4 0 0 417 0 65 6 333 2592 189 12 0 0 0 93 15 30 0 0 0 3058 0 0 0 4 784 0 36 0 0 58 0 17 0 0 0 357 235 0 622 0 0 6019 0 710 0 0 0 25 41465 191 1 0 0 4756 0 0 0 368 0 0 0 44 790 28 44 477 0 0 141 1872 1305 11 0 589 0 22 2490 0 0 960 0 0 297 0 4525 32 0 0 0 0 0 68277 329 0 738 0 0 1096 0 0 0 0 0 0 296 283 0 0 0 2 2 0 0 780 302 0 0 0 12 0 0 0 0 0 0 67 0 0 0 0 0 18957 0 0 0 17 26
 15 0 0 0 2134 0 47 0 0 75 784 30 37 0 1160 0 0 504 26 0 0 0 0 524 0 0 0 123 0 186 0 0 0 0 0 34 0 209 2 17 0 0 93 34 26 18448 395 0 70 0 1933 0 0 82 1168 129 1 0 149 1 0 496 1184 0 0 0 0 0 2567 0 9 0 0 0 0 0 214 0 133 146 0 0 653 0 241 0 99 0 0 0 3903 0 14564 0 86 0 0 0 240 0 0 0 0 0 0 324 0 0 0 0 0 0 80 0 0 4862 0 61 0 499 0 202 0 2908 0 0 771 0 0 0 0 1170 0 1409 50 0 0 0 731 0 4 1232 0 934 0 1 65 741 0 456
 549 0 2701 555 14 0 0 0 0 3 0 0 59939 0 0 0 162 259 13236 0 0 0 14 0 0 692 0 1 0 0 0 2 41 0 0 0 26 0 4 39 17 0 0 115 0 3481 35121 0 0 0 0 0 188 0 0 10 0 0 0 12631 0 542 0 0 0 0 0 5 0 23 235 0 0 0 0 46 0 0 0 0 271 0 1230 19025 0 0 32 75 0 0 0 3674 0 41380 0 0 8 195 7 1659 0 197 0 0 0 0 0 158 0 8 0 0 62 10942 0 0 71 269 4 0 0 8 26 477 174 0 96 0 338 710 1465 0 15 0 1420 0 132 0 4 0 36 0 0 502 11 0 0 0 0 0
 78 0 0 0 17 0 0 0 298 15 0 2 6 0 118 0 7 0 0 0 42 0 49 0 0 64 28 19703 1849 0 0 0 18535 0 246 406 0 40 13 0 545 200 267 0 0 0 0 16 0 0 0 12353 0 0 0 39 2401 0 0 839 0 0 0 0 245 239 471 0 16 0 0 32 60 0 0 0 2409 0 0 0 54 12 0 76 0 0 2 0 0 2958 0 558 12 1600 12 25 0 1 718 0 0 0 0 3 0 1 16 17376 25 0 0 0 0 0 0 536 0 3314 0 0 193 0 0 0 276 4230 0 0 0 0 0 258 197 70 43 0 0 264 0 3855 536 0 1558 139 0 881 0 34 502 81
 0 45 7 0 0 0 1213 52 0 236 1800 0 0 0 0 0 19 0 350 0 0 363 0 0 0 0 61 0 62 10923 29 788 0 0 100 405 941 5 0 0 0 2 0 906 0 0 131 0 188 44 0 0 0 0 0 0 89 0 0 204 29 0 0 0 0 28 245 2667 494 64 0 0 15889 0 0 4 0 524 0 14 1081 0 1 726 32 96 96 65 154 486 0 1965 0 0 276 0 32 0 0 154 96 130 68 0 0 37 0 4569 499 0 49234 1 13 0 0 0 286 178 12 67 0 217 347 0 0 34513 0 1863 848 440 206 0 0 577 1259 4225 0 0 1 0 97 0 0 0 0 0 1414 211 0 0
 0 622 0 0 0 1412 517 0 0 0 0 0 0 0 44 0 0 116 0 4 65 0 710 0 347 0 0 1420 0 1665 403 0 238 0 0 0 20 0 0 0 380 0 0 0 0 4 0 2410 137 85 366 588 3354 0 0 59 3 0 0 0 0 0 2195 229 7 0 3198 0 0 0 0 0 0 0 45 83 0 5381 0 0 0 0 8 0 32 0 0 16 2 0 237 0 0 0 220 0 1779 0 287 16 0 2010 0 227 0 2049 0 0 42 3 58 0 0 0 0 226 0 47 0 0 0 8420 0 754 0 0 3423 309 0 0 0 0 4653 0 0 0 31 0 57 1485 1204 13 0 64 0 0 0 387 0 0
 0 0 0 0 0 0 0 0 290 0 62550 33 0 2 0 15 115 44 0 187 0 2888 2 311 0 0 281 0 0 15 0 297 0 0 1354 389 0 0 0 0 0 0 49 0 0 557 3767 0 0 162 0 337 507 0 0 4 62 0 127 0 0 7 1389 257 13 0 61 0 287 0 36 1221 0 0 4 1316 0 0 0 0 101 0 0 975 0 0 293 0 0 0 236 0 0 37 195 579 0 29 0 4 0 0 719 0 0 287 0 1171 1160 4313 0 0 0 4 0 346 0 2005 4 0 0 0 0 6 571 0 0 0 277 0 0 1066 0 31 477 1717 0 339 0 0 0 120 28 132 0 0 0 0 0 0
 0 0 0 966 0 0 98 154 185 0 941 0 2238 0 0 1060 0 152 0 6112 357 103 71 2 0 4230 0 0 161 0 32 0 70 61 0 14 0 4244 0 0 0 0 106 6 0 0 107 18 0 0 0 0 0 0 0 6 0 0 0 0 13 132 0 0 0 0 0 0 249 0 0 153 1 0 232 0 6 232 0 106 0 15874 0 0 0 0 3 0 0 0 0 0 0 0 297 77 0 1021 0 0 0 0 0 0 3681 1254 0 4695 1079 159 110 428 0 0 0 0 0 0 0 0 0 57 424 0 0 0 0 7 0 0 66 0 0 6245 0 0 0 0 0 1160 0 3880 0 0 104 0 0 0 0 0
 22 1 0 0 338 35 0 389 0 0 0 0 0 0 269 8001 0 0 0 57 0 0 0 196 0 0 0 0 0 0 30 15 0 0 0 254 17369 4 11 31 0 0 0 627 0 236 0 0 558 1565 10942 0 1866 0 0 66 495 0 4575 0 0 0 0 0 3407 0 1527 627 4 544 500 0 0 3516 116 0 0 0 2 0 0 224 85 0 0 128 109 245 733 80 0 0 105 4 0 128 0 0 0 0 0 69 52 1935 2108 28 0 0 0 39 91 0 0 14 77 0 0 177 0 0 0 0 0 6 2120 0 44 42 0 0 0 0 181 298 0 40 0 0 0 0 0 264 37 0 0 950 0 0 3424 0
 7485 0 0 0 191 19 106 0 0 0 0 0 0 0 0 0 322 6 0 0 0 0 20 406 0 251 0 0 4436 311 0 0 0 0 1862 0 0 0 16617 364 0 128 0 60 393 3 0 123 0 0 0 1648 0 0 453 742 0 0 0 0 0 51 0 627 1036 0 0 3677 12 0 0 3650 274 73 319 722 0 0 34616 0 6086 50 0 0 0 0 93 0 0 0 583 10 0 0 0 0 0 0 248 5 0 0 1841 0 504 2 4 4 1 0 0 1174 0 0 0 0 0 0 4 297 0 0 502 253 0 0 20 378 0 0 0 0 0 3146 5 0 0 3015 17 0 1 0 36 0 0 0 179 0 40 423
 67 568 207 0 0 617 0 158 974 63320 0 69 0 0 36 0 0 1672 0 11308 0 0 22 61 0 15 737 0 0 210 0 0 4942 0 243 64 70 0 0 0 342 0 4 0 0 0 1887 0 0 0 269 127 225 0 0 538 0 0 129 0 17368 0 0 0 575 845 121 0 0 338 0 0 0 9 0 0 0 104 406 0 0 0 3 0 0 0 0 499 0 0 0 21 0 456 0 0 0 0 850 0 16 0 0 6164 415 88 0 0 25 0 0 2473 0 2132 0 41 0 0 400 6 39 0 446 618 0 141 12606 1247 0 0 0 0 0 59 0 0 0 4465 0 0 5 1 20 37 334 389 40 0 0 72
 0 0 79 690 0 0 6 0 0 0 51 52 326 11 25 0 12 58 2707 4 2820 0 0 0 35 265 0 650 661 0 0 851 5 277 0 0 0 0 161 0 100 64 0 4 1 0 1465 0 2 0 0 0 7 184 0 99 0 885 48 1040 12 0 29 264 4 70 30 17 3186 0 0 0 576 4098 0 490 0 0 2525 0 0 0 0 0 265 0 0 0 0 1975 0 1091 2301 2170 0 0 0 0 0 2 56 0 0 0 0 784 0 110 0 34 0 0 14 0 0 0 2 96 0 0 967 0 0 0 13 0 5 219 223 83 101 63 21 0 0 0 9 143 529 1166 0 0 11646 0 0 0 0 1164 0 0
 1 0 0 0 0 318 2 240 0 0 0 0 0 0 215 3423 0 3 0 0 76 0 0 0 0 0 0 15 1 0 0 9 0 271 0 0 1208 0 160 20 0 978 3 7536 0 422 74 997 28 0 0 1271 1182 19 0 0 0 4 0 518 1420 0 302 0 0 1382 6 1 0 0 328 68 6 0 0 502 1 19 12 1009 0 0 101 0 0 174 3 0 28 342 0 0 168 0 0 0 0 1216 0 0 111 0 0 209 0 0 1 530 16 260 0 0 2598 0 0 0 448 7090 1060 2 23 0 0 0 25 0 0 12 0 0 0 361 8 340 0 1981 0 112 0 0 20 0 38 0 78 0 248 0 0 477
 0 0 0 0 3224 0 0 492 2917 352 0 0 1 237 0 0 0 0 1527 9 0 475 0 0 0 84 0 997 24 0 142 33 32920 0 0 2678 0 0 0 0 32 0 0 0 0 0 0 36 0 3 71 341 0 0 0 56 0 395 55 0 0 0 0 0 246 0 0 0 0 0 384 0 56 181 0 129 0 10 0 0 0 0 0 304 0 0 2 0 0 0 0 0 324 3582 0 0 0 0 0 29 0 7 0 0 151 0 0 0 0 0 101 0 2270 0 0 100 0 40 0 66 12 93 0 311 1065 55 0 0 105 0 0 12 0 13 0 2 0 0 569 0 0 305 0 0 9865 0 112 114 27 0
 3 0 520 1408 39 0 658 18 23 0 0 378 233 0 87 0 22 0 0 0 0 12 62 23 25660 2309 6741 0 6187 0 686 0 0 62759 622 0 0 0 0 0 1 294 469 0 266 0 0 0 0 283 0 40 0 6 4 0 0 488 0 0 0 1 0 328 64 152 0 0 0 0 0 19 42 1974 0 0 42 462 0 370 18 693 0 1163 13 0 8 126 41 366 0 0 3568 1918 0 112 227 521 0 154 0 0 21 0 824 130 0 0 0 844 0 100 0 27 0 0 0 3515 366 685 494 0 0 4229 0 2024 0 0 36 0 0 0 741 1 0 1272 0 0 0 36 21 35 119 197 0 1529 0 0 0 647
 0 201 0 817 988 0 1 55 44 0 0 0 1 0 0 0 1 0 85 1 256 0 3227 0 0 3681 801 498 3 0 0 785 618 0 0 1223 0 25 742 0 0 15 0 311 83 0 127 0 340 369 1809 5104 0 0 48 0 1798 0 68 11 0 0 0 23 650 137 48 0 158 254 357 226 67 0 7 0 262 2 7 0 132 0 0 0 79 6 0 0 72 362 0 0 4 0 0 0 0 1863 0 0 174 0 0 2 0 0 3909 0 0 0 0 22 0 0 0 32 389 0 1689 0 0 0 0 11 0 0 2458 223 1 0 6120 298 0 0 0 15 0 570 277 0 9 0 0 14 57 1 0 0 0 0
 0 233 0 0 22 0 0 7275 0 0 0 0 3432 292 0 0 0 0 130 0 89 0 0 0 49 116 0 0 0 500 0 1693 0 9 536 0 0 0 0 0 1897 291 0 0 0 27 76 0 1494 672 0 4653 401 297 335 0 4436 0 0 0 0 0 878 659 0 0 0 0 26 0 0 0 701 0 0 6202 0 107 0 381 0 687 1172 7 1 0 57 2068 0 0 0 477 254 0 0 195 755 51 0 20 41 0 0 1402 375 0 4074 17576 0 3 3387 0 8438 0 2339 369 189 0 0 135 0 6 302 0 310 741 14 0 0 0 0 2 5 0 0 63 0 204 0 4235 357 0 0 0 1118 0 0 0 488 0
