150
 0 68 0 0 7 332 0 0 0 0 1123 25 0 6 0 72 0 1 0 195 0 0 1 8 0 214 475 0 0 820 8 0 0 0 0 0 0 0 0 0 0 0 0 0 71 0 0 0 0 0 135 0 14 12 0 0 47 0 0 20 0 33 0 0 2 13 0 168 14 1263 1 166 0 0 9 60105 1908 2596 4 763 0 0 36 39 5 6 114 0 0 0 0 0 3 0 38 2354 35 163 1 165 18 0 61 82 11 0 0 233 7 0 0 0 0 0 0 0 14 17 1 0 0 0 2 30 0 0 0 142 20 0 0 0 0 258 0 0 0 0 0 1 27 0 0 17 32 0 0 0 0 61
 0 0 0 0 0 2241 0 4 0 122 157 18 0 183 0 120 0 0 0 6 0 2488 0 0 0 3 1 31 8 12 0 0 0 0 0 12 1 219 6 22 0 0 378 0 0 25 0 3 0 0 96 82 0 86 0 2 0 0 26 0 3 0 89 14 866 0 6 9 0 0 0 0 0 6 17 0 50 47 0 36 0 0 0 179 0 0 0 0 0 5 530 11 0 0 0 0 0 0 0 0 3 0 69 178 97 1 244 52 0 0 0 8 50 565 0 4 0 0 0 9 0 101 0 0 86 0 0 0 0 0 2 5 0 2 1 67 0 0 0 0 784 0 17 0 5 675 0 4 0 0
 0 4 2 0 0 8690 0 0 0 758 506 0 0 0 4 0 0 0 0 0 0 4 273 0 0 0 0 0 0 96 0 0 0 25 0 88 2 0 1 0 0 2 6 0 0 4193 743 0 0 0 0 1270 0 452 0 0 0 0 0 4565 0 0 0 0 0 0 0 0 0 5 0 0 146 0 0 0 1056 9 7 0 14 0 0 94 0 0 0 923 0 0 901 0 0 16 11 0 0 0 0 0 14 0 0 0 2 0 55 0 0 0 62 0 0 0 0 36 0 0 0 0 0 0 51 0 0 0 26 0 1169 0 0 0 0 218 0 0 31 0 15 0 5 1 1185 0 0 0 108 0 0 0
 0 0 9 0 0 0 0 0 31 0 0 29 0 81 2 0 73 0 0 0 4 2 26 0 0 179 0 0 0 84 67 0 14 0 0 0 27 0 0 26 18 0 0 0 0 0 0 0 901 0 126 0 0 0 0 236 0 0 0 3 0 6 3 0 0 0 0 0 0 6 88 770 174 7 0 0 0 0 1404 0 35 3 0 0 0 0 0 119 0 19 939 2 174 0 22 82 58 0 1 0 0 0 0 0 10 0 0 0 0 113 33 0 0 0 0 7 0 18 0 0 19 3 0 0 515 0 0 0 0 0 14 0 8767 68 0 0 0 600 3363 36 0 6 20 157 2 0 7508 0 0 831
 0 0 99 5 0 626 0 0 0 0 0 96 0 0 0 4 90 2 0 0 4 1 0 0 0 2458 0 0 0 211 0 0 0 0 0 0 0 0 0 21 0 6 0 0 0 1513 0 146 85 0 67 85 0 0 0 0 0 1456 0 168 0 0 59 13 0 3 206 0 5 0 70 0 3 224 0 255 63 0 3 2781 1 0 0 0 46 212 6 0 0 2 9 4 7 0 0 128 33 32 1763 0 0 0 0 0 0 6 0 15 0 0 322 34 0 19 33 114 0 0 0 0 0 0 0 6 0 59 11251 1 0 0 0 0 0 3 0 0 0 49 2 0 15 0 0 9 4 0 0 0 0 0
 0 0 0 423 0 0 23 0 0 0 157 0 0 0 0 0 1 0 0 0 0 0 0 0 0 0 0 0 70 0 0 1 0 0 0 0 0 0 0 8 0 1787 0 0 201 0 0 0 0 6 0 5 0 0 0 11 0 0 0 0 0 0 0 0 31 68 1090 1 0 0 0 0 0 0 1 0 9 113 0 12 12 1 37 0 0 0 33 9 113 9 4742 57 113 24 0 1994 0 0 0 0 0 0 0 0 0 0 0 1125 120 0 0 0 0 0 43 7964 0 0 0 0 0 68 0 0 0 0 0 0 20 0 0 0 0 0 0 13 0 11 0 0 9 0 0 0 0 7 0 0 0 0
 17 0 1849 122 504 0 0 23 8 11 122 24 0 0 0 0 850 0 0 258 140 0 258 0 0 0 0 1 0 0 0 0 0 422 20 6 0 0 0 92 0 0 0 120 0 0 0 29 0 0 0 0 0 134 73 0 7 1605 0 0 0 0 0 0 0 0 8 0 7508 42 0 0 0 15 37 0 2 335 0 75 0 0 0 8 0 0 2199 0 0 0 0 216 4742 0 0 0 0 2 0 0 25 0 38 0 0 76 0 0 23 179 8216 0 0 8 0 0 96 0 0 0 0 47 0 0 0 0 0 0 0 0 0 0 76 18 0 757 0 0 0 24 0 744 0 906 0 0 101 0 0 886
 2027 0 239 0 191 2 0 0 0 242 0 0 0 94 0 147 0 0 0 0 0 0 0 0 0 34 0 0 0 228 0 0 5 0 0 0 0 0 55 632 0 291 95 20 0 0 0 0 0 7 0 0 0 0 0 0 0 831 61 0 681 0 0 0 0 12 0 28 23 1081 209 3 0 0 1 8 1680 30 0 12 0 0 0 0 0 0 0 293 10 906 1 0 0 168 3 101 89 0 7 3 0 0 0 0 0 0 0 65 7 0 0 0 0 1092 57 168 128 0 0 0 252 0 0 0 2 0 0 0 0 4 0 956 0 0 39 200 0 0 7 0 12 0 15 85 24 0 0 0 0 0
 0 0 13 0 0 5 0 1 6 4 0 0 0 0 0 7 0 0 0 2 0 54 0 0 0 20 0 0 0 5 0 0 0 0 7 0 0 401 0 0 0 27 0 506 0 0 4 38 0 0 90 0 0 0 41 2 2726 132 12 0 0 25 0 0 0 0 0 43 0 92 0 76 0 0 0 163 23 0 3397 0 0 0 90 0 32 0 0 0 0 0 208 0 856 84 57 0 0 57 0 0 0 0 0 34 390 0 0 9 55 0 0 0 12 31 0 0 0 477 3 16 1 0 0 0 3 174 0 1 0 0 0 3545 0 0 78 6 0 75 484 0 0 11 0 0 0 157 0 0 0 2
 4 0 0 830 0 0 0 0 0 5 0 0 7 0 0 0 0 12 119 44 0 0 12 0 138 25 0 31 0 0 0 0 116 6632 78 0 0 0 0 27 0 35 0 0 0 0 0 0 700 0 0 0 0 0 0 0 0 0 0 0 9 0 34 30 0 0 0 0 0 3 0 0 0 817 272 0 0 0 139 0 12 0 0 0 0 0 0 111 0 0 0 0 632 0 0 0 195 0 16 0 1 58 0 0 0 0 16 218 0 0 0 37 0 0 0 0 0 14 0 7 1 0 0 0 0 0 0 5 21 46 0 0 0 0 0 0 0 0 150 0 10 0 13 0 0 31 0 1 0 320
 0 0 0 0 0 0 0 163 346 1 0 0 2 0 0 202 0 4 1 0 0 0 0 0 0 747 0 0 25 0 29 0 0 0 0 7 2 0 0 0 0 0 0 43 1277 2 9 0 511 11243 0 0 1 24 0 926 550 0 0 14 66 10 148 0 25 0 0 0 3 0 0 0 0 85 0 0 0 1 0 0 0 0 0 901 0 46 7 0 0 0 0 258 484 32 4 0 0 3 0 0 0 0 0 174 0 0 0 0 0 0 2 856 33 0 0 10 103 0 21 0 450 0 11 0 2 530 7 747 491 0 0 0 11 246 0 0 0 0 1 0 0 3942 2 0 0 56 0 166 273 90
 0 0 247 0 0 0 0 0 0 4 95 0 0 0 0 0 3 914 0 0 0 8767 0 43 0 25 0 0 0 2 10 9 41 0 159 0 206 848 0 0 0 162 23 0 0 23 0 0 42 0 20 0 0 17 0 0 0 0 0 0 0 0 0 0 0 26 0 26 0 30 172 0 0 0 0 0 0 0 0 0 0 0 0 9 336 74 0 0 1 0 0 2 0 1 0 6 0 0 0 0 484 3 0 88 0 43 0 132 0 0 0 0 28 0 188 0 0 0 19 0 0 452 0 0 0 355 234 0 4 0 26 183 19 41 0 0 0 1 203 0 302 1 0 0 0 349 73 0 84 11251
 0 7 0 0 0 0 0 2879 24 0 0 831 258 0 0 0 2 0 0 0 684 0 0 14 0 0 0 0 564 0 0 0 24 0 2 0 0 0 0 18 0 62 24 0 6 0 35 0 11 97 2 538 0 1 0 30 0 6 0 0 0 0 0 0 0 0 0 0 0 21 0 0 0 0 352 0 84 0 0 0 11 18 0 0 0 33 23 0 0 0 0 0 0 0 37 0 0 2737 0 88 0 0 0 0 0 0 22 0 0 8 0 0 746 50 0 0 82 0 0 0 1 0 0 0 0 0 0 9 214 0 0 0 234 0 0 0 0 74 359 0 0 40 28 0 0 0 12 0 0 16
 0 0 0 0 59 0 58 0 388 0 0 0 1263 195 0 0 0 0 211 0 0 0 0 0 0 0 0 183 147 0 0 63 0 7 0 51 0 20 13 0 0 35 0 0 42 0 0 0 0 0 100 0 0 0 0 13398 0 5 0 96 15 4 12 0 8 0 3 0 0 0 0 0 27 1 0 61 0 53 684 0 0 89 0 0 0 0 0 0 0 0 2 0 1931 0 458 198 34 43 0 0 0 0 0 2 10 0 0 0 1988 0 21 0 0 0 45 0 0 0 38 0 0 0 0 0 0 0 0 0 0 0 102 0 0 93 0 85 12 88 47 0 0 0 12 101 6 3 0 0 23 0
 0 55 0 0 0 0 53 0 0 1511 21 97 305 8 0 274 0 0 0 0 0 0 1 5 0 0 0 0 43 0 0 0 0 1 4 0 0 4922 0 0 154 0 94 0 30 0 559 0 0 0 0 0 75 28 192 0 757 0 0 0 96 0 0 0 7 56 529 274 0 31 38 49 0 0 0 0 0 0 0 61 15 0 112 0 0 53 0 0 0 313 48 0 419 0 1081 1256 17 0 0 6 0 0 0 0 82 0 28 8 5 183 0 61 0 0 0 0 8 17 0 0 0 151 0 0 304 0 0 0 640 8 564 0 0 100 0 0 1 15 0 340 5106 0 0 0 0 0 36 0 0 0
 0 0 0 0 0 9 0 0 0 0 0 521 31 15 0 0 0 0 0 0 0 0 232 19 16 0 373 0 0 119 0 1 0 486 259 0 3 184 0 152 422 0 0 0 540 0 151 213 0 0 12 0 0 10 4 0 0 62 0 1 156 0 0 0 0 0 1240 0 0 0 8767 0 980 39 0 0 0 0 0 0 0 0 82 243 0 0 0 0 0 0 0 0 0 0 0 0 0 0 0 297 0 0 65 0 0 0 31 0 0 0 0 5 0 0 179 93 0 0 854 0 0 26 7 0 3 0 42 0 18 157 0 530 44 0 0 193 0 14 0 0 0 6 1 0 0 0 216 2 0 17
 0 165 16 0 0 0 0 9 0 21 27 0 0 0 295 35 1287 0 0 0 0 0 139 0 0 0 0 12 0 0 0 0 86 0 0 0 1 0 0 0 0 11 2949 5 857 0 15 0 26 0 0 2 0 244 57 73 0 23 0 48 45 169 34 0 39 0 0 0 0 0 0 6 4 0 0 0 9 0 0 0 0 0 8 0 0 246 48 3 61 5 0 273 0 0 0 31 49 0 0 0 0 0 8 122 193 0 0 0 11226 0 233 0 2 10 0 0 0 0 22 1 0 14 24 72 441 0 0 53 33 0 0 0 0 36 16 0 0 0 4 0 0 0 0 0 0 0 74 2 0 0
 0 45 0 0 0 1 0 26 0 0 0 0 8 0 0 0 14 15 0 0 0 0 0 7508 3 119 49 148 0 160 0 2253 0 0 0 69 0 0 4706 0 0 0 205 0 0 139 89 0 703 0 0 2 0 0 0 76 0 0 0 0 0 1 0 36 0 0 0 6 0 0 0 0 0 0 0 3 0 0 0 0 0 0 38 0 0 1 0 0 281 201 0 0 271 50 0 2 14394 12 0 0 42 0 0 7 0 0 26 0 12 11 0 0 0 0 0 198 0 39 0 0 0 0 0 0 25 0 24 0 0 28 131 0 0 0 0 0 0 2 0 0 14 29 0 0 0 0 1249 969 486 7
 22 0 0 3 0 1 41 1 7 0 0 0 0 0 156 0 0 0 0 0 1967 0 2 0 0 0 219 0 43 0 0 0 0 0 372 0 0 22 0 0 6 123 0 10 0 0 53 6 24 0 6 0 5 0 0 84 0 0 0 0 0 3 0 17 0 7 0 0 0 0 114 0 1901 3 0 12 1425 0 0 10 0 0 24 64 15 0 0 0 0 0 0 856 0 0 0 0 0 0 0 7 0 0 66 0 0 0 0 155 0 0 7508 0 0 0 0 0 16 0 21 0 0 0 0 0 0 0 0 0 147 30 315 2 626 0 1 0 48 0 0 119 0 139 0 6 0 58 0 0 0 73
 0 0 0 0 0 2027 0 0 0 0 0 0 0 1 25 54 0 0 0 21 0 0 0 0 870 0 0 63 0 0 0 0 2 11 0 34 495 0 8 0 7508 0 0 0 263 215 0 2 8 12 26 116 0 0 0 0 1 12 4 0 0 0 0 0 7 16 0 0 0 0 3291 0 0 372 15 0 79 0 0 65 0 0 1 0 43 0 0 847 0 0 0 0 0 0 0 0 0 0 86 0 0 2 0 170 58 251 3 193 19 0 0 33 0 25 0 0 0 0 0 0 0 0 63 1172 609 254 0 26 0 1 0 299 0 0 151 1361 5 12 0 0 0 1 0 0 2 1931 0 0 0 0
 86 0 0 0 0 1 0 0 0 175 411 16 0 0 0 93 1881 3 0 95 0 3 14 11 0 62 0 1 0 0 0 34 0 151 0 0 0 0 120 0 0 0 0 0 164 0 3430 0 0 14 5 57 1 32 0 0 0 0 0 313 0 0 0 0 0 0 0 0 157 0 83 0 0 26 0 0 0 0 0 119 1 224 0 17 0 86 0 0 22 0 0 0 0 0 0 764 0 476 0 757 0 0 0 0 10 55 0 0 0 234 0 0 832 0 0 1700 104 0 243 0 0 0 10 552 0 0 1 0 0 0 0 0 0 0 22 0 5 80 0 62 0 350 0 1130 0 0 0 11 0 0
 65 0 0 0 0 224 7 0 0 1 0 0 33 166 6997 0 1488 0 0 0 0 0 340 15 0 0 0 0 0 0 0 33 0 0 0 0 1933 0 0 0 0 0 0 0 0 0 0 0 45 0 0 72 0 24 38 0 0 0 0 0 0 0 0 0 61 16 0 0 0 101 0 0 4 0 41 4 0 34 0 47 29 0 0 2 0 8767 0 0 0 0 0 0 0 106 0 0 9 0 0 0 0 0 0 0 0 2 0 67 2955 2 0 0 0 0 60069 0 0 9 99 26 0 0 0 0 0 54 0 11 0 0 0 0 0 0 0 17 0 0 1370 0 0 68 0 44 0 44 0 0 0 14
 0 0 0 0 0 7912 0 371 385 0 2 160 11 7 0 0 0 4 0 236 0 0 168 0 0 0 188 0 104 0 0 26 0 9 0 0 0 27 0 393 0 22 0 97 0 0 0 0 0 0 0 0 0 473 0 0 0 6 47 0 0 0 0 0 74 0 164 0 0 0 0 38 4180 1 43 0 0 54 0 0 0 0 41 0 0 11 83 0 52 0 0 0 0 915 269 0 0 364 0 2 0 1 0 0 0 0 1750 0 169 7 0 0 5 36 0 0 0 0 12 11 68 0 0 0 0 7 0 0 96 0 1 0 104 0 65 0 0 0 0 0 0 15 0 0 0 0 0 0 0 98
 0 0 20 395 14 0 11 0 213 831 9 0 0 0 0 0 0 0 0 1228 0 0 217 0 0 0 82 42 0 0 25 195 299 3 0 0 0 0 2 36669 0 0 0 0 0 0 0 0 0 0 0 2 9 0 0 231 14 0 7001 0 6 0 4 0 0 710 0 433 0 0 18 0 50 0 0 0 0 0 8 0 0 0 0 0 10 234 0 8739 0 0 0 0 0 0 2 1 0 0 0 6 0 49 599 0 0 1 16 0 29 0 0 0 0 0 22 0 0 0 0 0 0 0 34 0 0 0 0 0 0 4742 0 0 0 84 0 420 51 0 0 0 0 0 0 0 0 2021 0 0 14 0
 74 1 9 0 0 35 9 3 320 0 0 751 7 0 106 0 82 0 54 0 5 2 0 0 0 0 0 0 1 62 0 12 79 0 0 0 2 139 1 26 0 22 0 94 0 0 52 0 0 0 0 0 0 0 0 0 0 10 1 2 0 51 6 0 44 0 0 86 0 0 1 15 0 0 379 5 0 2744 6246 0 0 1755 173 15 0 149 0 112 0 0 1 0 0 0 0 25 0 2 0 130 34 0 0 193 0 0 0 0 242 0 0 8443 0 0 184 0 0 0 0 0 0 0 0 0 0 1121 135 9 0 0 0 0 31 7 683 8 0 452 0 183 0 61 0 122 0 10 0 0 0 0
 0 0 293 0 0 1 571 0 0 0 0 0 10 12 0 3 77 0 0 0 0 147 0 49 1052 0 797 135 0 249 13 0 0 0 0 814 0 0 0 1984 0 0 0 0 0 0 0 700 29 0 0 0 1935 0 32 268 0 0 0 3 0 0 0 0 0 0 0 220 0 116 0 0 0 0 313 0 0 173 23 4 0 0 0 45 0 6308 32 1 161 11 21 1 0 1 617 0 1164 31 0 0 0 2745 0 0 0 0 0 2 0 0 0 0 12 0 0 0 2249 4 0 0 0 199 0 0 0 0 0 0 0 0 0 16 11 0 0 0 0 36 3428 0 0 182 0 2 0 0 0 0 0 0
 0 0 988 8385 0 0 5 0 20 749 390 297 0 21 22 0 256 0 0 11973 0 8 0 0 0 0 0 0 0 0 42 0 12 42 13 15 0 135 0 0 33 4 0 841 0 0 0 4 0 79 0 0 1456 0 0 0 0 0 28 0 0 242 0 485 0 195 0 0 0 231 0 1924 528 1 0 0 0 0 0 0 0 99 1901 16 14 168 1 850 0 0 0 0 0 51 0 0 0 25 15 295 0 0 93 0 0 0 42 124 0 0 0 1 0 268 3 0 0 0 0 0 3 0 0 95 0 0 0 0 163 0 0 0 0 0 2769 26 0 0 45 0 285 12 0 0 0 61 3 0 0 21
 12 0 0 159 0 163 0 0 60 0 56 41 3 0 36 344 0 0 44 0 0 68 200 0 0 0 306 6 0 0 0 0 41 6 0 45 12 0 0 0 0 3 0 0 0 24 38 11 0 0 12 0 203 0 22 0 0 0 301 305 0 0 0 99 0 0 0 0 179 0 417 0 0 0 0 5 101 0 0 24 0 0 0 0 0 81 4 0 831 180 0 0 41 0 4541 218 1 571 0 0 0 0 10 0 2 0 0 3 0 0 0 8175 42 0 0 0 28 0 23 0 28 2 862 0 0 33 72 0 0 3 25 625 0 0 0 0 0 34 0 0 9 0 9 349 0 0 0 1125 0 259
 35 0 11 762 21 0 0 119 6 0 0 0 0 0 0 0 2 14 0 1 631 3327 0 1 0 0 36 486 0 63 0 12 50 0 1 38 0 0 1965 104 203 0 0 133 0 79 0 0 13 104 0 14 0 2 0 0 0 0 0 55 19 0 0 2 0 0 0 0 1 0 0 0 0 0 8 0 0 0 46 0 0 0 0 0 0 0 0 0 0 0 6 0 2 0 0 0 0 0 0 157 0 0 94 19 405 0 0 0 0 669 72 0 0 8 0 2 0 0 0 710 46 0 0 35 2488 0 0 1243 0 15 0 2 0 0 20 75 0 0 0 0 0 0 0 0 0 0 0 0 13 0
 0 0 0 0 0 0 25 0 0 0 0 0 0 2 6 0 0 0 0 73 7508 79 762 0 0 0 7 0 0 0 6 0 0 2118 0 12 12 718 4 0 0 95 5 32 0 0 96 169 0 36 182 0 0 631 0 129 4 0 10 0 0 0 1 114 113 0 0 11 0 63 0 131 0 0 268 0 0 0 0 0 233 0 371 11 0 0 2246 218 0 0 8 237 6529 0 0 0 0 73 0 3 1 0 0 0 0 0 0 0 0 0 47 2 16 0 56 0 89 0 0 18 0 10 50 0 0 1 0 0 0 10 1730 0 0 10 9 0 538 0 34 0 1 0 0 0 353 50 75 1 80 0
 0 13 758 0 0 3 4 6 7 0 0 0 0 4033 3 0 132 617 0 35 0 0 0 0 38 0 0 0 0 0 0 7 0 0 5322 0 0 0 0 390 0 0 0 0 0 551 0 0 0 43 10 14 1720 41 0 0 12 0 0 0 0 174 0 38 66 0 0 93 5 0 0 0 2 7 0 114 0 0 389 0 0 0 0 0 0 6 7240 0 0 0 0 0 0 0 0 0 432 0 0 2947 68 0 0 0 0 0 0 7 0 139 0 0 405 10 0 0 0 0 9 2 5 7 24 6 3 0 0 0 47 0 45 0 33 1 0 0 0 0 0 0 0 0 62 0 52 128 0 0 68 0
 0 0 0 0 67 0 0 0 101 0 0 0 40 0 114 0 1 0 0 0 0 0 0 0 0 0 10 35 0 0 0 0 0 45 0 2 0 159 81 0 0 8 343 2 1 0 26 30 1 0 0 138 20 0 45 32 0 0 162 0 28 122 3 0 0 0 0 0 0 0 0 564 0 0 0 96 0 1805 243 195 0 1 0 654 35 0 0 14394 0 0 33 1287 0 0 0 59 0 0 0 0 0 59 0 0 0 0 1871 0 926 0 64 0 0 0 7 15 99 0 0 10 0 18 0 0 0 0 0 0 6222 112 0 2 0 440 0 0 0 0 0 0 402 0 186 4 70 0 0 78 0 0
 0 4 313 0 0 8 0 0 0 0 139 0 0 38 2 274 0 0 30 0 0 0 528 0 0 39 0 0 0 4 0 0 0 0 3 1090 23 9 148 0 0 37 0 5 512 42 1680 0 0 0 0 0 0 0 0 0 0 276 0 0 16 0 0 0 61 0 0 451 0 0 0 3 0 0 4 0 4 0 20 43 0 0 0 14 73 0 0 0 0 0 0 0 0 0 0 0 480 0 0 0 0 55 0 0 0 0 4202 3269 7 0 0 174 0 129 0 25 0 0 0 9 898 0 0 601 41 0 0 0 12 57 0 277 0 96 7 0 0 86 0 0 0 0 94 7 36 14 0 0 0 34
 444 507 0 38 375 1 0 305 993 0 0 20 11253 0 0 0 243 0 0 0 0 0 0 0 0 0 0 0 11 0 4528 0 0 11 0 0 0 0 0 42 0 72 34 24 87 41 1 0 0 62 0 0 0 0 29 0 0 372 0 0 49 0 5 0 27 0 0 65 58 8 0 0 24 0 3768 9 149 553 9 0 794 0 7 0 0 37 0 214 0 0 185 60 72 0 0 0 0 0 3 3 0 0 0 0 2 234 0 127 0 8254 2 66 68 1 7 0 0 26 335 0 453 14 10 0 86 76 0 1 0 536 14374 0 0 0 2 0 4 28 0 0 0 29 0 1 0 0 5 0 1 0
 24 20 8 1 3 0 0 153 0 0 870 0 0 0 0 0 0 0 0 0 0 2458 23 0 0 0 0 1094 0 439 0 277 0 12 0 0 0 0 9 14 0 99 0 1277 0 44 0 1 1 0 5 0 0 98 0 0 0 2580 0 0 3 0 0 3360 0 0 0 129 10 6 234 0 0 0 0 0 0 0 182 4 432 42 0 0 0 0 0 0 1994 466 0 0 14392 2 26 0 0 20 0 61 0 0 0 82 102 0 0 0 3 3 4846 2 0 167 27 0 0 0 0 57 129 0 0 0 0 4 348 0 0 202 0 0 0 34 0 0 0 0 18 0 1554 0 0 0 0 0 130 0 118 0
 15 0 0 25 1299 44 0 34 0 0 0 649 0 0 0 250 479 0 2 0 26 25 12 11 0 0 0 0 0 0 0 0 0 53576 0 12 4 0 0 0 0 0 0 0 6 61 293 0 0 16 0 0 118 0 0 115 0 0 0 185 55 0 11 0 0 0 450 0 0 0 0 0 5 58 587 0 0 0 45 0 0 46 0 0 0 0 0 2 0 200 0 5 2 0 0 0 33 0 6 0 0 0 0 0 4597 2711 13 0 0 0 288 0 28 208 0 2 0 0 246 33 0 0 0 0 0 0 39 0 0 0 27 0 0 2 0 92 0 0 47 0 0 0 0 0 11 9 0 12 0 0
 24 0 0 0 0 0 8 0 0 0 0 0 10 195 34 0 0 129 0 0 0 0 0 0 0 0 32 0 0 0 853 25 0 254 9 0 2 565 10 36667 0 0 0 28 950 0 0 0 777 0 0 0 0 106 195 0 0 0 5 0 474 0 316 7 0 0 0 0 0 51 206 2953 0 0 26 0 0 0 0 6 11441 0 0 175 0 0 0 0 0 3 57 12 52 0 0 0 0 16 36 14 26 0 0 0 0 0 0 3 1 40 0 0 0 0 0 3 3 0 0 0 7506 0 0 0 1 0 0 0 209 0 0 0 0 46 5 0 0 0 0 2 100 0 0 0 0 0 0 901 923 0
 34 0 0 9 6 125 0 0 0 0 0 0 0 0 0 0 2 108 0 15 17 390 0 58 0 0 0 0 710 0 84 0 0 4 34 0 0 0 0 0 0 0 11 0 1 0 44 0 35 0 88 993 0 0 0 0 36 49 277 0 8 138 1718 0 0 157 125 0 0 0 0 0 0 0 0 206 0 0 108 4589 5 0 0 0 10 0 0 0 0 0 513 0 0 0 0 0 0 30 0 0 7 0 0 0 0 402 45 0 0 0 398 9 0 8 0 0 0 1 300 0 18 0 34 0 32 826 3 0 34 10 0 0 14 0 0 0 0 8 14 0 0 0 0 0 0 566 0 831 5 0
 365 0 0 373 0 55 0 0 330 134 0 148 62 0 0 297 10 0 2 0 0 0 38 0 0 5 0 113 0 0 0 0 0 0 0 2953 0 0 157 0 1 167 54 57 1605 0 49 0 174 0 0 0 0 0 0 0 0 0 0 0 0 390 114 0 0 0 58 0 430 3 1 0 0 0 0 1 1 9 0 0 0 2 0 356 0 0 2300 0 39 35 267 0 0 41 367 0 0 2 0 0 12 59 0 0 0 0 0 0 0 6632 4 1 92 0 0 0 33 0 0 0 7 5 52 0 0 0 86 4 1760 0 0 0 0 0 6 0 8 141 0 3 0 0 0 116 0 1 6 495 0 8
 83 0 0 0 0 0 0 0 24 0 0 1 0 0 0 0 11 11 0 17 11 0 0 0 0 0 440 5 0 22 0 10 3 0 0 0 0 16 45 25 0 0 2 1157 36 0 0 0 0 0 1277 0 0 0 0 0 6630 582 5 858 886 0 0 215 0 0 3 0 6 57 0 0 1 0 0 0 0 0 97 0 0 55 0 12 0 1 0 0 0 1 183 0 1 1 17 0 7508 0 0 0 0 0 27 0 166 1370 1 0 0 11 2 10 1 59862 0 0 0 0 0 0 11 155 0 0 0 270 0 0 0 0 0 5 0 0 0 0 0 3 412 0 65 0 0 64 0 0 50 110 16 10
 6 2 0 0 133 0 0 72 15 210 476 0 475 11214 0 0 2 0 0 0 28 2282 0 0 0 0 0 1 0 0 2 0 0 849 206 0 0 0 0 1 6 1722 0 0 0 0 0 0 0 0 0 0 0 0 0 246 9 2 49 6 2 0 0 0 0 0 0 0 0 0 0 0 0 0 0 0 0 0 8 25 8 6 0 0 0 0 0 0 0 95 12 0 0 0 0 0 0 148 5 0 0 0 102 0 0 0 0 0 57 0 0 0 0 49 0 0 0 12 0 0 101 1 0 0 81 17 0 0 0 2 0 0 2 366 0 0 0 0 0 27 118 0 6 13 0 0 0 0 12 0
 90 0 0 237 0 0 0 0 0 0 114 0 0 0 0 0 0 0 0 0 46 0 0 69 0 6265 0 0 0 0 0 0 0 0 0 0 0 1 0 0 0 9 92 0 36 0 0 0 1 0 5 12 7 0 0 14 0 75 0 0 11 0 16 1 50 0 0 0 402 0 0 0 3 0 591 0 8 55 101 675 0 0 273 0 0 28 0 168 479 0 0 289 320 0 0 0 0 20 0 0 475 305 34 9 72 0 11 0 0 142 0 0 452 0 826 0 0 0 0 0 0 0 23 0 0 26 1 0 20 0 3 4 0 24 2775 0 0 0 1807 0 203 0 0 668 11 3 0 0 0 0
 0 0 0 7 38 18 0 0 161 0 0 0 0 14 0 0 0 0 0 6 353 91 2 0 0 156 0 16 10 0 258 0 0 0 203 7508 1 0 0 0 929 0 151 0 0 0 2027 0 0 0 90 0 0 0 268 0 0 0 0 0 0 0 0 0 0 33 0 0 94 372 0 25 0 0 0 0 0 0 47 0 0 0 0 26 219 540 0 0 11 0 0 0 0 0 3430 0 405 0 146 12 19 0 0 2 0 0 2282 0 0 74 2308 0 0 780 0 15 0 68 272 0 292 11966 0 131 0 0 2 0 12 0 3 64 0 0 0 7 0 0 3 0 0 0 0 0 1509 0 0 0 0 137
 0 34 15 103 106 1 0 0 0 26 0 36 506 6 19 156 0 0 0 0 264 0 0 11 0 0 0 33 0 0 0 0 0 0 0 527 0 6 0 0 0 0 0 335 29 63 255 0 0 2 0 7 2 534 0 0 0 1871 765 0 0 6 147 0 0 0 0 0 0 0 0 0 0 0 61 11 0 0 33 0 0 0 0 0 1901 0 168 59 0 1865 0 2186 0 0 9 19 0 0 0 0 8 0 0 0 0 0 8216 0 0 0 0 0 0 4 154 0 0 0 0 11 401 33 0 0 0 87 0 0 0 0 0 0 1260 0 0 4 1 0 0 0 0 0 2 0 0 0 0 0 0 764
 0 1450 3 2 572 0 0 0 0 1918 0 60 0 0 0 0 0 14 8 0 0 13 0 157 0 0 17 14 0 707 29 0 0 0 1404 0 0 0 0 0 102 0 6515 0 364 0 164 0 6 10 0 29 126 0 0 37 0 0 9 0 782 0 0 0 0 0 828 0 379 0 0 0 0 0 0 0 0 0 1 0 66 115 47 0 0 0 0 40 0 316 0 0 0 0 0 0 34 16 0 0 0 0 0 837 277 214 0 0 0 25 23 3 0 0 0 38 0 32 0 0 0 0 27 0 101 104 0 0 13 0 0 0 0 0 0 103 5 820 13 1090 0 102 0 0 0 22 46 0 0 0
 0 0 0 0 0 0 2799 0 221 1261 0 0 2252 0 0 1 0 0 14 0 151 0 10 838 0 0 15 0 0 2 0 0 0 0 0 0 1192 0 0 1 5 0 215 0 62 0 0 278 0 33 2 0 0 0 182 0 0 8767 0 0 0 676 0 0 0 70 0 9 0 0 0 81 0 0 96 19 0 0 0 200 0 16 184 0 0 5 0 51 379 248 0 0 42 22 0 728 0 0 157 0 0 0 0 0 8 3 0 0 343 31 0 0 0 0 0 0 9 0 271 4 0 1762 0 0 0 0 67 0 0 0 0 448 8 36 0 0 255 0 0 0 570 0 0 0 0 0 0 0 461 16
 0 0 0 0 0 0 35 87 0 0 0 0 0 13 0 0 0 0 0 33 0 0 6 0 0 245 0 0 0 0 19 0 0 0 0 0 0 0 0 521 6 391 0 0 0 0 56 101 0 3327 0 0 25 0 847 0 15 0 0 1 30 0 0 0 0 0 2 0 15 0 0 0 0 0 0 0 0 2600 83 0 91 373 16 229 0 0 180 0 67 0 0 0 0 2 683 0 0 0 4 15 38 5 0 0 2 0 0 0 9 1 0 0 619 0 61 0 0 33 0 74 1315 0 20 0 0 0 97 0 0 56 0 0 0 632 79 0 193 2 0 0 0 6 2748 0 0 0 6632 0 0 0
 180 0 4 0 0 1176 0 56 0 99 1463 0 110 0 5 0 0 21 0 0 54 0 227 0 41 0 0 0 34 0 0 0 60104 0 0 0 5 0 4260 0 0 0 128 1935 0 0 0 156 0 2 0 0 1 24 1150 611 0 0 16 0 0 0 0 297 373 5 0 24 4 0 0 95 4 305 120 30 0 0 487 57 0 0 0 0 0 0 44 4 0 0 6 113 2 425 0 0 0 681 0 217 0 0 0 0 33 318 3 0 0 0 0 173 12 0 0 0 46 0 12 33 0 229 0 0 0 0 0 0 246 0 6 63 0 0 17 6 0 0 0 11 0 0 0 58 0 0 0 193 29 6
 146 107 1 0 0 131 0 41 0 0 0 0 0 31 11949 14 0 0 0 0 2 0 2953 0 0 0 0 0 0 0 0 0 215 313 0 39 0 0 0 33 177 0 0 0 0 22 26 1268 0 0 0 0 94 0 0 0 0 19 767 0 0 68 0 0 0 35 36 0 9 0 1 0 1 15 0 0 31 38 0 62 0 217 0 318 0 6 0 1 0 0 28 9 0 271 431 129 16 25 0 0 10 988 102 0 0 0 0 0 0 0 0 2 0 0 0 0 0 0 0 0 0 0 0 0 0 0 0 0 0 2 0 0 1 0 0 0 6 0 0 86 2 0 166 299 0 0 23 0 0 0
 0 321 13 5 12 0 32 0 51 1 0 0 0 0 0 3 3 65 3 0 0 4 0 61 6 38 0 0 0 0 0 47 0 0 484 0 0 5 175 0 8 0 86 0 0 0 0 0 0 0 0 139 1069 1 0 28 0 62 2212 0 0 0 511 0 4 0 36 0 10 0 147 0 20 4070 4 0 95 0 74 1 0 0 0 0 0 0 3 56 0 0 0 0 1261 0 194 0 9 0 0 0 446 0 0 22 0 0 0 0 61 0 175 0 683 0 0 6 0 0 0 0 0 1 0 0 144 103 1263 0 0 480 0 0 2 0 0 0 0 0 0 0 3 0 0 95 104 42 0 0 0 0
 0 0 0 0 0 3 1 0 0 2 10 0 0 0 7096 0 0 0 0 0 0 0 0 21 0 4 0 0 5 0 0 55 0 39 0 2706 0 0 684 0 0 0 0 0 9 0 268 234 0 0 62 0 6 254 0 5 6 0 0 0 0 0 10 20 0 0 9 0 7 1242 0 58 8 0 93 0 0 10 0 0 149 0 97 676 0 0 0 0 91 0 0 0 0 0 0 2 0 28 147 0 68 72 4 0 379 0 9 0 0 0 0 3362 61 1 16 51 0 0 31 0 0 7354 0 870 2117 0 43 36 0 0 420 609 0 11 0 0 1192 18 0 522 244 0 184 0 0 119 0 0 0 273
 0 0 0 34 0 0 0 135 0 427 368 1 0 51 22 34 0 0 58 0 0 0 5 0 379 1523 0 71 0 0 0 0 139 4 0 5 12 0 0 133 13 0 0 0 0 540 0 0 0 0 0 0 42 0 0 0 4 38 0 0 0 0 0 7 0 130 43 0 0 0 285 2 0 0 0 8 0 0 17 0 3 0 186 304 5 0 676 8 239 0 0 0 0 0 0 0 2 20 30 4738 0 2 28 10 0 550 0 0 114 0 0 2486 3 2 0 0 0 0 167 0 1 0 0 0 0 37 6 0 5 1123 144 8 0 0 11 0 3363 35 0 0 0 3 0 38 757 0 2 0 0 0
 0 92 42 172 0 14 13 53 9 190 0 46 0 104 0 1934 511 3 0 0 0 0 0 0 28 0 0 0 0 9 0 0 31 1531 0 0 0 1 174 7 4734 0 72 0 0 565 0 0 0 0 0 0 45 0 0 0 0 400 0 37 0 0 0 0 0 0 0 11973 0 7 0 0 0 200 1255 0 0 0 10 0 61 10 0 254 429 0 0 0 0 0 0 0 0 0 3545 112 6 1 0 4 0 174 0 0 0 0 17 0 0 0 0 0 0 855 237 12 0 0 0 0 0 239 6 0 0 0 11 0 2 0 0 1262 0 0 0 0 9 0 0 57 42 14 256 0 0 0 0 0 0 0
 0 0 0 47 0 0 0 0 136 0 0 0 0 0 0 0 0 0 15 18 0 0 0 0 0 0 0 2781 0 0 0 708 246 1 0 0 0 1 0 7 14 0 562 0 170 33 6 0 7 0 0 0 0 27 11 0 4 0 0 28 0 137 1 17 16 0 0 0 30 0 0 0 0 0 5 0 0 147 0 17 0 0 0 49 0 165 183 148 0 0 0 0 0 36 0 0 0 0 39 0 102 4629 0 0 0 33 6 165 16 0 0 808 152 430 0 0 0 0 0 0 120 0 0 0 9 0 3 0 0 0 98 11 8416 1808 0 0 21 42 0 12 5 1 36 452 0 0 656 0 246 0
 0 0 0 45 7 0 0 0 0 3 0 6 2 0 0 0 0 0 380 86 0 0 4598 10 0 0 0 0 18 0 11 0 34 0 0 65 0 0 0 12 121 115 0 0 164 0 0 0 0 0 16 0 0 0 100 0 0 0 0 0 0 0 0 0 50 0 0 1935 0 0 0 0 0 0 3 0 0 7 0 0 0 4 0 0 0 0 0 0 114 0 8216 22 0 4 0 0 0 0 0 75 0 49 0 161 0 0 0 0 31 0 0 0 0 59 0 113 0 8443 0 0 10 0 5 0 0 1614 0 70 0 0 0 0 0 0 0 9 7 0 0 0 1 2953 0 26 0 0 0 0 0 0
 2 0 0 0 139 0 13 846 0 0 0 0 0 0 4 0 0 0 0 104 1 6 0 0 8 0 214 0 203 0 2 0 1 27 11 0 3 251 10 0 0 0 8 452 0 2 9 0 237 0 0 714 0 5 8 0 364 0 0 0 0 0 919 0 26 46 0 14 169 0 26 0 299 0 0 0 0 0 0 70 0 1 0 0 0 0 0 0 12 0 0 0 0 161 0 24 104 206 0 0 31 5 5 0 0 0 29 0 0 437 0 43 24 13 0 0 33 1 988 0 83 0 757 0 149 194 202 6 134 0 157 710 0 17 0 0 0 4 0 0 0 0 0 0 0 188 43 203 0 683
 0 0 0 0 480 69 0 0 0 12 0 1 0 30 0 1 0 162 23 0 1 683 0 0 3 658 2 14 127 0 0 109 67 1802 8 0 12 0 0 0 0 2314 69 47 0 77 0 0 0 82 0 0 0 0 4 0 0 820 2282 0 0 0 0 51 0 5 0 0 0 28 0 0 49 60105 0 0 42 0 0 21 0 40 0 0 60 0 0 0 11 0 0 0 751 28 0 0 10 0 0 0 0 0 0 89 0 0 0 0 0 134 0 0 0 0 0 18 0 0 0 0 31 0 0 11 111 10 0 0 0 0 49 0 0 0 0 0 0 0 0 1 95 3 33 49 0 0 0 0 0 0
 38 0 43 0 0 23 0 0 0 198 0 2027 0 0 6 0 0 89 307 0 2 0 0 2 0 14 0 124 142 0 422 45 0 0 0 0 0 0 0 0 0 0 649 0 0 0 14 0 0 0 0 0 0 0 23 0 0 0 0 59 0 2 14 0 0 0 0 0 0 0 46 108 1 0 0 246 619 0 9 0 45 0 108 4 0 0 0 12 4 447 2953 0 0 0 0 0 0 0 0 0 719 0 4 0 0 0 0 0 0 0 0 0 0 0 0 0 37 0 0 0 0 0 0 0 67 39 0 250 0 0 0 0 0 26 2 0 11 0 6 0 0 2110 0 0 0 0 0 0 0 1
 255 0 227 1 0 372 23 0 0 68 19 6 0 1263 1 0 0 65 0 0 15 2425 0 0 0 254 0 0 112 0 0 0 0 0 0 242 0 0 2 0 0 0 0 0 0 0 2 0 0 0 0 173 491 70 5 2 0 0 0 0 0 0 19 0 0 1 0 0 0 6 0 626 0 156 436 0 6 0 3 1605 0 0 10 56 0 0 0 0 55 0 0 0 0 0 271 2313 0 0 0 0 16 325 0 0 84 0 1 2 0 0 98 6 38 0 0 0 8 0 0 12 185 0 0 0 0 0 13 0 97 2737 4 0 0 0 0 20 0 40 47 0 46 0 20 0 0 155 0 51 0 0
 0 4 0 0 0 3 236 0 0 0 0 0 0 0 0 0 0 0 0 30 0 8406 0 0 0 0 598 0 0 506 17 478 2 50 0 0 0 0 372 0 0 391 145 150 27 0 0 12 144 10 0 0 0 0 4 0 96 0 23 0 30 16 0 165 0 0 0 0 0 0 0 0 0 0 0 0 0 0 0 75 0 10 0 0 3 0 0 0 0 2 68 57 0 0 0 0 2 168 428 751 125 120 32 0 0 1804 0 0 2 3 3 0 0 86 0 0 0 6 0 5322 0 0 0 0 0 0 0 2 170 0 0 0 56 0 0 0 0 0 69 1174 26 11940 1 0 0 0 14 144 0 0
 0 0 20 1 169 0 0 0 31 0 0 38 65 0 0 0 0 10 10 273 54 179 2 0 116 0 566 0 0 6 168 0 0 0 0 0 0 0 0 0 0 0 11 0 0 0 0 0 0 14 51 0 0 0 0 3 6 3942 6 0 45 0 0 0 1 0 0 0 0 0 0 6 1270 8 6 0 144 0 0 0 0 0 1315 0 26 0 0 0 0 112 28 0 0 0 9 0 14 0 32 124 89 158 33 0 34 0 0 0 0 6 44 244 23 0 0 0 0 0 0 0 0 0 169 0 0 0 24 2 0 0 0 2781 8 0 0 0 0 0 0 11 0 0 0 0 0 0 76 0 2 47
 0 311 0 0 234 0 0 0 0 8209 0 5 0 0 130 31 0 0 0 0 0 38 0 0 0 38 0 40 23 0 0 0 49 0 0 8 0 0 0 14 20 0 1125 0 38 0 3 8 0 0 9 1672 251 0 57 10 0 0 0 0 820 0 0 0 0 18 0 0 2613 2 337 0 0 2 55 12 78 0 0 0 35 0 39 4 0 0 0 2 0 3 0 20 33 62 28 0 16 0 48 0 0 26 12 3 0 0 0 0 0 0 67 120 0 1913 0 147 836 73 0 0 0 1 0 45 0 26 55 0 0 0 23 0 77 0 0 0 40 0 7 0 0 2 0 122 0 0 4196 0 6 0
 0 0 149 0 0 94 0 0 100 0 0 3 186 0 0 25 0 22 0 0 0 0 4598 0 0 106 8 0 11247 0 93 0 0 0 0 0 0 0 0 2254 40 0 0 0 563 0 0 0 510 0 0 14 0 0 2 0 127 0 0 0 3 0 95 0 0 0 0 0 0 0 26 29 491 341 0 0 0 0 214 0 10 0 51 0 0 64 0 128 0 130 1614 0 0 0 0 17 0 0 0 0 89 0 0 0 23 34 0 0 0 0 0 0 0 0 0 0 0 477 0 737 0 0 0 31 0 287 0 0 0 0 0 0 161 0 0 0 75 0 0 0 0 3324 0 1517 0 0 0 0 0 0
 10 0 0 77 0 20 0 5 5 0 2 8 141 0 0 239 25 0 0 0 16 0 39 1 79 0 0 0 0 0 0 0 0 0 0 0 0 246 51 0 7 0 0 0 39 2781 0 0 0 0 0 0 209 0 80 862 0 0 0 0 0 6529 106 0 2 51 521 0 1614 15 0 0 0 14 7 0 6 0 7 3 0 0 0 0 1270 0 182 0 0 0 11 0 57 102 2 0 15 24 862 619 1 0 1 0 0 0 0 0 0 0 1370 0 0 4201 272 0 228 0 0 165 0 14 0 70 0 0 0 0 0 0 2 0 0 0 0 34 996 594 0 0 0 2153 0 527 0 0 3253 0 0 0
 0 0 7488 74 6 0 0 0 8 0 0 7084 61 0 0 1 0 0 297 0 6 0 0 12 0 0 0 7 510 0 0 6246 0 0 67 26 56 157 15 55 174 0 720 15 57 95 0 0 119 0 1614 0 0 0 0 0 0 0 0 21 0 1 1 0 0 0 0 1 155 6 1871 0 0 260 0 181 0 0 0 0 0 0 854 0 0 0 50 0 679 0 0 47 10 133 0 46 0 0 0 2 0 0 0 0 0 0 0 32 10 0 0 56 0 101 6 0 0 313 11 0 372 13 0 0 127 0 0 3 0 0 0 0 0 271 0 1 197 689 0 0 0 0 0 0 0 93 12 0 0 0
 0 0 2 323 0 0 0 0 2737 0 0 0 0 78 0 7 9 56 0 0 0 0 1 0 0 1070 0 0 7 93 0 0 0 0 316 181 996 0 34 0 0 26 0 0 0 0 0 0 0 101 32 0 0 0 163 0 0 2255 0 1404 0 0 0 0 0 0 0 534 0 1606 0 26 39 0 0 221 0 0 4 0 0 0 0 505 10 95 0 0 0 0 0 0 159 0 0 289 14 0 596 0 143 0 0 0 0 0 0 530 5 9 0 1261 25 0 0 15 0 0 1 26 0 166 140 0 0 3 0 0 0 0 65 0 1 203 140 168 0 0 53 2 0 0 41 0 0 0 367 0 5 764
 0 0 43 0 0 0 0 7 0 2 25 0 218 0 0 0 352 710 7 21 0 101 0 5 11 1 866 26 9 2 0 124 385 0 3 0 0 0 0 0 30 1111 0 0 0 874 0 14 0 0 0 0 157 0 2 4 3 2 0 0 0 4 0 0 1 0 649 0 0 0 676 0 0 0 0 0 0 0 0 9 0 0 0 0 0 0 0 0 0 0 0 39 116 1871 0 0 2458 0 0 1 0 0 0 5 6 0 19 0 0 2 0 0 133 0 0 2252 60 0 1 0 0 86 0 936 0 14 0 0 20 0 0 0 0 0 0 0 0 0 0 0 0 0 97 0 1 0 0 600 0 0
 0 0 0 1 414 0 168 0 0 26 0 0 0 377 0 0 0 0 26 13 0 0 16 0 0 0 0 113 53 0 0 1 0 0 0 0 0 136 0 61 2781 484 112 1261 0 0 2 0 0 83 0 0 0 0 0 0 318 0 0 0 50 0 5 26 0 0 148 4 0 0 0 0 73 70 1 0 0 0 0 0 5 236 0 571 0 68 5 0 0 34 0 379 0 15 0 188 213 0 0 0 0 191 0 0 0 0 0 324 0 0 0 5 226 4 56 0 274 0 0 0 183 3 22 0 0 0 0 3265 242 0 0 6415 19 0 5 0 2946 0 0 135 4 0 0 515 5 0 0 46 34 15
 0 0 0 161 0 37 0 0 0 166 0 128 0 7094 0 140 35 196 0 2 0 0 0 2255 3362 6 0 0 0 2 0 6 0 0 0 0 3 0 0 0 0 0 0 0 0 2 0 0 0 0 0 6 34 0 0 0 0 35 43 0 122 0 12 0 0 0 22 765 2 36669 0 4 0 0 0 0 0 77 0 0 0 177 0 708 0 0 0 36 0 0 0 0 44 0 0 28 0 0 20 4 3 0 0 0 0 322 0 794 0 34 30 0 812 0 0 28 0 151 4 16 49 0 102 0 0 24 12 0 0 0 415 0 0 45 0 0 0 0 7 0 3 0 2 0 0 3183 16 214 0 0
 0 0 0 0 201 0 0 0 0 0 8 0 0 1125 0 757 36433 1456 238 8 0 0 11 6 5 0 0 43 17 0 0 710 28 0 0 2613 0 6 0 0 0 0 0 47 24 4 0 0 2 0 0 0 0 1 9 0 0 0 0 0 0 0 138 0 0 0 246 8 0 29 0 2 1 4 0 0 708 70 0 0 522 0 0 0 17 0 122 0 0 0 0 0 0 0 56 0 6 103 1268 0 57 0 0 193 0 0 0 0 0 2 0 0 0 50 391 0 18 3942 0 0 206 1090 2 0 0 0 126 0 0 321 0 20 0 96 0 0 5 0 70 43 0 0 60 0 38 39 2 0 0 0
 0 104 508 0 0 9 0 0 44 34 6417 0 393 379 0 0 8 0 0 0 0 122 69 0 0 21 0 0 325 0 43 0 0 0 0 0 0 30 0 3 0 0 11251 11 7 64 177 2 0 0 77 0 7 0 26 0 0 0 10 36 2 0 0 8416 0 65 0 0 0 133 7 0 0 101 0 0 0 0 5476 0 0 200 0 0 0 0 1008 0 0 0 23 302 0 0 0 0 0 0 0 0 617 9 0 1069 0 0 0 0 0 0 0 0 1261 3789 829 26 0 0 0 0 0 22 0 4 17 17 0 11 259 23 35 0 265 0 0 0 7 0 0 8 1605 0 0 0 22 0 0 8 0 617
 0 0 0 0 234 0 166 0 0 0 637 259 165 452 0 1 0 0 0 8 0 0 0 0 0 179 0 1 0 0 146 0 0 114 0 0 0 20 0 13 122 34 0 364 1 0 0 0 274 0 0 0 65 1272 6 0 33 0 0 39 0 253 0 99 4 0 36667 0 0 0 0 0 240 0 0 95 0 6 0 271 76 0 0 0 0 0 2 0 12 0 15 0 0 0 0 0 7 2 0 0 0 1 0 0 0 1 5 0 5 0 0 333 0 0 0 0 0 2 0 11 16 0 11236 6 0 3 89 0 0 66 0 0 0 0 0 0 0 0 0 3 0 11 0 319 0 12 0 30 0 0
 0 58 0 0 0 156 0 22 0 907 54 1513 351 0 186 0 0 0 0 0 218 0 0 0 29 0 0 13 0 0 0 13 4 0 764 0 113 9 12 0 0 0 29 55 0 80 20 0 0 0 0 403 0 33 0 0 0 0 0 0 0 340 0 1 203 0 54 0 0 0 230 0 0 19 0 0 0 994 121 710 63 1728 0 66 0 0 151 2 0 213 160 483 0 777 0 0 0 0 13 17 7 0 0 0 0 0 0 46 632 199 0 0 0 0 762 16 0 2941 0 0 38 0 0 0 0 0 0 0 0 14 0 0 0 72 385 4598 0 0 0 0 0 28 0 0 0 0 0 0 27 0
 86 0 0 0 0 0 0 9 0 0 0 0 4 0 35 0 1263 0 0 0 0 6 0 0 3 81 0 0 7 0 0 0 34 34 0 0 17 664 0 121 7 3347 11 0 4 202 0 0 0 0 103 2 0 3 0 1262 0 0 0 1091 0 0 0 0 0 0 0 0 3 0 0 0 0 0 0 36 17 0 0 6 33 243 69 0 0 0 0 10 0 98 0 0 0 106 2 0 0 0 534 67 0 0 0 0 0 1832 0 0 0 0 85 0 0 0 0 0 104 1 0 305 0 0 19 0 0 0 244 0 2 114 0 0 0 0 9 0 0 97 1568 0 3 0 0 0 0 0 0 0 0 0
 0 0 0 5 20 0 0 0 11 0 0 775 0 4 0 8 14 565 194 0 599 0 0 969 0 0 74 837 0 0 70 0 0 0 12 0 0 0 4742 0 34 0 0 0 1 0 0 0 4 0 0 570 0 0 0 0 0 528 0 376 0 0 1 0 1263 157 0 0 6 1370 13 2 77 0 5 0 0 206 0 0 1 0 1263 0 0 0 523 0 1094 16 6 0 0 0 1 0 8 0 145 2255 0 39 230 0 0 0 0 0 2 218 47 0 4 65 0 0 0 3925 0 0 0 936 168 19 929 0 0 0 0 122 0 4 7 0 0 92 0 0 0 0 0 0 0 619 0 0 886 0 0 22
 0 0 0 30 0 1 218 0 0 0 0 4 0 0 128 0 76 0 0 0 0 0 90 29 0 0 68 0 17 411 0 0 0 0 0 2 0 0 0 0 112 0 2 0 0 0 7 0 0 75 128 0 68 0 9 4 0 0 571 0 206 0 64 0 0 0 0 1826 76 7 0 0 901 0 631 135 0 51 0 0 0 8 11 0 0 28 0 0 190 0 274 0 0 0 23 0 0 371 0 0 0 1255 0 805 0 969 10 0 0 0 0 0 0 0 9 0 0 2 0 0 0 0 0 172 0 0 0 47 8 320 0 0 0 0 0 0 3363 0 0 0 0 0 0 0 0 0 0 1 168 0
 0 0 0 2 0 0 0 0 0 1605 151 36 0 0 1 416 0 1 0 0 0 9 0 101 0 0 15 0 46 0 0 0 0 0 70 12 0 386 0 2732 0 0 254 0 64 167 0 0 0 0 0 8216 478 11 290 0 0 0 0 2 0 0 2 0 40 8443 1 144 3 0 1 0 6 0 0 0 28 4 0 0 0 0 5 0 0 123 33 0 0 0 25 0 4 0 0 50 83 49 2 0 0 0 210 58 0 0 0 0 0 2 10 0 0 0 0 0 157 0 13 0 0 0 0 130 0 0 677 0 7 7 1104 0 2 0 0 0 0 0 31 710 0 2 2 21 11 0 0 2 0 10
 0 0 0 95 2 0 0 0 0 0 0 4 0 0 392 143 57 0 9 0 0 0 0 0 0 0 11251 837 446 5 1 0 1668 0 15 22 10 777 0 0 0 0 0 0 2 148 0 1090 0 0 0 34 0 0 0 174 0 681 0 0 57 4 55 48 5 0 33 213 0 0 0 0 0 0 0 0 0 0 0 0 0 0 0 862 0 0 559 30 0 0 0 362 0 0 0 0 0 0 118 168 23 0 0 0 0 0 0 0 0 0 0 0 179 254 116 0 0 0 13 0 0 0 0 48 0 0 0 0 14 0 0 0 7 0 0 3421 0 0 0 0 0 4639 0 0 4 0 0 0 0 122
 0 0 0 0 0 8 0 0 0 0 362 161 677 0 0 0 3 0 486 0 0 0 0 0 0 0 138 10 0 15 0 0 0 0 0 0 26 0 1504 0 0 0 0 0 0 0 0 0 856 0 0 0 0 108 68 0 0 0 0 4 109 15 0 0 38 0 0 572 390 6610 0 5 0 2 885 96 155 1901 0 234 34 0 0 0 4 0 0 0 0 0 0 0 0 6 156 0 2 3263 0 3 0 133 0 1871 1 0 413 0 0 0 0 0 51 0 14 4 0 0 0 5 56 0 0 0 0 364 0 0 9 61 0 14 8 0 84 6 0 0 148 0 30 0 0 0 0 0 34 94 0 0
 0 0 6 12 0 0 0 0 31 0 0 74 0 0 0 151 0 0 0 0 0 0 0 565 183 0 4584 0 2 2 6 0 0 2 0 0 0 0 193 2 0 0 2 1 0 0 1902 0 0 0 17 0 0 0 37 0 0 26 0 0 0 342 27 0 0 0 0 1388 571 4 31 0 0 0 0 476 30 0 0 61 0 0 0 0 0 0 3 0 0 0 29 42 0 0 42 0 565 0 26 0 0 0 0 252 0 5 0 17 511 34 1 0 0 0 0 0 3 0 0 2 88 0 2 0 0 0 0 9 8 0 0 0 0 1614 2 848 0 0 0 0 0 136 219 820 350 0 1176 2 0 0
 170 26 0 0 0 0 0 26 0 0 1081 1 0 0 0 95 8 9 0 1 0 0 0 37 17 12 34 4 0 0 68 228 4 0 0 0 0 0 0 7 0 13 0 0 0 968 0 0 8767 403 0 0 0 14 0 25 114 0 4 6 19 0 0 291 127 0 0 0 35 0 156 0 0 0 0 0 2300 22 0 177 10 0 39 0 4 0 0 0 0 0 2 102 0 0 0 0 2 233 35 2 0 6930 0 0 2 0 0 164 0 96 0 12 0 2 0 2 0 0 0 0 88 2212 0 0 0 11 0 0 0 0 38 0 0 0 38 0 0 0 68 0 78 0 0 2 19 6 53 0 0 35
 0 14 41 0 3 0 538 0 0 0 0 0 0 0 0 0 6 0 0 0 0 0 5 0 0 1069 0 0 159 0 0 0 1 0 0 0 0 353 0 0 0 8 0 0 0 0 0 0 0 138 751 1 0 654 0 0 0 0 4 0 1 26 0 112 0 26 0 0 0 0 0 3 0 0 43 0 0 133 69 648 6 27 0 0 0 0 1176 0 0 0 0 0 119 169 0 0 17 61 7096 0 0 0 0 0 0 0 0 74 2 0 0 0 70 5 1 38 21 813 0 108 8 0 0 2 12 0 13 33 60105 0 126 28 221 0 68 0 0 2 53 0 95 0 0 26 14 3 8443 0 0 0
 0 0 909 0 12 0 70 4 0 299 0 84 0 0 0 0 0 0 0 0 4 7251 0 514 0 0 0 767 2 0 12 162 714 0 11 1 11 0 54 0 0 0 0 22 0 0 0 373 18 3265 0 0 2 0 66 912 0 0 0 225 0 0 0 0 0 57 807 0 0 14 5 0 0 0 0 0 0 0 27 27 0 0 4 0 8216 0 0 0 0 0 0 0 0 0 428 21 0 0 1 0 0 0 70 0 794 0 0 0 0 0 8 0 37 0 0 0 0 373 0 76 0 0 302 41 0 0 0 0 0 0 5315 237 147 0 0 0 55 0 0 0 0 0 2 0 0 0 969 0 37 0
 0 0 0 0 26 90 0 204 0 0 0 0 5 49 149 0 0 28 0 66 0 0 411 274 0 0 0 15 1 0 0 0 0 387 0 61 0 0 0 0 0 0 0 0 0 0 0 23 0 0 0 0 0 0 464 151 0 0 0 0 13 0 60 11 28 0 0 0 0 119 0 60 0 0 59 0 16 0 0 1869 0 32 93 0 0 0 0 391 0 26 0 4 0 29 0 47 0 0 60 0 0 133 0 2 0 0 6 0 5 0 0 0 8 169 164 0 47 218 0 0 0 0 0 0 0 0 1720 0 0 184 0 0 330 0 181 0 0 0 0 0 0 6 246 0 0 0 0 0 0 0
 0 20 0 764 0 993 41 0 0 19 0 0 0 16 74 13 0 655 0 0 2 0 49 0 0 0 0 0 0 225 15 0 0 2 68 0 0 0 118 0 7 3 0 0 12 4 0 13 2 2 0 0 0 820 114 27 0 58 28 0 0 4 13 0 0 0 3 13 1507 0 95 54 6 0 20 0 0 391 0 2300 0 11 0 400 0 0 0 3 122 7 0 0 0 0 1 6 0 7 1 0 0 0 67 0 0 10 0 0 0 0 0 0 975 11 1 0 69 0 0 0 0 5 0 10 65 0 0 0 2 0 0 86 0 0 4 0 0 21 0 0 164 0 371 75 0 0 0 0 0 0
 0 16 113 0 0 4 6 102 299 0 0 0 0 234 0 165 0 0 788 17 0 0 0 0 0 0 0 0 698 0 0 0 76 0 0 0 11 0 0 0 136 0 0 0 0 0 14 40 0 4 193 0 0 0 0 10 854 600 0 120 0 27 0 273 3 0 789 0 26 12 353 36 58 773 1 0 0 870 184 0 4 487 6 0 55 5 0 159 0 47 1807 0 0 0 2176 0 0 0 0 0 0 274 0 0 0 28 0 0 217 0 1 0 0 676 0 203 0 2 149 0 0 0 0 0 12 0 0 138 0 0 233 0 0 53 0 6 0 0 0 15 0 0 0 0 0 0 0 1370 0 86
 0 7 1500 0 0 0 0 0 18 10 0 3 0 77 0 432 0 0 3 3 794 1730 0 0 0 0 0 0 388 0 0 32 11 62 0 0 0 3942 0 62 97 39 2877 0 0 188 0 0 378 0 0 0 394 0 8 6 0 3 3 39 26 9 151 0 0 0 0 0 57 0 0 0 0 831 0 359 0 0 77 0 5 0 504 221 1 16 988 344 0 0 0 0 3 1931 0 3 0 0 0 0 0 0 0 0 0 12 2 0 0 0 0 108 5 0 1 0 0 0 0 0 0 5 989 89 0 77 381 0 49 0 0 0 0 0 0 0 0 0 1404 0 0 0 0 0 6 1 0 5 11 0
 22 0 0 0 0 0 2 0 0 0 0 0 540 2 0 0 0 133 0 0 0 56 19 0 0 0 0 0 11 0 8 0 0 0 2 0 71 12 64 0 0 0 0 0 0 0 11 0 0 0 0 0 3 0 7 277 0 0 16 34 0 0 0 0 0 82 24 0 0 2 5 264 0 0 43 63 0 0 3 0 231 186 0 0 0 0 0 3 0 0 76 0 6 60 24 8 8 0 0 0 297 45 0 0 0 0 2953 0 0 923 0 76 0 0 11251 0 12 0 0 0 20 0 44 0 0 0 0 0 0 0 0 0 119 1 0 0 0 0 7 0 1763 0 0 0 1 69 8 162 0 0
 14 2 0 0 0 0 391 0 33 53 0 0 0 347 0 0 0 0 2 1102 0 0 0 6 0 0 291 0 193 26 68 1094 1 0 0 14 2 23 0 233 0 0 0 0 0 0 0 0 0 2314 0 0 10 118 0 0 0 0 0 0 3 424 126 0 0 23 166 829 0 31 4 0 0 10 0 0 0 2476 0 19 0 0 270 227 0 7 0 0 0 0 0 0 6 5 0 668 0 4 51 268 0 0 0 0 1263 0 117 0 0 0 0 2 0 0 710 0 2 0 0 0 14 0 130 161 0 0 12 90 0 36 0 352 0 0 0 0 114 0 0 1 0 0 1763 657 0 0 63 0 0 90
 147 0 0 0 0 0 0 0 164 0 0 0 0 68 0 61 0 0 0 0 0 38 1 0 65 0 1 0 2 353 0 0 214 2 0 0 0 33 0 0 0 17 70 0 0 0 1 310 0 0 0 2 146 0 589 0 530 0 163 0 0 0 0 0 0 0 1008 0 0 138 118 3430 0 0 0 0 8 0 0 86 1 4 31 0 0 0 266 197 0 0 8 0 0 28 0 0 0 0 922 0 565 0 0 0 30 514 0 0 0 29 0 0 0 49 148 1 0 219 11251 181 190 385 8 0 0 34 0 0 0 0 0 0 3 0 0 0 0 29 2027 147 0 0 780 15 0 0 0 0 0 57
 254 0 0 0 0 0 0 0 0 2 0 0 988 0 0 11 36 0 31 0 11 153 0 158 0 0 10 0 0 0 76 0 23 0 15 862 0 0 0 0 0 1994 148 2 1763 28 0 0 0 0 0 2613 13 122 0 31 100 0 0 0 0 0 0 0 25 0 29 92 0 1 0 0 0 0 0 0 0 3 0 0 0 0 896 2 4 0 12 0 14394 0 0 0 0 0 0 0 0 2613 57 79 39 47 8 0 0 25 0 0 0 0 0 41 0 0 1018 0 12 385 0 0 0 0 7 0 0 0 0 334 3 2 11 0 0 0 0 30 563 0 0 0 0 0 0 0 211 0 0 0 0 0
 284 0 5 0 0 0 0 3 1059 540 0 0 73 0 0 42 0 62 0 0 102 6 10 0 0 0 164 0 10 0 0 0 0 0 556 0 0 0 617 0 0 0 4 0 0 146 40 0 0 6 143 18 83 0 0 7 122 0 26 0 0 0 1604 166 0 0 0 0 5 0 0 0 0 0 2 174 4527 0 586 0 0 255 9 0 14 11 7001 0 162 6 4 432 0 1081 514 4 0 0 0 0 2 0 1069 0 7 0 0 2746 0 26 689 0 0 0 0 0 86 0 0 95 0 0 0 0 0 15 0 0 0 0 0 0 598 9 26 0 0 0 2 0 0 36 0 0 0 305 829 0 4 0
 0 0 2 0 0 0 0 23 0 0 0 0 432 0 0 36669 14 0 7 0 0 73 0 0 135 0 575 0 0 0 0 565 31 0 0 0 0 408 0 0 2932 0 2 0 0 0 0 0 0 0 505 88 6 0 0 92 0 6 30 3 197 0 0 0 0 0 0 1 0 3 63 0 0 0 12 458 0 11 0 0 585 0 0 144 0 34 0 0 0 0 405 133 0 0 901 41 0 0 277 0 0 0 271 0 0 0 28 0 98 0 0 0 0 506 10 0 0 86 0 0 7 84 0 2 0 0 0 0 0 0 43 0 0 110 0 0 0 0 0 1069 3942 0 20 316 0 0 0 0 0 48
 0 432 0 0 42 0 14 0 0 7 0 0 0 0 3 0 1871 0 7 480 0 0 0 0 214 0 0 0 33 2 8 0 33 0 0 0 0 0 0 0 531 480 0 1 713 0 0 0 0 46 4 0 0 0 0 0 0 5 0 0 0 0 8767 0 0 59 0 0 0 19 0 129 0 0 1 0 7 412 0 521 0 0 1 0 2 0 0 0 0 0 152 0 9 1 484 0 0 1097 0 7370 0 402 18 22 1261 0 243 169 1267 0 0 2 0 0 6144 21 0 0 100 0 0 17 65 7 0 9 31 0 2255 0 0 0 5 25 0 0 0 0 0 0 305 0 589 0 0 19 0 0 14 0
 0 571 0 0 169 274 0 0 0 0 0 2 0 0 0 0 18 18 1 12 6 10 0 0 0 0 0 0 1 25 96 6 856 0 0 0 438 0 0 0 49 186 0 0 2 1 0 0 0 0 151 0 0 156 0 0 353 68 0 63 0 0 0 0 31 862 0 988 8767 0 0 0 5 0 0 0 144 1311 0 0 22 2768 0 4 0 0 4 0 216 0 25 0 0 0 0 0 9 0 27 11 2 449 0 210 0 0 4 0 0 0 1487 221 115 0 240 1 725 34 0 20 0 0 0 106 1 0 0 0 0 5 3 116 1 0 0 0 0 0 0 0 0 0 0 0 30 0 0 31 33 1094
 0 0 31 0 0 0 0 0 4 13 0 0 34 0 0 1 0 0 12 3 0 0 0 0 0 166 0 0 259 34 0 0 0 2 12 177 1 0 0 157 0 2 4 0 0 0 0 0 0 0 0 3 0 0 25 0 8 41 0 0 6 12 0 8 0 0 0 0 0 390 270 5 0 0 0 3 0 0 11 0 206 2255 0 0 0 0 0 0 0 3 62 0 0 157 57 969 0 0 3 2 2 74 0 297 0 0 0 0 8 0 0 0 2 0 1 0 4 1 0 0 321 6 0 13 0 0 0 0 450 0 231 1871 1397 0 3 13 0 119 2 0 351 0 416 13 0 0 4560 0 8 0
 0 0 76 0 0 5 7022 0 0 0 301 0 0 0 0 2 0 0 0 11251 140 0 227 1 0 0 2 0 4 27 0 0 0 536 194 0 0 0 0 0 0 32 0 3 0 0 74 294 0 0 4598 0 0 0 2953 0 0 0 0 0 0 0 0 0 26 0 0 0 0 0 1 0 182 2372 0 2781 0 18 0 0 0 0 7 631 0 0 0 0 77 236 103 2 0 0 0 0 0 0 0 313 2 4598 0 0 71 2 33 0 521 0 432 0 0 3 0 36 0 0 0 0 143 0 0 312 0 22 0 34 2255 0 86 96 0 39 26 0 239 0 0 0 1 197 0 0 79 0 0 92 16 0
 0 0 0 0 0 3 0 26 0 0 0 1 0 0 257 0 494 0 2 2 0 0 0 16 0 0 0 0 974 0 166 56 0 76 0 40 0 0 0 235 0 0 30 106 0 22 119 0 0 17 0 0 0 0 1 0 371 30 6618 0 34 5 6 0 763 0 1370 45 0 0 26 0 140 2118 0 0 0 0 0 0 0 0 0 0 0 239 0 0 0 187 0 7 258 0 39 0 0 336 0 0 0 0 0 122 19 0 46 0 0 11 565 22 0 0 33 0 0 107 0 0 0 0 0 0 0 0 0 794 3 0 6 0 61 0 0 0 0 151 0 0 4 0 3 422 1594 0 14 0 0 0
 0 841 0 0 0 57 7508 0 0 0 144 0 141 44 0 1 51 0 2 0 0 18 0 0 0 2 0 2 0 411 107 5 0 0 3 0 0 757 1053 2 0 12 0 153 2282 0 0 62 0 138 0 0 0 0 0 0 55 61 0 0 0 0 0 0 33 0 0 0 0 0 0 1091 0 0 0 1142 0 0 0 0 0 0 0 0 0 808 528 0 0 0 0 0 0 0 0 0 0 0 0 572 41 167 0 2 0 1001 0 0 26 26 0 0 0 0 0 0 2 0 0 136 0 6 0 0 3 2 0 3327 0 0 0 55 2 0 0 0 11 5 0 385 0 631 0 0 17 23 32 599 166 94
 0 19 53 148 2 409 0 0 8 1081 13 148 0 41 0 0 591 153 0 0 0 5 0 0 0 1 0 30 0 0 0 22 65 0 0 0 0 0 0 36 0 77 0 43 40 2415 0 0 0 0 0 0 0 0 0 2 93 4 0 0 0 10 2 0 0 3327 0 0 0 66 996 4 0 0 0 0 110 0 0 0 0 0 4 16 0 151 0 0 0 499 0 2208 0 0 0 0 0 122 0 31 270 0 0 33 12 0 0 0 0 0 0 14 0 0 0 0 0 61 0 0 440 8 0 0 0 0 0 0 0 397 0 0 1901 0 295 0 6 0 0 0 879 0 19 4 4 49 0 0 89 0
 0 0 0 33 29 10 0 0 14 0 564 0 1 0 806 195 86 0 0 0 12 259 0 63 0 1780 86 0 0 0 0 23 3 0 77 65 0 0 0 0 76 0 0 0 0 38 0 16 0 0 0 2 234 0 7 0 0 0 0 0 0 21 0 0 0 0 2 0 0 0 0 0 0 2737 41 31 0 0 0 62 620 5 1 0 0 6 16 0 18 0 0 0 659 43 0 0 0 3 0 0 48 0 0 0 0 42 0 151 0 0 0 2 12 0 0 0 0 480 0 0 0 0 0 0 0 0 190 0 0 17 0 0 0 0 221 0 3361 38 12 6631 30 253 128 0 0 0 0 3908 0 0
 0 23 244 0 0 0 23 1000 15 0 0 0 63 0 0 0 34 0 0 0 599 0 0 0 0 0 0 0 0 0 81 0 0 831 656 167 0 0 0 5 12 0 0 0 4 145 0 0 0 0 0 0 0 0 0 0 93 335 0 0 0 0 0 0 1 27 856 0 0 78 0 0 0 0 0 0 47 371 0 6 0 21 72 0 0 0 31 0 34 0 0 112 0 0 0 0 0 0 0 0 830 51 45 0 0 49 4332 0 0 0 48 0 0 0 0 90 1 0 0 0 126 0 16 0 0 0 0 10 0 0 6 0 0 0 5 0 25 0 0 0 15 0 2 101 717 2 0 47 0 0
 0 0 31 5 792 0 0 0 256 0 0 0 6 0 67 0 0 6 0 10 24 0 0 0 183 16 0 0 0 2 0 142 0 0 0 0 0 0 1417 0 0 0 51 521 0 36 74 165 0 14394 0 0 8 156 0 0 2 0 168 0 0 0 88 0 0 70 2458 0 33 37 24 0 46 50 0 18 0 4 270 65 0 0 0 0 0 5 0 9 32 0 0 0 0 0 0 0 0 10 0 3 0 0 0 26 0 2555 0 0 413 0 0 0 0 17 43 0 9 0 133 0 0 0 0 91 0 0 0 0 0 0 35 0 0 0 0 0 2 0 191 0 0 0 69 409 31 0 0 0 0 6
 0 0 16 187 174 0 0 0 0 0 0 0 241 0 21 11 0 0 0 0 0 0 56 0 0 0 6 1 0 10 139 0 84 2109 0 0 0 0 84 62 521 0 0 0 0 31 14 14 10 0 0 0 41 11 0 422 0 6 4 54 1456 0 53 45 0 0 0 50 714 0 0 222 120 0 0 0 0 136 0 0 25 0 44 0 6617 0 0 0 3 11 10 99 36 0 0 0 37 0 0 0 8 10 0 2 0 0 0 0 182 0 0 0 23 0 0 0 0 0 0 0 0 301 182 0 0 0 0 0 521 0 0 316 378 0 0 0 0 422 0 96 154 0 564 0 10 0 0 862 0 0
 0 0 0 0 0 4 0 0 0 4994 24 0 0 0 0 3 0 0 0 0 0 0 0 5 21 0 4 0 0 0 5 0 9 0 0 0 12 6 0 0 0 0 49 166 0 0 0 0 1704 805 0 11 3 147 0 0 47 0 0 0 0 0 0 0 59 0 0 0 398 0 76 5 132 3 19 23 10 0 0 0 0 5 0 0 0 1237 0 6 0 0 0 0 0 0 7 100 0 0 56 0 40 104 0 0 0 76 264 36 0 0 4 42 0 0 3 14394 0 0 2 31 0 29 404 13 0 0 0 0 0 0 34 7 0 0 128 0 480 0 0 44 0 0 0 0 56 34 0 0 0 0
 92 0 0 147 0 0 0 0 11 56 0 0 0 24 57 757 0 148 0 0 0 0 460 0 514 0 0 11 0 63 0 0 1 0 0 0 283 0 0 0 0 336 0 7 0 0 0 0 572 0 0 0 513 0 794 1756 510 0 0 0 2 0 0 0 23 8 156 0 0 0 2 0 179 0 0 0 0 25 0 0 0 0 0 0 0 0 0 0 0 0 0 2 6 90 237 0 0 66 0 90 0 0 0 0 0 0 0 7 74 0 62 31 0 0 0 0 6 0 0 0 0 0 4 0 0 0 5 0 0 1680 4 0 0 0 0 47 6 0 0 0 77 0 0 0 0 0 0 0 51 36
 0 0 0 0 2 0 37 1 0 0 225 11 0 34 0 0 0 0 225 0 0 6 0 0 510 0 0 259 0 17 9 0 0 177 0 0 164 0 0 0 125 0 0 0 75 126 0 0 1 6 0 814 0 0 54 0 167 0 0 0 0 0 13 4 2 0 0 34 0 0 113 0 0 57 0 0 73 0 0 0 31 6 0 0 43 0 0 0 0 114 6 0 0 0 0 21 0 0 0 0 0 0 0 23 0 129 0 0 0 0 55 7 0 0 66 0 2 0 11973 0 38 0 0 0 13 10 20 25 14 0 0 0 0 0 53 246 0 559 0 0 0 0 0 7 0 0 0 23 0 0
 0 0 0 1370 0 0 87 0 0 0 126 0 0 0 0 11 0 0 0 0 56 0 0 26 0 0 0 0 0 0 0 155 0 0 0 0 0 76 39 0 61 0 76 0 236 2 4 0 102 16 147 52 1 0 0 0 3 0 0 0 221 0 101 116 0 0 480 0 0 1135 26 0 0 18 63 104 0 0 0 0 0 0 14 0 0 0 0 0 458 0 0 0 45 0 1 0 33 56 0 0 0 0 13 831 0 0 0 0 231 0 0 0 0 0 0 0 0 18 0 0 0 0 11 14 0 112 0 0 0 0 7 115 0 0 1 0 0 0 135 0 0 0 0 0 0 0 43 10 164 0
 0 135 0 0 0 0 0 0 0 476 0 0 0 0 0 910 0 0 0 0 36 0 0 0 0 0 0 6246 38 80 0 0 0 153 0 45 0 23 18 8 0 714 6 252 0 0 0 28 0 0 2 0 12 0 0 1121 36 0 14 0 440 16 28 56 0 0 0 0 0 1602 0 0 0 0 0 0 94 22 609 0 26 0 0 0 0 0 2 2 0 0 20 13 0 0 0 0 0 0 0 2 4 2 0 0 0 0 130 0 0 0 0 0 0 0 0 0 0 552 3 0 0 0 0 189 0 0 0 0 0 36 0 0 0 0 74 2 0 0 0 0 0 2 0 0 0 0 31 316 0 0
 0 1871 4 0 77 0 0 66 484 0 4 0 0 19 0 131 127 0 119 96 0 0 0 4 0 0 11 0 0 0 0 0 26 0 0 0 0 15 0 0 1 0 0 0 0 0 0 8 11 0 0 1 0 0 0 0 0 0 391 0 0 387 0 0 0 0 0 0 0 0 1 649 0 0 0 38 0 0 48 0 0 44 0 14 305 0 13 0 0 0 0 0 0 0 1 0 0 0 0 2407 0 183 2 61 18 0 0 33 6 6 54 2 36 2 10 0 0 0 106 0 0 0 0 20 0 0 0 0 0 0 2 0 0 2 186 0 3363 6 0 0 0 0 0 0 0 0 34 0 26 0
 70 0 0 0 0 36 0 0 4 0 0 0 9 0 12 0 0 3 0 19 340 0 1 0 0 247 0 70 0 0 193 0 2 0 0 0 12 0 0 0 2 4 0 0 0 38 65 0 414 0 19 3942 7 51 0 1339 923 0 0 0 0 0 0 0 30 27 0 47 0 0 173 3 0 0 0 295 0 18 0 0 0 6 0 0 76 0 0 0 29 487 188 0 0 0 0 2314 0 0 870 0 0 0 36 4 0 0 0 504 6 0 1871 0 31 0 2 2 77 0 0 0 0 403 0 2 0 41 86 245 0 0 17 1 0 0 130 0 0 0 0 42 0 0 0 0 0 203 69 0 71 0
 0 0 0 645 0 157 7 68 420 0 0 51 54 5 0 0 324 504 92 0 0 0 100 25 0 2372 0 0 0 0 97 0 0 0 0 15 11 0 0 0 34 0 0 1807 0 0 0 0 0 405 0 0 16 0 1022 0 2 2314 0 29 0 0 0 32 0 0 0 0 0 165 35 0 0 112 6 6 38 6 0 1089 0 7 5 34 929 0 0 0 0 116 0 626 2953 0 0 25 5 0 173 0 0 0 0 0 0 0 0 0 0 0 7 5 4 0 0 0 102 0 0 0 0 495 0 38 0 0 26 0 1091 6 0 0 0 0 0 0 0 3 0 0 0 8 0 0 3 0 4 0 1 0
 18 0 0 0 0 14 84 0 0 5 0 0 0 193 495 97 0 9 11251 130 0 16 0 76 47 0 148 0 0 0 0 382 102 0 16 0 0 0 0 0 55 0 0 2 67 0 0 0 6 0 0 0 0 0 0 0 1 94 0 0 0 131 9 14 77 0 0 0 0 0 0 0 3 8 0 57 5099 0 0 0 29 0 0 0 0 0 0 31 0 16 2 21 0 1058 0 0 780 0 0 0 0 0 0 0 0 6 1 28 19 0 0 0 11 0 0 0 0 0 0 37 0 3 0 0 2 0 183 4 0 0 0 0 0 94 0 97 58 0 176 0 0 27 2 0 0 0 0 969 0 0
 0 0 0 11 0 4 0 0 0 0 2 0 0 51 0 12 0 4 14 0 0 1 0 186 0 3 0 0 0 20 0 51 0 0 0 0 50 0 344 0 0 0 0 0 61 195 9 2300 0 0 0 0 0 0 0 0 144 0 239 0 41 0 0 0 0 993 0 0 676 0 0 38 4 0 0 10 0 0 0 3 0 0 0 0 0 0 72 16 2 0 128 19 0 0 856 0 0 4 0 59 0 25 0 3 86 8 0 1934 3 0 15 0 0 0 0 0 809 0 0 0 0 0 335 0 0 0 48 0 0 6 20 0 0 0 18 0 14322 0 13 11 28 0 0 0 1724 63 205 0 15 0
 4 9 25 2 0 0 0 0 19 41 0 0 0 0 1299 0 33 0 7 0 2 0 0 0 0 0 0 42 36669 0 0 0 0 0 0 0 0 495 6496 11 160 0 0 0 10 26 0 481 3 139 0 0 0 22 450 60 12 11 30 0 2 90 9 0 0 69 414 0 4 0 0 1 0 0 3 0 1730 0 0 0 0 0 0 0 0 2 0 0 0 0 0 0 0 0 0 0 1 0 536 12 4 25 0 0 0 0 0 197 0 0 0 0 0 15 1008 0 0 0 0 0 0 0 12 0 0 0 0 0 0 6 304 0 0 147 0 7 30 0 73 0 32 0 0 0 20 0 26 0 4 0
 0 0 0 0 0 0 0 0 0 0 0 0 0 0 0 0 14 0 25 0 0 4 51 1456 58 3 1 5 0 0 0 0 0 0 168 0 0 866 26 0 3 424 0 122 0 4 0 0 0 0 0 5 0 2398 0 232 0 12 169 6 136 0 0 6995 690 0 0 0 0 0 0 0 0 0 856 700 12 0 0 0 0 0 16 31 486 0 0 10 0 0 0 15 480 0 0 117 0 212 0 929 4 0 0 0 0 0 6 299 0 22 0 0 8 0 305 4 0 0 4631 292 11 0 0 50 0 0 0 162 11 0 349 0 0 0 0 807 0 0 0 0 166 17 0 0 74 2 0 0 0 0
 0 30 15 0 0 0 0 0 136 0 0 710 0 0 0 258 17 1062 0 0 0 0 1 0 968 0 151 0 767 0 0 0 74 654 0 16 0 258 0 0 7 0 137 12 855 0 225 0 6 0 97 2 0 0 61 0 487 0 0 0 5 0 1 0 138 38 0 0 740 0 1 15 486 0 2317 0 0 83 8 0 2 0 9 0 0 0 0 0 0 333 0 0 0 10799 0 0 0 110 0 15 0 0 0 47 13 0 0 0 4 22 0 0 0 0 0 33 0 0 67 0 0 0 60 137 8 0 0 0 9 2479 120 0 157 0 0 0 0 0 29 16 5 227 2245 2 0 0 559 420 0 0
 0 0 169 0 161 60 4 349 0 0 0 6 237 0 0 75 2 0 0 1 0 0 4 9 37 0 13 405 172 0 0 2 428 0 0 734 220 0 26 1 0 0 0 217 0 4565 0 7 159 22 4 20 403 72 0 0 0 28 5 0 0 0 0 29 0 0 0 0 0 0 4 0 0 0 0 0 2 103 0 3 0 0 0 0 65 0 21 0 14 0 0 0 0 157 0 0 0 0 0 0 0 0 20 0 0 142 6982 0 0 28 0 0 4 0 8 0 0 129 0 0 101 0 3 1081 0 0 0 183 16 33 49 0 0 0 0 0 0 0 0 0 0 0 90 0 8 0 5 0 0 403
 0 1 0 1026 0 0 0 0 0 665 0 0 0 0 0 0 0 73 0 246 0 0 0 0 70 54 0 0 0 1 0 33 1 0 0 0 2 0 177 0 0 1 0 0 26 0 45 0 36 143 0 0 2 53 136 0 0 0 86 57 0 2 0 111 0 0 0 1809 0 38 0 0 649 26 0 62 0 0 0 751 0 0 16 245 157 0 55 26 0 0 95 0 0 0 764 316 4567 0 14 0 25 0 0 10 0 0 0 217 0 0 0 432 0 0 8 0 0 0 0 0 0 0 131 17 9 177 0 0 0 2254 60 42 208 0 0 0 0 0 0 0 0 0 0 0 0 0 159 0 0 0
 0 0 14 23 177 1 0 1 0 0 25 128 0 0 28 23 0 234 2 0 53 0 0 0 88 0 0 0 0 0 0 0 0 62 0 0 0 16 4 2371 0 34 54 0 0 0 0 0 183 0 59 0 11971 155 0 10 0 0 0 0 886 0 0 0 13 0 1 51 0 3 1 0 0 0 0 328 0 0 0 0 1931 0 0 2 66 25 3 259 0 0 8 0 174 104 0 525 0 0 0 14 121 6 0 0 0 0 0 0 0 0 30 3279 0 0 0 0 0 0 25 100 4 1755 0 0 1 0 72 127 0 0 0 0 0 0 0 110 41 0 41 0 0 3144 0 0 218 0 0 1 68 0
 0 31 336 0 0 0 0 0 0 0 0 0 0 69 40 70 0 487 28 58 33 87 0 207 33 1 0 0 0 0 0 1 0 0 0 1 0 0 0 0 0 0 0 0 131 0 0 218 2 0 6 0 0 0 0 0 0 18 0 50 0 619 42 0 0 5 0 0 0 0 0 0 0 9 0 131 28 787 0 0 0 0 161 3 6 144 0 0 0 0 57 7 0 1 0 0 0 57 725 0 0 0 2 2 0 0 0 0 0 216 35 15 19 0 21 0 91 0 6 0 0 0 0 79 118 0 626 0 0 0 0 0 649 8 5 859 0 0 10 0 0 129 0 0 11 0 0 0 0 0
 0 0 57 0 0 0 0 101 40 0 189 0 3 0 0 0 0 0 0 0 19 0 10 157 0 0 0 0 11225 0 0 0 25 0 0 0 11 0 0 0 0 14 0 0 0 0 38 0 1397 0 0 79 0 3 2 0 1 174 0 16 26 0 7 0 0 0 0 0 0 0 0 14 38 114 0 0 0 0 87 3 0 33 0 376 0 3 0 0 0 0 35 14 0 0 0 0 0 239 0 0 0 66 0 0 0 302 0 2 162 0 0 0 0 144 0 0 0 0 0 0 14 2458 0 0 351 0 0 0 0 0 0 0 15 0 0 0 385 0 0 0 1 160 259 159 103 7096 0 4 8416 0
 0 0 0 0 0 0 1797 0 47 22 0 0 96 0 60 0 0 0 5 0 0 44 3 0 0 0 0 0 0 0 0 414 886 0 1 26 0 0 0 89 26 0 14 129 0 5 0 35 1 0 54 0 0 19 0 0 0 0 4 0 0 1 0 155 0 0 0 0 0 0 0 0 0 0 0 114 0 66 591 0 0 93 0 480 0 0 0 0 0 0 0 0 0 0 157 0 1 51 1 0 0 0 225 0 0 0 31 0 141 72 540 0 0 0 0 106 0 0 0 70 0 0 0 1270 0 0 0 199 0 0 805 0 0 0 12 0 0 0 0 10 14 0 0 0 6 530 12 385 0 0
 0 8 0 0 0 6 0 332 0 95 36667 856 1 228 51 0 0 0 0 0 0 0 92 3 0 0 0 0 0 38 0 0 0 0 2 2 0 10 27 258 676 0 0 3 0 11 232 119 93 70 0 9 0 0 0 0 0 48 2 12 0 0 0 0 0 0 0 5 0 0 0 0 0 204 0 0 0 0 136 0 60 0 0 0 0 10 0 0 0 327 6 6528 0 0 0 0 0 8 0 353 74 246 0 0 0 0 0 0 0 0 0 0 0 0 219 0 0 0 0 0 0 4 0 0 500 295 1 0 0 0 0 320 0 0 0 0 3 0 49 0 243 0 0 0 0 401 0 0 0 487
 0 0 0 0 0 0 964 0 0 0 0 0 74 0 0 0 0 0 0 0 0 9 21 5 8 67 0 0 0 49 0 0 0 0 23 1 0 0 45 0 0 0 0 0 0 0 1043 1043 6 0 0 6 3 0 0 0 0 0 4 844 0 0 193 6 0 0 0 1 158 0 0 0 9 11 0 1286 0 0 751 0 1249 0 0 5 0 0 0 35 870 2255 0 0 128 132 0 0 10 0 0 0 28 42 0 4 250 0 0 26 8 0 26 0 0 0 0 31 0 0 0 0 0 0 483 0 14 564 0 0 7 0 7 8 808 26 0 0 39 23 14 0 14 0 0 73 0 0 0 72 218 0
 514 0 0 0 0 20 11653 3 0 32 0 0 0 0 13 94 17 101 11 0 2 0 0 0 0 0 0 0 0 0 3 0 0 0 0 0 3 0 9 0 0 0 0 0 0 43 0 402 0 0 0 0 969 0 0 0 0 0 37 0 5 0 0 322 49 0 0 15 0 0 0 0 0 4 0 0 41 119 0 745 0 7 55 112 8 9 0 11 35 0 82 0 0 0 1 8 0 0 0 0 161 0 8 0 114 0 0 0 6 1 0 9 708 0 1 0 4 0 0 0 0 17 13 0 0 0 0 0 1053 0 0 19 0 1763 0 14 0 0 301 0 0 299 90 0 0 3 0 0 0 0
 47 100 0 170 0 0 0 0 25 0 0 0 0 0 411 0 0 0 0 0 0 0 0 0 0 19 0 0 0 476 5 26 0 89 0 0 0 0 0 1 45 0 0 0 0 0 0 74 0 0 0 0 0 0 0 0 78 0 0 0 0 0 0 3696 69 0 74 314 0 0 55 0 0 0 3 4 0 24 428 41 0 0 0 0 1314 7888 0 0 0 0 0 0 23 0 2 0 0 0 8 0 0 7 2 14 3 0 0 2 323 109 0 0 0 0 0 10 114 0 36 0 0 0 26 0 0 1 923 6 0 0 0 126 0 0 0 0 0 929 0 187 82 0 0 0 0 0 320 26 0 0
 0 969 0 0 0 1211 1005 0 0 0 0 4 0 0 21 0 0 7 0 0 32 0 4639 10 0 3 4 0 0 323 35 28 172 0 12 0 0 0 0 17 7 25 3 0 0 249 10 609 0 0 0 97 2 0 0 0 0 0 135 0 0 9 0 59 0 0 1 0 0 6523 0 28 1094 4565 0 0 4 128 0 0 0 0 0 0 0 0 0 0 0 33 0 0 0 0 196 9 0 0 0 188 0 0 0 4 0 20 0 186 0 1 0 0 0 0 0 0 1 0 301 0 13 2255 0 0 0 0 0 2 33 0 0 0 17 0 397 0 202 0 0 0 0 0 0 0 0 0 862 49 0 34
 0 45 0 53 68 0 0 1 1 0 0 0 0 0 0 0 0 0 0 31 0 0 0 3 21 0 0 0 214 3 0 0 0 2 0 8 0 0 0 2 2799 0 0 16 0 0 2208 0 0 0 3 0 0 0 379 0 0 69 0 0 9 11 0 132 0 0 0 0 4580 0 0 0 213 0 138 0 0 0 0 0 43 0 11 8 0 1091 0 0 7508 0 0 0 101 0 0 0 0 0 0 3424 11 36 20 0 18 0 0 12 0 61 30 0 0 4 0 0 0 0 8 0 534 15 0 0 0 0 4 0 0 0 0 5 0 600 80 4 0 0 0 12 0 0 160 199 0 0 0 0 0 0
 52 0 9 243 2 138 0 0 219 0 0 5 214 7 0 0 2 0 0 0 0 0 0 0 0 151 0 0 0 0 26 0 0 0 0 0 0 0 0 0 0 1 47 0 736 33 0 0 0 0 767 0 0 0 8 2 1 2027 0 2789 75 114 0 100 854 59 1 7493 0 0 0 0 0 0 0 0 0 0 0 0 0 65 17 0 283 0 391 10 0 106 0 142 12 13580 0 0 5 2 3430 0 0 41 336 0 5 0 1 24 0 162 30 0 12 0 0 0 0 0 0 469 0 0 0 0 8 168 780 0 6 0 0 0 0 1 0 0 0 0 0 56 168 14 17 47 0 0 1402 383 37 74
 2953 0 100 0 214 0 4 0 0 12 0 0 5 0 0 0 0 0 0 7 2 138 0 4620 119 208 0 0 0 0 0 0 0 0 88 0 32 35 0 0 3 0 0 0 287 0 19 0 725 25 0 0 0 0 0 0 0 16 0 541 0 0 0 0 0 0 318 10 0 259 0 1 950 676 0 0 0 1238 122 2 0 0 0 18 140 0 17 1456 60 11 0 137 0 3265 0 0 0 0 0 49 0 0 0 0 0 0 0 0 20 0 0 186 0 0 0 0 0 0 0 0 0 0 0 8 0 164 1121 8 206 0 0 0 1 598 3 0 2590 0 47 8 0 0 0 38 0 15 0 346 0 133
 0 0 0 6 0 10 47 0 0 0 70 0 11251 0 0 0 0 5 0 0 815 15 0 0 0 0 27 0 0 109 234 0 0 7 5 0 0 0 166 0 14 0 0 251 42 0 7 0 24 4 0 0 0 0 27 0 26 15 0 486 0 0 23 7 0 0 152 0 23 0 0 0 0 156 0 6 539 0 0 0 0 0 0 0 0 831 8 166 0 28 228 7 1 479 0 0 0 11087 0 2 86 5 66 0 0 147 26 0 14 14 0 0 1 0 0 12 0 0 0 9 6246 112 0 0 0 0 0 0 0 10982 17 344 14 0 0 2 0 0 0 0 6 0 2253 17 0 0 0 75 29 0
 0 94 183 0 0 0 0 1 0 0 0 0 0 1053 193 0 0 492 0 70 0 54 0 792 0 0 1 0 27 0 0 814 59 0 39 0 0 0 0 0 0 122 143 0 12 0 9 43 0 0 1 6 2 0 13 0 15 28 7096 0 0 0 0 3327 3 0 0 0 0 0 0 67 0 18 0 92 0 0 0 258 4 0 0 0 99 14 1 0 344 0 0 0 0 0 0 0 828 0 0 0 210 158 0 0 0 102 0 60 0 12 5 0 511 58 0 0 0 96 0 8 0 0 15 0 0 57 0 0 0 0 0 0 1 0 0 1 0 0 0 10 162 0 0 7 0 0 0 0 3 4
 0 0 0 0 0 8 0 0 3 26 0 0 3 0 0 22 0 38 1 92 373 0 0 0 0 8 0 0 56 0 0 0 0 0 0 0 0 49 13 104 0 0 17 0 1 0 0 6 144 151 0 0 0 0 3430 0 0 0 0 0 13 11963 101 5 0 0 0 0 0 0 167 0 0 0 25 197 10 28 257 0 0 22 0 353 0 0 0 0 7 157 0 0 0 0 0 76 0 2613 13 0 0 0 0 0 60015 246 0 316 0 0 3 1 0 0 0 1 0 159 40 0 0 195 1 0 0 0 203 162 0 0 0 2 0 0 0 0 0 0 62 0 0 0 0 0 1369 0 0 0 14 0
 9 0 0 0 626 0 12 0 0 0 102 4 26 19 166 240 0 18 0 0 0 0 0 8 0 2 0 7 0 0 0 0 0 0 54 12 0 28 0 9 0 0 36 0 4 4585 0 0 11 0 0 0 4 5 794 28 1 0 35 1 0 32 210 0 0 0 0 0 1807 0 0 0 0 0 0 0 12 0 0 0 0 0 658 0 0 0 29 0 58 0 1372 0 7508 0 0 0 0 0 20 0 0 0 0 0 0 18 0 0 0 0 0 0 0 0 0 2613 41 57 0 104 0 163 0 275 0 0 468 0 0 0 0 648 0 0 33 15 0 0 49 0 2 572 15 521 0 0 14 318 0 246
 34 0 391 122 5 0 0 0 0 0 3 0 8416 0 0 0 55 96 6632 0 0 0 5 0 0 34 0 0 0 0 8 1 29 0 0 0 0 0 4 0 2 0 0 0 0 477 6941 0 0 63 0 1 0 37 0 10 0 0 0 38 0 197 0 0 0 0 5 0 0 7 67 0 0 0 0 0 1 0 0 0 245 0 125 4742 0 0 26 6 0 13 0 1605 0 11935 0 0 3 69 0 29 0 0 142 0 0 0 0 43 0 2 0 0 0 609 0 0 0 80 0 0 0 8 10 257 128 0 52 0 0 0 452 0 0 0 0 0 9 0 2 0 16 1 0 270 2 0 0 57 0 0
 53 0 0 0 5 0 0 0 18 5 0 1 2 0 0 0 3 3 0 0 0 5 19 0 0 4 138 14394 538 0 0 0 4694 0 197 16 0 87 0 0 522 0 0 0 0 0 0 3 0 0 0 0 0 0 0 0 1007 0 0 565 0 0 0 0 0 166 363 0 10 0 0 2 17 0 0 0 0 0 0 13 28 0 0 60 0 0 0 0 0 409 0 104 0 237 20 0 0 1 0 0 0 0 0 2 0 0 8 0 17 0 3 0 0 0 0 142 0 1270 0 0 0 0 0 0 0 1513 1 0 0 0 0 49 0 0 14 0 0 45 0 0 128 0 916 0 0 0 0 20 0 41
 0 15 1 0 0 0 719 4 0 126 277 0 0 0 0 0 12 0 49 0 0 9 0 20 0 0 2 0 49 2212 0 480 0 0 44 13 505 0 0 0 0 1 0 486 0 0 0 0 11 92 0 0 0 0 0 0 8 0 0 203 21 0 0 0 0 14 43 148 81 43 1 2 3265 0 0 3 1 143 0 7 295 0 3 177 0 0 0 4 0 0 0 1094 0 0 170 0 68 0 0 0 0 70 38 0 2 14 0 683 26 0 36450 0 0 0 0 0 0 0 7 0 0 0 138 0 0 11213 0 856 172 236 50 8 5 157 89 1513 0 0 1 0 0 0 0 0 0 0 688 90 0 0
 0 166 0 0 0 0 278 0 0 0 0 0 0 0 4 0 0 21 156 0 38 0 0 0 166 0 0 33 8 0 216 0 20 687 0 0 11 0 0 0 20 0 0 4 0 2 6 929 47 7 19 245 881 0 0 14 2 0 0 0 27 0 1663 0 2 0 982 0 0 0 5 0 653 0 15 24 0 2875 0 0 0 0 2 0 29 1 0 0 0 0 126 0 0 0 12 0 862 0 5 6 0 0 0 66 0 1401 0 0 3 1 17 0 0 0 0 5 0 13 0 0 0 2277 0 0 0 0 820 3 0 0 0 0 2488 0 0 0 2 0 3 534 510 8 0 84 0 0 0 0 0 0
 0 0 0 0 0 0 0 0 47 0 3942 5 0 2 0 8 72 24 0 38 0 264 0 86 0 4 7 0 0 10 0 76 0 0 8 120 0 0 0 11 0 0 26 0 0 118 186 0 0 0 0 0 0 0 0 3 0 0 86 0 0 42 18 102 0 0 13 0 5 0 0 0 0 0 0 65 0 59 0 0 72 0 3 0 0 0 156 0 0 0 33 0 0 23 35 0 2 5 0 3 0 0 131 0 0 16 0 274 166 906 0 0 0 0 0 0 0 1026 3 56 0 0 0 2 480 7 0 0 0 0 0 0 0 55 48 37 156 7 0 0 0 8 0 27 0 0 0 0 0 0
 0 0 0 271 0 0 0 0 8 0 505 0 342 0 0 866 0 0 1 3326 0 7 58 2 0 1513 0 0 35 0 17 0 47 0 0 2 0 2312 0 0 0 0 0 2 0 0 6 1 0 0 0 1 0 0 0 1 0 0 0 0 8 27 0 0 0 0 25 0 0 0 0 60 0 0 214 0 2 140 0 16 0 0 0 50 0 0 2 0 0 0 2 5 0 0 17 0 0 0 1 0 0 0 0 0 7 0 0 0 25 3 0 21 0 0 0 0 0 0 0 0 22 0 0 0 0 0 0 5 0 0 0 0 0 814 0 0 0 0 0 387 0 239 5 0 116 0 0 0 0 0
 9 0 0 0 193 26 0 0 0 0 0 0 0 0 80 0 0 0 0 0 0 0 0 0 0 0 0 5 0 45 0 8 0 0 1 26 854 0 6 18 0 0 0 40 0 33 0 12 0 342 609 0 0 0 0 4 0 0 2472 0 1 0 0 0 817 0 79 605 0 103 148 0 0 393 22 0 0 0 1 0 0 64 5 0 0 0 74 15 206 0 2 0 6 0 0 69 0 0 0 30 0 4 0 1125 324 10 0 0 0 45 28 0 0 9 39 0 0 258 0 0 0 0 0 6 205 0 29 28 0 0 14 0 122 113 0 0 0 0 0 0 0 45 12 0 0 311 0 0 403 0
 6529 0 0 0 101 5 0 0 0 0 0 0 0 0 0 0 86 1 0 0 8 7 5 80 0 91 0 0 988 0 0 0 0 0 855 0 0 0 5322 62 0 58 0 0 212 0 0 7 0 0 0 139 0 0 369 251 0 0 0 0 0 0 0 30 3 0 0 1763 0 0 43 140 0 0 136 130 0 0 11249 0 3430 11 0 0 0 36 6 0 0 0 109 3 0 0 0 0 9 0 0 0 0 0 0 0 205 2 2 3 0 0 0 631 0 2 0 0 0 0 3 147 0 0 270 0 0 0 3 112 0 0 0 0 1 2193 0 0 0 2748 3 10 0 0 0 0 12 0 49 0 0 89
 0 305 36 0 0 131 0 0 521 1413 13 0 0 0 0 0 92 837 0 8216 0 0 17 48 0 0 248 0 0 26 0 0 0 0 241 4 14 9 0 0 0 0 3 0 0 0 1084 0 0 0 63 0 49 0 0 34 0 11 26 0 853 0 0 0 115 214 22 0 0 0 0 0 0 3 0 0 0 6 216 0 0 0 0 0 0 0 14 104 0 0 0 1 0 120 0 0 0 0 172 0 1 0 0 316 21 1 0 0 0 5 0 154 0 230 0 0 0 0 66 4 30 0 75 258 0 103 6583 146 0 0 0 0 0 0 0 0 0 1249 0 0 2 1 5 0 454 120 12 24 0 7
 0 0 7 0 0 0 0 0 0 0 0 8 218 0 4 0 0 31 351 0 204 0 0 0 26 39 265 0 540 0 0 0 0 0 0 0 0 0 21 6 30 0 0 4 1 0 452 0 0 0 0 0 2 42 0 6 0 241 16 618 0 0 21 0 3 14 0 0 991 0 0 0 177 193 0 48 0 0 349 0 0 0 0 11 63 0 0 0 1 533 0 26 1259 1172 0 0 0 0 0 0 30 0 0 0 0 495 0 17 0 2 0 0 9 0 0 0 0 0 0 0 0 0 0 0 8 0 0 26 174 63 34 13 6 0 0 0 8 0 185 236 0 0 0 0 0 0 0 0 0 0
 0 0 0 0 0 0 1 20 0 0 0 0 0 0 58 820 0 0 0 0 14 0 0 0 0 0 0 40 3 0 0 7 0 0 85 0 440 0 0 29 41 0 1 6469 0 227 0 590 29 0 0 684 210 15 0 0 0 2 0 142 33 0 0 0 0 755 14 1 0 0 48 0 31 0 0 270 0 15 2 590 0 0 54 24 0 35 0 0 0 0 0 0 89 0 0 0 0 17 0 0 82 0 0 28 0 2 0 0 1 77 0 7 184 0 9 0 161 124 866 2 2 0 0 0 17 0 0 0 0 0 0 198 2 139 0 0 0 7 0 0 2 0 12 0 16 0 319 0 0 77
 0 0 0 0 765 0 0 66 765 352 1 0 0 0 0 0 0 0 172 8 0 82 0 21 0 30 0 47 0 0 17 5 6951 0 0 148 0 0 0 0 2 15 0 3 0 0 0 12 0 0 8 0 0 0 0 0 0 331 13 0 0 0 0 0 0 0 0 0 0 0 0 0 30 41 0 110 0 0 0 0 0 0 0 160 0 0 0 0 0 0 0 0 217 511 0 0 0 0 0 5 0 4 0 0 29 0 0 0 0 0 0 0 1090 0 0 34 0 0 0 34 8 31 0 86 0 42 0 0 35 0 0 3 0 11 0 1 0 0 0 0 0 79 0 0 3545 0 7 0 16 0
 0 0 172 458 0 0 371 12 2 0 0 203 0 0 549 0 0 0 37 0 0 8 3 2 11226 57 4055 0 969 0 331 0 0 3942 0 0 0 0 0 0 1 177 10 0 63 0 5 0 0 0 0 7 0 4 0 0 0 133 0 0 0 1 0 57 26 0 0 0 0 0 0 0 0 253 0 0 0 84 0 0 1 44 0 593 0 0 0 0 2 198 0 0 152 1027 0 6 0 89 0 32 0 0 3 0 230 61 0 0 0 586 0 6 0 4 0 0 0 511 200 0 248 0 0 1168 0 1276 0 0 36 0 0 0 318 1 0 0 0 0 106 1 0 0 5 0 0 202 11 0 0 96
 0 132 0 181 0 0 2 5 1 0 0 0 0 0 0 73 0 0 31 1 209 0 1532 0 0 7 752 0 0 0 0 201 339 0 0 135 0 0 251 0 0 0 0 0 0 0 0 0 68 167 277 777 28 0 42 31 852 0 0 4 0 0 0 2 0 0 0 0 129 4 59 5 0 0 2 0 17 0 4 0 0 0 0 0 52 0 0 0 0 480 0 0 3 0 0 0 0 856 0 0 70 0 4 0 0 0 1387 0 0 0 0 0 0 0 0 22 177 0 243 0 0 0 0 6 0 0 1315 174 1 0 3327 0 0 0 0 5 0 150 43 0 0 0 0 0 3 0 0 0 0 0
 0 15 0 0 14 0 0 1069 0 0 0 0 0 156 0 0 0 0 0 0 8 0 0 0 42 39 0 0 0 203 0 993 0 0 128 58 0 0 0 0 1091 572 0 0 0 0 0 0 36 450 0 2488 68 224 191 0 1935 0 41 39 0 0 492 539 0 0 0 0 4 46 0 0 25 0 0 1871 0 0 0 206 0 39 630 0 1 0 0 564 0 0 0 257 0 0 0 164 163 3 0 0 29 0 0 757 23 0 1838 4742 0 0 2255 0 2278 0 1807 167 46 0 0 31 0 4 144 0 240 318 1 0 0 0 0 0 0 0 0 219 0 12 0 1169 45 0 0 0 336 0 0 0 126 0
