150
 985 188 0 0 0 0 1693 0 0 0 0 0 0 0 143 475 0 4568 0 0 2285 0 0 0 0 41 0 0 0 0 0 220 31 0 34 1188 0 0 171 0 238 642 0 0 0 689 0 41 904 0 0 236 0 0 1841 14 0 0 1 0 9 0 113 509 132 41 2479 22 26 414 28 0 508 0 13617 0 0 0 583 0 56 12 0 0 0 12 71 0 0 0 0 0 29 38 0 0 0 73 9 0 24 0 1 0 21 0 87 0 0 0 0 76 0 0 2 0 0 0 0 0 623 189 4 0 0 145 510 0 13 0 1183 0 0 0 3924 26 257 0 56 330 9 0 0 10186 38 0 0 110 197 927
 0 928 0 147 21 565 13 24 0 0 42 0 0 0 0 50 491 9 292 7 0 3 323 0 460 0 1280 35 10 0 612 1803 4730 0 0 47 0 0 12 6 10186 0 0 15 21 0 2278 11 34 874 0 62 1871 49 0 2 0 30 0 0 0 0 205 0 17 1597 4 2275 2 0 0 1 29 0 14 14 0 0 0 0 60 0 0 101 0 365 102 0 0 4 0 51 1178 2278 1326 0 0 21 0 413 488 0 0 50 0 0 0 0 0 0 18 12 0 0 2 0 13 88 0 212 0 0 8 15 12 47 0 0 0 0 0 187 0 0 40 106 3 865 17 1 10 170 5060 0 712 0 0 6 7 0
 11 154 69 59 0 0 22 0 83 103 0 6 0 15 0 189 447 9 0 2730 0 0 0 0 0 22 8 2462 0 99 0 167 0 64 9 58 23 0 20 0 3 0 658 0 0 0 0 154 19 536 2 186 3546 60 0 0 0 0 3817 0 5195 0 0 0 51 0 0 0 74 0 0 40 23 59 2 2239 0 0 22 0 0 0 0 0 248 12 0 0 0 93 0 49 989 1914 2 0 0 0 482 43 30 0 5 27 0 0 0 32 0 0 411 50 50 0 2 0 0 0 0 92 120 0 200 21 5 1318 384 58 558 171 0 0 0 0 418 0 37 0 0 101 63 0 0 787 1 89 0 0 420 0
 0 0 0 0 0 32 178 215 0 101 0 86 445 0 0 1047 45 0 0 6 0 0 1 80 0 0 0 0 1405 0 0 37 0 304 468 207 24 97 5 20 0 0 0 313 0 0 0 0 0 0 8530 71 1 0 87 259 524 9 10 1 0 1410 0 3555 7 30 100 482 13761 0 4 0 0 1287 0 0 19 45 0 0 38 0 0 0 0 123 24 1259 493 0 0 543 0 0 0 0 0 234 257 0 0 0 88 0 0 2656 0 46 264 0 0 59 296 14 1031 0 0 0 0 0 541 6 702 0 8 593 0 0 11 0 1004 137 0 113 0 0 37 663 4 66 6 0 11 200 40 56 0 0 687 0
 147 0 0 1322 224 39 0 0 2 0 69 55 6 82 0 995 423 0 3174 354 3 0 0 0 0 0 29 515 0 80 0 0 0 0 0 1804 175 0 0 70 109 41 0 0 37 337 59 41 0 18 475 0 0 656 831 0 0 0 4 178 6 1846 294 0 0 0 586 298 91 0 0 0 922 0 0 0 0 0 5 0 0 0 0 1 0 0 42 0 0 5 106 0 24 11 0 1 0 213 50 1111 0 19 0 0 0 0 1 1 8 0 0 0 0 0 0 909 0 0 0 739 0 0 0 0 0 43 146 0 23 25 0 1 0 282 19 744 198 0 9 0 89 187 0 1 0 0 25 0 920 0
 16 0 329 0 0 0 21 0 0 0 0 0 39 0 0 181 12 994 168 0 0 0 0 267 0 0 84 0 0 106 0 13 59 0 0 64 0 53 0 0 0 0 0 0 24 146 15 0 60 41 48 0 0 66 0 422 0 119 2580 2269 216 0 794 369 0 0 0 0 11 0 0 9 134 411 0 0 0 0 2 0 0 12 1130 0 0 0 8 1849 0 0 4 0 0 0 38 0 0 60 0 0 0 0 0 151 0 0 0 35 63 0 82 92 62 0 0 0 0 896 0 635 1 0 0 1120 84 18 36 1 359 0 73 0 0 68 0 0 117 33 2247 0 12 0 35 0 117 273 6 7 0 59
 0 0 0 0 17 0 27 23 60 76 0 0 0 1897 8 2 0 48 0 0 17 653 4 3324 0 10653 0 1 0 0 526 0 25 0 51 0 0 127 0 6 0 529 884 77 0 0 0 11 0 681 0 39 203 1601 2 0 0 422 0 0 0 0 0 95 54 0 0 7 0 106 72 0 25 5 0 92 0 18 441 0 65 0 0 0 0 18727 0 0 0 0 12 0 2 0 33 15 179 22 0 133 0 0 0 35 0 178 0 18 0 0 0 0 0 0 10 0 0 0 10746 0 94 0 0 76 0 458 749 320 0 0 0 0 272 0 44 0 24 1 720 0 0 0 71 0 0 0 0 19 366 0
 109 0 0 0 33 147 0 0 0 16 7 0 0 444 7828 0 66 72 146 10 0 0 70 16 2 0 18 0 0 1 0 0 311 111 47 0 0 3 5 0 0 0 0 9 6 20 0 12 0 0 0 205 49 7 375 619 491 0 1843 0 0 40 81 9 143 3 0 191 43 1 0 0 4 0 232 0 1595 74 122 69 0 4 0 71 0 0 0 0 0 0 615 0 3 0 0 0 1569 0 0 56 0 0 20 28 0 48 0 282 0 0 0 0 0 0 0 0 0 0 0 526 18 0 42 10 0 11 0 74 0 0 0 0 418 3 424 359 0 20 0 3 0 0 451 0 0 137 25 0 0 199
 47 178 0 332 0 76 0 2202 34 28 0 0 0 0 100 0 0 0 25 532 0 5 0 0 0 0 0 287 0 0 2 100 0 0 685 5 0 18 70 0 25 0 0 2730 0 61 1 0 0 0 6 0 0 0 1 112 0 6 0 0 0 0 0 1 0 206 0 16 61 91 0 15 11 2 0 44 0 31 0 0 0 0 0 662 1801 179 0 120 0 14 93 67 0 2 0 0 0 282 0 0 0 0 0 0 0 0 0 0 1812 0 0 6 0 0 5 2273 0 0 1519 0 11 4548 0 0 0 0 413 68 0 0 0 0 0 7 0 0 519 2896 0 66 335 421 0 144 3 26 0 0 253 164
 22 79 0 0 9 0 0 0 0 50 69 796 0 0 0 1089 11708 215 4716 289 0 749 76 229 51 124 31 430 287 136 0 19 0 0 0 0 0 4 0 0 0 7 200 32 0 13 75 71 3 19 832 0 39 0 0 0 0 25 644 0 0 16 0 0 0 0 0 0 0 1465 0 749 0 0 0 0 0 0 0 0 0 0 694 0 0 15513 0 0 549 17 0 1039 0 10 0 1 0 661 534 70 807 50 0 4 0 417 0 0 5 0 31 0 6 14 255 19 9 0 0 0 36 0 46 0 0 0 242 1 0 0 0 28 0 16 0 10 21 20 376 12 3143 0 13 7 0 0 0 0 13 0
 0 0 10761 0 0 12 0 0 0 0 7 0 15 0 0 598 16 0 0 0 3 0 121 92 0 821 0 96 15 0 208 0 0 61 0 492 7 0 116 97 0 0 20 0 0 4066 0 0 0 16 112 0 0 52 1 0 0 0 53 0 117 0 91 0 0 0 480 3321 0 0 140 1256 0 0 1 16 9 8049 0 0 0 0 1 392 0 0 0 41 0 0 0 0 72 1235 2 0 0 1 0 0 0 0 0 4 106 83 3 526 0 39 0 40 2278 0 59 0 1835 1325 1243 10 0 0 0 0 0 19 0 0 35 0 0 0 213 0 11 0 0 0 46 0 0 26 0 0 0 0 5 632 0 0
 167 3 0 0 0 0 1453 8 2293 0 0 0 1 0 3 0 0 0 0 0 0 0 3 364 0 0 0 7 0 42 0 0 0 4 0 67 152 0 1426 0 173 110 0 0 0 0 12 0 0 258 0 687 273 22 0 47 0 137 0 70 0 31 0 0 38 0 0 5 0 0 0 0 0 13438 0 1 0 1965 5 787 372 30 0 93 0 0 4 0 108 0 1 39 0 0 0 7848 0 30 0 0 12 161 0 0 62 595 0 0 0 0 0 441 0 206 72 0 16 0 0 0 178 0 3101 0 200 359 20 0 9 0 0 0 0 0 456 0 0 0 607 510 0 0 0 1486 6 0 0 0 0 0
 37 38 1 0 0 0 3 138 14 47 0 0 0 0 0 0 80 89 0 0 478 11 0 0 0 0 43 0 40 0 603 914 12 58 0 0 0 1400 0 175 144 1666 0 21 9 1 6 0 0 0 1150 0 16 0 95 0 0 0 0 85 2248 87 0 0 0 0 0 0 0 0 0 0 0 0 0 0 0 3 0 0 9 1406 4 406 0 7 0 0 211 0 0 3 12 0 419 23 0 1711 0 266 32 0 0 0 17 26 0 1538 0 1 16 6 0 6 0 0 0 4 32 49 0 0 28 0 0 0 666 0 0 0 0 0 1 0 763 0 0 0 11 27 0 46 0 35 0 0 0 0 2 3
 32 64 0 7 0 0 0 0 113 0 9 105 52 282 0 0 0 0 2 169 0 0 55 0 1731 0 16 289 0 8 0 0 0 0 0 724 0 0 0 0 0 0 71 0 66 63 0 31 0 62 3132 664 42 0 0 0 3 45 249 1 0 58 0 0 0 181 1748 27 7 0 0 0 0 6 89 0 0 0 9 13 31 0 10 0 23 40 0 104 11 977 0 0 2 7825 255 0 0 1596 1393 0 2 0 0 0 38 0 0 0 8 26 833 162 0 178 177 0 0 36 20 0 0 211 1874 2 0 960 0 472 722 399 81 0 280 0 0 152 35 0 0 0 256 0 0 94 0 0 40 1005 0 0
 0 0 84 27 32 305 0 0 0 23 0 0 1346 43 207 0 80 0 0 111 49 2 0 0 0 0 0 0 80 0 0 0 0 0 0 8 0 0 20 0 0 643 0 49 97 1930 0 30 0 0 50 0 0 1 0 0 0 90 0 0 0 0 0 0 46 0 486 0 0 0 0 795 0 46 541 5 89 0 218 0 0 0 1065 0 0 0 0 27 0 14 0 0 2 222 977 13 41 2 437 0 0 49 0 0 0 40 7 0 0 0 0 0 8575 520 0 186 12 846 6 623 0 0 0 0 0 0 0 1 51 0 0 0 1 0 55 0 81 0 687 0 256 24 1 0 0 1582 0 4917 0 13
 0 0 0 0 0 0 0 35 66 0 0 10 35 38 478 0 35 78 45 0 0 0 9 135 0 329 0 69 0 0 15 0 0 14 1 29 0 0 0 0 0 0 10 0 12 96 100 0 0 115 3927 809 0 0 0 0 0 0 0 7 43 0 0 17 0 0 865 2 0 0 0 42 0 0 196 0 0 0 0 0 51 0 6 0 124 0 0 0 10 412 47 0 0 0 1032 1 1626 0 85 67 30 0 0 0 0 200 0 0 644 1 2651 0 632 14 0 410 66 550 0 0 0 223 0 0 13 0 0 0 473 0 0 0 0 0 0 27 0 3 0 0 0 0 0 643 54 89 75 1512 7 3
 255 0 0 0 0 0 3 0 1361 0 0 84 0 51 0 0 0 0 0 1 241 0 884 67 0 0 0 2776 2 0 68 0 246 0 4 0 243 0 0 0 0 0 59 3942 43 391 30 0 0 0 70327 288 0 55 91 1421 0 0 0 0 26 33 0 0 4 0 31 0 0 6 0 43 0 4 160 1 0 0 0 0 27 0 0 0 0 0 0 7 0 0 19 17 0 0 3 0 12 0 9 27 0 0 19 443 0 1821 0 40 59 113 0 1 0 0 0 0 401 0 0 0 0 55 0 0 0 0 0 0 0 479 1085 0 10 0 550 0 0 696 0 0 0 107 0 0 0 0 951 0 546 17
 0 0 0 3 91 0 0 0 19 0 1363 29 0 493 420 0 1836 6 0 0 0 0 2 0 0 0 0 0 0 0 0 0 1223 0 1421 0 51 23 0 114 72 197 29 0 30 14 560 0 0 36 989 0 0 4 413 0 457 0 0 0 0 134 0 4 809 13 41 0 0 0 0 0 0 0 0 0 0 0 29 0 0 0 269 230 10 0 0 0 13 44 0 172 1382 0 0 926 833 0 0 62 0 2 28 767 1 39 35 228 93 0 0 0 93 173 5 1147 0 0 98 55 20 5 0 0 0 0 0 0 0 146 0 47 9 189 282 0 0 211 0 894 44 736 1035 0 85 26 16 1 13761 8
 71 0 43 6 0 0 483 0 0 0 259 6 224 0 72 0 12 405 16 0 0 0 368 0 103 0 0 15 0 126 0 0 46 0 0 0 244 148 36 0 19 0 0 0 0 0 1285 0 7 337 0 16 1759 993 0 51 286 55 0 40 0 0 0 373 0 0 0 0 45 0 0 0 0 0 0 0 0 10 0 0 58 0 0 53 0 0 12 0 0 397 0 97 0 0 0 0 0 11 0 77 84 59 526 0 0 1 0 6 13 673 399 32 0 0 74 0 0 4 0 239 0 0 694 3 8 38 8 0 0 1 0 121 0 65 0 3 5 1 0 18 0 173 0 0 0 29 0 35 44 51
 19 0 0 0 0 0 94 0 0 0 666 56 926 0 0 127 0 443 19 3 67 0 0 0 0 0 268 66 0 39 1125 0 0 0 8 5 0 236 0 0 0 0 8 12 0 7 0 0 0 18 34 617 0 0 0 662 21 1187 0 59 0 24 537 0 0 0 65 19 0 0 26 31 0 140 0 0 0 0 9 5 0 144 0 0 213 128 417 0 114 19 0 9 0 0 2 0 459 0 8 47 0 0 82 6 519 0 0 0 0 0 22 14 45 98 0 0 1 0 0 0 36 2 28 15 0 0 0 40 0 0 0 0 196 0 4 219 0 4 0 0 0 0 0 0 0 0 0 51 34 7
 0 81 51 0 0 20 0 1050 177 0 0 93 0 123 0 315 0 323 6 0 40 0 0 554 16 0 0 0 60 0 0 0 615 0 477 416 0 1401 0 0 152 303 401 794 270 0 15 1103 0 0 0 0 183 211 14 0 0 399 0 0 540 196 846 46 65 0 0 1419 816 0 0 720 0 2869 0 0 15 0 1059 37 0 11 152 461 0 0 11 0 5883 0 49 0 0 1854 0 0 16 0 1 37 0 3 124 0 1 12 0 0 0 0 0 18 0 0 168 0 0 0 0 645 9 0 0 0 146 0 22 37 0 14 0 0 0 0 0 0 0 0 138 0 0 0 0 0 3632 0 73 9 0 5398
 0 0 643 10 739 22 0 30 0 0 234 147 0 40 0 0 474 48 35 417 1833 1342 0 188 3 0 7 9 0 0 0 0 2 387 0 0 85 733 1594 20 0 75 44 138 0 0 47 62 0 0 0 84 53 0 0 68 44 34 0 0 0 0 0 0 0 0 0 29 261 1661 0 0 736 18 0 462 0 2 457 87 19 0 51 52 0 0 0 0 53 0 0 0 0 20 0 0 0 0 0 3 0 13 12 0 34 0 0 0 0 12 728 1064 5 13761 0 183 74 376 0 68 0 56 0 0 41 0 0 0 0 175 50 68 9 0 187 0 0 0 0 0 3 0 106 0 5 0 0 1 158 0
 0 0 7399 0 20 7 0 0 2056 0 0 0 377 0 0 0 0 0 0 0 28 502 6 0 0 0 0 0 0 197 0 29 0 1242 0 76 2260 5 0 0 0 0 0 147 0 0 264 707 0 0 0 13 0 216 130 16 0 0 0 0 7 144 1022 0 79 44 0 48 0 36 0 0 0 0 0 0 0 81 45 0 0 398 0 0 0 0 63 0 204 12 0 70319 0 0 117 0 100 0 0 0 217 1 0 369 1037 10 3 0 0 0 0 0 0 0 201 0 0 88 0 1 0 0 39 8 51 0 0 0 0 0 19 42 0 0 0 16 0 0 0 41 1539 542 1 7 12 52 210 337 0 0
 2689 42 219 0 25 0 0 0 127 0 0 0 160 213 5182 0 0 142 10186 305 0 0 6 2269 0 996 0 398 8096 0 522 0 32 21 0 190 0 0 0 198 0 421 4745 0 0 12 1083 44 11 11 0 0 11 0 0 8 73 250 0 57 0 156 0 27 0 0 0 0 150 0 0 32 0 139 762 0 0 0 0 0 48 0 52 84 466 6 0 229 79 34 1562 345 26 21 0 0 0 187 131 1378 12 35 12 0 0 0 85 0 0 0 93 0 0 0 713 0 48 0 0 634 1 0 151 0 0 0 0 642 11 0 0 0 0 126 21 0 73 0 6004 52 0 0 899 1711 0 8049 162 210 76 0
 2 0 1 13 11 507 19 0 7 0 6 7 33 0 37 11 117 188 0 0 0 0 2242 68 29 0 0 65 139 0 0 0 64 601 195 48 0 0 33 0 0 4 40 0 0 0 0 74 0 82 0 23 53 0 0 0 578 1 1 0 91 266 0 0 0 198 492 267 0 39 11828 0 89 0 77 0 0 1 542 1625 22 0 0 0 0 249 0 0 0 0 15 0 100 0 0 0 4 0 78 0 55 0 9 0 0 0 0 89 12 1585 8 0 37 62 0 69 0 56 647 0 0 9 416 0 0 0 6112 0 0 256 0 0 399 0 0 0 639 95 0 51 0 799 8 0 0 0 1709 0 994 10
 0 429 0 0 0 319 0 1425 10 0 0 378 87 1182 2 0 13343 18 0 883 589 29 238 0 27 0 4432 0 0 0 0 12 0 0 267 110 0 341 0 0 0 0 0 24 9 69 1091 82 204 0 46 0 0 0 0 0 0 57 0 0 8 0 0 40 0 0 6 0 0 246 1612 0 0 222 4438 0 47 0 26 0 0 0 219 0 732 0 0 0 0 15 26 0 0 0 0 0 0 83 0 1172 0 0 0 154 8 0 10 0 390 0 332 286 22 3 36 91 204 0 0 0 0 0 0 0 32 2429 0 1740 7 0 0 398 0 234 0 4 0 0 53 0 0 0 114 156 38 0 0 27 0 87
 0 0 0 0 0 0 8 0 9 0 121 2489 0 0 178 2 1681 750 3861 0 0 0 71 45 63 0 0 191 1207 260 0 0 0 19 903 0 0 0 0 488 0 71 0 0 0 133 0 1516 71 20 0 2479 4 0 143 33 0 0 0 0 13 0 0 2 0 0 0 24 0 0 2 71 0 0 0 31 0 0 0 0 0 0 58 213 926 121 19 0 0 0 0 0 0 0 0 0 0 0 0 0 78 0 11 0 0 0 0 421 0 0 29 0 0 36 0 0 0 155 7 240 0 101 0 0 0 1032 27 0 0 0 26 0 585 0 0 0 34 24 16 17 38 11 975 1315 0 0 0 1 21 0
 43 0 0 4 0 12 0 430 0 0 0 0 41 0 73 0 0 19 0 0 214 0 8 0 0 0 0 98 23 4 794 21 0 0 713 0 0 41 27 0 0 524 1 698 306 0 49 0 0 598 17 0 926 33 0 10 0 0 0 4 24 0 0 0 21 483 0 0 174 2 0 0 0 0 0 0 0 27 0 78 330 34 216 450 64 1 0 0 50 1 0 222 533 2210 95 0 0 0 0 0 0 236 25 0 0 0 7 33 79 26 118 50 0 15 5 12 0 0 221 3 0 156 0 0 121 0 0 0 3 42 0 0 0 2 380 0 0 0 210 0 0 0 0 0 0 0 0 5 244 0
 68 0 1843 0 13 654 0 0 4 0 0 5 0 1 0 484 0 12 178 544 0 0 0 0 0 1914 0 0 663 71 5 0 504 117 1204 0 2 1793 0 0 7 31 746 0 0 0 792 0 0 0 0 0 0 13 0 0 29 59 0 0 0 0 763 133 1373 0 0 38 0 4 0 27 9435 0 30 0 0 90 85 580 0 0 38 2264 0 0 209 0 590 0 0 0 0 94 46 5674 1122 0 0 28 0 0 0 0 0 1386 0 0 0 0 0 0 0 0 7815 0 0 0 0 0 0 0 0 0 0 0 8 0 1133 5 0 151 3 812 0 0 0 1020 0 0 0 147 31 104 1 23 21 239 88 0
 14 62 0 0 0 0 0 0 11 0 113 0 13 0 0 69 535 5 0 0 11 13 0 4 137 23 0 0 0 136 0 0 0 2999 0 0 55 14 66 202 0 0 59 0 0 0 16 0 1997 0 0 89 0 0 0 0 419 0 182 0 29 0 0 3 0 0 0 536 74 0 0 13 0 0 75 411 347 0 0 0 43 14732 10 78 0 0 539 9 1991 84 421 213 0 0 0 10 10 626 370 0 0 0 9 0 3258 8695 384 15 36 164 200 0 0 22 0 0 0 0 0 12 51 0 31 0 0 0 0 0 6889 51 0 320 314 17 0 102 13 81 0 1598 0 0 0 320 0 87 0 0 0 0
 15 0 62 61 477 174 0 26 0 51 0 10 0 4 0 0 0 43 272 0 985 74 0 0 0 653 267 0 0 897 384 0 0 0 0 0 14 0 0 0 0 0 7 87 113 0 9 0 0 0 583 0 401 230 0 0 50 64 0 0 0 0 3 0 23 0 0 0 0 16 0 12 436 0 0 11 0 0 2 29 0 6176 7 1 0 126 0 11 5 555 20 5 824 0 180 0 0 0 0 0 0 303 0 4 0 1102 112 0 76 90 0 144 0 1 0 25255 11 0 0 730 0 46 2 0 0 28 0 228 0 203 117 218 2 0 0 0 0 11 0 70 0 0 22 2650 0 757 58 16 42 48
 0 0 0 0 0 0 71 0 0 0 91 33 0 37 1484 0 780 9 17 0 4 20 0 8 2 0 0 0 7 661 10 473 0 0 0 763 0 0 0 0 0 0 0 0 0 0 0 0 1088 0 8699 352 0 523 553 0 0 201 20 0 0 364 0 66 145 361 0 0 0 26 0 99 0 53 622 0 0 0 0 0 14 0 624 0 0 0 27 169 189 176 0 0 0 37 0 24 0 5 903 0 309 11 1502 100 5899 0 850 1512 352 673 0 66 0 1777 0 0 0 158 0 6 1750 6 0 0 6 0 0 2 0 0 189 0 0 0 0 41 0 0 692 32 0 0 93 1065 0 10186 286 0 0 679
 0 0 1 0 13 0 0 0 45 7 589 0 0 1 90 113 0 0 0 0 0 0 2 0 0 61 61 44 0 23 0 544 37 0 13 0 0 0 0 0 94 5878 54 0 0 1 321 377 0 123 0 5924 0 7 0 0 0 0 0 461 89 0 0 9 493 0 0 0 0 4 0 191 0 0 0 0 0 0 0 0 245 380 15568 12 26 0 765 0 0 0 2730 0 0 0 687 110 0 34 20 69 175 0 0 0 2 266 0 29 0 73 0 0 230 0 0 18727 56 0 0 0 26 3 146 174 33 0 125 1020 0 0 29 34 110 0 0 2 0 0 491 0 0 0 116 0 30 0 0 0 1 11
 0 900 0 0 51 153 14 0 93 68 0 0 0 4704 45 0 0 0 90 392 30 0 0 0 0 24 0 551 0 0 51 291 61 1937 10 0 0 69 0 0 0 0 23 46 83 306 0 8 0 829 842 0 0 2162 0 4 763 0 71 0 0 0 3142 0 12 770 0 18 0 17 0 151 3 77 0 0 0 406 1 684 0 129 0 0 0 0 188 197 0 94 0 0 0 15 0 4 0 386 0 12 312 42 36 0 74 0 171 0 0 0 1 0 0 0 0 11 42 0 4 0 809 110 25 0 168 2 0 0 0 0 0 0 10657 0 0 6 927 0 9 0 0 313 0 0 0 0 16 29 101 0
 0 75 0 0 0 17 0 0 0 20 787 0 0 13 0 0 0 0 0 0 0 0 11 44 0 0 0 0 0 141 463 0 0 0 51 51 8 115 0 877 0 0 0 0 71 20 2 0 0 0 0 0 0 0 28 0 0 0 0 0 55 94 0 52 0 0 0 0 0 0 0 255 0 87 18 78 1 0 0 45 120 0 4 202 501 0 0 0 62 0 0 0 0 0 0 31 0 0 0 76 200 61 0 0 0 0 38 0 35 0 1 22 721 0 56 979 0 0 0 73 71 6 0 0 0 139 40 0 6 91 97 0 71 1 0 74 851 58 7 298 0 0 266 11 216 0 0 89 22 33
 0 0 0 0 0 0 793 33 0 21 0 0 0 0 0 0 23 22 2 0 0 100 0 0 0 0 877 0 3878 2 42 0 31 127 0 1322 90 0 14 0 0 0 1035 9 35 430 101 502 0 0 833 138 476 0 0 1640 9711 0 0 0 6 0 0 16 0 3126 5 2 0 0 87 0 3 0 0 0 0 0 0 0 0 280 0 0 0 0 46 2223 0 0 0 495 17 646 0 0 0 832 71 0 15 30 9 0 0 4 13 253 0 0 29 15 0 0 0 0 1 0 64 0 4066 0 2 0 0 0 430 39 18 0 0 0 18 780 0 132 1 0 394 0 0 0 0 291 0 267 1044 0 0 0
 0 605 0 0 0 225 5 1774 8 42 0 0 16 6988 0 84 0 0 0 99 150 0 0 3 1 513 80 26 0 0 0 2 202 59 0 0 77 179 10 13 31 69 0 0 0 0 0 22 62 0 97 0 0 0 1 0 0 0 0 0 0 815 52 10 0 8092 0 0 714 1 0 5 4 4 0 0 0 1843 50 0 38 94 0 0 0 26 0 0 207 0 0 3 1926 6 26 0 219 0 0 5 100 249 0 0 0 21 235 27 0 0 39 405 0 0 0 0 41 0 0 0 0 0 1421 0 107 5799 0 2334 0 0 0 0 310 0 0 10 0 702 0 0 0 0 0 0 0 0 0 21 0 0
 0 39 0 0 18 0 0 0 0 0 0 91 0 4 58 2201 62 0 0 0 0 0 0 1047 651 0 107 0 0 0 106 11 361 0 0 24 0 0 0 0 0 14 0 0 2 0 85 0 18 678 0 0 0 12 369 0 0 924 515 887 0 0 121 0 0 1600 1 0 178 162 0 0 0 0 66 105 11 0 5 0 274 99 7 46 0 320 0 0 543 149 187 5 0 0 134 0 0 0 4 144 11 145 1103 179 82 329 0 0 18 34 11 8 396 0 6 0 0 14097 5 0 0 0 0 0 23 0 0 32 1261 0 0 0 0 119 0 0 1 40 161 0 1406 0 0 21 641 0 0 6 0 69
 0 0 0 0 1456 11 0 0 0 143 0 0 43 197 0 0 0 36 0 6303 288 0 6 46 0 8 34 0 0 0 595 9 12 87 33 0 0 8 0 0 24 140 4 43 22 36 0 66 0 0 36 0 61 5674 0 0 1 10 0 14 0 0 0 0 844 3 0 0 105 0 0 0 0 46 19 0 17 923 5 0 0 0 0 1 0 0 0 0 1276 0 0 1519 0 423 0 0 0 38 0 3 44 308 30 10 7 0 0 0 119 0 0 0 0 8 1 2 242 3316 0 0 0 0 0 137 0 0 0 0 35 0 0 4 0 5 24 0 634 510 0 78 0 82 0 0 6 0 0 90 0 93
 328 0 184 0 0 75 0 0 43 523 0 81 0 5 5 4 35 0 13 125 154 0 83 0 16 30 0 0 100 0 6 543 214 14 0 0 0 0 533 2 0 28 0 241 102 0 5 280 0 0 0 0 0 68 4038 720 1 0 534 0 0 17 1446 0 94 189 0 0 0 0 0 0 0 122 0 167 21 0 8 1243 0 0 0 0 0 0 0 0 5 2 3 9 95 1183 886 0 0 6 2429 11 479 14 58 42 0 161 0 0 111 0 22 3133 0 0 0 10 11 0 7 3 0 0 0 3 0 0 0 45 0 0 64 0 0 47 14 0 350 67 48 0 18 4 0 0 0 0 258 0 87 545
 0 0 0 24 0 8 712 2 0 682 0 0 0 13 567 2 54 0 0 0 0 32 1058 0 2261 0 284 68 0 51 6 51 0 10 1 637 0 125 0 29 1 13 74 95 254 0 0 133 0 667 38 0 0 0 51 2 0 87 3 5 26 0 52 0 0 4 278 119 66 0 0 13 0 0 500 0 0 0 0 0 346 0 1311 163 32 0 22 69 0 0 0 214 0 255 8 10 380 37 0 6885 0 0 0 0 0 0 0 32 0 0 0 0 0 0 0 431 1 0 0 11 0 81 0 0 702 667 7 0 0 37 3101 0 111 0 10 1986 157 30 1562 1243 0 0 0 0 0 14 82 0 0 0
 0 137 15 12 0 7 0 666 30 0 49 0 0 0 0 166 0 0 28 114 0 0 722 0 0 58 0 0 0 1 68 1 0 15 40 6664 0 0 0 0 0 0 0 0 0 20 0 21 0 2573 0 0 4103 0 0 3046 0 484 191 38 76 0 0 0 2815 0 0 5363 2 2 0 0 0 0 9 0 66 314 0 0 74 41 1 205 27 0 198 0 0 0 70 0 2 0 0 960 160 3 314 0 0 0 0 0 0 0 0 0 0 10 0 0 0 43 16 0 34 0 7 0 0 0 96 29 255 0 34 37 33 6 82 4 0 0 0 0 9 1775 0 18 39 0 109 8 0 114 0 134 0 36
 279 0 0 858 582 10 0 9 15 0 0 0 144 0 1603 0 0 0 42 0 0 0 233 0 0 11 103 0 0 0 0 0 0 0 1 0 4 0 0 470 0 91 4 2474 35 0 0 0 0 795 2 0 14103 0 0 25 0 138 40 0 89 440 0 0 0 0 35 27 4 257 6236 0 0 0 0 1 23 0 0 15 0 0 0 351 0 0 50 53 0 0 0 98 2186 0 485 57 0 0 0 0 20 0 0 10 0 0 0 0 0 0 0 2315 0 5 1136 0 31 0 2065 0 0 55 23 0 11 0 0 240 0 0 5 0 48 0 0 80 19 2 421 6 0 337 5 266 10 0 12 0 0 0
 17 0 109 0 0 31 0 0 0 0 928 951 0 0 0 35 0 1 12 0 0 0 0 4 0 0 670 0 18 350 0 55 1902 0 1 0 3001 532 0 0 0 4 0 0 0 948 512 0 0 44 108 0 0 2192 0 922 0 132 8 0 0 476 0 0 1 0 96 0 87 20 0 0 0 0 0 8 0 66 1 80 0 61 0 43 101 0 3 0 0 37 72 0 0 32 74 40 41 4 0 0 0 0 387 301 0 0 0 0 0 10 262 0 1176 0 0 76 0 0 0 27 41 242 1 0 1414 1802 111 0 0 62 0 0 0 0 0 0 0 0 0 0 0 4 6 15660 13 0 0 13 0 0
 45 0 79 177 0 0 533 0 13 163 16 895 0 0 0 0 0 0 779 1 0 37 12 4 8 0 38 0 0 3 0 69 0 0 0 0 2 0 0 0 0 0 0 0 0 0 0 31 0 0 0 0 0 0 0 0 0 0 0 0 0 484 0 0 0 82 0 45 0 32 124 0 2 65 0 0 0 30 0 0 0 0 26 0 0 1 0 4 0 8 0 7 0 0 0 0 0 0 0 7 380 0 246 0 163 118 35 541 650 0 0 0 1965 0 0 8 0 0 2 591 339 0 5 0 0 648 110 0 156 0 0 0 0 0 0 11766 0 6 0 0 1307 12 0 0 0 0 147 0 0 403
 0 0 565 80 0 0 87 0 0 0 0 11 0 0 0 0 0 0 535 0 213 610 6 0 0 0 0 11 432 18683 0 200 0 0 0 0 3 36 0 10 0 0 96 0 0 82 326 0 0 4 0 0 0 6 9 0 0 5 59 0 0 0 105 32 0 6 0 0 0 2 66 0 0 34 141 1057 0 2 0 17 46 0 5 78 0 0 471 406 35 0 0 15617 0 0 0 0 0 0 0 0 0 17 0 0 8 27 205 0 0 274 0 0 0 44 0 0 2 81 142 1 113 0 7 12 1070 301 0 3594 0 0 0 0 0 0 112 31 0 0 0 0 0 0 0 15 0 0 0 0 0 8
 0 0 5 45 0 0 906 49 0 0 6 0 0 8 0 0 0 0 0 22 0 0 0 0 5 0 581 0 0 0 0 255 0 6264 0 0 0 0 0 0 249 0 26 0 115 0 0 1768 6 4 0 63 458 32 0 0 200 0 3358 0 0 20 156 36 0 49 13 10 92 0 71 7 42 0 301 70 29 0 0 31 4 0 0 27 0 108 238 0 74 0 36 0 2446 513 0 0 6 2178 28 41 0 0 0 0 1762 0 9 0 0 2 30 8 0 14 0 0 0 0 18 0 0 0 0 11 0 27 0 0 14 5 0 0 0 6 2269 14 1 0 0 0 0 44 0 0 0 10 0 0 0 0
 0 0 0 242 0 0 0 0 337 0 236 5 18 0 0 29 27 41 1 0 0 0 0 0 0 0 0 187 68 0 2 1 0 0 20 0 0 14 0 0 0 0 56 82 0 2 0 6 0 18 0 0 0 0 0 0 113 0 0 0 0 16 0 1020 0 128 0 0 0 0 0 0 0 63 0 0 0 0 70 0 106 0 3 15 13 0 48 128 0 0 0 0 0 5840 0 73 389 8 90 0 43 23 31 0 0 0 0 1068 0 0 503 0 6 84 3 80 11 0 0 0 46 0 51 450 0 648 96 0 0 0 0 6 10 0 34 32 0 59 133 3090 242 16 0 0 802 28 107 0 29 6
 0 0 0 37 10 0 24 95 1587 0 106 262 78 0 27 8 0 9 0 644 2 6 8 0 4 0 0 73 0 0 53 0 33 3119 1 3 0 0 1104 9 3 49 50 34 37 1 0 0 495 0 0 19 42 0 14 0 0 0 50 5 98 899 28 256 0 1 2422 0 0 0 0 4 0 2 16 0 65 0 0 18 429 83 138 0 196 0 22 0 0 4 246 61 0 0 0 0 1913 0 0 3081 0 47 0 0 671 2755 0 1 1896 0 31 5 446 4 20 27 28 379 428 57 0 201 0 30 2 0 465 5816 18 0 3852 0 0 11 0 680 0 5504 17 0 205 0 11304 53 0 0 0 0 172 0
 34 0 0 236 0 0 0 83 13315 0 0 0 10 0 42 0 65 0 0 0 3994 362 51 0 0 0 0 0 20 0 1206 11 0 0 46 11 0 0 0 12 0 0 0 0 136 0 0 0 78 1286 0 0 86 128 0 0 0 0 0 2 0 0 0 55 0 0 0 92 9 138 129 0 0 33 0 1989 0 0 17 0 0 0 9 0 0 22 0 0 200 0 0 12 0 439 0 0 5 0 0 740 0 0 0 0 0 0 9 34 4172 0 0 35 3473 0 373 0 0 29 0 0 663 0 491 7379 0 0 0 0 55 33 10 0 0 0 85 0 0 0 0 623 0 4 0 0 2 104 203 0 82 50
 1086 316 0 0 0 0 66 175 0 0 0 7 0 0 0 0 0 0 22 0 9 31 95 88 4 0 25 0 38 0 0 0 333 0 9 0 0 112 0 0 0 0 0 0 0 8 1 4 0 2 1243 0 0 27 12 0 0 673 0 0 0 706 113 0 0 170 881 0 0 0 0 0 0 0 0 0 11 0 0 7 0 0 0 76 813 42 0 0 0 0 0 0 0 0 0 12 350 1465 20 0 0 0 0 0 0 0 43 242 39 0 0 0 0 0 0 0 15 913 0 0 830 0 0 0 0 0 0 0 1243 0 708 3 14 0 0 0 0 0 0 0 0 70 0 0 181 0 0 242 0 0
 0 0 0 0 421 863 0 0 27 232 191 0 0 0 0 0 0 3 0 0 145 0 0 7 0 1063 0 176 1058 0 10 0 0 347 12 0 0 62 11 422 203 2 562 1267 68 2 0 14 0 51 0 0 3 0 14 18 0 0 0 0 0 4 0 0 0 39 0 0 21 0 542 488 0 413 4 0 0 0 0 0 266 0 0 190 425 0 8 14 0 0 132 0 0 0 914 0 18 37 171 8 0 5 1 0 27 10180 0 20 0 0 280 5 0 13 32 2528 598 27 116 102 0 15 197 391 0 106 72 0 0 0 0 35 46 33 0 0 15 0 80 628 12 0 0 0 0 0 0 0 0 0
 114 0 0 0 136 93 0 0 142 0 11 0 0 0 11 321 21 6991 0 168 0 0 46 0 0 1905 0 0 0 318 0 19 0 57 1965 0 7 8 0 3 21 0 0 0 161 476 0 0 0 0 370 0 1605 0 6 36 696 1 0 14 0 0 0 186 13 0 0 0 206 0 86 859 0 960 18 10 0 15 77 0 0 1 0 76 1357 0 0 29 48 0 0 0 0 0 0 0 2 0 116 9 0 0 0 69 0 0 0 246 0 43 23 16 0 463 0 0 0 0 31 2363 0 0 0 17 237 997 87 5 0 8 0 21 0 138 58 0 0 345 0 0 0 15 238 0 290 0 0 0 0 960
 39 0 0 1 0 0 0 0 0 20 0 0 29 4 0 17 0 0 0 12 0 2 0 75 14 0 203 0 0 32 0 0 0 0 0 44 369 0 0 0 0 4791 64 0 39 0 0 8 75 0 0 63 76 16 45 12 29600 14 200 0 48 373 0 0 11 0 0 0 0 0 14 0 0 85 128 0 0 0 6 143 20 364 46 823 184 0 26 0 0 226 3 116 67 18 0 0 52 115 0 0 0 565 0 6 188 0 0 0 0 0 196 60 846 220 23 0 0 38 62 142 83 0 0 0 0 0 12 0 0 0 15 0 0 0 1022 38 0 0 348 42 91 0 35 0 105 523 0 0 0 70
 0 63 503 0 0 37 0 0 0 607 0 2 0 93 19 9 0 0 0 63 0 1605 0 0 0 1 0 19 666 0 100 0 77 743 0 0 0 0 19 0 0 383 583 6 314 0 295 1 0 85 0 0 0 0 739 0 713 0 2 0 0 368 2555 0 0 22 379 439 0 32 0 36 0 0 0 0 0 17912 282 1619 0 546 512 0 10 0 224 144 156 4 0 0 0 15 134 0 31 0 14 0 15 0 0 0 15339 0 0 0 17 20 0 0 0 0 19 0 0 0 100 0 122 0 0 27 90 144 272 0 3 10 35 0 0 0 22 0 2269 10 1257 0 0 72 0 0 713 4 0 151 0 0
 0 0 107 0 17 0 0 0 0 187 57 0 64 93 13 30 0 78 0 0 21 0 0 0 0 0 0 0 7 8 111 34 144 0 10 0 2024 52 2 0 0 0 0 0 0 352 1727 18 53 56 22 0 0 0 484 51 261 0 0 0 0 0 29 212 2281 17 507 57 0 0 118 0 11708 0 0 0 0 1997 0 0 46 0 0 0 8 52 6 3 1286 347 358 0 0 0 0 0 0 0 0 0 84 0 88 0 0 0 0 0 0 0 4 0 0 0 502 1258 0 0 4 40 0 0 0 0 2278 0 0 0 18 46 0 203 289 0 379 0 171 94 71 0 0 0 11 0 0 13754 0 0 532 0
 19 129 71 0 69 829 95 0 167 0 87 4 12 0 44 9 14 0 0 0 9 0 35 0 0 126 476 0 0 0 0 3 5 0 0 0 56 0 0 0 10186 354 80 150 12 1066 0 0 0 358 492 53 0 0 0 0 0 0 0 0 11 119 0 0 13 0 0 0 0 0 0 0 0 0 12 2 44 0 0 202 0 23 0 4 9 80 27 0 0 0 9 8 0 1672 493 69 672 22 0 5 72 65 34 0 109 0 0 0 0 0 450 0 0 103 0 0 1316 0 62 0 0 38 0 6 0 54 3594 0 701 22 0 3 1 0 0 10 0 0 0 0 0 4 0 0 0 58 0 56 0 0
 0 0 5 0 27 0 0 31 0 0 0 0 590 0 0 2 619 0 0 0 0 0 0 0 0 0 119 43 0 31 0 0 2 1 31 1207 43 0 0 6 0 0 0 0 946 0 3183 3 9 59 0 0 0 0 0 90 210 20 0 0 4 0 8 0 0 0 0 52 13 0 0 1 0 37 0 176 0 243 109 0 0 0 0 6 5 2 146 0 0 63 0 0 13 182 0 0 0 0 3 0 1 0 877 0 1 2 31 0 0 139 0 125 17 176 13 0 1382 0 0 0 686 40 61 0 1 43 8655 0 0 0 0 8 144 49 220 0 230 0 0 16 56 0 0 0 19 0 0 0 534 0
 0 3 0 0 0 0 0 0 289 0 0 0 25 0 0 0 5 23 186 110 109 268 0 68 0 2 49 5 1812 0 68 0 1405 0 194 2 91 0 0 0 0 0 0 0 12 0 0 0 0 30 0 1 16 0 0 0 4 7 106 5 0 8 0 0 0 0 6 106 0 6 23 29 524 0 0 0 0 74 73 0 0 90 88 167 0 44 0 0 0 0 5 1475 0 70 0 0 226 26 0 57 22 0 19 3 0 0 0 0 0 0 0 51 0 0 1 708 8049 0 0 834 0 11 41 0 30 203 0 5 0 1140 2 0 1 0 0 0 0 0 0 0 0 0 0 0 312 11741 459 662 3 0
 0 29 603 0 0 0 4 137 0 834 212 0 0 0 1 0 9 96 0 0 0 1092 147 0 1310 19 1 0 16 59 493 13 0 114 24 239 0 0 0 0 0 0 565 801 37 10 9 663 0 0 10 81 0 0 10 0 78 38 0 200 0 0 0 7 13 0 0 0 20 20 1551 1035 0 23 0 321 0 1065 4 364 0 0 548 0 87 0 0 2 0 124 0 198 0 119 0 4 1843 204 0 69 4 0 0 0 0 3124 0 503 0 40 5 0 37 8 0 673 0 0 0 78 12 0 0 0 0 48 0 56 0 0 12 0 30 1586 80 39 0 12 100 44 35 217 1 0 0 0 0 0 77 0
 0 583 0 4 0 0 98 1063 92 0 0 38 0 1002 0 0 0 100 72 3724 0 3 0 0 0 0 0 0 31 0 495 8 0 519 0 0 0 12 2462 37 0 0 0 43 0 306 0 286 0 127 103 14 9 0 95 20 0 0 0 33 151 0 58 8691 2186 0 54 0 1 1025 451 0 0 0 174 0 0 24 0 0 0 0 0 0 43 423 0 386 122 0 32 14 0 0 685 0 0 210 142 0 0 7 31 0 0 0 0 0 0 1565 0 7 14 0 23 158 0 195 0 0 0 309 0 0 0 60 0 0 0 0 40 0 5756 358 673 565 0 16 3264 193 30 13 0 4 16 104 250 0 17 19
 211 215 25269 0 0 0 156 0 247 0 30 0 0 0 13 0 0 0 50 0 0 0 0 0 0 0 19 31 73 450 1 0 1781 1544 0 4 0 11 235 0 58 260 0 0 0 10 0 0 0 170 0 0 0 0 0 1287 0 58 0 190 0 0 0 0 0 0 1433 0 957 383 0 28 134 0 163 0 98 52 54 41 3 210 19 0 6 7 0 0 13 0 0 0 20 91 95 0 10 0 16 0 89 0 0 147 1840 0 98 0 6 11 0 232 13 5 0 0 0 0 0 0 0 0 0 517 0 0 0 0 0 0 0 0 0 0 16 25 0 0 0 0 0 2 2223 0 24 0 0 0 0 3816
 0 0 0 52 0 0 40 0 10064 23 0 13 1 15 12 18722 604 29650 4 0 0 1 0 4 136 321 3 720 0 21 0 65 184 0 5 10 0 0 524 0 0 6 922 10 5 0 0 1 0 23 0 679 0 8 0 0 0 0 2197 5 0 44 199 0 0 0 0 0 249 0 1 0 119 9 1 4 0 0 1112 49 0 0 0 10 194 0 36 4606 0 85 10 0 793 0 0 0 0 0 0 51 0 0 0 0 0 0 0 0 0 0 0 85 2 0 0 0 0 0 0 5 0 80 0 0 0 0 0 0 0 30 0 0 0 535 0 0 1520 10836 0 0 124 0 0 0 0 11 106 204 0 7
 0 0 23 0 34 0 0 0 0 0 4 9 82 0 47 0 8 0 0 186 0 0 828 0 1752 0 0 8 0 0 58 0 0 1103 0 0 0 8 183 501 0 376 312 775 27 0 0 0 0 0 184 7 0 122 0 0 1077 22 36 0 0 263 2333 0 33 0 0 160 47 0 0 181 0 0 0 6 0 0 10 0 50 1468 80 0 0 8 0 0 144 0 0 0 0 0 21 1049 0 12 70 0 4 442 0 0 32 0 683 162 0 0 0 31 0 0 1301 12 461 10835 0 0 10 0 0 0 0 793 1 23 0 0 0 452 0 0 0 151 0 18 95 45 43 2 4176 0 274 12 43 0 0 0
 0 0 0 0 11 156 0 0 199 155 63 0 0 9 0 1 0 0 2149 14 0 160 0 9 4 40 117 0 0 381 0 0 0 0 14 2136 15 215 0 0 0 0 406 0 0 55 2462 210 0 680 518 7 0 0 90 0 0 6 231 0 0 0 50 0 11 0 0 607 3203 694 71 0 0 0 75 27 1 168 7 0 11 836 0 0 1319 0 1001 3 0 45 0 0 1833 34 0 25 0 929 0 65 10 0 179 0 0 135 0 0 0 0 37 1066 0 412 72 0 0 2 1 1 522 0 37 0 1 122 17 181 0 32 0 0 0 0 0 108 0 0 0 0 0 155 0 17 0 316 0 0 0 0
 0 0 4 0 2171 104 3 0 0 12 243 87 0 0 795 2 32 0 56 1493 8 0 0 44 0 985 129 0 2 1807 40 0 161 0 16 0 0 0 0 0 0 4 1654 16 0 0 0 0 0 28 0 0 93 2185 0 0 0 0 35 389 0 7 6 8 0 3 13 1570 1076 99 43 0 4 0 74 0 0 0 0 18 105 0 67 0 219 122 29 96 0 0 151 271 0 0 15638 11 0 0 486 83 0 0 12 0 8 421 0 9 877 0 0 0 0 0 14 177 0 0 509 0 15 0 0 0 114 0 67 0 167 0 0 0 0 3 0 0 0 0 96 41 664 410 484 0 797 0 0 0 0 0
 0 0 5 0 0 181 21 0 0 158 0 80 0 0 0 0 0 0 1 0 0 112 39 14 0 0 62 0 55 82 124 5 106 3 292 0 0 0 92 4 0 6 0 0 0 0 0 3463 0 517 0 0 0 13 0 0 91 2269 0 268 0 0 82 136 0 0 857 0 5 0 0 602 139 86 0 0 0 125 1 0 0 10510 1541 0 0 0 0 0 797 4 0 0 0 1 0 0 179 0 36 1551 44 35 0 0 510 0 0 10169 255 0 0 0 0 2327 35 0 0 0 0 0 0 0 0 0 0 0 51 529 0 0 107 228 0 0 0 1768 2 0 0 0 0 1 23 13 0 0 7 0 29 0
 0 0 7 0 0 4 0 0 0 169 0 0 12 0 137 0 722 14 94 0 0 0 0 179 0 85 0 60 0 0 116 25 0 0 1755 0 107 25 1868 0 0 0 0 0 0 7828 0 96 34 0 16 172 16 74 0 0 883 0 0 95 24 2925 0 0 0 0 370 268 0 814 0 0 296 13 0 702 1 14 0 0 4 0 0 0 0 0 0 32 37 407 0 0 0 2 347 0 502 0 0 501 0 60 0 0 0 192 158 0 0 0 0 0 0 81 0 0 77 0 0 67 0 1116 0 0 0 0 9 0 0 3816 76 0 0 0 60 300 0 0 6 154 1526 52 37 1228 0 284 0 0 0 0
 0 0 0 0 0 0 0 0 0 0 0 474 252 0 162 29 71 50 0 117 0 0 1049 0 0 815 65 0 47 0 10 0 0 43 598 81 0 0 0 188 0 0 0 0 10 1666 0 3 35 0 2 0 0 0 35 50 3131 0 119 0 0 0 0 0 0 0 0 46 0 0 0 0 106 0 0 0 103 13 14 1969 0 1722 0 0 3 1031 29 40 0 0 181 0 5 0 0 0 0 17 89 7 3541 36 80 10 0 0 3 2070 894 0 468 30 0 68 2 663 0 101 6 0 43 0 0 233 189 41 27 34 68 0 0 0 0 6 6 0 21 164 0 286 492 0 44 0 9 0 0 0 0 291
 0 13059 85 7 388 0 0 0 0 0 14 0 673 2 714 31 0 136 17 32 2 0 0 40 0 0 136 0 0 0 0 0 0 0 2082 528 0 0 34 0 43 0 0 0 0 0 168 0 289 0 35 8 11 9 0 781 90 116 0 0 0 0 4 472 0 0 350 0 645 0 0 0 0 45 0 0 0 0 0 0 0 0 7 0 0 18 7 0 63 0 0 213 24 171 0 0 1864 257 0 0 0 0 73 0 0 0 0 0 0 0 432 31 0 48 0 1451 0 8 0 274 16 785 29643 0 0 2 8526 0 30 0 939 0 0 0 9 0 0 20 17 0 0 0 868 0 0 19 302 0 416 109
 0 14 4 0 2 0 0 10 1722 49 0 0 9 6 23 8085 31 31 80 0 6 1651 2121 10 0 0 0 465 27 188 191 51 140 0 20 0 8 36 1 0 337 461 0 3176 0 0 0 0 107 0 309 0 0 0 0 0 48 123 0 0 0 63 0 0 0 0 140 11 11 46 17 12 430 87 0 0 0 58 0 0 202 0 2197 0 5 189 526 127 3836 0 0 6146 0 0 757 0 0 0 0 0 47 8 635 261 0 700 2248 0 69 0 38 494 0 0 0 0 0 366 0 0 0 0 0 0 0 0 2 0 33 0 0 0 24 0 143 0 0 63 0 18 1922 25 0 0 0 56 0 0 280 0
 9 0 0 4060 14 0 1 102 0 0 0 11 0 3 0 0 0 38 19 0 0 0 11 0 0 110 0 2 0 0 0 0 0 0 0 56 0 0 91 121 0 76 56 0 40 29 0 320 0 70 103 0 0 68 0 1396 0 0 0 0 387 0 0 0 47 77 0 176 958 602 0 0 0 0 21 1 0 0 0 0 0 11 109 0 0 528 0 975 0 1054 123 3 55 2757 0 219 0 0 0 1814 0 0 48 0 0 3 0 31 35 0 0 0 1 0 0 753 3 37 0 0 0 167 0 0 0 0 0 6 0 0 80 0 0 0 69 0 0 7 17 6 201 0 68 542 0 0 0 75 0 0
 0 0 0 113 0 0 0 0 0 0 389 338 34 29 1309 81 0 0 124 0 17 0 0 65 0 20 95 346 0 16 0 71 0 0 68 0 0 18 1 83 1157 46 10 0 0 0 0 158 103 0 0 295 111 0 0 0 0 0 0 0 256 0 0 1 6 0 0 0 0 79 0 0 0 320 1 704 1018 72 0 0 985 0 0 0 0 0 300 240 0 0 0 0 0 0 179 45 143 0 6 0 0 0 248 103 0 221 34 0 0 0 0 15 52 0 0 0 327 0 32 0 0 0 18 0 0 40 0 0 0 5 55 28 0 316 0 3 1 0 0 20 13 94 24 0 244 0 242 19 0 0
 1102 6 0 0 27 0 0 0 0 475 37 0 49 0 0 30 0 0 28 0 0 0 1300 0 0 0 53 254 81 0 0 0 66 0 0 0 0 236 0 0 5 0 82 0 0 0 75 0 0 0 479 0 0 0 21 32 0 0 6 0 2776 45 0 23 603 190 0 0 15 0 0 94 0 10 5 321 0 0 0 58 0 0 4 0 0 0 270 10 0 0 77 95 0 0 0 0 74 0 0 0 35 534 0 0 0 0 628 0 0 10744 0 88 0 136 0 98 2742 0 0 0 0 2082 1066 0 0 0 2078 93 0 0 0 6 787 0 0 0 31 0 0 0 0 0 0 0 0 0 0 0 0 6
 0 0 0 16 196 645 526 0 69 23 0 81 3 0 0 0 0 0 165 9 76 12 234 0 0 0 269 66 0 0 459 0 11 4 0 9 562 0 0 40 0 0 28 28 28 0 0 11 0 6 52 0 0 0 29 9 0 6 30 0 0 0 0 4 0 0 9 0 45 12 298 0 0 0 12 0 0 18 168 188 0 44 430 39 0 40 0 0 0 52 4 0 10 0 2 0 21 0 34 0 9 1424 3 0 13 18 433 0 0 34 5801 2 0 1354 0 48 6 1850 42 0 0 0 2750 22 7 754 1 596 4716 0 52 0 687 0 0 0 259 25242 82 0 0 0 0 0 88 0 12 201 0 0
 10 0 0 69 41 84 0 7 0 22 0 0 126 87 0 34 0 99 3989 455 1107 0 2 234 0 0 0 1098 233 0 0 46 2 20 0 33 0 0 0 0 76 112 0 0 2540 0 0 302 7 0 9 228 0 209 18 35 0 0 0 0 325 217 0 0 0 74 12 0 87 16 795 0 0 0 40 5 0 0 0 197 0 0 0 0 0 0 5 0 21 0 8 0 26 1 0 13 0 1 0 13 0 0 303 0 6 0 0 0 0 0 516 0 37 154 0 0 0 0 703 0 0 0 221 77 0 0 0 0 0 142 0 0 10 95 10 0 0 0 0 0 0 0 50 42 474 0 20 0 2 0
 16 23 70 0 20 2939 7 0 26 342 0 16 54 90 0 75 439 69 0 27 0 6 0 501 0 0 3 51 0 0 0 54 211 223 0 80 127 0 0 0 473 0 0 14 0 4 0 226 0 11 0 195 2 0 0 30 0 1236 48 1117 5392 0 0 347 0 0 101 0 0 77 911 797 0 2023 2 8 3 0 0 0 1 347 0 6 36 0 54 0 0 37 3230 46 145 83 0 0 1851 0 45 298 223 18 38 0 128 0 0 5 0 49 268 410 48 0 2178 0 0 0 0 379 6 0 13 0 0 312 0 0 1065 0 3 0 0 0 0 0 0 0 0 0 32 0 0 0 0 0 14 0 0 0
 66 26 1081 0 13 10 0 0 0 0 0 0 0 139 7 41 0 1 0 0 29 0 0 8 0 69 149 0 0 1286 123 79 2 0 0 49 0 44 0 565 1969 0 48 0 0 0 8 74 1 7 396 0 0 268 0 0 5271 0 0 0 0 0 0 478 0 17 0 0 0 249 0 32 0 1039 0 3 14 16 0 0 0 0 0 0 62 0 0 29 78 0 24 16 0 0 0 0 3 46 1 1315 0 0 0 0 0 0 0 0 0 301 0 0 11 1711 0 0 0 0 358 95 1 22 8699 4 0 0 0 113 0 0 0 0 34 0 1224 0 0 1115 340 462 0 15 68 3 2 0 32 15 0 22
 0 13 0 0 0 0 0 0 3 122 359 0 0 0 0 0 0 0 0 0 0 0 0 6 0 0 13 1512 0 5 0 37 112 0 65 41 0 0 0 0 0 735 967 0 82 97 7 0 18 0 2 306 0 0 0 0 2 0 0 0 1 0 0 0 0 107 0 8530 0 12 137 10 0 535 0 245 1 167 27 0 0 298 0 0 6 0 130 8 0 165 22 0 0 0 28 0 0 0 0 0 0 0 0 31 0 0 159 730 0 0 6 543 0 6 0 0 482 348 1846 171 20 724 0 0 0 0 0 0 0 0 19 0 0 0 0 0 20 2432 165 15 16 0 0 399 0 44 1776 173 3945 0
 11 37 18 169 53 71 33 0 108 226 493 0 202 0 28 102 8 0 8 0 0 0 31 350 0 19 1808 0 0 162 0 0 2259 0 0 2214 0 1 48 0 3 3 0 0 65 0 0 828 0 22 0 18 527 0 0 10836 0 167 928 0 51 0 0 0 510 0 53 4 0 1 7 122 0 0 0 0 13 39 9 50 0 0 0 5 3 0 0 8 445 0 14 0 0 0 1151 8 0 6 94 278 0 0 100 0 0 0 706 0 10 0 0 0 0 54 491 37 689 506 0 0 0 0 1554 49 0 0 28 0 0 0 0 0 2 0 0 0 16 202 0 0 0 0 51 11 0 11 493 0 0 36
 0 0 26 0 588 62 0 1051 1069 37 110 0 0 0 58 0 0 0 0 1117 50 0 1104 0 0 343 684 0 160 0 26 0 0 213 0 598 0 0 223 3138 0 0 2476 201 23 0 0 0 0 14 3133 0 2 0 22 0 1716 2 0 1111 0 0 0 0 0 0 848 0 94 2 0 0 0 25027 9 54 0 5964 22 0 850 0 13 6 6 0 0 0 0 0 0 0 1730 0 0 0 0 16 6 60 0 0 0 1661 158 0 0 45 41 0 29 73 0 0 0 0 0 0 31 0 0 42 508 8 361 30 0 2452 0 0 3 0 0 85 0 0 211 688 0 164 0 47 0 0 34 57 0 0 69 0
 0 189 30 92 69 0 13 0 18 32 745 0 0 517 40 9 852 1512 38 0 0 9 0 346 0 138 42 0 225 0 0 1099 0 0 0 0 0 0 76 30 542 0 33 0 100 1083 2 1 0 152 526 0 0 0 0 339 0 121 0 0 9 0 55 0 0 69 0 830 0 0 4700 0 191 0 0 242 0 91 0 74 452 0 0 0 2 55 250 8 777 0 0 0 25 0 29 0 0 0 0 0 793 0 26 0 248 56 682 175 64 0 273 9 0 0 227 57 53 22 0 36 42 704 0 267 0 0 734 72 1189 16 0 0 0 3 0 3 87 0 0 0 1 0 53 0 14 0 78 0 0 201
 1 211 0 0 28 0 3 3 11 0 0 163 0 0 0 0 2 0 15 8 0 0 132 0 73 0 0 0 0 0 0 0 0 0 0 163 19 0 33 31 0 0 262 1 0 0 35 0 0 0 266 71 1088 0 0 8014 1648 15 0 0 7 0 1195 0 16 0 0 121 0 0 0 0 13 0 0 534 780 7 40 361 0 2208 0 0 0 1386 5152 248 0 0 0 0 4752 0 0 1096 0 0 0 2 0 612 37 7 320 0 36 3 0 791 0 0 23 39 4 0 503 0 0 2 2250 0 7 12 0 0 917 0 180 16 750 0 0 323 0 33 202 541 0 0 0 0 244 462 0 522 0 0 0 0
 0 0 488 37 0 11 44 0 0 1621 0 0 0 68 411 168 92 0 0 0 0 0 25 0 3 0 0 0 0 0 0 37 0 37 0 1239 38 0 0 0 0 0 0 0 101 0 0 0 3 46 0 0 0 0 359 123 0 0 0 35 22 8 0 60 18 0 269 5184 1 10 38 5 37 923 0 141 0 0 543 0 0 0 4 0 0 0 0 232 0 0 0 967 4 6 1060 36 0 0 0 4 0 0 0 0 26 204 0 0 122 30 0 0 0 31 0 0 482 106 0 0 556 0 0 0 0 0 110 0 48 0 40 0 0 33 0 1 0 0 227 0 0 0 0 79 60 4 0 109 0 0
 0 0 0 23 260 112 0 17 0 291 11 985 0 0 0 0 0 0 14 0 0 470 44 0 39 0 0 0 0 267 70 0 0 175 0 45 9 811 7 84 0 0 36 0 391 216 43 0 0 21 0 0 0 0 0 0 0 0 167 0 0 0 0 186 0 0 60 110 0 232 0 22 17 9 1 0 0 0 0 0 0 0 21 9 29 268 1 482 0 17 39 136 32 749 0 74 2 0 0 4 0 247 1454 23 91 0 0 0 0 0 0 0 0 0 0 695 0 33 32 0 3 0 0 0 0 50 10 0 528 0 254 0 0 264 7 0 0 339 439 68 0 920 87 482 0 3042 222 2201 0 2222
 0 0 0 0 28 173 0 467 0 0 356 19 0 0 5 49 52 17 10 0 35 41 2 0 0 565 0 0 38 13 0 13 0 290 57 1031 0 0 4 1047 0 0 0 187 0 0 0 110 42 0 0 0 67 144 9 0 0 0 0 1251 0 0 0 0 0 0 51 3444 0 0 0 0 137 8 0 220 816 41 417 42 113 0 0 76 0 12 0 0 35 1786 3626 0 0 0 0 21 0 31 984 0 0 296 0 0 65 4 0 0 0 596 0 3953 11 0 0 14 0 0 0 247 531 202 3 496 88 0 83 0 0 0 14 1 0 23 148 0 0 0 184 0 0 306 0 0 2 0 10807 0 0 0
 0 0 375 0 0 0 926 47 32 1254 1097 0 4746 308 50 716 44 96 0 0 0 337 0 12 689 570 0 7 0 0 0 0 0 0 11 0 3 9 388 15 0 0 0 0 112 0 0 0 0 0 645 0 448 0 0 0 0 0 28 22 28 78 0 44 0 0 45 13 0 0 0 585 0 0 72 0 0 58 0 126 903 0 0 6 0 408 29 88 0 64 217 0 0 4066 442 65 0 197 0 229 0 3 0 0 0 0 0 0 19 0 172 0 16 0 0 3 14 0 0 0 0 0 0 0 0 0 0 1512 21 0 105 90 2 0 2 0 0 0 0 0 0 0 196 20 0 97 0 350 0 0
 153 89 22 0 960 0 0 135 0 339 0 792 90 0 0 1849 0 644 203 353 149 25 94 0 1 184 1 15 394 0 0 0 0 0 4 0 132 8453 49 21 0 170 0 2 0 0 819 0 35 23 54 0 0 35 0 0 387 91 0 0 0 11 0 60 0 0 40 0 0 1311 0 0 0 0 5 9865 1846 0 0 0 69 0 0 0 0 135 0 0 14111 51 148 0 153 0 0 0 0 97 0 0 0 0 0 0 227 57 40 44 3 0 37 18 189 0 75 0 0 2268 0 0 2 67 0 0 0 36 294 0 11 0 0 0 1 109 7399 49 0 0 48 0 38 0 16 0 845 4 71 4 0 0
 15 20 154 0 6 0 17 109 63 0 0 0 0 0 0 0 35 0 42 0 0 0 0 0 1 1694 4 0 0 0 0 0 72 306 0 15 0 0 0 0 90 0 0 14 50 0 0 355 522 0 16 7 0 87 0 0 343 0 1144 0 0 0 0 0 0 14 0 0 35 0 0 833 0 11 0 0 2 0 430 0 19 0 2 142 501 0 0 0 10 0 0 5 0 52 29 19 0 0 0 0 82 0 298 8100 282 199 130 44 4 107 0 0 0 0 0 0 39 0 13 23 0 0 0 0 407 226 0 0 889 0 27 19 2242 0 19 19 4079 0 27 15 69 0 0 0 0 9 0 690 0 87
 6 0 0 0 0 13 79 550 0 0 13 0 713 0 0 0 55 0 0 0 21 0 0 0 0 0 104 0 0 0 0 0 186 0 7 10 44 0 2 0 71 0 35 0 0 56 0 80 0 69 21 12 0 0 0 0 31 0 0 0 1386 1672 0 0 0 14 0 0 649 3 15 0 85 1711 0 24 0 562 0 2 22 6 0 71 0 0 0 0 51 0 0 228 0 1222 0 0 0 2 0 47 0 0 92 20 356 0 0 6 0 50 299 0 0 0 9 0 0 225 645 60 0 4 0 0 642 0 0 2 0 0 0 12 947 0 0 12 0 187 0 0 0 12 3 0 0 0 0 285 449 0
 85 71 309 26 0 0 0 0 0 242 203 0 1716 136 281 0 0 9 34 1032 0 47 1031 0 0 0 11 7 267 0 0 433 0 8 907 3 604 0 9 0 83 0 7 0 0 0 0 175 0 1781 2 0 1 0 13 0 0 26 0 4 0 273 0 15 19 0 492 36 0 554 18 0 25 0 0 0 0 0 0 0 57 77 219 1162 0 0 0 0 0 16 5 0 0 0 20 541 0 63 0 0 22 0 0 0 0 0 575 0 0 441 698 0 168 0 0 168 0 0 0 58 0 0 144 0 0 1041 0 8 1849 0 0 11 0 0 61 6 0 38 101 328 1 1 3 0 569 60 191 0 0 0
 69 0 0 0 376 35 213 5 0 0 966 0 0 50 0 0 0 0 0 0 701 1091 0 0 4 1 5 0 26 0 0 491 0 703 93 0 0 0 0 0 0 1465 0 1051 0 0 0 610 0 0 335 10 0 0 996 1657 0 244 0 0 0 210 2197 79 10 0 69 1 1066 0 0 0 136 0 40 6 0 0 1 0 4 1277 9 0 0 14 31 3 0 0 968 0 0 0 0 0 0 0 0 191 0 0 0 0 691 33 62 23 338 0 35 0 2293 6 64 14109 24 0 0 1843 12 2755 101 97 15 0 0 0 32 4976 34 569 0 3 18 302 0 508 77 52 0 13 0 0 0 0 0 201 0 0
 0 0 0 76 0 36 0 0 29 1206 0 164 0 0 0 0 24 0 7 9 0 491 0 0 0 147 2 0 71 33 0 685 78 36 0 0 0 29 48 0 165 0 0 13 67 82 0 0 37 0 0 996 1310 0 182 0 4268 0 1237 91 509 0 0 241 0 46 34 265 0 0 4 0 543 51 0 0 0 32 0 0 0 0 0 0 0 0 8 0 0 316 191 133 0 26 0 0 493 2 0 948 0 244 168 0 52 0 0 0 0 0 486 0 485 0 11 24 0 0 0 0 0 83 0 0 0 1454 50 0 0 0 0 0 5329 23 60 0 0 250 0 0 406 0 0 0 1 0 0 0 5 10
 0 0 0 633 0 3982 871 347 0 0 0 5 725 0 0 200 72 0 1104 0 0 0 763 0 2 12 165 0 0 59 12 0 47 0 22 0 0 31 0 0 0 395 232 0 301 1099 0 0 9 0 1711 32 214 0 0 996 0 0 0 0 4 0 50 1322 0 0 0 0 0 0 37 0 306 0 32 0 0 44 376 187 10 29 488 0 0 76 0 249 0 0 6 147 0 20 10 0 8 1537 0 0 5 0 0 109 0 3 0 3 0 0 0 20 0 0 0 8 0 0 0 143 104 8 0 0 77 0 0 0 0 0 37 0 0 0 7 1540 19 0 0 11 14 0 0 19 0 0 0 257 0 0
 60 0 0 609 38 0 0 42 0 25263 0 544 0 0 0 0 0 1516 8 0 0 56 0 503 28 202 0 0 0 131 0 4 0 1 189 2 0 0 90 0 0 46 0 0 1507 20 480 44 0 142 19 0 33 246 0 21 0 51 0 3 0 0 0 0 122 0 1001 0 786 0 0 0 0 30 0 20 0 64 0 0 22 0 25 0 258 8 0 643 0 122 0 3082 81 0 3009 1461 0 1189 413 0 0 108 67 0 0 0 0 0 472 563 631 0 0 58 65 0 13 1 44 1781 0 0 0 0 7 0 26 833 0 118 687 26 42 0 0 0 0 0 0 49 4 34 12 3 0 0 2412 0 0 0
 244 109 35 183 0 0 0 2 862 0 12 0 0 833 0 0 13 0 685 70 5 53 1429 1 485 80 523 134 0 0 2 0 0 0 0 44 1 25 0 25 0 0 0 0 0 367 53 0 0 145 0 239 70 6 127 36 0 63 470 0 476 35 22 0 0 0 69 43 7 395 33 0 0 12 8 0 523 751 35 0 471 690 0 0 0 0 0 54 0 0 0 21 21 0 0 97 1429 0 1 83 1 0 0 37 55 205 0 10 13 0 209 0 8 0 5 562 12 0 55 0 48 0 0 0 26 12 117 0 0 0 0 658 0 0 81 41 0 0 0 260 3 0 12 358 112 36 0 0 0 0
 108 2247 74 307 60 25 0 0 0 12 80 6 8100 2 0 0 0 0 0 0 0 109 0 5 0 46 29 12 0 0 1061 36 434 1601 264 77 0 0 41 972 0 0 3 0 0 0 0 0 0 0 0 0 0 0 0 91 0 31 0 0 1 0 65 356 1 2 0 0 17 0 507 18 0 0 0 2768 0 0 80 0 60 7 10 17 0 273 0 1414 463 8358 2057 12 0 0 389 0 158 0 0 4555 1679 11 69 0 16 0 0 13 0 0 1104 0 0 0 0 41 2111 0 0 364 0 7 3 123 0 249 14 177 0 0 0 0 0 0 247 303 0 0 18 0 132 0 127 0 257 0 0 2 0 0
 0 0 0 0 0 0 0 179 0 0 0 0 0 0 0 120 1207 10 0 0 860 78 13 0 44 0 3 0 1 0 39 0 0 0 71 0 1 257 0 0 0 0 0 0 11 9 0 0 199 6 0 0 57 0 4 676 0 67 0 0 0 1195 28 0 0 619 19 0 0 0 56 64 4 2 883 0 26 0 109 0 0 3 401 6 0 0 0 0 0 0 0 29 0 0 0 0 4 0 0 89 221 255 690 0 0 39 0 0 11 0 63 0 831 0 0 0 1752 1081 0 4 0 1 6316 9 0 36 0 38 0 0 1227 6 3009 6839 0 121 0 4 0 0 0 0 0 0 0 7 0 0 1 0
 0 86 0 0 0 1541 383 0 658 0 0 0 0 0 0 0 0 0 3222 0 0 28 13 0 0 1104 6 0 188 0 1732 0 0 3 706 0 30 0 23 0 15 0 48 24 71 31 0 0 47 0 0 0 0 25 0 0 708 0 12 201 0 0 517 0 35 0 0 8 0 2603 33 937 0 2274 0 105 0 0 3878 0 0 5182 15 188 145 0 11 42 0 34 168 264 65 48 0 0 469 7 9 0 49 0 0 17 0 0 0 0 3 8 85 0 0 0 10 113 0 95 672 0 36 0 317 7 0 0 77 0 0 0 22 662 0 176 0 18 2 29537 3 0 0 52 108 0 78 0 565 0 5 0
 28 0 0 212 0 0 0 0 0 0 47 162 0 656 69 0 0 0 0 0 0 0 0 0 74 0 157 1 0 16 33 0 0 0 0 17 0 0 0 0 0 50 0 0 0 0 0 77 0 0 4725 0 0 297 1356 126 0 171 0 0 26 0 0 0 0 0 0 0 0 1451 17 0 0 4 39 0 0 0 6 0 0 0 0 0 0 70 0 723 6057 0 93 0 0 446 0 0 0 0 670 2 0 0 0 0 1 0 19 0 0 0 63 0 0 9 0 0 11828 0 0 0 629 8 0 22 0 0 90 0 12 0 21 0 53 0 48 55 19 7 56 105 0 1 2 0 234 34 0 0 4 0
 0 0 0 19 1 0 154 0 0 0 317 0 0 0 369 0 620 0 0 236 77 5 0 0 0 3607 0 4 3 261 0 0 0 0 0 0 0 0 0 0 0 77 0 16 0 8 3 0 11 106 10 0 0 23 0 0 0 0 0 0 101 0 18 0 0 4 0 801 0 0 0 3 96 0 0 2 0 2776 4 27 13 0 6991 1 0 1404 3 64 0 526 0 7 39 0 5 0 0 0 0 26 18 3 0 47 59 0 0 0 0 21 48 45 59 7 0 0 0 0 286 43 0 0 4721 34 0 0 0 0 67 144 0 0 428 0 0 0 0 0 0 0 0 2 0 0 825 4 1630 362 0 33
 503 0 3 598 0 240 0 249 1298 0 0 0 1147 259 0 36 429 0 0 27 0 0 0 0 12 4 7 0 381 30 0 0 61 0 0 0 0 0 0 0 154 233 473 184 258 0 0 0 0 85 20 0 22 0 0 2 0 1773 81 52 0 1038 10 0 357 364 0 0 0 9 0 39 143 0 0 156 0 35 3 51 219 29 0 96 0 0 0 187 2094 70 0 87 0 0 0 31 0 0 56 42 0 0 0 80 46 0 0 0 0 10 64 1 0 171 5 0 0 117 55 0 0 77 493 0 49 0 780 12 117 0 0 84 17 0 0 134 265 0 0 0 0 10838 0 0 1 0 0 0 323 0
 0 344 0 0 0 10 70 0 6 0 0 564 52 14 600 10838 0 0 0 0 0 0 55 0 0 17 0 0 830 0 7 0 77 0 0 0 13 0 0 0 1 37 0 0 0 39 37 0 46 476 55 0 0 186 21 0 0 0 0 29 0 46 65 1 0 0 787 616 0 0 0 0 0 1367 0 0 0 0 0 0 56 0 0 86 0 13 51 87 0 0 294 622 0 50 0 0 0 0 252 0 118 1965 291 45 0 96 68 24 0 180 18 264 6769 465 78 0 435 7 13 255 35 123 0 187 1 0 0 215 0 465 97 0 0 113 0 1 0 0 0 541 41 401 0 482 60 67 298 0 0 0
 4 0 0 476 40 0 0 0 494 0 0 94 1 0 23 112 0 0 552 0 179 30 0 64 152 0 201 105 4 14 0 0 5277 11 3 294 26 0 0 0 108 1 0 0 6 61 0 7 0 1 0 672 0 0 139 140 74 1 0 350 0 0 79 989 10 55 1571 15 0 1 0 330 0 1 0 48 465 508 0 0 0 0 0 0 0 493 44 10 0 0 108 13 49 0 2265 0 59 8 0 17 0 0 0 291 43 156 16 68 4172 0 0 0 6133 470 0 11 150 0 0 0 7 59 69 493 0 0 0 0 110 0 0 5 0 0 1104 0 0 0 0 34 14 0 254 0 0 0 144 0 15 151
 0 0 164 139 1058 3 0 7 1997 123 0 0 0 0 528 1150 637 0 66 0 0 0 0 734 15 0 0 0 71 0 0 0 0 0 10 4063 139 0 0 0 230 0 26 28 0 0 0 0 0 320 411 0 74 0 0 1784 0 0 0 4 10 0 88 0 0 0 0 308 2057 3 233 178 48 24 0 0 0 128 77 65 0 0 0 0 0 0 212 0 0 0 2 0 0 0 3631 0 0 130 0 0 0 0 146 0 44 22 0 0 0 0 218 0 0 0 17 0 0 0 0 1 0 0 0 75 0 0 0 0 4 1044 0 14 6 0 0 0 0 175 10 13 50 0 0 0 8 0 0 24 177 0
 689 24 554 0 8041 55 0 0 114 0 0 0 0 686 0 0 0 0 0 30 0 3 0 32 34 483 4 204 0 0 0 159 0 4 1 0 0 0 0 0 216 21 985 340 0 0 0 1 0 38 10838 0 117 240 2248 13 210 0 16 0 71 842 690 72 0 0 56 0 100 0 0 0 0 1500 0 0 41 120 41 2322 0 0 13 0 270 0 142 0 0 10809 0 0 39 0 0 0 29 0 0 38 84 1 0 0 0 0 0 1661 0 52 0 0 74 0 39 22 0 0 0 6 0 5 0 64 301 0 78 0 0 0 32 730 0 69 3 0 0 0 27 0 813 81 0 0 138 73 0 0 86 6
 0 220 53 0 0 0 1381 0 2 312 0 34 7 74 0 0 447 0 30 434 7650 0 0 0 3 0 1 0 18 0 0 0 22 0 0 0 0 16 16 262 22 19 3298 506 0 0 0 2 49 0 0 36 31 676 137 0 26 0 1 2 10 0 3 0 51 10 63 0 0 0 0 33 0 0 0 57 0 79 0 0 4 0 0 14 41 1032 1085 0 0 4 0 0 6870 27 49 33 56 338 3 0 580 51 0 0 33 491 20 0 16 1068 483 75 0 0 0 1023 0 80 14 1534 5888 0 0 98 0 0 0 29 0 10 0 895 0 298 267 0 29 0 76 0 77 508 0 0 168 200 0 25 0 317
 7 30 0 0 0 0 0 0 77 1 0 8 0 19 132 15 0 0 0 5 36 6 7 50 0 14 0 0 32 0 16 0 0 3 0 0 0 32 0 475 0 399 3 11 0 8 2043 0 0 0 0 0 0 140 212 0 5 100 0 0 10 14 83 0 0 0 0 4 0 21 53 0 60 104 265 9 0 140 0 292 0 0 0 55 134 111 144 0 0 0 87 0 0 0 2 0 0 60 0 323 1400 13 0 0 43 0 1964 0 0 6865 0 395 1647 0 0 0 0 173 0 33 0 1 41 0 0 0 0 0 0 0 2265 63 0 0 0 68 0 0 9 0 4727 0 0 0 156 50 0 694 0 0
 0 4 0 0 0 0 6 1697 0 0 208 0 8 0 2 0 0 0 0 8 5 45 0 217 0 0 386 0 4 0 0 0 143 35 0 0 43 0 0 0 1 0 0 79 0 7 6 93 0 0 0 1597 0 205 0 0 0 13 0 39 2 0 1 366 135 0 0 436 0 1104 0 0 36 233 0 66 7 5 131 0 0 0 402 0 136 18 0 0 0 0 93 0 399 216 0 0 43 0 0 56 17 13 28 0 33 43 0 21 1 1 2 10838 0 40 1469 0 1 624 0 0 1469 1833 0 701 884 1966 49 31 5 0 0 144 0 12 0 9 441 0 0 44 879 0 0 0 357 0 50 0 47 0
 63 446 1 0 320 15 2040 0 241 381 0 20 0 0 46 0 0 55 0 981 8 0 6941 0 0 47 11 0 359 0 0 0 0 3 37 212 0 0 0 1 0 0 3101 0 154 0 0 1350 107 37 4752 4 0 0 0 31 13 0 15 0 0 0 19 10653 102 0 1768 1693 1041 7 92 14 2 0 0 181 0 0 3143 7 0 47 0 0 893 0 91 373 0 0 0 0 0 187 0 44 0 1930 0 3 0 0 0 308 0 0 0 0 0 0 0 0 0 0 41 0 189 0 0 26 0 2030 63 13070 0 1914 56 74 0 1168 546 0 0 0 542 0 1 168 0 0 0 1 0 0 0 0 0 133 12 21
 132 0 0 6 352 0 0 361 10 0 264 1 0 0 53 0 0 1606 0 0 11 0 37 0 0 0 0 0 0 0 16 42 0 0 0 0 0 0 51 0 51 1681 0 0 125 530 0 0 0 242 432 0 0 0 591 0 0 13702 30 0 30 1654 4 8 0 43 2776 60 0 0 0 41 0 33 0 0 0 28 0 244 0 0 679 669 280 8 0 0 88 0 0 0 0 143 0 0 0 0 0 0 0 0 0 4 0 105 0 224 0 26 926 0 82 17623 0 0 0 0 90 0 0 365 0 0 124 0 97 0 302 0 0 8 2 2073 0 155 32 0 2 0 220 28 0 5 0 0 0 0 6 0
 0 0 0 0 1 0 2077 6 0 7 0 0 0 0 0 246 0 99 0 0 0 0 66 2178 0 0 73 0 57 0 0 0 80 386 0 0 0 0 76 0 0 28 0 402 10 24 0 66 0 0 15 0 0 0 0 2 8 0 0 117 0 0 0 0 0 20 38 208 0 0 0 39 0 0 0 8049 0 171 0 3 0 0 502 34 269 0 0 0 146 183 22 229 20 0 152 49 0 0 119 255 0 0 0 428 42 4 0 0 0 72 5 207 0 403 0 0 667 0 2 6060 207 0 0 0 161 4 0 0 0 0 245 676 0 5 43 0 0 0 0 0 151 0 192 0 892 0 2 9 103 68
 87 0 0 0 165 0 21 0 0 0 0 296 0 4 0 0 209 0 835 0 65 0 184 3299 0 0 0 76 0 27 161 27 0 0 0 317 0 0 162 3294 331 87 1119 0 0 4 793 0 0 0 523 164 335 0 0 0 12 0 42 0 0 0 0 37 7 240 65 1430 21 36 2730 0 0 171 0 0 0 0 27 51 4457 141 0 0 48 0 0 0 21 155 0 0 0 18 16 0 0 0 0 702 0 366 0 0 14 0 66 0 0 891 0 157 0 0 6 673 31 0 0 83 0 0 0 0 80 0 58 528 47 0 0 27 366 0 5 0 0 903 0 37 0 1 51 0 2250 442 13 0 0 0
 0 0 2 0 2 2 0 0 39 0 0 0 0 0 0 0 37 0 0 0 0 0 91 9 0 0 0 0 666 0 0 0 201 31 55 7832 0 4043 0 9 6991 0 0 0 16 0 0 0 0 28 38 0 0 0 14 46 0 0 78 0 62 0 21 10 0 0 0 0 0 0 557 1101 43 0 0 0 0 0 0 0 5 0 0 0 19 345 154 28 694 6383 0 0 200 47 0 461 8 10 541 0 0 0 0 0 29 1097 135 31 0 4 0 0 12 71 0 0 0 12 0 122 0 0 0 0 0 55 198 0 19 83 0 8 59 0 0 0 0 0 86 0 0 312 19 48 16 0 0 0 7 0
 0 0 0 0 68 12 0 7 0 0 0 0 75 0 0 143 14 0 0 0 0 127 0 0 0 0 10 0 0 0 8 119 1 0 0 2041 5 0 0 829 62 0 0 0 92 59 452 0 0 0 191 0 0 0 0 0 102 0 0 85 0 108 877 0 0 0 0 4 0 4 0 77 10308 0 17 421 0 47 84 0 8 0 0 644 2186 317 808 0 147 0 14 0 0 3 0 0 181 5 0 119 104 0 0 74 0 0 164 29 0 0 108 24 0 4 8 0 0 76 0 1 64 0 30 35 0 0 0 14 0 0 0 749 0 17 0 0 324 79 0 0 0 0 0 0 247 45 0 599 300 21
 0 1120 10 4 0 0 443 154 0 0 7 0 2668 40 0 0 17 0 191 143 71 0 4 0 0 0 85 0 9 405 0 106 0 0 0 208 494 0 0 0 0 19 7 0 0 0 120 0 0 522 12 0 946 4162 32 0 5 866 0 0 0 247 444 0 583 0 33 0 0 0 7 0 0 0 0 35 583 0 139 0 0 0 0 16 0 0 0 724 650 462 0 0 0 0 15 0 0 7 0 1063 11 1062 149 0 40 0 0 64 6 0 60 142 0 84 90 0 0 0 0 0 0 0 0 110 0 0 18 110 65 19 0 0 0 0 79 584 1 0 0 39 179 88 0 2 0 0 0 0 0 17
 46 0 1 1 165 0 20 791 0 0 0 0 1842 1 0 0 0 133 0 0 645 0 21 0 2 0 199 287 99 0 0 234 0 0 237 0 0 63 0 0 0 0 0 0 121 0 5 0 0 0 0 0 1 23 0 62 0 0 0 0 202 4172 21 0 42 106 468 0 35 111 14 0 0 0 0 0 0 159 0 0 1 0 0 0 63 19 0 36 0 0 75 0 77 134 0 0 0 0 52 0 53 145 0 0 0 354 1 10 0 0 40 0 0 269 205 9 359 0 0 0 0 54 0 0 1104 6 0 0 8 0 633 0 0 0 492 4 4 6 361 552 0 80 549 109 0 0 27 34 88 0
 1897 0 2 25 0 0 48 0 82 19 0 7 0 0 0 0 23 17 0 679 0 0 0 0 0 26 0 9 0 4 5186 0 6 35 1136 0 150 0 0 877 1 0 26 3 554 0 0 10 0 0 0 0 91 0 0 741 1 23 146 92 0 611 90 0 0 36 53 20 0 0 0 0 23 25259 0 0 61 0 0 0 104 0 1 0 0 2261 0 0 815 0 37 2353 0 8 0 0 607 0 0 0 2 0 0 822 196 4 0 0 0 0 98 0 7 0 0 337 0 0 0 26 0 0 0 0 104 8699 0 1 0 0 0 0 1566 0 0 0 299 0 2 1290 16 0 0 0 0 0 0 0 139 0
 397 144 202 199 233 1386 0 0 0 73 0 17 0 0 0 180 41 0 0 1140 283 0 197 169 0 24 0 0 1 15 0 90 40 0 57 0 87 0 0 0 231 0 0 16 0 0 0 40 0 684 72 0 0 0 0 0 0 13 348 5 15 1 712 0 0 0 43 198 0 152 544 10 0 249 0 0 161 0 0 25 0 1 1695 0 0 115 274 4 0 0 0 316 25 6 0 0 29 12 0 1 0 0 0 2372 8 0 0 1094 1 922 0 0 19 266 66 2 0 0 0 621 0 0 0 903 0 3 78 117 206 239 0 0 0 88 0 0 0 115 0 205 161 30 1334 100 0 288 0 50 10 0
 172 0 0 23 0 0 8631 0 51 217 0 475 0 1 0 27 226 0 0 169 0 0 0 0 4 2112 0 0 48 0 0 0 253 4 0 0 20 17 0 0 0 65 269 0 0 0 0 0 0 414 6983 0 0 0 17 0 0 235 0 0 0 25 0 296 0 81 0 0 15 0 2 0 57 95 0 0 0 0 0 7 0 0 0 0 5 0 0 23 0 0 0 0 3 0 0 36 0 0 683 0 0 113 0 630 0 0 0 0 20 0 266 0 0 0 0 78 2 0 0 3 97 0 0 0 2278 0 227 1382 0 1526 162 23 14 6 0 0 0 8692 2208 0 0 0 100 16 373 0 0 191 0 0
 0 458 0 0 79 0 0 0 0 0 1515 0 16 359 2 127 1 0 482 0 0 358 18 0 48 2 199 36 0 0 670 0 0 0 0 0 899 1058 71 28 585 1 50 0 0 0 6 0 0 0 0 1107 26 0 0 27 0 0 4 0 43 175 40 0 0 0 652 1605 0 0 77 0 145 4108 31 76 0 0 0 0 66 0 0 0 0 0 349 0 75 2 35 0 510 0 1397 0 107 219 0 0 23 0 0 0 67 548 0 91 0 201 21 0 2 66 0 1 119 11 11 0 12 3 3 33 0 19 1 0 996 0 0 0 0 0 28 344 0 0 0 93 16 0 0 112 0 231 595 0 0 32
 0 17 36 0 3970 6 145 958 0 723 1668 89 0 0 147 0 0 0 0 0 0 0 0 87 0 365 0 0 12 0 0 0 0 0 0 694 64 169 186 104 0 701 0 0 291 0 1 43 0 0 0 0 10 0 1876 10 0 0 0 12 0 1855 0 89 2 19 4 0 0 0 502 0 172 0 1295 124 0 0 0 0 0 0 5 564 825 0 17 0 31 0 0 0 0 0 101 2692 0 0 0 0 209 0 0 0 27 0 0 0 0 0 0 58 580 69 43 664 0 13 20 19 0 0 503 0 0 0 0 0 0 21 76 10 14 593 198 29 82 32 11 0 126 0 0 37 101 0 0 8 0 15659
 0 0 0 0 559 10 1117 0 72 0 2264 0 0 0 21 716 0 67 0 0 24 0 0 0 0 61 143 10 0 0 0 3143 0 0 4 0 0 1318 0 241 4 0 0 0 0 0 4 0 401 0 3 0 734 52 0 48 4 0 0 212 1924 0 6 180 0 0 4 0 0 0 15 11820 0 0 0 0 0 0 0 0 0 8 0 350 97 0 13341 58 1298 1211 0 0 38 1522 3 120 0 0 0 0 0 0 319 0 13 9 42 0 43 0 1177 503 0 61 0 304 10 0 171 0 0 0 2 68 250 1781 0 0 0 421 142 1868 0 0 121 45 7 8 0 0 0 0 0 0 0 0 5 0 17 12
 550 0 0 142 18 0 0 0 1394 0 542 496 492 0 21 73 0 1453 0 0 77 0 0 0 507 643 0 11 151 1 13 15 0 51 1103 40 12 51 0 0 58 0 266 0 45 0 0 0 0 0 0 0 0 61 0 2 0 10 68 135 0 0 157 0 95 1 113 16 0 160 30 1008 0 0 0 0 486 0 0 0 0 0 0 91 4 0 28 79 0 0 55 0 238 4 0 0 0 0 0 0 0 526 0 0 0 0 0 503 0 0 0 1091 6147 91 0 0 0 100 0 178 0 2 0 2 469 17 0 7 0 0 143 0 0 0 120 13 0 19 263 0 10 212 0 767 409 512 0 422 118 264
 64 0 0 0 45 0 17 768 63 40 181 0 59 738 50 0 11 14074 0 102 0 0 0 7 0 0 0 0 548 255 147 0 0 0 247 2969 0 0 3 0 0 0 0 0 417 0 37 2 0 29403 109 34 0 95 0 0 158 0 0 0 4 0 318 332 0 0 50 4298 0 66 887 296 13 121 0 0 0 4038 308 224 0 38 0 117 0 0 423 76 0 0 12 0 70 0 0 0 1828 90 48 144 1250 0 0 0 90 0 0 138 0 8 0 0 0 1846 0 29 0 0 139 0 16 203 0 0 15 0 200 0 0 0 0 0 2 3 0 0 10 0 2 0 0 0 61 0 0 0 0 0 0 32
 0 0 0 0 0 0 0 0 928 22 0 0 37 0 299 39 24 20 0 6 76 13 0 55 27 0 0 231 885 26 0 22 377 0 0 3 0 561 32 156 0 111 1 0 0 0 0 0 16 13 383 0 0 155 0 1620 0 0 0 0 0 496 70 0 0 3286 3 34 0 0 0 16 0 318 0 6073 0 554 0 0 0 0 245 192 0 472 0 0 0 72 0 92 0 0 68 0 0 0 526 1 121 0 365 3 0 349 53 36 0 0 0 0 0 0 1094 504 0 0 0 121 0 4 0 0 99 93 0 0 0 0 54 0 0 0 0 0 146 1075 15 140 0 0 0 43 14 0 0 0 0 7
 0 2 0 465 0 0 0 0 0 0 123 0 0 4 58 870 2277 52 0 5 0 1032 0 0 0 395 0 0 0 3 35 105 0 16 0 0 30 557 1 12 0 0 3 0 0 314 217 0 0 136 44 0 0 0 0 47 0 0 369 72 162 16 0 0 0 0 0 0 0 0 0 224 0 0 0 606 2 249 95 0 0 0 0 0 0 0 234 0 193 3174 6853 0 0 42 0 0 0 16 0 0 4 0 0 1 27 0 0 460 0 0 0 7 0 0 0 0 0 2558 0 0 0 37 264 248 0 34 50 19 0 51 0 0 55 80 0 1 790 0 32 0 3 151 0 0 0 12 31 2 0 11
 80 36 0 0 6889 0 0 0 0 0 76 12 56 0 0 0 21 8 715 0 0 9 201 0 14 0 593 86 555 20 0 0 0 18 2 0 0 0 0 0 0 0 0 70327 663 0 6 253 0 2 106 0 0 421 380 84 0 487 0 0 1604 13664 148 0 0 186 0 3 0 12 12 0 21 0 0 31 455 0 0 0 0 0 0 187 0 91 0 850 29650 0 0 1326 0 105 0 469 0 0 7 84 947 0 0 262 0 53 0 24 0 0 430 37 0 136 0 0 2 0 0 0 3049 5862 1722 0 2462 0 0 399 0 0 0 0 0 0 0 211 0 0 90 0 0 608 0 0 0 0 0 0 3101 0
 0 2 0 0 0 0 34 8 422 77 0 0 0 0 0 0 5 0 0 342 2024 250 65 0 5 0 0 0 0 0 14 516 81 0 0 0 2 0 0 1017 291 0 312 79 0 40 0 15574 0 0 0 10 32 7 0 0 0 102 241 0 70 60 0 0 1088 0 2 4 0 0 0 0 45 0 0 26 0 0 35 0 73 0 0 0 0 12 0 0 0 175 0 0 492 255 9 46 0 0 47 0 0 0 5 0 0 89 8 0 0 0 0 0 0 0 118 0 0 29 0 1326 0 0 18 503 0 1380 47 26 5398 80 0 0 0 258 0 129 5 0 0 14 0 855 0 0 75 0 0 0 0 87
 466 471 0 218 0 153 7 93 8 52 6 163 50 0 490 0 0 0 0 0 0 0 7 0 0 246 154 0 0 0 0 1099 0 18 0 5 691 8 0 42 0 0 38 0 6 207 0 10 643 0 396 110 0 18 0 0 0 0 0 93 0 241 0 702 0 5 117 0 51 608 4 0 0 882 120 0 1 0 1 0 1789 0 0 37 43 239 173 7 35 2 1286 0 8 833 0 155 19 36 7 4 0 0 0 3 0 85 0 13 88 0 0 0 6 0 4 0 46 0 0 0 333 0 0 0 6 36 0 21 0 18 61 0 1 478 0 99 78 0 0 0 0 0 55 0 0 25 0 0 1108 7
 0 480 14 0 35 0 733 111 200 724 8 61 649 0 0 63 0 11 482 16 139 0 0 8 566 64 0 0 8 67 0 0 0 1779 0 14 1 112 7 0 0 0 0 110 0 0 0 4 0 0 0 0 28 0 0 62 297 97 0 0 0 168 2158 1 31 0 0 0 12 0 26 0 0 921 0 10 0 0 0 600 0 10 0 0 0 0 0 126 0 219 0 0 0 0 0 0 36 0 0 0 17 16 0 52 0 0 0 0 2 0 606 0 150 3 10 87 0 19 308 0 23 0 0 0 60 0 65 0 115 0 0 0 0 46 52 0 4 7 213 0 0 11 79 0 13 0 237 0 15 0
 237 0 1434 0 0 41 1315 1101 0 0 4 3 111 61 3 30 0 0 0 14 27 0 0 200 264 0 2057 1 0 0 0 134 0 50 2 4 0 3 0 17 15 0 11 65 4 10 598 0 19 11 0 0 0 419 247 0 0 0 1 31 0 8647 74 0 6316 5 0 1802 4 87 65 298 0 0 20 10 6 747 64 0 0 56 0 12 429 0 0 28 0 0 0 0 926 645 0 0 47 0 0 2 15 0 0 0 0 0 0 0 0 22 0 0 0 0 0 714 32 214 2261 0 4 0 0 327 254 0 0 0 1786 114 51 40 7 650 13 0 0 15 0 0 1 0 0 0 62 0 0 0 16 0
 86 0 0 0 4 7 0 0 12 77 0 6 0 0 0 19 0 0 0 0 0 0 0 76 0 5 0 1017 0 0 0 0 0 0 0 0 0 385 70 52 0 0 0 12 857 7 6 0 65 43 0 0 579 2186 0 0 0 0 0 0 0 13753 826 287 902 93 80 1456 1 0 0 0 59 0 0 0 25265 0 16 0 4 233 11 241 0 1 0 0 0 0 1228 716 0 67 0 20 4 0 731 0 0 0 197 19 0 7 1353 106 26 2 0 11 0 0 20 1662 1 0 1 0 271 0 32 34 0 503 0 0 710 0 5 0 0 0 2 0 309 0 60 0 0 0 0 14 651 0 411 1035 0 15
 48 9 48 0 0 0 11 0 0 0 233 2400 5562 0 8 52 0 0 0 82 7 55 210 0 467 0 23 0 0 0 1086 25 254 2 0 0 0 0 0 0 16 7 1814 1123 1221 101 0 0 0 17 73 0 0 64 15 33 19 0 18 0 0 63 0 107 294 0 1 568 0 347 0 0 0 35 1421 0 63 248 13676 84 0 0 0 0 0 0 1661 0 671 2 424 0 0 0 28 4 903 0 0 5 228 0 0 2462 464 0 0 21 0 290 0 0 8 21 0 0 20 13756 0 0 184 0 32 16 0 3 0 174 0 0 0 0 23 157 0 0 1419 576 0 909 0 0 93 0 26 379 198 0 0 0
 0 0 0 44 0 341 0 0 2730 1846 0 0 0 123 0 15 0 0 0 0 5 0 13 0 164 127 2 0 4944 1 0 10 13 36 0 14 45 2057 0 0 0 191 1 168 85 0 0 0 133 0 577 449 0 0 0 0 11 0 0 0 0 0 172 777 2 0 0 0 0 0 0 0 43 0 576 0 21 0 4 38 30 4 282 26 0 0 0 0 0 9 0 0 0 0 25 0 0 74 22 0 23 484 1982 0 606 0 0 258 0 0 49 0 0 66 178 0 0 29 131 15 0 0 0 0 349 577 112 32 0 448 0 0 0 8 0 2248 0 0 74 0 0 0 16 501 0 0 0 6 36 2
 0 0 10 0 0 0 64 0 0 0 42 23 0 0 0 0 0 827 0 0 2 246 0 52 0 0 119 37 0 0 6 0 0 0 0 0 0 0 58 91 0 34 0 67 0 0 0 0 0 74 44 29 0 0 1015 53 0 0 0 0 0 0 107 0 0 673 0 0 82 892 93 2081 0 175 14 217 154 595 676 118 37 0 0 0 1 464 127 0 0 0 0 0 0 0 8 0 0 0 0 0 33 0 0 134 0 258 238 0 0 4108 0 9 5 99 4736 0 0 982 76 130 0 0 0 0 0 33 0 0 0 0 215 563 903 6 0 0 0 0 18 169 0 32 0 63 0 0 0 68 0 0
 0 0 0 0 0 0 0 4039 0 0 0 0 673 0 0 210 33 20 0 651 1029 417 144 0 0 182 0 410 60 0 135 0 15558 0 0 0 0 0 0 0 0 0 0 0 68 0 0 25 2 81 48 0 7 151 0 0 15 0 80 0 175 1633 0 296 1343 206 0 10 0 23 0 0 0 0 0 36 52 144 0 0 0 0 0 262 564 31 64 19 0 597 9 0 20 0 0 11 0 32 0 0 23 0 173 421 163 77 0 9 0 0 0 58 921 178 0 0 0 0 52 917 6 0 0 12 0 0 0 0 0 0 0 3073 0 0 0 6872 127 0 0 2 0 0 32 0 450 0 6 0 0 35
 31 0 3 0 1 0 0 0 0 0 489 0 4 2251 826 0 0 0 0 0 40 11 497 114 0 716 0 13 0 0 0 0 175 23 0 18727 0 0 0 0 0 0 0 13761 0 139 441 0 0 0 2 0 0 1 0 0 4 2479 11 0 0 673 0 0 0 10 892 0 0 0 0 0 1 35 0 22 2063 0 0 0 0 81 0 71 0 26 0 6 7 0 0 0 0 32 870 0 0 0 0 0 31 11 29 10 0 472 10 2057 40 0 6 262 0 2453 0 84 0 18 0 0 43 0 0 0 713 0 0 0 0 455 0 0 6940 0 77 66 107 0 0 875 75 2025 542 37 0 0 0 22 0 0
 0 0 15 0 0 0 0 6 0 0 0 0 0 16 0 30 722 0 8 12 0 1 96 0 0 0 0 0 10 66 0 0 0 0 0 0 7 0 658 0 0 23 0 75 78 1 342 0 0 3 133 0 0 0 0 0 823 19 4 0 0 0 1113 0 2 0 46 0 658 0 36 0 35 0 0 59 815 0 0 77 14 26 91 0 0 0 0 0 0 51 0 0 495 18 1335 10 0 0 0 0 1557 6 7 18 0 0 0 0 100 137 0 43 11 0 377 19 0 0 851 0 189 0 103 0 0 0 0 0 59 43 0 12 0 1461 0 0 6 9 0 40 0 0 294 5834 0 0 175 0 491 0
 0 0 0 0 7 33 145 0 0 0 58 0 0 828 9 167 13 0 0 303 0 0 0 0 0 4 0 653 21 0 0 0 43 0 0 0 563 625 0 671 0 0 0 7 3 62 20 0 16 0 6 0 40 0 287 107 11 0 0 0 0 29 32 0 49 0 515 0 0 834 0 0 0 127 9 232 4601 0 0 7 0 284 817 144 0 0 490 798 0 59 0 0 787 0 0 0 52 31 0 0 22 1744 0 0 0 0 1456 249 0 24 248 0 0 599 256 0 0 0 0 996 0 43 29 0 53 0 15 50 0 176 136 0 58 0 0 0 0 0 0 12 0 0 0 0 0 78 0 0 14 0
 0 0 0 0 0 0 4 82 0 0 1 2 3142 0 0 0 18 0 22 22 162 0 0 0 26 62 0 0 3 61 291 13 5901 13 697 11 113 0 840 0 1937 0 70284 152 0 0 50 0 0 162 10795 0 13 0 268 2 0 0 5566 0 0 1837 0 0 320 0 50 0 0 137 0 0 0 14 262 49 0 0 0 11 116 0 3 0 36 0 31 0 0 0 0 6991 0 0 0 0 0 125 160 0 102 26 0 0 0 0 0 0 0 0 0 0 11 1 12 0 35 0 0 645 0 0 3 0 23 1 0 26 0 164 5 0 33 0 18 563 95 0 466 215 15 54 2 0 905 0 60 0 0 0
 0 0 30 105 0 0 99 0 0 70 0 22 0 0 0 670 0 0 0 1 1504 5 0 10 0 33 0 0 0 11 0 1 48 0 64 0 0 82 0 0 160 187 0 0 0 0 0 0 40 0 0 51 0 1871 0 0 0 0 7 0 0 0 221 0 0 0 0 0 4 0 0 91 0 47 28 4 249 0 0 39 0 16 9 17 0 0 18 0 320 0 0 0 257 246 0 0 24 1 0 0 0 0 0 37 7 0 0 0 0 0 0 30 0 0 21 0 0 58 0 53 191 359 292 0 0 0 0 0 0 71 0 1 79 27 23 0 153 0 0 0 0 0 0 649 39 0 0 0 0 0
 0 0 8 0 0 0 0 0 61 0 1 0 0 849 0 263 1 0 273 191 1812 0 0 0 0 0 0 146 0 45 0 0 0 20 0 501 32 0 530 11 38 0 0 0 127 64 472 46 0 257 62 732 0 0 18 0 0 114 12 0 0 0 10 0 47 0 0 0 0 0 120 0 0 416 13 0 53 0 559 0 26 0 0 330 0 0 0 0 623 0 0 37 0 51 0 0 0 166 0 0 51 380 1015 0 0 31 2191 76 1465 1745 37 0 0 0 0 135 0 77 0 0 0 67 0 6 0 132 0 1756 71 0 0 192 124 0 0 1997 0 0 0 29 0 78 2 4 9 0 29 0 16 0
 0 49 0 0 0 18 62 30 0 0 16 0 0 0 76 0 135 0 525 0 0 2 0 0 1030 0 0 178 0 0 0 0 137 480 0 0 7 0 0 166 34 0 0 0 73 0 269 18 0 0 99 394 3167 0 70 781 214 35 864 400 0 47 12 51 0 42 0 0 0 25 268 0 103 322 36 0 303 0 0 0 4 1297 0 0 0 5198 0 0 26 976 22 519 17 0 0 0 0 0 21 1136 38 44 0 0 818 2 70 136 85 5 0 57 0 0 28 0 0 335 0 0 0 0 1838 0 45 0 0 23 1539 5214 1 1918 0 69 0 0 60 0 0 3174 79 0 0 39 0 0 20 1299 0 0
 0 0 0 0 205 0 89 292 0 50 440 0 0 0 0 0 11701 0 0 6 0 0 0 0 0 0 501 144 0 0 23 5 0 63 0 0 56 0 0 19 1768 3 0 0 0 2451 153 0 433 0 0 0 0 0 0 18 333 0 0 126 0 0 1136 0 0 0 18662 59 0 17 3 1 0 19 0 0 155 0 82 9 0 0 13 0 64 0 966 0 16 99 0 33 0 283 57 0 0 569 0 0 0 0 0 378 0 0 0 0 0 253 0 0 0 0 0 3 5240 0 438 0 19 0 51 0 926 0 2 0 0 53 0 0 0 0 30 357 0 5 279 90 0 0 0 1 13 4089 599 82 22 0
 513 35 0 0 3592 0 3 0 0 20 219 616 642 606 0 0 0 0 0 0 0 1 0 0 960 188 6 18 0 0 0 0 474 40 0 0 0 27 28 5903 0 0 7 1497 149 128 0 0 0 0 473 37 35 0 0 0 0 92 0 29 0 0 0 0 0 0 81 0 43 0 0 42 308 0 0 6 107 292 0 0 0 530 0 0 0 2 0 0 0 75 0 570 18 77 1195 0 356 0 74 0 0 1067 0 15 5 0 0 0 86 0 82 0 0 592 0 5386 9 90 0 38 0 1368 0 0 92 822 0 12 28 0 49 48 520 0 64 44 90 4 131 0 8 51 0 104 0 111 84 2404 10838 0
 0 10 9 19 0 0 81 0 312 4 0 0 64 0 7 0 0 0 172 62 0 52 0 0 0 25 211 62 0 0 0 0 0 0 0 0 86 472 291 0 0 84 0 55 0 665 0 0 0 0 127 38 13 428 71 901 331 355 0 5 0 12 0 0 497 450 0 208 32 0 0 26 0 0 0 0 0 0 0 0 6 0 214 4 0 0 77 0 134 674 0 0 92 566 0 39 34 687 0 750 0 1 0 0 482 1400 185 533 0 380 896 0 0 638 4 85 0 39 36 0 0 0 0 52 55 0 0 236 1 343 0 10 0 0 13 28 0 16 0 1971 0 0 0 0 0 0 0 1120 10 0
 0 0 0 1 0 0 0 82 26 0 0 90 124 0 0 0 1 0 0 0 0 0 0 0 17 0 0 0 0 176 0 0 54 0 0 0 0 0 0 0 122 0 34 0 13 0 93 33 27 21 0 124 85 13 0 85 0 290 0 32 11 45 0 0 19 5 0 81 25 2149 8 0 0 73 0 0 168 0 0 1 44 0 18 0 0 0 0 0 0 0 318 0 22 0 131 22 0 0 168 139 0 39 96 147 0 0 0 0 3 0 1086 0 87 1219 0 0 0 3460 0 0 0 0 0 0 3174 5 0 39 12 0 479 0 0 9 0 0 0 0 0 1 0 102 148 0 0 0 0 0 748 566
 0 0 0 0 0 0 0 0 0 0 2164 55 0 0 1550 0 0 0 0 0 71 0 353 0 0 20 0 0 0 214 0 590 0 0 0 9 608 54 0 0 0 0 0 19 204 46 18 0 0 0 49 1084 1693 2 10 0 7930 0 0 0 0 179 294 338 200 149 0 24 44 0 0 139 175 44 0 0 24 79 0 23 0 9 118 74 36 0 69 3 36 0 0 615 0 1111 0 310 82 0 0 0 26 0 0 0 0 0 29 39 0 0 0 0 4 0 0 68 0 0 0 32 4 15 0 0 14 107 2 0 688 0 0 0 214 196 0 931 0 523 0 0 75 26 0 598 0 0 0 0 78 10
 0 171 6 140 389 0 48 0 0 877 3751 1179 0 57 0 0 0 0 0 0 0 397 45 49 0 0 7 187 0 64 0 0 0 164 0 71 524 0 0 0 364 0 314 2462 0 0 7 0 55 0 0 63 0 0 128 629 11784 1596 478 3 0 0 0 28 6 0 1 1 0 0 0 263 22 0 0 1206 798 0 126 0 1080 0 3 447 0 982 0 0 0 42 623 94 0 322 103 307 1386 55 4094 205 0 1 0 0 89 0 0 7 134 0 756 0 702 407 0 0 1243 8027 188 123 0 0 0 0 0 0 0 94 0 0 1 619 0 0 0 44 0 75 0 16 320 8 230 322 0 71 36 0 0 0
