150
 580 128 0 0 0 0 1070 0 0 0 0 38 0 0 123 289 0 2933 0 0 1538 0 0 0 0 11 0 0 0 0 0 135 21 0 11 873 0 0 168 0 160 446 0 0 0 529 0 30 692 0 0 143 0 0 754 11 0 2 1 0 7 0 73 532 46 15 1909 16 2 328 16 0 351 0 9037 0 0 0 425 0 91 7 0 0 0 2 51 0 4 0 0 0 23 17 0 0 0 42 8 0 15 0 1 0 11 0 54 0 0 0 0 53 0 0 2 0 0 0 0 0 263 140 3 0 0 50 493 0 14 0 869 0 0 0 2988 13 264 0 22 280 8 6 0 6977 29 0 0 66 20 737
 0 589 0 116 16 196 11 16 0 0 21 0 0 0 0 27 377 2 302 3 0 2 177 152 346 0 875 31 7 0 509 778 3906 0 0 26 0 0 0 5 6977 0 0 12 16 0 1670 9 20 638 0 9 1443 92 0 2 0 17 0 0 0 0 238 0 0 843 6 1665 4 0 0 0 20 0 6 6 0 0 0 0 81 0 0 94 0 195 67 0 0 2 0 37 1278 1670 894 0 0 0 0 213 277 0 0 31 0 0 0 0 0 0 12 9 0 0 4 0 10 52 0 119 0 0 7 7 9 24 0 0 18 0 0 102 0 0 22 78 1 847 4 1 8 101 3811 0 210 0 0 4 12 0
 10 115 68 41 0 0 43 0 62 115 0 5 0 8 0 130 196 4 0 1355 0 0 0 0 0 32 7 2046 0 58 0 137 0 44 3 42 15 0 7 0 70 0 665 0 0 0 0 115 37 393 2 135 2884 52 0 0 0 0 2888 0 3895 0 0 0 43 0 0 0 92 0 0 15 15 53 6 1117 0 0 12 0 0 0 0 0 365 7 0 0 0 77 0 26 544 1418 2 0 0 0 357 27 18 0 4 14 0 0 0 15 0 0 293 37 37 0 1 0 0 0 0 30 120 0 90 35 0 707 177 41 407 206 0 0 0 0 520 0 23 0 0 52 45 0 0 449 1 49 0 0 162 0
 0 0 0 0 0 20 103 0 0 65 0 83 241 0 0 641 35 0 0 4 0 3 1 72 0 0 0 0 1127 0 0 16 0 100 352 134 0 83 4 9 0 0 0 152 0 0 0 21 0 0 6145 57 1 0 63 222 505 15 3 2 0 873 0 2826 2 0 54 246 9169 0 3 0 0 868 0 0 18 31 0 0 30 0 7 0 0 60 16 816 350 0 0 339 0 0 0 0 0 231 192 0 0 0 188 0 0 2316 1 14 110 0 0 44 158 8 672 0 23 0 0 0 319 4 637 0 3 443 0 0 7 0 486 296 1 76 0 0 31 448 5 42 3 0 2 90 27 54 0 0 438 0
 75 0 0 816 122 32 0 0 1 0 60 29 5 39 0 579 335 0 2481 254 4 0 0 0 0 0 23 265 0 0 0 0 0 0 0 1332 216 0 0 37 138 0 0 0 30 350 45 23 0 11 218 0 0 480 538 0 0 0 1 100 7 927 125 0 0 0 428 131 72 0 0 0 868 0 0 0 0 0 5 0 0 42 0 2 0 0 41 0 1 5 96 0 19 8 0 1 0 480 59 516 0 12 0 0 0 0 1 0 23 0 0 0 0 0 0 858 0 0 0 819 0 0 0 0 0 14 91 0 14 20 0 1 0 200 19 379 77 0 0 0 64 111 0 1 0 0 35 0 347 0
 11 0 252 0 0 0 16 0 0 0 0 0 19 0 0 67 11 215 123 0 0 0 0 168 0 0 68 0 0 102 0 10 43 0 0 26 0 38 0 0 0 0 0 0 17 87 21 0 47 30 32 0 0 42 0 291 0 131 1658 1141 147 0 897 173 0 0 0 0 5 0 0 7 35 250 0 0 0 0 0 0 0 7 893 0 0 0 7 1044 0 0 160 0 0 0 30 0 0 73 0 0 0 0 0 56 0 0 0 22 47 0 39 104 74 0 2 0 0 868 0 465 1 0 0 890 152 14 2 0 307 0 49 2 0 36 0 0 79 17 1806 0 32 0 37 0 87 295 6 6 0 48
 0 0 0 0 19 0 49 13 38 53 0 0 0 1406 6 1 0 30 0 0 10 543 2 2600 0 7921 0 1 0 0 351 0 19 0 62 0 0 64 0 3 0 326 646 40 0 0 0 12 0 399 0 28 65 543 12 0 0 200 0 0 0 0 0 68 44 0 0 0 0 144 50 0 24 4 0 122 0 10 278 0 74 0 0 0 0 9358 0 0 0 0 9 0 2 0 34 9 128 14 0 156 0 0 0 43 0 69 0 5 0 0 0 0 0 0 7 0 0 0 4148 0 67 0 0 52 0 130 235 230 0 0 0 0 132 0 36 0 17 166 819 0 0 0 68 0 0 0 0 21 326 0
 113 0 0 1 16 92 0 0 0 13 6 0 0 241 5337 0 0 50 80 6 0 0 49 11 2 0 13 0 0 1 0 0 232 65 35 0 0 3 0 0 0 0 0 6 4 17 0 10 0 0 0 114 31 7 238 557 325 0 1096 0 0 18 81 0 97 7 0 167 32 1 0 0 5 5 99 0 983 79 99 68 0 0 0 60 0 0 0 0 0 0 343 0 3 0 40 0 955 0 0 35 0 0 18 17 0 32 0 236 0 2 0 0 0 0 0 0 0 0 0 290 11 0 27 0 0 12 0 50 0 0 0 0 371 3 221 189 0 18 0 0 0 0 253 0 0 69 19 0 0 213
 44 128 0 155 0 56 0 1165 29 22 0 0 0 0 72 0 0 0 26 284 0 4 0 0 0 0 0 205 0 3 3 86 0 0 618 1 0 14 40 0 23 0 0 1355 0 60 1 0 0 0 6 0 10 0 1 87 0 4 0 0 0 0 0 0 0 321 0 13 92 74 0 0 8 2 0 54 0 25 3 0 0 0 0 411 1111 148 0 85 0 0 76 34 0 0 0 0 0 477 0 0 0 0 0 0 0 0 0 0 1124 0 0 4 0 3 6 1021 0 0 1080 0 12 3887 0 0 0 0 329 32 0 0 0 0 0 12 0 0 255 2409 0 4 346 214 0 90 0 19 0 0 154 116
 19 49 0 0 5 0 0 0 0 50 65 401 0 0 0 859 8003 146 3897 212 0 235 35 277 32 87 20 341 251 46 0 21 0 0 0 0 0 4 0 0 0 5 132 28 0 11 130 39 2 21 584 0 15 0 0 0 0 12 538 0 1 30 0 0 0 0 0 0 0 600 0 235 0 0 0 0 0 0 0 0 0 0 524 0 0 11879 0 0 258 8 0 365 0 8 0 1 0 496 286 60 490 11 0 2 0 372 0 0 3 0 22 0 9 14 219 12 10 0 0 0 25 0 36 0 0 0 93 0 0 0 0 20 0 9 0 9 16 16 298 0 2578 0 15 5 0 0 0 0 11 0
 0 0 4887 0 0 7 0 0 0 0 6 0 16 0 0 561 8 0 0 0 3 0 99 159 0 599 0 26 9 0 193 0 0 36 0 307 0 0 116 56 0 0 15 0 0 3403 0 0 0 12 50 0 0 54 0 0 0 0 37 0 93 0 66 0 0 0 240 5153 0 0 0 842 0 19 0 12 3 2820 0 0 0 0 1 323 0 0 0 18 0 0 0 0 45 912 2 0 0 2 1 0 0 0 0 4 33 45 2 351 0 38 0 51 1670 0 48 0 1340 1081 707 31 0 0 0 0 0 11 0 0 37 0 0 0 197 0 9 0 0 0 39 0 0 3 0 0 0 0 4 406 0 0
 0 2 0 0 0 0 688 6 1543 0 0 0 1 17 0 0 0 0 0 0 0 0 1 150 0 0 0 10 0 37 0 41 0 3 0 52 56 0 718 0 128 86 0 0 0 0 0 0 0 100 0 543 241 16 0 20 0 85 0 60 0 21 0 0 28 0 0 5 0 0 0 0 0 9387 0 0 0 1438 3 449 308 31 26 60 0 0 6 0 52 0 1 0 0 0 0 2680 0 19 0 0 13 67 0 0 41 302 0 0 0 0 0 278 0 140 58 0 20 0 0 0 144 0 1182 0 136 189 12 0 3 0 0 0 0 0 366 0 1 0 815 349 13 0 0 906 0 0 0 0 0 0
 49 40 1 0 0 0 4 150 11 27 0 0 0 0 0 0 58 46 0 0 298 10 0 0 0 0 26 0 33 0 500 557 5 41 0 0 0 421 0 216 102 622 0 15 7 0 5 0 0 0 925 1 8 0 149 0 0 0 130 68 1807 64 0 0 0 0 0 0 0 0 0 0 0 0 1 0 0 5 0 0 12 1128 3 214 0 0 0 0 111 0 0 0 39 0 125 19 0 418 0 195 23 0 0 0 12 14 0 943 0 0 12 5 0 4 0 0 0 3 23 87 0 0 14 0 0 0 553 0 0 0 0 0 1 0 404 0 0 0 10 49 0 27 0 23 0 0 0 0 0 1
 22 46 0 7 0 0 0 0 105 0 4 0 27 126 0 0 536 0 0 186 0 0 40 0 898 0 13 210 0 5 0 0 0 0 0 655 0 0 0 0 0 0 68 0 52 39 0 24 0 58 1477 385 22 0 0 0 4 17 164 0 0 63 0 0 0 195 927 14 5 0 0 0 0 5 50 0 0 0 7 10 25 0 7 0 11 30 0 97 10 812 0 0 2 5340 8 0 2 971 617 0 1 0 0 0 45 0 0 0 0 16 437 137 12 119 101 0 0 23 16 0 0 111 887 2 0 624 0 258 446 311 52 0 122 0 0 171 22 0 0 0 192 0 0 164 0 0 27 990 0 0
 0 0 39 14 23 19 0 0 0 29 0 0 997 21 170 0 26 0 0 71 30 9 0 0 0 0 0 0 69 0 0 0 0 0 0 0 0 0 16 0 0 375 0 32 76 806 1 24 0 0 35 0 0 8 0 0 0 74 0 1 0 0 0 24 34 0 265 0 0 0 0 488 0 62 259 2 79 0 149 0 0 0 514 0 0 0 0 49 0 15 0 0 2 169 429 8 201 0 134 0 0 38 0 0 0 30 5 0 0 0 0 0 5836 369 3 149 8 618 0 263 0 0 0 0 0 0 0 1 27 0 0 0 1 0 26 0 81 0 438 0 174 16 1 0 0 1008 0 3898 0 11
 0 0 0 0 0 0 0 30 50 0 0 5 15 24 289 0 27 52 61 0 0 0 5 42 0 178 0 124 0 0 26 0 0 7 1 19 0 0 4 0 0 0 8 0 7 36 73 0 0 88 3037 427 0 0 0 0 0 0 0 2 29 0 0 9 0 0 632 2 0 0 0 28 0 0 148 0 0 0 0 0 29 0 5 0 111 124 0 0 5 210 62 0 0 0 573 1 1642 0 0 46 26 0 0 0 0 90 0 0 417 0 1889 0 492 11 0 120 37 401 0 0 0 214 0 0 11 0 0 0 289 0 0 0 0 0 0 14 0 2 0 0 0 0 0 506 28 45 57 1082 0 2
 184 0 0 0 0 0 2 82 975 0 0 66 0 0 0 0 0 0 0 1 168 0 286 46 0 0 0 1964 2 0 61 0 181 8 0 0 159 0 0 0 0 0 45 3026 45 274 22 0 0 0 45165 123 0 51 63 131 0 0 0 0 17 26 0 0 4 0 26 0 0 8 0 18 0 3 119 1 0 0 0 0 14 0 0 0 0 0 0 5 0 0 12 9 0 0 4 0 10 0 51 20 0 0 14 265 0 1028 0 33 44 206 0 0 0 0 0 0 218 0 0 0 0 37 0 0 0 0 0 0 0 354 709 0 6 0 555 0 0 316 0 0 0 73 0 0 0 1 772 0 240 12
 0 0 0 1 63 0 0 0 17 0 914 19 0 339 162 0 1417 6 0 0 0 0 1 0 0 0 0 0 0 0 0 0 787 0 0 0 36 0 0 82 311 158 18 0 22 7 267 0 0 21 544 0 0 4 211 0 302 0 0 0 0 62 0 0 427 7 18 0 1 0 0 0 0 0 0 0 0 0 4 0 0 0 195 99 4 0 0 0 13 32 0 131 1010 0 0 565 494 0 0 36 0 4 13 482 1 27 0 181 72 0 0 0 73 146 4 779 0 7 77 42 12 3 0 0 0 0 0 0 0 113 0 24 0 153 260 0 0 148 0 654 27 783 659 0 130 19 13 1 9169 8
 38 0 58 6 0 0 245 0 0 0 201 3 147 1 58 0 19 164 14 0 0 0 151 0 74 0 0 9 0 78 0 0 34 0 0 0 161 110 7 0 17 0 0 0 0 0 632 0 6 280 0 7 1185 631 0 29 35 37 0 26 0 0 0 313 0 0 0 0 39 0 0 0 189 0 0 0 0 9 0 0 101 0 0 26 0 0 0 0 0 189 0 76 0 0 0 0 0 18 0 36 55 55 477 0 0 1 89 6 25 478 285 35 0 0 50 0 0 26 0 153 0 0 524 0 6 42 5 0 0 0 0 99 0 47 0 6 4 1 0 9 1 169 0 0 0 30 0 20 36 166
 15 0 0 0 0 0 42 0 0 0 553 22 588 0 0 70 0 203 10 3 47 0 0 0 0 0 194 42 0 49 820 0 0 0 6 4 0 142 0 0 0 0 2 7 0 3 0 0 0 16 24 416 0 16 0 387 11 873 0 67 0 23 365 0 0 0 29 13 0 0 19 35 0 39 0 0 0 0 5 2 0 131 0 0 212 62 625 0 73 37 0 6 0 0 0 0 232 6 6 5 0 15 38 12 295 0 0 0 0 0 0 10 51 65 0 0 0 0 0 0 29 0 22 12 0 0 0 22 0 0 0 0 138 0 11 99 0 3 0 0 0 0 0 0 0 0 0 47 16 6
 0 50 28 0 0 32 0 586 118 0 0 194 0 61 0 158 0 121 6 0 22 0 0 557 10 0 0 0 68 0 0 0 247 0 264 203 0 1155 0 0 242 252 450 411 192 0 10 1070 0 0 0 0 20 140 12 0 0 285 0 0 276 155 816 56 0 0 0 856 349 0 0 819 0 2391 0 0 3 0 848 27 0 10 171 262 0 0 9 0 3344 0 26 0 0 937 0 0 10 0 4 13 0 3 52 0 1 12 0 0 0 0 0 11 0 0 123 0 0 0 0 539 9 0 0 0 120 0 16 0 0 6 0 0 6 0 0 0 0 0 113 0 0 0 0 0 2742 0 28 3 0 2805
 0 0 506 0 819 39 0 19 0 0 159 67 0 33 0 0 243 33 20 471 746 1092 0 120 2 0 5 10 0 0 0 0 2 221 0 0 92 717 971 34 0 29 36 88 0 0 0 46 0 0 0 15 68 0 0 35 38 12 0 0 0 0 0 0 0 0 0 23 163 1146 0 0 0 27 0 337 0 1 232 97 14 0 166 23 0 0 0 0 41 0 0 0 0 28 0 0 0 0 0 20 0 10 9 0 29 0 0 0 0 8 487 693 4 9169 0 84 55 156 0 66 0 45 0 0 26 0 0 0 0 216 36 43 3 0 95 0 0 0 2 0 2 0 133 0 3 0 0 1 141 0
 0 0 5130 0 15 4 0 0 1197 0 0 0 203 0 0 0 0 0 0 0 20 490 5 0 0 0 0 0 0 132 0 23 0 706 13 52 1216 0 0 0 0 0 0 144 0 0 202 371 0 0 0 7 0 249 98 9 0 0 0 0 7 93 392 0 71 0 0 30 0 2 0 0 0 0 0 0 0 42 24 0 0 189 0 0 0 0 40 0 74 0 0 45160 0 0 93 0 53 0 0 0 148 3 0 340 638 0 1 0 2 0 0 0 0 0 140 0 0 58 0 1 0 0 50 8 27 0 0 0 0 0 10 125 0 0 0 10 0 0 0 17 944 397 0 3 10 66 136 315 0 0
 1317 0 99 0 22 0 0 0 147 0 0 0 78 152 3880 0 0 158 6977 200 0 0 5 1141 0 824 0 280 4538 0 0 0 27 17 0 120 0 0 0 147 0 187 3240 0 0 9 785 36 4 16 0 0 8 0 0 6 55 156 0 44 0 123 0 18 0 0 0 0 105 0 0 13 0 97 403 0 0 0 0 0 20 0 51 57 346 6 0 321 64 2 756 161 16 16 0 1 0 102 250 1108 7 31 8 0 0 0 51 0 0 0 57 0 0 0 435 0 39 0 0 360 0 0 113 0 0 0 0 287 6 0 0 0 0 73 16 0 101 0 5253 48 0 0 524 418 0 2820 107 145 23 0
 2 0 1 10 0 436 10 0 2 0 1 3 14 0 45 8 124 97 0 0 0 0 1003 31 20 0 0 59 66 0 0 0 17 447 178 28 0 0 26 0 0 1 18 0 0 0 0 34 0 51 0 18 37 3 0 0 497 2 1 0 49 193 0 0 0 120 261 179 0 38 10370 0 112 0 67 0 0 1 309 1639 38 0 0 0 0 181 0 2 0 0 12 0 62 0 0 0 0 0 16 0 40 0 3 0 0 0 0 45 38 834 6 0 24 38 0 51 0 35 381 0 0 5 370 0 0 0 4233 0 0 159 0 0 176 0 0 0 490 93 0 37 0 543 5 0 0 0 416 0 613 8
 0 244 0 0 0 175 0 641 14 0 0 159 97 1140 2 0 9314 14 0 656 636 7 162 0 15 0 3117 0 0 0 0 8 0 0 234 102 0 214 0 0 0 0 0 20 7 30 1186 67 146 0 25 0 0 0 0 0 0 34 9 0 5 0 0 45 0 0 4 0 0 26 920 0 0 151 2840 0 32 0 17 0 0 0 116 0 549 0 0 0 0 24 20 0 0 0 0 0 0 88 0 865 0 0 0 79 4 0 8 0 401 0 232 146 17 1 17 130 74 0 0 0 0 0 0 0 16 1596 0 1143 0 0 0 313 0 88 0 3 0 0 26 0 0 0 91 62 21 0 0 22 0 59
 0 0 0 0 0 0 5 0 8 0 110 1591 0 0 79 0 1042 574 2900 0 0 0 38 40 4 0 0 143 1152 160 0 0 0 50 588 0 0 0 0 563 0 89 0 0 0 150 0 955 56 16 0 1909 2 0 69 26 0 0 0 0 11 0 0 2 0 0 0 17 0 0 1 51 0 0 0 0 0 0 0 0 0 0 45 152 565 110 10 0 0 37 0 0 0 0 0 0 0 0 0 0 52 0 7 0 0 7 0 386 0 0 13 0 0 32 0 0 0 120 12 147 0 113 0 0 5 729 20 0 0 0 16 0 361 0 0 0 9 17 12 12 32 9 801 669 0 0 0 10 15 0
 21 0 0 2 0 9 0 129 0 0 0 0 46 0 87 0 0 18 0 0 134 0 5 0 0 0 0 60 8 4 1304 9 0 0 624 0 0 46 24 0 0 308 0 801 167 0 30 0 0 466 6 0 604 17 0 6 0 0 0 3 20 0 0 0 9 340 0 0 178 2 0 0 0 0 0 0 0 20 0 84 121 13 155 355 46 0 0 0 41 0 0 151 514 1779 49 0 0 0 0 0 0 142 11 0 0 0 2 195 43 8 98 59 0 10 4 1 0 0 116 1 0 117 0 0 96 0 0 0 2 24 0 0 0 0 436 0 0 0 154 0 0 0 0 0 0 556 0 4 161 0
 35 0 1096 0 8 352 0 0 9 0 0 3 0 2 0 386 0 9 128 336 0 0 0 0 0 1418 0 0 448 51 4 0 289 84 680 0 3 941 0 0 3 22 367 0 0 0 513 0 0 0 0 0 0 9 0 0 13 51 0 0 0 0 404 56 921 0 0 15 0 3 0 18 3244 0 22 0 0 58 92 251 0 0 21 1572 0 0 78 0 258 0 0 0 0 192 38 4699 838 0 0 25 569 0 0 0 0 1063 0 0 3 0 0 15 0 0 5335 0 0 2 0 0 0 0 0 0 0 0 5 0 524 3 0 113 3 747 0 0 12 925 0 0 0 146 17 73 1 24 3 153 188 0
 11 36 0 0 9 0 0 0 0 0 206 0 5 0 0 42 613 4 0 0 8 9 0 1 72 53 0 0 0 98 0 0 0 2085 0 0 37 7 52 137 0 0 34 0 0 0 9 0 1055 0 0 56 0 0 0 0 237 0 97 0 23 0 1 1 0 0 0 487 56 0 0 7 0 0 58 209 231 0 0 0 26 11365 16 62 0 0 305 7 1050 55 412 232 0 0 0 8 6 355 316 0 0 0 10 0 1439 5915 243 12 24 105 72 0 0 9 49 0 0 0 0 15 27 0 8 0 0 0 0 6 5424 43 0 250 145 9 0 69 11 56 0 971 0 8 0 230 0 42 0 0 0 0
 8 0 53 15 264 126 0 26 0 34 0 6 0 2 0 0 0 32 235 0 546 54 0 80 0 420 193 0 0 668 243 0 0 0 0 0 10 0 0 0 0 0 5 187 74 0 12 0 0 0 426 0 376 172 0 0 35 46 0 0 0 0 3 0 16 0 0 0 0 11 0 10 228 0 0 8 0 0 0 21 0 4800 0 1 0 82 0 0 6 396 17 4 475 0 187 0 0 0 0 0 3 219 0 1 0 1069 19 0 53 85 0 122 0 0 0 14824 8 0 2 772 0 38 1 0 0 16 0 149 0 108 115 104 0 0 0 0 0 1 0 43 0 1 15 1887 22 263 49 8 35 30
 0 0 0 0 0 0 53 0 0 0 55 0 0 16 1064 0 1209 6 12 0 4 18 0 5 2 0 0 0 6 547 18 325 0 0 0 404 0 0 0 0 0 0 0 0 0 0 0 0 944 0 5918 203 0 324 208 0 1 45 16 0 0 185 0 62 79 309 0 0 0 20 0 75 0 45 528 0 0 0 0 0 8 0 268 50 0 0 18 175 153 215 0 0 0 18 0 33 0 4 671 0 135 25 1077 62 3357 0 621 1082 512 831 149 48 0 1054 0 0 0 177 0 5 1211 4 0 0 1 0 0 2 0 0 0 0 0 0 0 201 0 0 930 0 0 0 76 376 0 6977 234 0 0 612
 0 0 1 0 11 0 0 0 23 8 430 0 0 1 76 127 0 0 0 0 0 0 2 0 0 28 42 23 0 54 0 392 28 0 11 0 0 0 0 0 65 3355 45 0 0 1 166 96 0 89 0 2537 0 7 0 0 0 50 0 149 47 0 0 6 350 0 0 0 0 2 0 79 0 0 0 4 0 0 0 0 110 436 11899 120 0 0 599 0 0 0 1355 0 0 0 543 66 0 28 19 52 175 0 0 0 0 235 0 22 0 28 0 0 157 0 0 9358 15 0 0 0 21 2 89 178 29 0 27 663 0 0 23 29 17 0 0 1 0 0 312 0 0 0 54 0 22 0 0 0 0 7
 0 298 0 0 166 108 9 0 108 44 0 0 0 3894 37 0 0 0 114 323 17 0 0 0 0 19 0 388 0 0 45 328 94 938 10 0 0 71 0 0 0 0 15 39 63 275 0 5 0 504 581 0 0 1444 0 3 404 0 147 0 0 0 2453 0 5 402 0 8 0 14 0 120 3 56 0 0 0 233 1 401 0 98 0 0 0 0 147 132 0 45 0 0 0 14 0 3 0 28 0 9 163 31 29 0 50 0 139 0 0 0 1 0 0 0 0 6 29 0 11 0 694 75 16 0 123 2 0 0 0 0 0 0 4774 0 0 3 508 0 3 0 0 242 0 0 0 0 11 15 11 0
 0 44 0 0 0 11 0 0 0 15 649 0 0 19 0 0 0 439 0 0 0 0 0 48 0 0 0 0 0 81 214 0 0 0 27 117 5 77 0 603 0 0 3 0 48 12 2 0 0 0 0 0 0 0 18 0 0 0 0 0 32 80 0 25 0 0 0 0 0 0 0 156 0 0 12 39 4 0 0 18 85 0 5 161 390 0 0 0 42 0 0 0 0 0 0 25 0 0 0 49 110 94 0 0 0 0 26 0 34 0 1 53 593 0 431 575 0 0 0 116 39 6 0 0 0 39 21 0 0 74 51 0 88 1 0 55 668 47 0 249 0 0 143 8 0 0 0 56 16 15
 0 0 0 0 0 0 549 31 0 16 0 0 0 0 23 0 17 13 0 0 0 71 0 0 0 0 603 0 2909 1 31 0 25 86 0 816 73 0 7 0 0 0 659 5 23 196 55 344 0 0 508 50 219 0 0 912 6948 0 0 0 0 0 0 9 0 1470 4 2 0 0 55 0 2 0 0 0 0 141 0 0 0 370 0 0 0 0 36 1618 0 0 0 248 11 337 258 0 0 619 39 0 7 28 0 0 0 1 13 157 0 0 26 6 0 0 0 0 1 0 35 0 3403 0 3 0 0 10 479 19 11 0 0 2 12 1209 0 117 1 0 101 0 0 0 0 146 0 179 260 14 0 0
 0 386 0 140 0 275 10 1320 9 31 44 0 11 4261 0 40 0 0 0 41 105 0 0 0 1 263 89 20 0 0 0 2 162 51 0 0 36 148 7 13 22 57 0 0 0 0 0 9 74 0 60 0 0 0 1 0 0 0 0 0 0 750 31 7 0 4535 0 0 576 1 0 5 6 4 0 0 0 1388 35 0 27 50 0 0 0 21 0 0 133 0 0 3 776 4 53 19 99 0 0 7 73 369 0 0 0 119 117 17 0 0 24 156 0 0 0 0 30 0 0 0 0 0 131 0 17 3721 0 1831 0 0 0 0 228 0 0 7 0 1151 0 0 0 0 0 0 0 0 0 21 0 0
 0 19 0 0 37 0 0 0 0 0 0 74 0 2 31 411 36 29 0 0 0 0 1 369 293 0 83 0 0 0 43 6 331 0 0 12 0 0 0 0 0 14 0 0 0 0 92 0 17 303 0 0 0 11 201 7 0 367 471 861 0 0 110 0 0 712 1 0 121 185 0 0 0 0 48 77 7 0 0 15 121 108 5 51 0 172 0 0 334 98 137 4 0 0 160 0 0 0 3 80 9 78 1134 217 67 238 0 0 8 21 0 5 243 0 6 0 0 11745 0 0 0 0 0 0 15 0 0 25 468 0 0 12 0 65 0 0 1 48 124 0 1128 0 0 24 504 0 0 4 0 38
 0 1 0 0 861 12 0 14 0 63 0 0 40 158 0 0 0 16 0 5408 88 0 5 36 0 7 30 0 0 0 374 5 12 84 22 0 0 5 0 0 0 152 10 29 10 21 0 37 0 0 79 0 28 4698 24 0 1 6 0 12 0 0 0 0 492 4 0 0 62 0 0 0 0 22 21 0 13 911 5 0 0 0 0 9 0 0 0 0 604 0 1 1080 0 288 0 0 0 29 9 2 30 256 24 5 7 0 0 0 86 0 0 0 0 8 0 0 165 2773 0 0 0 0 0 91 0 0 0 0 37 0 3 18 0 0 14 0 360 466 0 66 0 39 0 0 9 0 0 57 0 80
 237 0 134 0 0 35 0 0 41 448 0 81 0 3 4 5 26 0 10 83 61 0 62 0 12 13 0 0 54 0 1 295 179 12 0 0 0 0 382 2 0 23 0 193 45 0 6 136 0 0 0 0 0 53 3007 819 1 0 286 0 0 15 1180 0 118 132 0 0 0 0 0 0 0 81 0 348 18 0 3 918 0 0 0 9 0 0 0 0 3 0 2 8 253 1139 660 0 0 5 1595 5 280 9 56 38 0 105 0 0 80 0 17 1477 0 0 0 8 10 0 5 3 0 0 0 0 0 0 0 20 0 0 46 0 0 62 10 0 385 30 0 0 16 3 0 0 0 0 224 8 101 411
 0 0 0 6 0 4 498 1 0 400 0 0 0 11 594 2 45 0 0 0 0 23 561 0 1218 0 214 46 0 31 0 32 0 8 1 346 0 68 1 16 1 27 62 57 146 0 0 78 0 308 14 0 0 0 30 2 0 50 2 3 0 0 13 0 0 3 182 131 45 0 0 10 0 0 0 0 0 0 0 0 229 0 904 95 24 0 16 23 0 0 0 139 0 112 7 6 436 3 0 5421 0 0 0 0 0 0 0 46 0 0 0 24 0 0 0 342 0 0 0 0 0 317 0 16 854 308 5 0 0 28 1182 0 104 0 8 1046 161 11 954 707 0 0 0 0 0 112 53 0 0 0
 0 55 119 15 18 5 0 553 20 0 164 0 0 0 0 96 0 0 4 77 0 0 653 0 0 49 0 0 0 1 40 1 0 42 19 5292 0 0 0 0 0 0 0 0 0 33 0 15 0 1651 0 0 3118 0 0 1380 0 587 146 21 56 0 0 0 346 0 0 2768 2 1 0 0 0 0 1 0 79 150 0 0 62 34 0 144 19 0 60 0 0 0 36 0 2 0 0 644 114 1 162 0 0 0 0 0 0 0 0 0 0 6 0 0 0 20 13 0 10 0 7 0 0 0 81 25 184 0 196 6 31 5 51 3 0 0 0 0 6 721 0 10 29 0 173 8 0 80 0 155 0 26
 180 4 0 486 269 6 0 4 36 0 0 0 215 0 960 0 0 0 26 0 0 0 204 0 0 5 82 0 0 0 0 0 0 0 0 0 3 0 0 322 0 91 4 1905 41 0 0 0 0 545 2 0 11748 0 0 22 0 96 16 0 103 135 0 0 0 0 29 13 19 192 5361 0 1 0 0 0 47 0 0 3 0 0 0 251 0 0 20 42 0 0 0 76 954 0 297 71 0 0 0 0 16 0 0 7 0 0 0 10 0 0 0 1807 0 3 901 0 28 0 1255 0 0 70 12 0 6 0 0 190 0 0 4 0 64 0 0 63 0 2 189 0 0 255 3 107 8 0 8 0 0 0
 8 0 175 0 0 23 0 0 0 0 589 772 0 0 0 49 0 0 9 0 0 0 0 262 0 0 388 0 10 280 0 53 920 0 1 0 2216 388 0 0 0 3 0 0 0 952 16 0 0 0 77 0 0 1160 0 868 0 36 5 0 0 196 0 0 1 0 98 0 39 12 0 0 0 0 0 4 0 34 1 29 0 48 0 20 70 0 2 0 0 32 60 0 0 21 46 33 40 3 0 0 0 0 155 103 0 0 0 0 0 7 84 0 847 0 0 39 0 0 0 24 29 165 1 0 1166 1113 104 0 0 17 0 0 0 0 0 0 0 0 0 0 0 2 3 11954 13 0 0 8 0 0
 36 0 78 35 0 0 382 0 11 99 12 521 0 0 0 0 0 0 1208 0 0 24 6 2 6 0 30 0 0 1 0 65 0 0 0 0 2 21 0 0 0 16 0 0 0 0 0 29 0 0 0 0 0 0 0 0 0 0 0 0 0 311 0 0 0 40 0 43 0 20 83 0 15 34 0 0 0 5 0 0 0 0 21 0 0 1 0 2 0 3 0 12 0 0 0 0 0 0 0 3 185 0 360 0 92 80 77 272 292 0 0 0 1438 0 0 6 0 0 2 301 402 0 4 0 0 481 66 0 125 0 0 0 0 0 0 10296 0 6 0 0 699 6 0 0 0 0 96 0 0 268
 0 0 267 35 0 0 101 0 0 0 0 10 0 0 0 0 0 0 370 0 197 351 5 0 0 0 0 8 536 9322 0 122 0 0 0 0 3 25 0 9 0 0 75 0 0 60 196 0 0 2 0 5 0 9 4 0 0 1 22 0 0 0 49 10 0 6 0 0 0 0 52 0 0 29 88 369 159 2 0 9 44 0 0 52 0 0 273 299 26 0 0 11933 0 0 0 0 0 0 0 0 2 23 0 0 4 25 171 0 0 230 0 0 0 46 0 0 0 53 78 0 74 0 5 13 697 103 0 2916 0 0 0 0 0 0 87 21 0 0 0 0 0 0 0 11 0 0 0 0 0 4
 0 0 14 40 0 0 764 30 0 0 2 8 0 6 0 0 0 0 0 11 0 46 0 0 7 0 648 0 0 0 0 158 0 5362 0 0 0 0 0 0 225 0 28 0 67 0 0 943 6 0 0 55 148 24 0 0 90 0 2623 0 0 12 82 28 0 11 26 4 44 0 56 10 30 0 103 51 25 0 0 15 4 0 0 20 0 69 110 0 60 0 19 3 1874 392 0 0 7 951 21 19 0 0 0 0 938 0 10 0 0 2 23 5 0 9 0 0 11 0 14 0 0 0 0 5 0 17 0 0 6 4 0 0 0 5 1141 13 1 0 0 0 0 34 0 0 0 8 0 0 0 0
 0 0 0 0 0 0 0 0 123 0 142 5 10 0 0 122 22 35 1 0 0 0 0 0 0 0 0 149 42 0 11 1 0 0 3 0 0 12 0 0 0 0 15 60 0 0 0 6 0 22 0 0 0 0 0 2 74 0 0 0 0 11 0 1031 0 50 0 0 0 0 0 0 0 67 0 0 0 0 79 0 106 0 0 10 11 0 32 62 349 0 0 0 0 4566 0 31 227 5 51 0 0 16 27 0 0 0 0 275 0 0 404 0 4 56 1 60 6 0 0 2 0 24 31 355 0 899 75 0 0 0 0 6 6 0 25 16 0 46 157 2103 165 25 0 0 652 4 77 0 26 0
 0 0 0 24 8 0 25 88 835 0 78 99 58 0 14 6 0 20 0 367 2 5 6 0 4 0 0 50 0 0 42 0 26 2449 1 4 0 0 956 6 0 38 241 27 23 2 0 0 248 0 0 10 2 0 14 0 18 0 39 11 50 524 16 159 0 1 2119 0 0 0 0 2 0 2 32 0 0 0 16 15 345 61 38 0 138 0 24 0 0 0 223 14 0 0 0 2 1417 0 0 1166 0 47 0 0 392 2499 0 1 1408 0 17 3 244 3 10 16 27 345 212 66 0 235 0 22 2 0 259 4543 12 0 2892 0 0 9 0 539 0 4591 42 0 151 0 10062 36 0 0 0 0 124 0
 18 0 0 195 0 0 0 46 9292 0 0 0 9 0 26 0 64 0 0 0 3031 257 39 0 0 0 0 0 16 0 606 8 0 0 33 10 0 0 0 7 0 0 0 10 375 0 26 0 75 633 0 0 34 83 0 0 0 0 0 2 0 0 0 32 0 0 0 33 8 93 60 0 0 19 0 1196 0 0 15 0 0 0 5 0 0 30 0 0 193 0 0 14 0 274 0 0 4 0 2 506 0 0 0 0 0 0 5 17 3372 0 0 37 2414 0 155 0 0 22 0 0 448 0 189 5116 0 0 0 0 33 26 0 0 0 20 51 0 0 0 0 263 0 2 0 0 0 0 164 0 48 42
 450 152 0 0 0 0 61 175 0 0 0 4 0 0 0 0 0 0 9 0 7 20 71 279 3 0 12 0 26 0 0 0 207 0 7 0 0 75 0 0 0 0 0 0 0 6 1 3 0 4 918 1 0 15 7 0 0 508 0 0 0 496 91 0 0 121 646 0 0 0 0 0 0 0 0 0 8 0 0 4 0 0 0 56 550 29 0 0 0 9 0 0 0 0 0 11 172 600 15 0 0 0 0 0 0 0 65 202 25 0 0 0 0 0 0 0 12 576 0 0 1306 0 0 0 0 0 0 0 707 0 281 0 16 0 0 0 0 0 0 0 0 49 0 0 210 0 0 120 0 0
 0 0 0 0 214 606 0 0 13 128 84 0 0 0 0 0 0 3 0 0 115 0 0 8 0 784 0 76 561 0 8 0 0 231 5 0 14 53 9 322 143 3 235 776 42 0 0 10 0 21 0 0 4 0 6 12 0 0 1 0 0 10 0 0 0 28 0 0 11 0 253 374 0 211 3 0 0 0 0 0 224 0 40 145 343 0 5 13 0 0 136 0 0 0 861 0 14 33 125 5 0 4 0 0 15 6973 0 17 0 0 85 4 0 21 24 1622 501 11 74 64 0 17 159 253 0 96 51 0 0 0 15 21 25 23 0 0 9 0 59 493 0 0 0 0 0 0 0 0 0 0
 85 0 0 0 170 65 0 0 0 0 6 0 0 0 7 266 8 4265 0 123 0 0 32 0 0 914 0 0 0 245 0 27 0 38 1438 0 6 9 0 2 8 0 0 0 103 196 0 0 0 0 151 0 979 0 6 2 502 0 0 10 0 0 0 193 11 0 0 0 130 0 42 674 0 644 15 7 0 0 62 0 0 2 0 17 810 0 0 21 34 0 0 0 0 0 0 0 2 0 129 6 0 0 0 60 0 0 0 156 0 14 30 11 0 150 0 0 1 0 22 1757 0 0 0 12 123 585 72 1 0 0 0 18 0 113 41 0 0 134 0 0 0 7 163 0 148 0 0 0 0 644
 34 0 0 1 0 0 0 0 0 32 0 0 36 2 0 15 0 0 0 0 0 2 0 46 0 0 156 0 0 4 0 0 0 0 0 38 358 0 0 0 0 3306 64 0 28 0 0 6 35 0 0 43 50 12 37 10 15564 12 135 0 29 313 0 0 11 0 0 0 0 0 12 0 0 66 51 0 0 0 4 123 14 185 31 768 109 0 5 0 0 125 1 53 85 22 0 0 54 79 0 0 0 346 0 6 151 0 0 0 0 0 162 44 617 125 18 0 0 22 38 158 53 0 0 0 0 0 8 0 0 0 13 0 0 0 1082 17 0 0 162 0 70 0 27 0 79 304 0 0 0 75
 0 60 345 0 0 28 0 0 0 577 0 4 0 78 19 8 0 0 0 45 0 990 0 0 0 1 0 10 388 0 171 0 62 711 0 0 0 0 0 0 0 186 341 4 209 0 234 2 0 0 0 0 0 0 461 0 812 0 2 0 0 184 1638 0 0 15 340 333 0 26 0 25 0 0 0 0 0 8608 260 1635 0 366 243 0 5 0 123 102 62 2 0 0 0 8 160 0 23 0 20 0 3 0 0 0 11788 0 0 0 10 16 0 0 0 0 14 0 0 0 75 0 89 0 0 26 70 72 286 0 4 8 47 0 0 0 9 0 1141 5 1332 0 0 51 0 0 286 4 0 107 0 0
 0 0 116 0 9 0 0 0 0 100 44 0 44 125 9 24 0 58 0 0 18 0 0 0 0 0 0 0 1 6 85 27 118 0 4 0 1483 0 2 0 0 0 0 0 0 272 1179 0 38 42 18 0 0 0 260 30 369 0 0 0 0 0 19 119 1534 27 336 43 0 0 88 0 8003 0 0 0 0 1046 0 0 23 0 0 0 7 9 5 7 633 291 274 0 0 0 0 0 0 0 0 0 83 0 57 0 0 0 0 0 0 0 4 0 0 0 570 847 0 0 5 33 0 34 0 0 1670 0 0 0 15 42 0 156 300 0 194 0 178 44 48 0 0 0 7 0 0 9161 0 0 573 0
 14 92 101 0 43 505 106 0 123 0 97 2 11 0 33 12 13 0 0 0 6 0 21 0 0 82 463 0 0 0 0 0 4 0 0 0 33 0 0 0 6977 158 69 112 10 376 0 0 0 303 253 233 0 0 0 0 0 0 0 0 10 83 0 0 11 0 0 0 0 0 0 0 0 0 62 3 8 0 0 24 0 21 0 3 6 59 14 0 0 0 6 4 0 926 350 52 390 16 0 4 50 42 3 0 53 0 0 23 0 0 191 0 0 115 0 0 706 0 46 0 0 21 0 3 0 38 2918 0 317 14 0 3 1 2 0 39 0 0 39 0 0 6 0 0 0 31 0 24 0 0
 0 0 3 0 28 0 0 16 0 0 0 0 365 0 0 1 261 0 0 0 0 0 0 0 0 0 99 32 0 25 0 0 0 1 23 1152 21 0 0 5 0 0 0 0 530 0 2160 5 19 28 0 0 0 0 0 105 110 32 0 0 8 0 6 0 0 0 0 56 4 0 11 0 0 28 0 65 0 220 46 0 0 0 0 5 7 1 79 0 0 67 0 0 10 134 0 0 0 0 1 0 6 0 603 0 1 2 6 0 0 154 0 62 18 168 7 0 1010 0 0 0 519 27 26 0 1 33 5894 0 0 0 0 0 163 28 92 0 138 0 0 0 22 0 0 0 13 0 0 0 334 0
 0 7 0 0 0 0 0 0 122 0 0 0 0 0 0 0 7 5 108 79 53 375 0 36 0 0 31 2 1124 0 8 0 915 0 139 2 40 0 0 0 0 0 0 0 7 0 0 0 0 17 0 0 15 0 0 0 30 6 82 7 0 7 0 0 0 0 5 33 0 8 16 11 505 0 0 0 0 62 63 0 0 50 316 110 0 36 0 0 0 0 4 1055 0 56 0 0 239 25 0 47 18 0 10 1 0 0 0 0 0 0 0 48 0 0 1 467 2820 0 0 540 0 0 35 0 22 154 0 3 0 772 19 0 1 0 0 0 0 0 0 0 0 0 0 0 163 10269 497 617 1 0
 15 25 503 0 0 0 1 111 0 615 225 0 0 10 0 0 10 50 0 0 0 515 75 0 89 12 2 0 11 48 273 26 0 77 13 191 0 0 0 0 0 0 195 651 27 8 5 836 0 0 9 66 0 0 7 0 57 29 0 132 0 0 0 5 8 0 0 0 15 1 686 586 0 0 0 218 0 1051 0 191 0 0 550 0 57 0 0 2 0 77 0 75 0 63 15 0 1096 141 0 44 0 0 0 0 0 2352 0 345 0 17 6 0 12 6 0 478 0 0 0 56 8 0 0 0 0 14 0 431 0 0 12 0 28 836 39 37 0 8 83 161 27 156 1 0 0 0 0 0 52 3
 0 342 0 26 0 0 73 512 75 0 0 30 0 233 0 0 0 71 56 5350 0 1 0 0 0 0 0 0 21 0 248 5 0 255 0 9 0 3 2046 21 111 0 0 45 0 220 0 182 0 96 94 11 7 0 45 12 0 0 0 17 105 6 41 5910 954 0 14 0 1 504 208 0 0 0 144 0 0 16 0 0 0 0 0 0 29 219 0 27 117 0 13 28 0 0 384 0 0 30 78 0 0 8 12 0 0 0 0 0 0 753 0 4 12 0 15 112 0 154 0 0 0 264 0 0 0 81 0 0 0 0 16 0 3232 274 478 475 0 12 2743 304 22 9 0 3 13 111 203 0 6 30
 171 97 14838 0 0 0 123 0 213 0 16 0 0 0 5 4 0 0 46 0 0 0 0 0 0 0 406 30 63 207 1 0 932 1047 0 3 0 14 156 0 56 162 0 0 0 25 0 0 0 128 0 0 0 0 0 868 0 47 0 145 0 0 0 0 0 0 879 0 410 204 0 16 160 0 168 0 44 66 38 24 2 131 19 0 5 9 0 0 6 0 0 0 14 49 79 0 5 0 11 0 54 0 0 97 755 0 83 0 4 3 0 160 149 2 0 0 0 0 0 0 0 0 0 294 0 0 0 0 0 0 0 0 0 0 5 12 0 0 0 0 0 1 1105 0 0 0 0 0 0 5401
 0 0 0 58 0 0 25 0 6884 57 0 9 1 10 38 9354 731 15590 23 0 0 1 0 4 98 463 10 819 0 0 0 59 134 0 5 7 0 0 205 0 0 6 868 7 13 0 0 1 0 10 0 396 0 6 0 0 0 0 1550 3 0 5 78 0 0 0 0 0 164 0 1 0 99 6 0 2 0 0 759 52 0 0 0 6 70 0 37 2963 0 68 0 0 1279 0 0 0 0 0 0 31 0 0 0 0 0 0 47 0 0 0 0 63 2 0 0 0 0 0 0 4 0 73 0 0 0 0 0 0 0 25 0 0 0 370 0 0 1652 4935 0 0 83 0 0 0 0 10 164 93 0 0
 0 0 16 0 24 0 0 44 1 0 26 6 67 0 0 0 3 7 0 100 0 0 573 0 1146 0 0 5 0 0 38 0 0 1134 0 0 0 4 180 733 0 237 163 479 19 0 0 0 0 0 64 4 0 99 0 0 663 36 25 0 0 141 1682 0 28 0 0 10 25 0 0 17 0 0 0 5 0 0 5 0 25 1494 72 0 0 57 0 0 132 0 0 0 0 0 17 553 0 9 53 0 3 251 0 0 25 0 183 119 0 0 0 8 0 0 859 8 263 4935 0 0 9 0 0 0 0 514 1 15 0 0 0 209 0 0 0 113 0 17 74 34 26 3 3919 0 108 7 28 0 0 0
 0 1 0 0 4 62 0 0 78 124 51 0 0 5 0 0 0 0 1133 7 3 85 0 5 3 17 38 0 0 313 0 0 0 0 7 1417 12 77 0 0 0 0 214 0 0 35 2046 154 0 270 227 8 0 0 42 0 0 5 144 0 0 0 31 0 6 0 0 340 2665 524 51 0 0 0 51 19 2 123 5 0 13 542 0 0 708 0 584 3 0 35 0 0 1037 30 0 18 0 769 0 47 8 0 128 0 0 87 0 0 0 0 34 376 0 325 70 0 0 2 18 1 598 0 15 0 1 117 14 123 0 21 0 0 0 0 0 92 0 0 0 0 0 175 0 14 8 228 0 0 0 0
 0 0 2 6 1134 73 2 0 0 4 161 138 0 0 949 1 14 0 15 818 18 0 4 25 0 433 70 0 8 1203 21 0 116 0 11 0 0 0 0 0 0 4 915 11 0 0 0 0 0 26 0 0 64 953 0 0 0 0 113 495 0 2 6 5 0 2 10 972 661 41 53 0 1 0 59 0 0 0 0 0 78 0 26 0 91 101 5 69 0 0 0 143 0 0 11924 9 0 0 201 61 0 0 0 0 5 412 0 8 602 0 0 0 0 0 13 129 0 0 248 0 13 0 0 0 82 0 67 0 128 0 0 0 0 1 0 0 0 0 74 46 390 238 386 0 898 0 0 0 0 0
 0 0 3 0 0 111 16 0 0 94 0 39 0 0 0 0 0 0 8 0 0 50 23 13 0 0 27 0 40 130 47 7 96 6 302 0 0 0 59 2 0 9 0 0 0 0 0 2408 0 253 0 0 0 9 0 0 74 1141 0 375 0 0 98 11 0 0 650 0 7 0 0 471 70 63 1 0 0 92 3 0 0 4006 1351 0 0 0 0 0 547 4 0 0 0 1 0 0 109 0 21 333 33 29 0 0 359 0 30 6963 184 0 0 0 0 1990 47 0 0 0 0 0 0 0 0 0 0 0 31 452 0 0 113 149 0 0 0 943 2 0 0 0 0 1 16 10 0 0 6 0 25 0
 0 0 6 0 0 1 8 0 0 118 0 0 9 0 37 0 885 11 55 0 0 0 0 148 0 98 0 73 0 0 88 17 0 0 1254 0 173 18 943 0 0 0 0 0 0 5344 0 19 27 0 12 131 8 55 0 0 651 0 0 50 49 1994 0 0 0 0 316 201 0 618 0 0 189 14 0 470 0 11 0 0 4 0 0 0 0 0 0 34 26 367 0 0 0 2 135 0 210 0 0 733 0 39 0 0 0 164 141 0 0 0 0 0 0 68 0 0 46 0 0 46 0 796 0 0 0 0 12 0 0 5401 52 0 0 0 25 132 53 1 0 172 1085 37 0 791 0 296 0 0 0 0
 0 0 0 0 0 0 0 0 0 0 0 289 271 0 132 26 68 0 0 75 0 0 421 0 0 534 66 0 38 0 3 0 0 32 561 59 0 0 0 111 0 0 0 0 52 1276 0 1 22 0 2 0 0 0 10 37 2472 0 78 0 0 0 0 0 0 0 0 36 0 0 0 0 102 0 0 0 23 10 7 1034 0 811 0 0 2 559 23 33 0 0 130 0 4 0 0 0 0 11 91 5 2880 23 28 0 0 0 2 1688 654 0 245 19 0 45 2 448 0 55 9 0 21 29 0 141 130 39 15 59 45 0 0 0 0 5 2 0 96 124 0 39 610 0 34 0 5 0 0 0 0 97
 0 8612 47 5 296 0 0 0 0 0 8 0 557 2 576 8 0 87 25 23 2 0 0 25 0 0 120 0 0 0 0 0 0 0 1265 426 0 0 27 0 11 0 0 0 0 0 123 0 328 0 25 6 8 4 0 1278 74 46 0 0 0 0 3 250 0 0 260 0 477 0 0 0 0 37 0 0 0 0 0 0 0 0 3 0 0 13 6 0 34 0 0 143 23 125 0 0 1438 138 0 0 0 0 67 0 0 0 0 0 0 0 318 24 0 36 0 1483 0 5 0 263 13 511 15580 0 0 1 6143 0 33 0 508 0 0 0 8 0 0 17 12 0 0 0 524 0 0 11 137 0 267 138
 0 26 5 0 3 0 0 33 811 37 48 0 6 5 5 4531 20 16 26 0 35 1140 338 1 0 0 0 283 16 151 84 36 37 0 6 0 6 20 1 0 255 262 0 2154 0 0 0 0 77 0 90 0 0 0 0 0 25 0 0 0 0 43 0 0 0 0 98 7 7 35 12 8 162 69 0 0 0 93 0 0 155 0 1550 0 3 204 413 86 1873 0 0 4261 0 0 694 0 0 0 0 0 421 3 441 142 0 599 1807 0 58 0 29 183 0 0 0 0 0 428 0 0 0 0 0 0 0 1 1 0 31 0 0 0 18 0 163 0 0 45 82 14 752 20 0 0 0 15 0 0 138 0
 5 5 0 3397 11 0 1 32 2 0 0 23 0 3 0 0 0 25 14 0 0 0 9 0 0 86 0 1 0 0 0 0 0 0 0 44 0 15 41 99 0 39 25 0 33 20 0 230 0 110 207 0 0 35 0 614 0 1 0 0 249 0 0 0 27 38 0 135 597 448 0 0 0 0 13 0 0 0 9 0 0 16 204 0 0 386 0 466 0 557 40 1 26 1951 0 223 0 0 0 1211 0 1 30 0 0 0 0 22 31 0 0 0 1 0 0 720 4 30 0 0 0 147 0 0 0 0 0 0 0 0 68 0 0 0 69 0 0 11 11 11 162 0 58 309 0 0 0 55 0 0
 0 0 0 82 0 0 0 0 0 56 359 349 27 30 1213 58 0 0 0 0 9 166 0 22 0 15 63 230 0 14 0 260 0 0 36 0 0 14 1 52 913 34 0 0 0 0 0 73 236 0 0 452 42 0 0 0 0 0 0 1 159 0 0 1 22 0 0 0 0 72 0 0 0 250 1 512 803 51 0 0 432 0 0 0 0 0 155 206 0 0 0 0 0 0 114 24 50 0 6 0 0 0 99 100 0 7 27 0 0 1 0 7 30 0 0 0 358 0 0 0 0 0 15 0 0 22 0 0 0 3 37 20 0 152 0 2 1 0 0 10 7 77 21 0 281 0 119 10 0 142
 953 8 0 0 125 0 0 0 0 195 0 0 32 0 0 13 0 0 14 0 0 0 1064 0 0 0 28 216 52 1 0 0 50 0 336 0 0 224 0 0 4 0 51 0 0 0 33 0 0 0 445 0 0 0 17 18 0 0 3 45 1964 35 0 16 395 145 0 0 10 0 0 74 0 39 3 335 0 0 0 12 0 0 4 0 0 0 142 0 0 0 127 20 0 0 0 0 54 0 0 0 6 286 0 0 0 0 365 0 0 4144 0 67 0 22 0 44 1882 0 0 0 0 1265 376 1 0 0 964 74 0 0 0 0 1281 0 0 0 21 0 0 0 0 0 0 0 0 0 0 0 0 5
 0 0 0 12 128 378 477 0 52 15 3 42 0 0 0 0 0 0 67 87 62 9 223 0 0 0 175 56 0 0 259 0 0 4 0 7 303 0 0 14 211 0 31 15 22 0 0 9 0 1 41 0 0 0 25 6 0 5 207 0 0 0 0 3 0 0 0 0 47 6 249 0 0 0 9 0 0 9 110 97 0 84 341 26 0 30 0 0 0 31 4 0 17 0 2 0 96 0 27 0 5 741 0 0 11 9 217 0 0 21 3721 2 0 1556 0 40 1 927 31 0 0 0 2495 3 4 928 0 244 3897 0 30 0 438 0 0 0 192 14818 39 0 0 0 0 0 67 0 4 160 0 0
 7 0 0 52 32 40 0 3 0 16 0 0 86 59 0 53 0 58 3367 384 543 0 2 173 0 0 31 867 158 0 0 28 0 16 0 26 0 0 0 0 11 88 0 0 1243 0 0 134 10 0 7 225 0 147 9 31 0 0 0 0 93 143 0 0 0 102 6 0 64 10 949 5 0 0 15 3 0 0 0 132 0 0 0 0 0 0 3 0 17 0 6 0 18 0 0 11 0 1 0 11 3 0 135 0 5 0 0 0 0 0 266 0 16 79 0 0 0 0 794 0 0 0 121 52 0 0 0 0 0 78 0 0 8 18 4 0 0 0 0 0 0 0 33 0 288 0 14 0 2 0
 13 6 44 0 10 1338 12 0 20 314 0 13 53 51 0 55 276 10 0 20 0 4 0 733 0 0 3 30 0 0 0 45 131 108 0 38 73 0 0 0 325 0 0 16 0 0 0 169 262 9 0 115 1 0 0 25 0 655 38 887 2799 0 0 230 0 0 54 0 0 36 556 539 0 1474 0 13 2 0 0 0 166 167 0 4 23 0 41 0 0 25 2722 28 79 62 0 0 887 0 39 249 275 0 22 0 152 0 0 0 0 25 201 320 34 0 1067 0 0 0 0 140 4 0 59 0 0 180 0 0 514 0 3 25 0 0 0 0 0 0 0 0 24 0 0 0 0 0 18 0 0 0
 47 27 1119 0 10 7 0 0 0 0 0 0 0 89 4 27 0 1 0 0 30 0 0 6 0 58 49 0 0 633 186 47 2 0 0 0 0 21 0 385 1696 0 27 0 0 0 2 52 1 5 282 0 12 132 0 0 2233 0 0 0 0 0 0 150 0 15 0 0 0 199 0 46 0 640 0 4 12 14 0 0 0 0 0 0 34 0 0 18 57 0 23 11 12 0 0 0 0 36 1 811 0 0 0 0 81 0 0 0 0 198 0 0 16 802 0 0 0 0 274 49 1 13 5918 11 0 0 0 82 0 0 0 0 26 0 854 0 0 887 206 496 0 7 36 3 2 0 25 7 0 18
 0 10 0 0 0 12 0 0 0 117 398 0 0 0 0 0 0 0 0 0 0 0 0 3 0 0 3 1082 0 4 1 30 66 0 46 30 0 2 0 0 0 816 799 0 67 37 23 0 0 0 2 371 0 0 0 0 0 0 0 2 1 0 0 0 0 77 0 6146 0 8 91 0 0 370 0 131 1 123 20 0 0 210 0 0 5 0 79 6 0 119 3 0 0 78 25 0 0 0 0 0 0 3 0 32 0 0 0 615 0 0 0 337 0 6 0 0 357 319 757 168 16 655 0 0 0 0 0 0 0 0 19 0 0 0 0 0 16 1597 67 9 28 0 0 285 0 40 1181 106 2930 0
 7 29 14 107 42 89 17 0 93 183 350 0 162 0 18 67 6 0 5 0 0 0 17 260 0 12 998 0 0 185 0 0 1136 0 0 1510 0 0 29 0 1 0 0 0 54 0 0 144 0 13 0 34 377 0 0 4922 0 60 589 0 43 0 0 0 575 59 37 2 0 1 8 123 0 0 0 0 11 50 9 39 0 0 0 16 3 0 0 3 250 0 16 0 73 0 569 8 0 4 70 135 0 0 75 0 10 0 324 0 5 0 0 0 0 26 316 0 882 159 0 0 0 0 1054 28 0 0 20 0 0 0 0 0 4 0 0 57 7 162 0 2 0 0 103 7 0 7 308 0 0 20
 0 0 13 0 479 49 0 372 522 28 86 0 0 0 41 0 0 0 0 798 35 0 1070 0 0 154 507 0 66 0 11 0 0 152 0 301 0 0 139 2814 0 0 1906 140 19 0 0 0 0 6 1477 0 12 0 36 0 810 2 0 805 0 0 0 0 0 0 869 0 62 2 0 0 0 14673 5 44 0 4464 39 0 621 0 11 4 5 0 0 0 0 0 0 0 1130 0 0 0 0 11 11 38 0 0 0 779 112 0 0 22 17 0 18 50 0 0 0 0 3 0 29 0 0 35 351 4 309 24 0 2037 0 0 2 0 0 13 0 0 107 881 0 141 0 25 0 0 20 44 0 0 0 0
 0 130 27 55 0 0 0 40 44 21 518 0 0 755 34 7 260 1082 25 0 0 4 0 167 0 73 31 0 132 0 0 1088 0 0 1 0 0 0 94 11 276 0 29 0 53 855 1 1 0 86 209 0 0 0 0 212 0 46 0 0 12 0 52 0 0 48 0 1306 0 0 3899 0 104 0 0 120 0 74 0 43 359 0 0 0 0 31 271 2 1267 0 0 0 17 0 36 0 0 0 0 0 514 9 0 0 190 3 538 175 13 0 241 8 0 0 144 58 39 1 0 23 24 238 0 179 0 0 815 40 874 12 0 0 0 4 0 2 39 0 0 0 18 0 28 0 11 0 49 0 0 65
 1 129 0 0 21 0 3 2 7 0 0 0 0 0 0 0 2 0 12 6 0 0 102 0 61 0 0 0 0 0 12 0 0 0 0 13 17 0 11 33 0 0 200 1 0 2 26 0 0 0 143 0 860 0 0 2799 1657 12 0 0 8 0 943 0 13 0 0 75 0 0 0 0 10 0 0 187 1209 5 32 173 0 1176 0 0 2 1063 2624 256 0 0 0 0 3243 0 0 866 0 0 0 1 0 642 27 3 255 22 29 2 0 520 0 0 22 28 3 0 189 0 0 4 1209 0 5 10 0 0 623 0 209 10 563 0 0 177 0 0 137 394 0 0 0 0 147 222 0 247 0 0 0 2
 0 0 335 6 0 10 65 0 0 1086 0 0 0 45 458 123 57 0 0 0 0 0 3 0 2 0 0 0 0 0 0 0 0 26 0 916 41 0 0 0 0 0 0 0 63 0 0 0 2 32 0 0 0 0 189 54 0 0 0 29 15 33 0 38 11 0 182 3888 1 7 29 1 16 585 0 157 0 0 384 0 0 0 3 0 0 0 0 128 0 0 0 551 21 4 510 20 0 0 0 0 0 0 0 0 2 109 0 0 95 19 0 0 0 12 0 0 152 76 0 0 266 0 0 0 0 0 101 0 24 0 29 0 0 29 0 0 0 0 144 0 0 0 0 112 42 3 0 82 0 0
 0 0 0 11 57 118 0 12 0 195 0 580 0 0 0 0 0 0 20 0 0 342 46 0 25 0 0 0 0 36 62 0 4 216 0 33 6 542 5 55 0 0 24 0 146 184 25 0 0 32 0 0 0 0 0 0 0 0 169 0 0 0 0 152 0 0 54 86 0 128 0 14 13 7 1 0 0 0 0 0 0 8 0 6 20 119 1 319 0 14 49 98 10 731 0 64 2 0 0 23 0 169 850 17 41 0 0 0 0 0 0 0 0 62 0 1142 0 29 26 0 3 0 0 0 0 26 6 0 538 0 216 0 0 136 4 0 0 154 362 57 0 478 42 245 0 1137 151 411 0 1182
 0 0 0 0 32 189 0 176 0 0 272 14 0 0 9 0 66 12 8 0 47 13 2 0 0 385 0 52 31 22 0 10 0 172 47 583 0 0 31 497 0 0 1 50 0 0 0 76 35 0 0 0 50 155 3 0 0 0 0 759 0 0 0 0 0 0 39 3039 0 0 0 0 91 6 0 92 561 31 471 31 75 0 0 53 0 9 0 0 24 1395 2735 0 1 0 0 12 0 35 635 0 0 189 0 0 34 3 0 0 0 339 0 1960 9 0 0 7 0 0 0 267 541 130 3 340 0 0 93 0 0 0 9 12 0 0 73 0 0 0 127 0 0 275 0 0 0 0 4902 0 0 0
 0 0 93 0 0 0 604 32 26 1330 1086 0 3240 211 27 401 39 40 6 0 0 331 0 11 880 604 0 10 0 0 0 0 0 0 8 0 2 5 325 8 0 0 0 0 27 0 0 0 0 0 539 0 170 0 0 0 0 0 15 13 11 62 0 18 0 0 55 22 0 0 0 651 0 0 58 0 0 28 0 77 785 0 0 4 0 151 19 58 0 35 82 0 13 3403 321 20 0 58 0 76 0 1 0 0 0 0 0 0 10 0 131 0 8 0 0 4 6 0 0 0 0 0 0 0 0 0 0 745 12 0 175 49 2 0 0 0 0 0 2 0 0 0 138 0 0 76 0 260 0 0
 109 70 8 0 644 0 0 71 0 217 0 417 74 0 0 1044 0 474 156 170 113 16 80 0 0 138 2 7 125 0 22 0 0 0 5 0 101 6092 17 16 0 213 0 6 0 0 593 0 2 4 44 0 0 55 0 0 194 32 0 0 0 12 0 73 0 0 29 0 0 904 0 0 0 6 7 6514 757 0 0 0 97 0 0 0 0 209 0 0 11754 35 166 0 179 0 0 0 0 37 0 0 0 0 0 0 199 36 33 31 1 0 30 14 130 0 51 0 0 1141 5 0 2 55 0 0 0 24 127 0 6 0 0 0 1 76 5130 37 0 0 28 0 27 0 12 0 664 1 0 3 0 0
 0 14 115 0 0 0 11 92 65 0 0 0 0 0 0 0 19 0 28 0 0 0 0 0 1 400 4 0 0 0 0 0 53 275 0 10 0 0 0 0 75 0 0 12 37 0 0 0 448 0 14 6 0 59 0 0 351 0 644 0 0 0 0 0 0 9 0 0 20 0 0 494 0 9 0 0 2 0 341 0 8 0 2 78 354 0 0 0 9 0 1 10 0 47 36 19 0 0 0 0 51 0 200 4541 236 61 152 27 3 77 0 0 0 0 0 0 0 0 13 10 0 0 0 0 464 117 0 0 367 0 15 10 1556 0 10 36 3106 0 13 12 62 0 0 0 0 19 0 571 0 71
 5 0 0 0 0 10 62 288 5 0 5 0 624 0 0 0 64 0 0 0 9 0 0 0 0 0 0 0 0 0 0 0 1 0 6 8 36 0 13 2 48 0 17 0 0 32 0 69 0 65 0 10 0 0 0 0 18 0 0 0 1063 926 0 0 0 114 0 0 351 2 10 0 32 418 0 33 0 383 0 6 18 5 0 59 0 0 0 0 34 0 0 158 0 764 0 2 0 4 0 32 0 0 71 10 304 0 0 5 0 39 101 0 0 0 0 0 0 150 292 12 0 5 0 0 491 0 0 7 0 0 0 7 584 23 159 12 0 3 0 0 0 0 2 0 0 0 0 192 200 0
 0 38 225 19 0 0 0 0 0 158 181 0 806 69 259 0 0 5 27 729 0 29 672 0 0 0 8 8 178 0 0 302 0 33 657 3 357 0 0 0 80 0 4 0 0 0 0 58 0 1431 1 0 0 0 10 0 0 21 0 3 0 174 67 7 10 9 610 13 0 344 9 0 20 0 0 0 0 0 0 0 30 70 99 908 0 0 0 0 0 7 6 0 133 0 20 393 0 67 0 0 17 0 0 0 0 0 278 0 0 278 317 0 123 0 0 123 0 0 0 31 0 0 99 0 0 545 0 36 1044 0 0 6 0 0 60 4 0 30 54 252 1 1 2 0 206 26 207 0 0 0
 48 0 0 0 309 47 159 4 0 0 758 41 0 38 0 0 0 0 0 0 442 947 0 0 3 1 4 0 21 0 0 260 0 279 78 0 0 0 0 0 0 600 0 372 0 0 0 510 0 0 288 11 0 0 824 916 0 196 0 0 0 154 1550 56 5 0 71 1 376 0 0 0 75 0 17 5 0 0 1 0 2 601 6 0 0 11 16 2 0 0 800 0 0 0 0 0 0 0 0 104 0 0 0 0 461 121 38 16 244 0 33 0 1543 3 27 11751 23 0 0 1096 8 2499 143 76 13 0 0 0 23 2046 13 304 0 0 29 137 0 351 52 40 0 10 0 0 0 0 0 171 0 0
 0 0 0 60 0 25 0 0 30 606 0 105 0 0 0 0 2 0 4 8 0 316 0 0 0 97 1 0 68 44 0 506 21 22 0 0 0 23 30 0 115 0 0 1 50 39 0 0 28 0 0 332 665 0 96 0 2993 0 913 49 401 0 0 42 0 27 29 177 0 0 24 0 415 31 0 0 0 0 0 0 0 0 0 0 0 0 0 0 0 173 0 409 0 0 0 0 388 1 0 952 0 218 173 0 21 0 0 0 0 0 300 0 368 0 9 25 0 0 13 0 0 62 0 0 0 859 3 0 0 0 0 0 2734 11 75 0 0 121 0 0 214 0 0 0 3 0 0 0 9 9
 0 0 0 442 0 1982 691 231 2 0 0 4 449 0 0 134 58 0 956 56 0 0 311 0 2 14 119 0 0 47 9 0 32 0 30 0 0 25 0 0 0 110 139 0 208 1088 0 0 14 0 418 14 134 0 0 665 0 0 0 0 3 0 35 816 0 0 0 0 0 0 37 0 257 0 28 48 0 37 0 81 8 20 373 0 0 94 0 164 0 0 6 56 79 32 6 0 6 1044 0 0 0 0 9 79 0 2 0 9 0 0 0 14 0 0 6 28 0 0 3 123 48 7 0 0 67 0 30 0 0 0 16 0 0 0 8 1048 37 0 0 11 7 0 0 1 0 0 0 192 0 0
 38 0 0 380 19 0 0 0 0 14834 0 405 0 0 0 0 0 955 5 17 0 28 0 456 19 162 0 0 0 44 0 4 0 0 95 0 0 0 86 0 0 34 0 0 1048 32 381 41 0 98 8 0 30 360 0 13 0 68 0 0 0 0 0 0 91 0 641 0 486 0 0 570 0 19 0 16 0 44 0 0 19 0 16 0 133 5 0 377 0 93 0 1176 81 0 2094 923 0 874 211 0 0 93 46 0 0 0 0 0 350 401 326 7 0 24 116 0 15 0 20 1431 0 0 0 0 8 0 19 494 0 106 438 34 37 0 0 0 0 0 0 28 7 29 5 20 0 0 1805 0 0 0
 159 99 18 138 0 0 0 19 679 0 10 0 0 508 0 0 17 0 618 148 4 29 1070 0 368 3 348 39 0 0 2 0 0 0 0 29 0 21 0 14 0 0 0 0 0 261 37 0 0 41 0 162 88 4 88 9 0 67 245 13 463 26 6 0 0 0 29 28 4 362 26 0 0 7 5 0 375 426 26 0 345 512 0 0 0 0 0 28 0 0 0 21 16 0 0 76 1070 0 1 94 0 0 0 27 26 209 0 4 10 0 153 0 25 0 4 623 9 0 39 0 165 0 0 1 14 7 124 0 0 0 0 267 0 0 59 31 0 1 0 199 2 0 9 274 113 29 0 0 0 0
 38 1209 48 217 47 12 0 0 0 14 213 5 4541 0 0 0 0 0 0 0 0 92 0 4 1 23 23 11 0 0 760 48 356 1104 136 52 0 0 30 572 0 0 2 0 0 25 0 0 0 0 0 0 0 0 0 71 0 13 0 0 1 0 92 227 1 15 0 0 14 0 394 8 0 0 0 1957 0 3 64 0 95 5 9 14 0 263 0 1166 703 6015 1198 7 0 0 330 0 109 0 0 2929 1068 2 18 0 16 0 0 10 0 0 1069 0 0 0 0 23 919 0 0 0 0 7 3 54 0 199 6 78 0 0 0 0 0 0 169 135 0 0 12 0 45 3 93 0 192 0 0 15 0 0
 0 2 0 0 0 0 0 128 0 0 0 0 0 0 0 120 1152 8 0 0 603 58 11 0 27 0 3 0 1 0 32 0 0 0 124 0 1 174 0 0 0 0 0 0 8 7 0 0 203 7 0 0 58 0 3 394 0 48 0 0 0 943 9 0 0 419 25 0 0 0 32 56 2 3 429 0 6 0 85 0 0 2 218 2 0 0 0 0 0 0 0 20 0 0 0 0 3 0 0 48 157 131 512 6 0 27 0 0 9 0 62 0 577 0 0 6 1146 480 0 3 0 1 5416 8 0 30 0 30 0 0 854 15 2094 5397 0 110 0 3 0 0 0 0 0 0 0 5 0 0 1 0
 0 70 0 0 0 1299 271 0 665 0 0 0 0 0 0 0 0 0 2513 0 0 20 10 0 0 956 4 0 93 0 1034 0 0 3 518 0 11 0 0 0 3 0 30 15 51 21 0 0 31 0 0 0 0 20 0 0 467 0 3 171 0 0 293 0 17 0 0 10 0 1880 11 744 0 1671 0 181 0 0 2909 0 0 4392 14 112 79 0 7 31 0 39 123 205 19 30 0 0 241 5 19 0 25 0 0 18 0 0 0 0 2 11 153 0 0 0 0 80 0 20 492 0 29 0 147 6 0 0 57 0 0 0 30 437 0 0 0 10 4 15384 20 0 0 35 84 0 56 0 409 0 4 0
 4 0 0 196 0 0 0 0 0 0 35 177 0 483 48 0 0 0 0 0 0 0 0 0 60 0 140 1 0 14 33 0 0 0 0 11 0 0 0 0 0 54 0 0 0 0 0 43 0 0 3901 0 0 201 380 73 0 168 0 0 19 0 0 6 0 0 0 0 0 773 15 0 0 1 49 0 0 0 4 0 0 0 0 17 0 50 0 530 4521 0 57 0 0 220 0 0 0 0 493 3 0 0 0 0 1 0 15 0 0 0 30 0 0 7 0 0 10370 0 0 0 325 13 0 9 0 0 70 0 13 0 16 3 73 0 36 94 14 5 38 49 0 0 0 0 146 25 0 0 4 0
 0 0 0 37 0 0 115 0 0 0 227 0 0 0 200 0 432 0 0 142 36 1 0 0 0 2730 0 3 0 196 0 0 0 0 0 0 0 0 0 0 0 54 0 11 0 0 4 81 9 96 52 0 0 24 0 0 0 0 0 0 92 0 10 0 0 160 0 539 0 0 0 2 144 0 0 0 0 1964 4 20 13 0 4265 1 0 1109 3 65 0 397 0 6 31 11 4 1 0 0 0 10 37 2 0 29 60 0 0 0 0 16 28 36 36 6 0 0 0 0 203 45 0 0 3898 169 0 0 0 0 38 102 0 0 228 0 0 0 0 0 0 0 0 2 0 0 559 1 674 149 0 0
 293 0 3 301 0 118 0 225 1153 0 0 0 899 120 0 13 340 0 0 0 0 0 0 0 7 3 17 0 182 28 0 0 63 0 0 0 0 0 0 0 113 140 325 260 159 0 0 0 0 0 15 0 13 0 0 2 0 719 81 32 0 756 9 0 324 185 0 0 0 7 0 0 50 0 0 123 156 37 0 25 99 0 0 28 0 0 0 81 2654 119 0 57 0 0 0 22 0 0 61 31 0 0 0 37 38 0 0 0 0 12 32 1 0 125 4 0 0 58 53 0 0 59 350 0 31 0 1209 0 78 0 0 66 14 0 0 94 196 0 0 0 0 4937 0 0 1 0 0 0 177 0
 0 352 0 0 0 0 49 0 2 0 0 321 31 6 352 4937 0 0 0 0 0 0 26 0 0 15 0 0 1306 0 7 0 62 0 0 1 11 0 0 0 1 23 0 0 0 28 30 0 39 196 69 0 0 101 15 0 0 0 0 25 0 49 53 1 0 3 449 281 0 0 0 0 0 395 6 0 0 0 0 0 431 5 0 42 0 8 39 13 0 0 97 643 0 0 0 0 0 0 128 0 85 1438 328 22 0 19 58 7 0 82 15 195 5304 152 125 0 348 0 27 158 30 46 0 121 1 0 0 130 0 152 46 8 0 74 0 1 0 0 0 319 15 390 0 151 75 46 161 0 0 0
 3 0 0 219 33 0 0 0 247 0 0 77 1 0 12 87 0 0 415 0 145 19 0 50 56 0 140 82 23 29 0 0 4165 9 2 127 11 0 0 0 93 0 0 0 11 15 0 3 0 1 0 312 0 0 74 46 58 3 0 357 0 0 47 658 4 43 920 11 6 1 0 377 0 0 0 239 152 390 0 0 0 0 0 0 0 350 46 5 0 0 68 7 37 0 1120 0 30 0 0 13 0 0 0 216 39 123 11 93 3372 0 0 0 4255 259 0 5 9 0 0 0 3 51 68 350 0 0 0 0 84 0 0 5 0 0 1070 0 0 0 2 59 14 0 187 0 0 0 120 0 9 78
 0 0 51 46 268 2 0 4 1055 110 0 0 0 0 230 849 482 0 57 0 0 0 0 815 8 0 0 0 33 0 0 0 3 0 9 3401 41 0 0 0 158 0 24 4 0 0 0 0 0 221 204 0 61 0 0 1249 0 0 0 3 6 0 106 0 0 0 0 142 1198 3 126 128 32 25 0 0 0 0 19 0 0 0 0 0 0 0 216 0 0 0 2 0 0 0 2858 0 0 302 0 0 0 0 140 0 31 18 0 0 0 0 150 0 0 0 13 0 0 0 0 1 0 0 0 62 0 0 0 0 3 421 0 15 5 0 0 0 0 115 13 8 27 0 0 0 7 0 0 17 144 0
 882 19 344 0 2815 45 0 0 87 0 0 0 0 437 0 0 0 0 0 41 0 2 0 19 23 309 0 152 0 0 0 120 0 1 1 0 0 0 0 0 0 96 580 154 0 0 0 1 0 19 4937 0 93 87 1807 14 30 0 13 0 53 727 512 57 0 0 15 0 77 0 0 9 0 947 0 0 59 86 48 1755 0 0 0 0 160 0 158 0 0 4918 0 0 30 0 0 0 86 0 0 30 100 1 0 0 0 0 0 1146 0 0 0 0 35 0 25 26 0 0 0 7 0 3 0 65 103 0 125 0 0 0 0 512 0 0 3 0 0 0 14 0 550 56 0 0 92 63 0 0 64 6
 0 135 39 0 0 0 596 0 2 163 0 59 30 79 0 0 217 30 0 403 5236 0 0 0 1 0 0 0 14 0 0 0 36 0 0 0 0 7 0 168 3 9 1872 258 0 0 0 2 25 0 0 31 16 370 78 0 19 0 0 2 11 0 0 0 30 5 0 0 0 0 0 29 0 0 0 49 0 43 271 0 10 0 0 28 35 729 709 0 0 5 0 0 4204 22 26 15 30 245 14 0 284 0 0 0 168 609 16 0 11 275 254 61 0 0 0 826 0 59 7 1042 3364 0 0 59 0 0 0 21 0 5 0 519 0 363 175 0 25 0 53 0 70 351 0 0 74 122 23 18 0 163
 12 11 0 0 0 0 0 0 41 4 0 7 0 11 97 2 0 0 0 3 30 5 6 37 0 6 0 0 6 0 27 0 0 2 0 0 0 23 0 261 0 285 0 8 0 5 1192 0 0 0 0 0 0 101 119 0 0 83 0 0 7 14 53 0 0 0 0 3 0 19 37 0 38 79 193 8 0 77 0 197 0 0 0 40 34 42 115 0 0 0 101 0 0 0 2 0 0 73 0 157 1442 8 0 0 21 0 1029 0 0 5404 0 190 1226 0 0 0 0 152 0 26 0 1 19 0 0 0 0 0 0 0 1138 64 0 0 0 173 0 0 10 0 3904 0 0 0 125 35 0 524 0 0
 0 3 0 0 0 0 7 1117 0 0 131 0 6 9 0 0 0 0 0 4 4 26 0 275 0 0 28 0 0 0 0 0 129 24 0 0 31 0 0 0 1 0 0 66 0 4 2 77 0 0 0 843 0 238 0 0 0 9 0 50 4 0 1 176 126 0 0 228 0 1070 0 0 26 145 0 61 10 3 61 0 0 0 351 0 98 13 0 0 0 0 78 0 285 150 0 0 28 0 0 20 13 9 20 0 78 28 0 11 0 1 0 4937 0 0 1494 0 0 280 0 0 1494 683 0 854 646 1029 40 14 4 0 0 99 0 10 0 6 181 0 0 5 642 0 0 0 324 0 35 2 40 35
 46 223 0 0 280 46 1444 0 159 177 0 17 2 0 36 0 0 45 0 717 7 0 4228 0 0 32 13 0 155 0 0 0 0 4 33 119 0 0 0 3 0 0 1182 0 138 0 0 391 88 10 3243 3 0 0 0 29 10 0 1 0 0 0 18 7921 66 0 943 1007 260 5 71 1 0 0 0 195 0 0 2578 4 0 47 0 0 296 0 60 34 0 0 0 0 0 142 0 41 1 806 0 2 0 0 0 74 0 12 0 0 0 0 0 0 0 0 18 0 153 0 0 24 0 1257 172 8622 0 1418 43 45 0 603 550 0 0 0 397 0 1 173 0 0 0 0 0 0 0 0 0 71 5 16
 62 0 0 1 215 0 0 309 7 0 202 1 0 0 39 0 0 954 0 10 8 0 31 0 0 0 0 0 0 0 7 0 0 0 0 0 0 31 306 0 0 1009 0 0 41 364 0 0 0 357 295 0 0 0 193 0 0 9497 22 0 24 911 2 8 0 14 1964 53 0 0 0 46 0 26 0 0 0 4 26 78 0 0 197 532 138 5 0 0 75 0 0 0 0 39 0 0 0 0 0 0 0 0 0 3 0 49 0 236 0 17 604 27 51 8402 0 0 0 0 114 0 0 174 0 0 90 0 46 0 101 0 0 6 2 1403 40 106 22 0 4 0 92 20 0 4 0 0 0 0 7 0
 0 0 0 0 0 0 1530 6 0 5 0 0 0 0 0 360 3 75 0 0 0 0 39 392 0 0 41 0 0 0 0 0 56 28 0 0 0 0 25 0 0 44 0 446 35 12 0 56 0 0 11 0 0 0 0 2 5 0 0 54 0 0 0 0 0 11 52 149 0 0 0 22 0 0 0 2820 0 148 0 5 0 0 274 29 175 0 0 0 79 106 11 165 3 0 0 32 0 0 51 180 0 0 0 212 9 2 0 0 0 40 0 134 0 399 0 0 308 0 2 4178 205 0 0 0 103 4 0 0 0 0 103 370 0 3 41 39 0 0 1 0 105 0 200 0 469 0 1 7 30 32
 101 0 0 0 177 0 14 0 0 0 0 158 0 0 0 0 30 0 886 0 41 0 134 1873 0 0 0 62 0 20 212 15 0 0 0 243 0 0 115 2754 231 101 886 0 0 3 945 0 0 0 306 113 119 0 0 0 11 0 24 0 0 0 0 30 25 1 59 1165 12 24 1355 0 0 125 0 0 0 0 23 36 2704 87 0 0 27 0 0 0 5 80 0 0 0 41 9 0 0 0 0 414 0 269 0 0 8 0 10 0 0 651 0 119 0 0 5 478 23 0 0 61 0 0 0 0 58 0 73 393 32 0 0 30 269 0 3 1 0 672 0 27 0 1 43 0 1002 201 8 0 0 0
 0 0 2 0 2 0 1 0 0 0 0 0 0 0 0 0 37 0 0 0 0 0 52 10 0 0 0 0 553 0 1 0 171 26 53 5348 0 3007 0 7 4265 0 0 0 8 0 0 0 0 19 21 0 0 0 12 36 0 0 35 0 41 0 2 6 0 0 0 0 0 0 228 659 28 0 0 0 0 0 0 0 4 0 0 0 0 165 115 22 644 2872 0 0 139 35 0 262 6 13 334 0 0 0 0 0 26 483 117 32 7 153 0 0 7 68 0 0 0 6 0 73 0 0 0 0 0 32 40 0 12 61 0 4 48 0 0 0 0 0 41 0 0 163 0 54 11 0 0 0 0 0
 0 0 0 0 43 0 0 4 0 0 0 0 123 0 0 50 14 0 0 0 0 94 0 0 0 0 6 0 0 0 33 62 0 0 0 883 2 0 0 503 53 0 0 0 127 45 209 0 0 0 142 0 0 0 0 0 75 0 0 62 0 118 693 0 0 0 0 5 0 2 0 70 8718 0 12 210 0 46 68 0 37 0 0 586 954 226 490 0 97 0 7 0 0 0 0 0 125 4 22 115 80 0 0 21 0 0 105 26 0 0 68 17 0 3 5 0 0 92 0 1 58 0 25 20 0 0 0 6 0 0 0 731 0 10 0 0 102 60 0 0 0 0 0 0 132 31 0 498 273 43
 0 888 8 3 0 0 271 60 0 0 7 0 1896 16 0 0 10 0 90 74 51 0 2 0 0 0 49 0 7 164 0 50 0 0 0 128 399 0 0 0 0 9 7 0 0 0 88 0 0 350 10 0 787 3365 24 0 7 596 0 0 0 162 215 0 359 0 15 0 0 0 5 0 0 0 0 27 425 0 89 0 0 0 0 11 0 0 0 505 474 349 0 0 0 0 14 0 0 0 0 784 11 781 259 0 28 0 0 62 7 0 73 158 0 55 48 0 0 0 0 0 0 0 0 87 0 0 10 86 42 0 0 0 0 0 55 435 0 0 0 25 128 51 0 1 0 0 0 0 0 11
 24 0 1 0 141 0 16 512 0 0 0 0 1095 60 0 0 0 63 0 0 539 0 13 0 2 0 191 148 72 0 0 216 0 0 126 0 0 51 0 0 2 0 0 0 56 0 0 0 0 0 0 0 0 8 0 66 0 0 0 0 162 3372 18 0 24 83 241 0 30 49 13 0 0 0 0 0 0 179 0 0 0 0 0 0 51 9 0 17 2 1 27 0 22 78 0 0 0 0 48 0 33 78 0 0 0 0 2 8 0 0 22 0 0 195 238 7 189 0 0 0 0 40 62 0 956 1 0 0 5 0 531 0 0 0 373 4 160 5 309 342 0 76 603 43 0 0 42 27 4 0
 1402 0 2 28 0 0 34 0 62 15 0 3 0 0 0 0 10 0 0 375 0 0 0 0 0 19 0 3 0 3 3888 0 5 27 901 0 135 0 0 603 1 0 2 3 435 0 0 18 0 0 0 0 74 0 0 513 1 24 113 33 0 740 58 0 0 35 45 51 0 0 0 0 11 14829 0 0 47 0 0 0 76 0 1 0 0 1218 0 0 750 0 28 1535 0 5 2 1 506 0 0 0 2 0 1 305 216 1 0 0 0 0 52 0 6 0 0 348 0 0 0 0 0 0 0 0 51 5918 0 1 0 0 0 0 945 0 0 0 152 0 2 355 12 34 0 0 0 0 0 0 39 0
 452 14 162 78 147 1063 0 0 0 48 0 18 0 0 4 129 17 0 0 772 48 0 114 122 0 17 0 0 0 4 0 68 33 0 49 0 32 0 3 0 167 0 0 12 0 0 0 22 0 617 70 0 0 0 0 0 0 7 363 4 10 1 813 0 0 0 41 96 0 59 325 39 1 199 0 0 105 0 0 2 0 1 1000 0 0 77 667 0 0 0 0 351 0 0 0 0 79 5 0 1 0 0 0 1714 7 0 0 774 1 749 0 0 4 106 42 2 0 0 0 524 0 0 0 652 0 3 52 84 147 187 0 0 0 78 0 0 0 155 0 123 103 17 971 72 0 132 0 77 9 0
 127 0 0 15 0 0 5886 0 41 174 0 289 0 1 0 18 169 0 0 201 0 0 0 0 3 906 0 0 32 0 0 0 216 3 0 0 12 14 0 0 1 50 175 0 0 0 0 0 0 209 4260 0 0 0 9 0 0 160 0 0 0 0 0 93 0 42 0 0 10 0 1 0 24 43 0 0 0 0 0 7 0 0 0 0 4 0 0 0 0 0 0 0 3 0 0 21 2 0 508 0 0 180 0 832 0 0 0 0 31 0 195 0 0 0 0 58 2 30 0 3 110 0 0 0 1670 0 151 1010 0 932 81 16 8 5 0 0 0 5913 1467 0 0 0 68 15 313 0 0 104 0 0
 0 226 0 0 43 0 0 0 0 0 805 0 10 189 4 37 1 0 313 0 0 310 13 0 25 0 78 30 0 0 607 0 0 0 0 0 524 509 23 49 651 1 46 0 0 0 10 14 0 0 0 1203 16 0 0 23 0 0 3 0 64 190 21 0 0 0 418 991 0 0 40 0 81 3122 20 45 0 0 0 0 56 0 0 0 0 0 268 0 51 1 26 0 402 0 418 0 133 99 0 0 24 0 0 0 38 413 0 64 0 135 17 0 2 25 0 1 108 9 8 0 9 2 0 27 0 13 0 0 665 0 0 0 0 0 20 352 18 0 0 27 17 0 0 75 0 147 298 0 0 24
 0 10 23 0 1978 3 102 1053 0 450 392 10 0 0 97 0 0 0 0 0 0 0 0 66 0 154 0 0 7 0 0 0 0 0 0 524 57 118 95 73 0 495 0 0 216 0 3 0 0 0 0 0 7 0 1446 0 0 0 1 9 0 899 0 58 3 16 3 0 0 0 361 0 115 0 855 82 0 0 0 0 0 0 1 195 559 0 12 0 84 0 0 0 0 0 109 2430 0 0 0 0 275 0 0 0 55 0 0 0 0 0 0 34 447 52 76 491 0 10 16 15 0 0 403 0 0 0 0 0 0 25 52 4 8 481 144 23 73 27 2 0 59 0 0 30 196 0 0 0 0 11953
 0 0 0 0 1163 8 798 0 53 0 1572 0 0 0 20 800 0 38 0 0 21 2 0 0 0 42 166 5 1 0 0 2578 0 0 7 0 0 943 0 111 3 0 0 0 0 0 4 0 218 0 52 0 457 28 0 32 3 0 0 86 931 0 4 182 0 0 2 0 0 0 13 10366 0 0 0 0 0 0 0 0 0 5 0 357 76 0 9311 47 479 1320 0 0 30 1095 3 79 0 0 0 0 0 0 337 0 11 7 37 0 28 0 868 323 0 54 0 336 0 0 125 0 1 0 2 36 180 1431 0 0 0 412 154 943 0 0 99 24 4 7 0 0 0 0 0 0 0 0 6 0 20 0
 401 0 0 150 13 0 0 16 1156 0 309 730 232 0 50 60 4 859 156 0 45 0 0 0 394 286 2 6 96 1 78 12 0 55 955 73 5 39 0 0 0 0 143 0 39 0 0 0 0 0 0 0 0 34 0 15 0 6 40 88 0 0 154 0 53 0 75 9 0 85 11 657 0 0 0 0 212 0 0 0 0 0 0 55 3 0 22 33 0 0 43 0 198 3 0 0 0 0 0 0 0 413 0 0 0 0 0 345 0 0 0 1084 4262 67 0 0 0 54 0 119 0 1 0 4 287 12 0 6 0 0 141 0 0 0 98 10 0 10 127 0 6 119 0 1150 177 330 0 310 83 110
 65 0 1 0 27 0 14 389 47 28 111 0 21 418 50 0 8 11741 0 70 0 0 0 7 1 0 0 0 621 188 88 0 0 0 169 2294 0 0 10 0 0 0 0 0 471 0 30 1 0 15458 65 12 0 61 0 0 112 0 0 0 1 0 212 232 0 0 35 2397 0 43 551 112 10 56 0 0 3 3004 185 151 0 17 0 75 0 63 373 75 0 0 9 0 11 0 0 0 1028 70 33 132 1328 0 0 0 221 0 0 113 0 5 0 0 0 757 0 19 0 0 87 0 12 131 0 0 6 0 122 0 0 0 0 0 0 2 0 0 4 0 2 0 0 0 88 0 0 0 0 0 0 25
 0 0 0 0 0 0 0 0 589 43 0 0 27 0 233 19 13 8 0 5 51 10 0 45 19 0 0 165 510 17 0 22 35 0 0 0 0 825 25 107 0 60 2 0 0 0 0 0 44 11 459 0 0 80 0 341 0 0 0 0 0 249 52 0 0 2751 2 27 0 0 0 15 0 406 0 4212 0 304 0 0 0 0 160 122 0 417 0 0 0 40 0 51 0 0 37 0 0 0 351 38 110 0 233 5 0 174 42 21 0 0 0 0 0 0 1126 405 0 0 0 141 0 3 0 0 84 57 0 0 0 0 37 0 0 0 0 0 91 855 13 89 0 0 0 37 7 0 0 0 0 2
 0 2 0 152 0 0 0 0 0 0 186 0 0 2 41 503 1025 52 0 4 0 729 0 0 0 212 0 0 0 0 31 77 0 11 0 0 13 288 1 13 0 0 5 0 0 268 145 0 0 117 49 0 0 0 0 29 0 0 194 48 111 11 0 0 0 0 0 0 0 0 0 122 0 0 1 576 12 225 45 0 0 0 0 0 0 0 159 0 137 2481 5403 0 0 0 0 0 0 12 0 0 10 0 0 1 23 0 0 358 0 0 0 6 0 0 0 0 0 1649 0 0 0 25 136 125 0 46 36 17 0 65 0 0 29 39 0 0 331 0 24 0 0 105 0 0 0 0 60 2 0 9
 55 27 0 0 5375 0 0 0 0 1 39 9 39 0 0 0 9 5 672 0 7 6 171 0 9 0 437 41 224 0 0 0 0 12 2 0 0 0 0 0 0 0 0 45165 504 0 5 135 0 2 33 0 0 412 240 100 0 335 0 0 978 9472 112 0 0 115 0 3 0 39 18 14 16 0 0 17 234 0 1 0 0 0 0 153 0 57 0 621 15590 0 0 1016 0 155 0 292 0 0 3 43 693 0 0 162 0 47 0 20 0 0 129 30 0 98 0 0 2 0 0 0 1422 3361 811 0 2046 0 0 281 0 0 0 0 0 0 0 111 0 0 221 0 0 384 0 0 0 0 0 0 1182 0
 0 0 0 0 0 0 29 6 120 179 0 0 0 0 0 0 3 0 0 284 1483 181 47 0 3 1 0 0 0 0 5 406 52 0 2 0 1 0 0 595 216 0 207 38 0 28 0 11883 0 0 0 7 18 6 0 0 0 45 207 0 47 13 0 0 861 0 1 2 0 0 0 0 15 0 0 19 0 0 26 0 42 0 0 0 0 8 0 0 0 145 0 0 721 184 7 31 0 0 50 0 0 0 1 0 0 71 3 0 0 0 0 0 0 0 88 0 0 25 0 1081 0 0 14 404 0 1057 29 13 2805 64 0 0 0 173 0 54 3 0 0 10 0 637 0 0 15 0 0 0 0 83
 346 351 0 195 0 110 5 74 35 66 5 117 37 0 315 0 0 0 1 0 0 0 2 12 0 204 95 0 0 0 0 1088 0 4 0 4 741 6 0 30 0 0 41 0 6 94 0 3 506 0 217 86 0 13 0 0 0 0 0 60 0 42 0 854 0 4 36 0 43 321 2 0 0 512 24 0 1 0 1 0 942 0 0 25 30 153 65 5 48 19 633 0 5 494 0 67 20 13 5 1 0 0 0 3 0 67 0 9 188 0 0 0 5 0 3 11 34 0 0 0 207 0 0 0 5 17 0 8 0 19 50 0 1 243 0 41 57 0 1 0 0 0 40 0 34 14 0 0 1204 6
 0 240 4 0 18 0 833 104 21 655 24 94 705 0 0 34 0 3 152 12 39 0 0 1 696 53 0 0 10 37 0 17 0 1429 0 15 1 50 0 0 0 0 0 26 0 0 0 4 0 47 0 0 9 0 0 38 178 70 0 0 0 171 1350 1 23 0 0 0 10 0 13 0 0 601 0 11 0 0 0 352 0 5 0 0 0 0 0 60 0 99 0 0 0 0 0 0 23 0 0 0 14 13 0 34 0 46 0 0 2 0 247 0 190 31 9 107 0 13 203 0 29 0 0 0 69 0 38 0 114 0 0 0 0 33 12 0 0 6 158 0 4 5 43 0 0 0 142 0 2 0
 126 0 577 0 0 0 669 1132 0 0 1 1 102 15 3 24 0 0 0 9 20 0 0 132 195 0 1198 17 0 0 0 85 0 40 2 0 0 0 0 19 6 0 7 99 3 4 534 0 17 9 0 0 0 332 197 0 0 1 2 17 0 5882 58 0 5416 4 0 1113 4 55 39 202 0 3 15 12 0 488 66 0 0 51 0 9 379 0 0 4 0 0 0 0 560 300 0 0 36 0 0 0 12 0 0 0 0 0 0 0 0 18 0 0 0 0 0 320 18 124 1218 0 1 0 0 159 132 0 0 0 1025 84 45 29 5 382 7 0 0 10 0 0 0 0 0 0 36 0 0 0 11 0
 65 1 0 0 2 7 0 0 9 50 0 6 0 0 0 15 0 4 0 0 0 0 0 43 0 4 0 658 0 0 0 0 0 0 0 0 0 28 37 54 0 0 0 7 650 5 5 0 59 21 0 0 629 954 0 0 0 0 0 0 0 11480 560 132 671 49 42 861 0 15 0 3 48 0 0 0 14836 0 7 0 2 139 8 220 0 1 0 0 0 0 693 321 0 65 0 14 3 0 548 0 0 0 158 13 0 3 990 2 15 2 0 10 0 0 16 918 1 0 0 0 125 0 24 25 1 229 0 0 210 0 32 0 0 0 2 0 221 0 50 0 0 0 0 0 293 0 458 659 0 11
 15 4 31 0 0 0 6 0 0 0 123 1577 3162 0 15 40 0 0 0 66 7 53 170 0 243 0 19 0 0 0 439 17 216 2 0 0 0 0 27 0 11 6 1211 1052 1304 60 0 0 0 0 27 0 0 54 41 0 0 0 12 0 0 47 0 88 196 0 0 503 0 79 0 0 0 16 131 0 34 165 9039 136 0 0 0 0 0 0 1146 0 555 0 338 1 0 0 3 3 672 0 3 1 138 0 0 2046 454 8 0 17 0 343 0 0 7 11 0 0 16 9165 0 0 134 0 21 12 0 3 0 178 0 0 0 0 18 154 0 0 1065 623 0 755 0 0 67 0 18 345 146 0 0 0
 0 0 0 5 0 160 0 0 1355 757 0 0 0 54 0 10 0 0 0 0 0 0 7 0 86 128 2 0 2012 0 0 7 11 25 0 6 41 1198 0 0 0 96 0 123 78 0 0 0 56 0 277 287 0 0 0 0 7 0 0 0 0 0 131 722 1 0 0 0 0 0 0 0 19 0 604 0 15 0 2 29 28 26 200 17 0 0 0 0 0 0 0 0 0 0 19 0 0 62 15 0 15 250 1043 0 383 0 0 174 0 0 0 0 0 42 133 0 0 25 122 9 0 0 0 0 295 547 22 17 0 239 0 0 0 7 0 1807 0 0 79 0 0 0 0 190 0 0 0 6 30 0
 0 0 8 0 0 49 40 0 0 0 31 11 0 0 0 0 0 599 0 0 2 152 0 48 0 0 60 27 0 0 9 0 0 0 0 0 0 0 49 75 0 19 0 38 0 0 0 0 0 58 27 21 0 0 735 35 0 0 0 0 0 0 74 0 0 478 0 0 53 553 66 1044 0 102 11 128 115 262 370 0 13 0 10 1 1 255 87 0 0 0 0 0 0 0 5 0 0 0 0 0 11 0 0 116 0 159 172 0 0 3122 0 0 0 73 3261 0 0 308 53 94 0 0 0 0 0 27 1 0 0 0 155 401 672 6 0 0 0 0 8 116 0 21 0 43 0 0 0 42 0 0
 0 0 0 0 0 0 0 2996 0 0 0 0 557 0 0 154 14 10 0 293 1177 474 70 0 0 19 0 557 0 0 96 0 11909 0 0 0 0 0 0 0 0 0 2 0 68 0 0 15 2 59 29 0 3 143 0 0 12 0 37 0 280 1645 0 364 1059 90 0 0 0 14 0 0 0 0 0 29 66 132 0 0 0 0 0 162 383 9 39 16 0 338 6 0 30 0 0 2 0 26 0 0 18 0 74 214 105 62 0 3 0 0 0 56 867 143 0 9 0 0 38 954 0 0 0 6 0 0 0 0 0 0 2 2094 0 0 0 5413 92 0 0 2 0 0 24 0 208 0 6 0 5 17
 13 0 2 0 1 0 0 0 0 0 147 0 4 1559 560 0 0 0 0 0 29 43 252 42 0 694 0 7 0 0 0 0 90 24 0 9358 0 0 0 0 0 0 0 9169 0 147 282 0 0 0 10 0 0 1 0 0 3 1909 9 0 0 557 0 0 0 7 662 0 0 0 0 0 1 46 0 14 1251 0 0 0 0 64 0 56 0 14 0 4 5 0 0 0 0 16 265 0 0 0 0 0 22 4 22 8 0 417 9 1198 22 0 5 172 0 1889 0 40 0 10 0 0 26 0 0 0 624 0 0 0 0 143 0 0 4231 0 36 44 72 1 0 644 51 1221 287 28 0 0 0 14 0 0
 0 0 10 0 16 0 0 4 0 0 0 0 0 16 0 16 529 0 5 11 0 0 68 0 0 0 0 0 8 52 0 0 0 0 5 0 5 0 466 3 0 8 0 55 44 0 255 0 0 2 63 0 0 0 0 0 0 16 4 0 0 0 793 0 2 0 47 1 521 0 0 0 26 0 0 48 750 0 0 52 14 13 63 0 0 0 0 0 0 55 0 0 248 19 1210 5 0 0 0 0 938 7 6 0 0 0 0 0 54 63 0 0 10 0 203 10 0 0 591 0 58 0 73 0 0 0 0 0 45 0 0 11 0 596 0 0 4 2 0 28 0 0 122 4559 0 0 175 0 316 0
 0 0 0 0 5 35 80 0 0 0 32 0 0 376 4 114 7 0 0 219 0 0 0 0 0 3 0 420 15 0 0 8 21 0 0 0 272 282 0 555 0 0 1 8 5 46 23 0 11 0 4 0 10 93 200 77 28 10 0 0 0 23 20 0 41 0 499 0 0 675 0 0 0 128 8 128 2959 0 0 0 0 129 350 216 0 0 245 1280 0 113 0 0 944 0 0 0 40 26 0 0 26 1141 0 0 0 0 811 225 0 14 176 0 0 290 219 0 0 0 0 665 0 26 28 0 32 0 6 43 0 186 106 0 34 0 0 0 0 0 0 8 0 0 0 0 0 50 0 0 7 0
 0 0 0 0 0 0 3 39 0 0 1 0 2467 0 0 0 14 0 0 12 75 0 0 0 10 52 0 0 1 46 222 10 3374 11 563 10 74 0 542 0 938 0 45144 91 0 0 46 0 0 113 4911 13 14 0 119 0 0 0 4562 0 0 1091 0 0 173 0 46 0 0 78 0 0 0 11 131 35 0 0 0 12 56 0 20 0 26 0 24 0 0 0 0 4265 0 0 0 0 0 75 91 0 86 19 0 0 0 0 0 0 0 0 0 0 9 0 8 0 24 0 0 539 0 0 3 0 18 1 0 13 0 122 0 0 18 0 13 401 45 0 500 155 10 85 0 0 302 7 47 0 0 0
 0 0 7 49 0 0 75 0 0 44 0 36 0 0 0 493 0 0 0 166 1639 2 0 8 0 17 0 0 0 0 0 0 36 0 44 0 0 54 0 0 105 101 0 0 0 0 0 0 23 0 0 60 0 1443 0 0 0 0 6 0 0 0 176 0 0 0 0 0 9 0 0 49 0 47 20 3 164 0 0 16 0 15 8 14 0 0 14 0 230 0 0 0 185 181 0 0 0 2 0 0 0 0 0 24 7 0 0 0 0 0 0 20 0 0 17 0 0 0 0 41 133 189 127 0 0 0 0 0 0 50 0 0 47 20 16 0 83 0 0 1 0 0 0 541 27 0 0 0 6 0
 0 0 6 0 0 0 0 0 45 0 1 14 0 647 0 195 1 0 241 85 1124 0 0 0 0 0 0 115 0 40 0 0 0 16 0 345 26 0 279 10 26 0 0 0 60 45 276 34 0 99 59 549 0 0 15 0 0 82 10 0 0 0 7 0 29 0 0 0 0 0 46 0 0 185 19 0 29 0 378 0 17 0 0 94 0 0 0 0 263 0 0 18 0 39 0 0 0 213 0 2 31 242 661 0 0 8 402 52 890 1140 32 0 0 4 0 56 0 51 0 0 0 69 0 7 0 128 3 928 52 0 0 68 73 0 1 1055 0 0 0 23 0 57 3 1 12 0 26 2 12 0
 0 26 0 0 0 15 26 28 0 0 20 0 0 0 49 0 80 0 447 0 0 2 0 0 582 0 0 122 0 0 0 0 84 240 0 0 5 0 0 119 0 0 0 0 41 0 165 139 0 0 73 196 2479 0 49 779 86 21 847 190 0 62 10 0 0 31 0 0 0 11 375 0 1 157 27 13 215 0 0 0 1 617 0 0 0 3897 5 0 17 809 16 294 15 0 0 0 0 0 17 901 23 12 0 0 351 2 67 95 153 3 0 71 0 0 8 0 0 150 0 0 0 0 1092 0 35 0 0 16 944 2188 1 1012 2 17 0 0 33 0 0 2481 181 0 0 49 0 0 0 1074 0 0
 0 0 0 0 105 0 66 211 0 31 542 3 0 0 0 0 7998 0 0 4 0 0 0 0 0 0 317 79 0 0 0 3 0 48 0 0 45 0 0 10 943 2 0 0 0 1893 117 0 226 0 0 0 0 0 0 11 276 0 0 73 0 23 901 0 0 0 9299 81 0 14 1 3 0 5 0 0 80 0 57 6 0 0 11 0 23 0 490 0 16 75 0 21 0 178 36 0 0 600 0 0 0 0 0 343 0 0 0 0 0 61 0 0 0 0 0 0 2212 0 195 0 10 0 43 0 513 0 2 0 0 0 0 0 0 0 2 206 0 16 187 73 0 0 0 1 10 3855 397 54 2 0
 393 20 0 0 2917 0 1 0 0 13 185 387 414 391 0 0 0 0 0 0 0 1 0 0 794 139 1 0 0 0 0 0 461 23 0 0 0 16 22 3376 0 0 5 936 93 57 0 0 0 40 325 30 27 0 0 0 0 75 0 26 0 0 0 0 0 0 30 0 21 0 0 41 442 0 0 4 119 443 0 0 0 619 0 0 0 123 0 0 0 35 0 602 9 54 943 0 164 0 50 0 0 759 0 9 9 0 0 0 42 0 63 0 0 215 0 2797 6 52 0 28 0 1122 0 0 75 556 0 12 21 0 31 9 578 0 40 28 33 2 94 0 0 37 49 56 0 42 145 1583 4937 0
 0 7 6 10 0 0 63 0 76 4 0 0 65 0 6 0 0 0 372 42 0 34 0 0 0 20 164 41 0 0 0 0 0 0 0 0 43 207 328 0 0 50 0 32 0 552 4 0 0 0 106 33 7 212 55 462 208 216 0 7 0 8 0 0 401 447 0 91 125 0 0 4 0 0 0 0 0 0 0 0 16 0 134 5 0 0 50 13 217 919 0 0 70 197 0 27 30 438 0 563 0 1 0 0 385 1156 0 382 0 436 868 0 0 444 2 82 0 49 171 0 0 0 0 31 43 0 0 129 1 350 0 9 0 0 10 22 0 20 0 1036 0 0 0 0 0 0 0 890 3 0
 0 0 0 1 0 0 0 52 11 1 0 48 98 0 0 0 1 0 0 0 0 0 0 0 12 0 0 0 0 127 0 0 44 0 0 0 0 0 0 0 83 0 27 0 15 0 61 47 19 20 0 82 50 6 0 65 0 75 0 16 11 18 0 0 12 5 0 59 17 1749 7 0 0 43 0 0 123 0 0 1 18 0 10 0 0 0 0 0 0 0 153 0 8 0 67 19 0 0 129 75 0 36 78 116 0 0 0 0 0 0 1073 0 39 833 0 0 0 2400 0 0 0 0 0 0 2481 4 0 34 32 0 720 0 0 3 0 0 2 0 0 1 0 110 0 0 0 0 0 0 715 197
 0 0 0 0 0 0 0 0 0 0 1519 26 1 0 747 5 0 0 0 0 68 0 170 0 0 32 0 0 0 134 0 431 2 0 0 7 383 70 0 0 0 0 0 14 159 7 13 0 0 0 23 708 1070 1 7 0 5794 0 0 0 0 148 154 224 169 134 0 16 46 0 0 89 101 43 0 0 19 57 0 15 32 20 76 55 21 0 68 3 37 0 0 258 0 805 0 163 60 0 0 0 17 0 0 0 0 0 8 30 0 0 0 0 2 7 0 61 0 0 0 27 5 14 0 0 10 113 3 0 520 0 0 0 141 119 0 741 0 410 0 0 62 0 0 301 0 0 0 0 125 6
 0 109 6 98 237 0 39 0 0 603 2815 820 0 36 0 0 0 0 0 0 0 216 31 44 0 0 6 116 0 42 0 0 0 113 0 40 305 0 0 0 84 0 219 2046 0 0 10 0 52 0 0 43 0 0 71 577 10350 842 582 0 0 0 1 20 4 0 4 2 0 0 0 268 0 0 0 890 383 0 63 0 449 0 0 217 0 640 0 0 0 22 263 73 0 126 111 152 1063 64 3107 268 0 0 0 0 122 0 0 4 0 0 456 0 599 210 0 0 918 4490 151 66 0 0 3 0 0 0 0 69 0 0 5 484 0 0 0 54 0 62 0 15 264 4 147 164 0 27 25 0 0 0
