150
 0 18 0 303 0 0 0 0 0 37 50 0 0 1 0 0 99 137 0 469 0 0 229 0 243 365 51 0 1 0 0 0 1 363 0 0 8 0 303 0 0 13 0 0 187 0 36 193 0 0 0 18 0 0 0 0 354 0 0 0 0 0 0 0 55 0 12 117 0 7 0 0 0 0 40 0 0 0 0 0 1261 0 36 0 0 441 1 0 75 0 13 25 0 0 96 0 0 0 0 879 0 0 0 0 70 0 0 0 34 105 0 0 421 0 0 0 36 0 125 0 39 1 0 0 19 0 74 0 0 0 0 13 0 0 16 0 0 15 1204 0 0 0 106 49 0 14 0 0 0 0
 0 0 0 0 0 0 0 0 0 16 0 0 5 367 32 0 0 5762 0 0 0 0 0 0 0 13 303 0 574 164 0 49 49 24 0 351 0 0 0 0 0 0 1529 0 9 0 0 169 2 0 0 0 0 0 23 0 93 0 130 23 72 0 228 21 0 0 0 0 78 0 0 0 0 742 0 0 0 0 0 0 0 232 57 0 0 0 0 0 38 0 95 276 0 71 0 20 0 0 71 87 244 69 0 0 12 0 0 57 145 0 18 0 162 148 0 82 0 0 93 315 0 2 0 203 19 0 113 884 9 0 194 83 60 0 0 0 0 0 0 537 0 65 0 0 0 0 0 259 0 0
 0 0 0 0 0 0 0 1107 0 2 0 0 0 0 0 0 225 0 0 738 0 0 5 1 0 0 879 751 237 0 109 351 103 0 75 0 31 0 17 361 0 108 447 0 0 0 0 17 0 23 0 0 8 0 3 249 395 0 0 0 0 58 320 73 119 0 0 0 0 16 18 3 2712 0 0 13 0 0 0 131 0 0 31 0 0 0 1200 38 0 0 0 0 0 0 0 154 0 654 0 952 0 0 9 0 63 0 0 0 291 0 183 416 1 0 682 191 738 16 52 2 35 0 51 38 0 27 0 0 139 0 0 0 0 0 0 0 0 0 0 0 149 0 164 0 0 10 529 88 27 0
 0 0 30 0 0 0 14 10 0 1172 0 0 0 0 0 80 0 0 649 1219 0 948 0 0 0 0 0 0 0 0 0 0 0 0 79 0 0 0 0 460 0 0 0 3 96 0 0 0 64 0 77 0 1848 0 0 94 0 258 136 0 22 0 0 124 0 14 0 0 0 28 0 0 0 0 0 77 170 0 7 0 4 19 0 259 0 682 0 0 0 0 14 0 0 0 7 172 0 0 72 0 11 0 0 64 0 170 255 0 58 0 0 20 238 7 6831 0 0 267 0 0 0 279 0 13 0 0 0 0 274 0 0 0 104 0 0 0 0 0 0 0 0 431 55 0 0 0 0 0 1 0
 2846 93 0 1334 2 191 31 573 2623 0 0 8 0 0 0 0 0 14 0 16 0 81 174 0 5 17 34 0 429 2847 0 49 0 0 0 0 0 14 0 0 0 50 0 0 0 0 36 181 0 8 0 0 647 0 0 34 5 0 21 0 117 0 0 0 27 18 0 0 0 0 0 0 0 0 11 626 0 0 0 0 0 0 0 0 15 10 9 99 0 0 0 19 9 0 0 0 823 0 48 0 0 0 36 0 6 0 0 0 0 199 0 751 0 0 0 0 0 138 0 0 0 0 0 41 100 0 1204 0 0 8 0 348 3 166 0 0 0 36 0 0 0 0 1 103 0 0 100 0 0 0
 23 0 0 0 0 0 0 0 0 76 0 0 128 0 36 0 0 0 0 190 0 0 0 19 67 1 0 64 0 384 0 0 0 101 0 0 0 2 146 0 0 0 2 18 0 1156 8 0 0 0 10 0 0 0 41 0 0 0 0 0 0 0 142 2 0 0 27 0 5 216 21 0 0 2 46 1103 0 0 109 0 0 109 68 0 0 155 9 363 0 0 0 11 0 111 0 0 1076 0 0 1 0 0 181 0 248 0 32 16 77 181 0 0 0 0 185 0 92 0 45 0 0 12 157 130 0 0 54 0 0 0 0 7 0 0 66 37 26 22 0 0 45 0 0 232 59 0 108 0 0 33
 36 0 0 0 0 105 0 0 0 0 0 0 0 0 117 0 56 125 0 0 0 0 0 201 136 0 64 0 635 0 0 37 0 0 0 0 934 0 0 0 0 0 128 0 0 0 0 113 421 0 1 0 0 0 14 0 0 0 0 7 1 0 0 27 1638 10 0 0 32 0 0 47 0 0 0 0 0 0 0 151 0 0 594 0 0 307 0 0 0 149 0 0 0 253 507 0 0 4 31 49 258 0 0 4 0 351 78 0 0 0 0 85 0 0 0 0 14 0 21 94 539 2642 0 0 0 0 143 193 0 0 0 0 10 7 0 0 0 0 0 0 0 0 0 0 0 0 11 0 0 0
 0 26 0 0 0 234 0 384 0 0 0 0 0 0 0 44 0 0 0 14 19 0 406 0 164 0 0 0 0 887 20 9 234 64 0 0 0 287 0 41 17 0 0 0 0 0 0 169 0 0 0 4 55 0 0 0 0 0 39 7 0 6 0 0 0 0 17 0 26 0 0 0 14 0 0 103 37 4 54 0 0 0 7 0 1 95 0 0 0 81 0 0 13 0 146 980 0 0 1092 0 0 0 0 0 1090 0 0 0 63 0 58 0 781 0 17 316 2847 0 0 0 0 0 0 42 8 0 0 0 0 80 0 163 0 0 0 0 79 0 0 5 0 0 0 0 137 0 0 1 0 70
 154 27 0 0 0 1 8 0 74 0 0 0 618 0 0 0 108 0 19 12 62 0 0 0 0 6 0 0 191 0 0 0 93 0 0 0 0 83 0 0 0 83 0 24 43 0 0 19 15 0 0 0 0 2 0 114 48 0 0 0 0 0 0 939 0 0 0 0 0 0 0 65 0 0 0 65 0 2 1475 0 336 0 0 252 0 0 0 234 0 20 0 0 0 0 253 0 20 10 2 68 13 0 0 5 0 0 1051 0 1829 0 0 0 0 0 0 0 0 0 25 43 0 6 6 0 0 0 16 0 0 0 952 0 37 0 0 0 0 4 0 0 65 64 38 0 0 506 0 0 0 0
 0 0 0 0 0 0 0 25 0 13 0 65 69 151 0 0 0 106 0 0 118 0 1 0 0 0 89 0 0 0 667 11 39 0 15 0 0 0 0 0 0 2 0 0 9 0 39 4 9 0 0 0 0 0 0 0 0 363 0 154 13 14 0 199 0 0 0 0 46 0 0 106 0 0 0 0 0 0 70 0 6 255 0 0 0 218 0 0 206 0 0 0 0 0 0 0 63 0 16 1448 0 217 0 42 0 0 0 237 0 0 0 94 0 0 0 21 0 0 240 0 0 1528 315 19 0 5 0 0 0 0 0 43 149 39 27 0 0 8 7 65 0 274 0 0 0 0 0 1 0 2
 0 0 48 0 0 954 0 80 1340 972 0 149 20 0 7 11 0 0 0 112 7 0 0 50 0 221 0 144 0 0 0 0 72 1224 15 0 0 45 97 0 0 0 0 0 0 191 2368 0 0 1397 16 0 0 0 244 0 0 0 0 5 22 0 0 0 13 0 0 0 0 0 0 0 0 0 86 0 233 31 682 0 466 212 0 0 0 0 0 19 0 0 0 44 0 0 0 0 0 0 1462 10 64 165 0 0 0 0 212 0 0 0 0 270 0 0 0 0 0 0 0 0 1427 0 0 0 0 0 0 0 0 0 0 0 0 0 0 0 24 0 0 0 355 0 0 0 0 0 0 0 22 7
 39 111 2 0 0 0 19 74 0 0 0 101 0 0 0 0 884 0 213 0 31 0 2272 158 0 90 0 14 0 0 20 0 19 0 0 4 0 0 0 0 0 0 0 16 0 4 0 0 0 0 3 8 37 0 0 0 0 0 0 0 33 0 0 0 99 0 935 0 47 0 0 0 0 0 0 0 0 0 0 14 10 0 414 128 59 0 0 31 0 626 0 0 0 0 0 0 0 28 0 0 0 0 9 148 0 0 0 0 4 0 1 1 0 0 0 90 435 0 0 6 0 0 0 0 0 20 62 0 0 270 0 0 0 0 0 0 92 0 0 0 0 0 1 0 88 206 1448 0 0 0
 0 0 0 0 0 0 2 0 0 0 0 48 0 0 8 36 0 0 1 0 0 15 0 0 278 0 148 56 0 0 21 1 0 0 0 0 0 681 154 0 0 0 0 727 0 4 0 0 0 0 0 0 0 0 2 0 139 2 13 0 0 73 793 79 41 0 0 0 0 0 0 1046 45 0 57 5 14 0 0 244 0 0 0 447 151 17 61 8 0 2 0 256 267 0 0 0 338 0 0 0 0 72 5 0 15 49 0 6 0 0 0 0 278 0 0 61 1 136 0 0 0 0 0 0 0 0 0 0 275 0 0 0 0 97 1 136 0 5 0 65 0 0 0 0 0 0 0 0 0 0
 0 0 10 2 0 0 0 125 5 0 15 0 187 143 633 0 0 36 1605 0 0 0 0 0 0 0 0 0 0 0 3 19 0 0 0 2 0 1 0 1260 99 0 841 0 0 0 0 12 93 0 200 0 1029 0 12 0 15 0 0 0 47 0 0 0 0 0 12 0 0 0 0 0 25 4 0 2847 0 8 0 13 0 0 0 140 0 424 0 0 28 0 0 0 0 0 0 0 0 0 0 0 36 291 2 0 1 0 0 0 0 0 0 0 7 0 27 539 0 0 81 14 51 0 0 153 0 0 0 0 0 45 0 0 190 0 0 0 0 19 0 13 0 0 0 0 0 16 0 0 61 0
 0 0 0 73 0 0 0 38 109 423 0 0 0 0 0 24 572 0 0 0 130 0 0 23 0 10 0 0 0 0 0 0 0 0 58 2 0 0 31 0 0 0 80 0 0 33 113 0 0 0 0 0 0 49 56 0 9 0 0 0 17 0 0 0 0 20 0 0 0 10 0 0 0 255 0 0 0 0 0 0 0 0 0 9 6 0 0 0 0 41 1427 0 0 14 0 0 4 125 0 24 370 0 0 0 0 0 26 1 76 0 13 827 274 65 70 0 164 0 278 123 0 199 0 210 0 0 107 0 0 14 0 130 1001 0 0 0 73 6 0 0 26 0 0 112 0 0 0 0 748 0
 103 0 0 0 117 0 0 0 101 30 0 0 0 1 0 0 1631 0 0 0 0 0 0 628 0 216 212 0 0 974 0 23 0 0 47 0 14 9 36 0 0 0 0 0 113 472 291 0 0 458 48 0 0 835 77 80 130 9 2 0 0 0 5 0 19 0 0 0 0 1 0 202 0 0 0 0 0 1083 0 0 0 0 0 0 0 0 2 0 0 0 0 0 0 0 0 0 954 0 0 0 0 0 0 103 0 0 0 0 249 41 0 34 0 274 9 151 0 0 120 265 0 0 626 0 0 0 31 0 0 295 0 0 0 477 0 0 41 0 0 0 240 47 0 0 0 0 0 84 268 0
 0 0 0 0 0 1 0 0 0 130 0 0 0 619 0 0 0 0 0 0 553 0 190 0 0 0 0 31 49 93 0 0 53 105 0 2 254 0 0 0 0 50 10 0 0 0 0 0 1 206 149 0 114 114 0 0 192 0 117 0 0 14 0 0 2312 137 288 0 0 0 251 0 19 0 0 0 0 0 0 0 0 97 36 0 630 48 24 8 0 0 24 0 71 0 0 0 16 428 0 0 0 0 258 0 17 818 0 0 19 161 119 0 0 139 20 363 95 67 0 0 116 10 0 0 253 164 3 0 13 0 22 28 0 0 2 0 0 56 0 0 29 0 0 72 0 0 682 0 0 12
 0 0 3 4 0 0 0 0 2 0 384 139 6 0 256 190 79 363 0 1 49 0 0 0 0 0 3 0 0 0 0 0 0 165 0 1031 0 0 0 0 0 57 13 0 0 0 18 2 0 0 0 0 0 0 21 0 0 0 1612 0 316 0 553 0 65 0 0 0 0 31 0 0 0 0 0 94 97 165 0 0 0 0 0 15 0 0 0 0 0 1 2 0 0 67 0 259 0 0 9 0 0 0 0 259 472 0 103 315 0 0 0 16 0 303 0 0 0 9 0 0 117 0 0 0 0 0 0 0 259 0 0 0 0 795 147 0 0 0 14 0 143 0 0 0 413 0 25 0 343 0
 0 13 11 0 587 0 15 0 0 33 458 0 0 0 0 0 0 363 0 429 4 0 624 17 0 0 0 751 0 888 0 48 109 0 0 184 45 0 0 0 0 0 0 0 0 178 0 0 158 0 0 16 423 37 0 0 205 0 257 215 0 0 0 258 1987 0 0 43 0 0 153 0 0 0 0 0 0 0 0 0 0 0 27 0 0 69 287 0 31 0 86 0 0 5 0 0 0 5 0 0 24 100 30 11188 0 0 7 0 0 0 0 587 401 30 0 29 53 59 18 0 0 34 209 0 69 0 0 0 0 0 0 0 42 11 1633 0 0 0 366 203 0 0 0 22 0 0 0 31 0 10
 0 0 0 0 0 0 25 0 0 415 0 200 0 97 98 0 5 0 0 445 0 29 0 234 0 0 0 0 183 0 0 0 96 0 238 15 0 0 0 0 0 0 164 0 0 0 0 0 0 0 0 0 2312 0 88 0 0 0 0 0 0 24 0 0 539 0 0 0 0 0 649 0 15 94 0 0 6 0 0 0 10 0 0 16 0 28 0 0 972 1 235 67 0 0 0 0 0 0 0 0 0 0 0 0 0 0 0 5 0 0 365 0 296 0 0 0 0 0 0 0 19 0 0 0 149 0 0 53 61 0 856 0 0 0 64 0 0 54 16 0 0 0 200 0 0 0 0 1035 210 130
 0 974 1 25 0 57 0 0 0 0 0 0 57 0 0 33 0 0 0 41 0 0 217 0 24 0 31 0 28 8 649 0 0 71 329 0 0 182 0 0 682 0 7 0 0 0 0 0 0 682 0 0 0 0 105 0 20 0 0 0 0 679 0 0 274 362 0 454 0 0 0 0 0 4 0 0 0 0 0 284 0 0 0 244 1206 24 31 0 0 285 0 0 249 84 0 363 0 0 0 0 16 0 0 0 0 0 0 993 0 0 52 46 37 234 0 0 0 557 0 0 0 0 0 0 0 0 0 95 0 0 24 0 0 0 0 6 0 0 0 0 216 0 78 27 154 0 0 0 0 0
 65 686 0 0 0 1260 0 164 0 5 0 7 0 0 0 68 0 95 223 0 0 0 0 0 0 0 0 0 0 62 0 0 71 23 0 0 13 468 0 0 0 0 0 49 0 634 7 0 82 0 70 0 0 0 0 153 0 0 93 0 0 7 0 100 37 0 249 0 15 0 0 0 0 0 0 0 0 0 114 0 0 21 73 9 66 1 75 0 0 0 0 0 0 33 0 14 0 0 0 17 0 96 152 0 0 5 0 0 2 0 0 0 77 0 0 0 0 0 0 0 8 0 0 0 0 3 55 0 6 21 0 0 0 0 0 27 0 1622 0 104 0 0 216 102 0 0 0 158 0 0
 0 42 0 40 0 143 0 0 37 0 0 0 0 0 0 0 0 240 0 0 0 19 0 0 0 40 40 0 0 14 112 27 0 114 0 0 0 5 135 0 0 0 0 0 0 0 75 0 26 0 0 0 0 66 0 0 0 5 0 0 0 28 14 0 0 76 0 382 0 0 0 0 0 0 0 431 19 0 16 0 9 0 0 40 9 0 0 0 0 75 193 13 0 18 24 0 149 0 33 0 0 100 0 0 0 0 48 0 0 0 0 0 0 0 2513 0 0 66 0 447 77 0 0 0 5 0 149 80 0 0 0 0 0 0 132 0 0 0 0 17 0 0 0 1968 0 0 0 0 0 0
 0 0 0 101 6 0 0 0 0 0 0 0 0 0 0 0 14 0 0 0 159 5 16 19 0 0 0 0 0 0 0 0 0 0 66 0 0 0 0 0 0 0 16 0 0 0 1351 0 0 0 4 0 0 0 0 0 110 87 0 0 83 0 0 0 0 0 0 0 14 0 0 0 2 0 0 24 164 0 0 0 0 1326 0 0 3 0 212 0 0 0 0 0 27 0 0 97 0 0 0 0 1165 7 262 0 43 0 0 0 0 1796 630 0 1340 0 34 1 0 0 193 0 2 31 87 0 76 0 0 763 0 0 0 0 261 80 31 36 340 20 0 270 0 64 0 447 0 14 0 0 0 253
 0 0 0 0 0 0 0 0 0 0 31 0 0 0 275 0 0 80 0 27 0 44 367 0 137 0 0 0 1 44 0 17 0 0 0 0 0 0 14 0 19 0 0 6 0 0 73 16 91 0 0 0 884 10 879 95 1252 0 12 0 0 15 0 0 0 0 191 445 0 193 0 0 0 0 0 0 161 0 143 395 0 0 0 0 53 0 100 0 33 0 2 0 0 0 0 0 0 0 0 0 9 0 1 102 88 0 0 0 27 183 0 15 19 1531 0 0 0 16 4 0 18 332 0 6 465 0 154 17 0 1158 0 0 0 0 0 10 0 0 0 145 0 151 0 0 26 0 31 5 11 0
 0 0 334 66 0 0 26 27 0 40 0 0 0 0 0 0 0 48 75 2 7 429 0 0 0 145 0 0 0 7 203 9 0 0 0 0 0 1987 0 0 5 1 0 0 0 18 0 149 49 36 32 0 0 0 0 707 0 93 1 45 0 1 0 0 0 0 0 76 0 0 0 0 0 0 0 4 31 0 0 23 0 105 16 257 0 34 288 0 0 0 0 31 0 0 71 0 0 0 0 243 0 0 72 71 0 31 98 0 0 0 0 0 0 40 0 0 553 70 0 0 75 0 21 0 55 0 0 0 2 0 696 55 35 0 2 117 0 332 0 2 1 5 40 0 31 26 149 0 0 43
 0 0 0 0 0 0 0 0 0 0 0 0 0 0 0 0 0 0 351 0 0 0 0 1162 0 0 178 0 0 0 2 71 8 0 0 0 0 112 0 104 0 0 100 0 0 0 46 85 0 0 0 0 0 0 0 0 291 0 0 0 0 0 0 116 0 0 0 13 0 0 26 11 0 0 1413 0 0 0 0 9 117 19 23 59 0 0 206 0 0 0 5 38 1 0 0 0 0 0 0 0 14 0 0 0 0 0 0 0 0 95 84 0 64 0 20 626 0 0 134 0 113 0 10 0 5 3 0 15 0 0 6 0 0 0 24 0 154 0 46 132 363 0 41 0 100 0 0 0 1 0
 33 12 0 0 0 0 0 0 7 43 0 0 0 6 1474 0 0 932 0 0 23 7 13 628 47 240 0 0 0 0 0 0 26 0 0 21 0 37 0 268 41 44 0 0 45 0 0 276 0 0 0 2 0 57 39 118 0 0 0 0 0 2 17 0 92 0 620 0 20 0 0 33 55 0 0 24 0 0 0 0 262 0 0 518 0 0 20 0 4 0 19 7 0 0 0 3 0 0 103 0 0 0 0 1072 0 0 0 0 36 0 2312 297 0 0 0 0 28 0 16 0 6 3 0 0 0 238 0 539 0 74 0 0 10 0 320 149 14 13 0 0 0 0 96 1273 0 0 0 0 21 0
 0 0 0 6 0 134 0 0 0 191 81 53 95 0 365 32 0 208 0 0 0 0 34 0 0 33 60 0 0 0 0 0 82 73 0 0 0 26 98 0 3 0 282 0 7 0 0 0 0 0 0 58 0 0 0 0 0 0 0 209 44 0 62 25 0 0 84 0 0 149 0 351 0 0 0 36 27 0 0 1138 0 628 0 1334 0 0 0 0 0 0 0 112 0 102 0 38 0 0 6 0 365 1987 0 0 26 0 0 2 0 0 0 0 2642 0 0 0 103 0 60 109 0 0 0 1 0 0 0 0 0 208 154 0 0 0 0 0 0 28 22 1 0 0 0 0 0 0 0 0 0 0
 0 0 151 0 0 0 0 0 0 587 0 42 39 7 26 0 0 60 0 41 0 0 0 0 0 0 0 74 58 0 0 109 0 0 130 0 0 0 0 0 0 0 1533 325 0 1397 561 217 0 0 0 0 0 0 406 4 0 0 0 0 0 0 0 0 0 0 0 0 34 28 41 0 0 0 0 58 97 0 24 55 0 0 0 0 0 0 0 0 0 0 82 20 0 32 0 10 0 0 0 36 1 0 0 0 0 0 0 0 864 0 0 12 0 31 0 0 0 0 14 0 0 0 15 0 0 166 0 0 0 0 40 0 0 0 0 0 138 0 0 0 0 0 0 0 262 633 0 256 718 0
 3 0 0 0 20 36 1124 0 42 0 0 0 0 0 48 6 20 0 255 44 0 325 0 74 202 0 0 0 25 183 0 22 0 91 0 64 0 0 4 561 0 0 103 0 165 0 0 0 0 0 974 0 0 0 332 0 0 0 198 0 0 68 16 0 65 0 0 0 0 0 189 118 0 0 0 29 0 39 34 0 66 0 0 0 0 0 0 21 528 0 0 0 0 0 10 12 316 0 0 0 0 0 179 34 0 10 87 1475 367 0 288 0 0 0 21 0 0 12 0 39 0 0 24 0 0 0 56 0 149 0 0 35 0 10 0 11 0 0 0 0 0 0 229 93 132 15 0 56 122 0
 0 0 0 0 0 0 0 0 0 0 0 0 0 0 0 0 856 0 0 4 2 680 0 9 0 0 0 130 89 0 0 0 0 0 962 0 0 0 0 0 56 0 0 0 0 0 161 0 6 0 0 0 0 0 0 0 1369 952 0 553 203 0 0 23 0 0 2 178 0 0 0 0 0 0 0 449 0 0 0 2312 0 165 123 682 0 0 0 1 0 0 5762 0 0 863 7 0 10 0 98 0 26 0 0 0 0 40 4 0 0 0 0 0 0 0 468 0 0 993 0 0 0 0 22 0 0 11 0 0 0 0 0 2 0 0 0 87 0 151 0 2312 0 0 0 0 153 81 0 123 0 16
 0 0 0 0 0 0 0 0 0 0 0 0 49 237 87 12 0 0 0 0 0 0 1638 0 628 0 0 0 0 307 1103 0 82 165 69 499 0 0 31 0 44 109 0 0 17 0 0 133 28 43 0 63 0 0 110 35 0 257 0 34 82 73 0 0 0 0 14 0 163 0 0 0 13 0 0 68 0 0 0 365 0 0 0 81 0 0 10 0 167 0 1 0 348 0 0 0 0 0 0 0 12 0 0 0 0 0 37 0 0 0 0 16 0 0 0 0 0 0 0 0 95 24 0 0 6 0 97 0 0 0 33 0 93 0 0 279 81 0 50 0 0 0 0 0 10 12 0 0 0 0
 0 0 0 183 0 0 42 0 0 449 0 0 15 240 0 96 0 0 0 45 0 0 0 0 23 5 9 0 0 601 0 55 0 0 0 0 0 4 331 0 24 0 31 0 0 0 115 0 0 0 0 404 16 2712 0 412 0 0 0 0 0 0 0 0 0 0 0 0 0 22 118 0 0 0 31 0 0 0 0 0 0 0 53 3 856 0 100 2 116 0 217 0 0 0 0 70 156 1 0 1453 27 0 6 0 0 4 0 91 114 0 0 274 0 0 77 128 0 33 0 65 0 0 0 0 0 0 23 230 0 16 53 67 0 0 0 0 0 25 0 0 6 0 0 0 0 0 199 0 179 0
 15 0 0 0 6 249 22 0 1275 0 0 0 0 145 0 0 0 0 0 0 0 15 855 0 6 0 0 0 14 0 351 0 0 2 23 0 0 0 131 228 3 0 22 0 0 0 0 0 6 0 0 0 0 0 200 0 0 0 19 35 0 0 0 15 0 0 92 334 0 0 162 0 0 634 14 0 191 0 0 80 0 0 0 0 117 0 0 0 6 0 169 0 0 0 10 0 6 53 0 0 0 0 8 0 0 0 1 0 0 229 0 0 0 151 630 0 0 0 31 0 5703 117 0 100 119 0 391 0 0 35 0 0 0 0 0 0 11188 0 0 191 0 0 0 13 0 0 66 21 0 0
 71 0 26 27 0 0 7 203 64 0 70 0 0 0 0 132 0 0 0 0 4 0 0 527 0 0 257 0 21 0 0 0 0 0 0 0 0 0 25 0 0 0 261 0 0 89 54 0 0 13 0 21 0 0 0 69 0 1241 100 36 0 41 59 761 200 0 1277 0 0 0 72 113 0 0 0 1459 0 0 7 8 0 0 0 0 0 45 53 0 727 4 0 0 0 7 0 0 0 0 0 65 0 60 240 7 0 116 0 0 0 1275 0 34 0 0 0 416 0 32 0 0 0 0 26 0 0 0 0 9 1026 23 0 0 0 0 0 0 2 1 4 0 0 0 0 92 0 1 0 0 37 31
 0 1 0 0 13 49 0 0 0 0 0 302 0 31 107 0 0 0 0 92 75 0 0 0 35 45 135 1223 17 0 11 60 22 26 11 0 0 0 0 0 0 1987 0 0 34 91 0 0 0 13 0 0 295 0 7 0 0 191 0 67 0 0 0 445 0 98 0 0 0 0 0 0 0 2702 32 70 0 23 49 0 38 0 62 0 275 0 9 0 81 0 0 0 0 0 0 535 0 0 0 0 0 0 0 43 0 27 1172 0 0 0 0 0 79 41 0 0 0 0 0 0 0 109 0 0 0 4 0 14 0 18 0 0 289 0 0 0 23 208 0 6784 0 0 0 91 143 2 0 0 0 23
 383 0 0 0 0 0 0 0 0 112 0 0 0 0 0 0 461 95 29 0 0 0 0 0 21 0 0 0 0 0 28 0 152 0 109 16 0 0 8 0 0 0 0 0 244 0 948 25 22 0 0 0 0 0 0 54 38 0 0 0 38 0 0 0 0 0 0 26 0 0 0 0 0 0 0 410 0 886 0 0 0 0 321 165 0 0 0 0 0 6 4 14 198 0 0 30 0 69 0 0 0 0 0 0 1357 0 3 0 0 63 0 0 0 46 0 0 0 0 0 0 27 7 27 2 1 0 0 0 218 0 147 0 0 36 0 0 0 53 268 1060 0 3 97 0 104 0 0 0 0 3
 0 6 0 0 1340 0 0 313 101 103 0 429 0 31 0 0 4 47 20 0 302 0 0 0 0 0 33 20 0 0 0 0 0 0 0 0 23 0 27 0 0 0 0 0 384 240 112 50 0 0 18 5 0 0 37 27 0 0 0 48 0 19 0 0 0 0 4 0 0 0 0 0 0 146 21 165 0 34 0 71 0 0 0 69 0 0 0 0 0 0 0 16 0 0 0 0 0 0 0 117 0 0 0 0 0 0 0 762 0 0 166 0 0 0 0 0 109 19 0 35 0 9 0 0 0 406 0 0 0 0 0 0 34 0 7 60 1622 0 131 103 0 1089 0 0 0 0 0 0 64 0
 0 0 0 0 14 16 0 0 456 0 83 0 29 0 4 972 0 6 200 0 0 0 123 262 1180 0 0 0 11 23 0 763 0 38 0 0 0 6 572 5 0 0 0 0 0 0 0 1 0 0 34 0 0 0 0 0 0 0 0 0 0 0 0 0 0 0 7 0 41 0 0 0 0 0 0 14 0 0 1 0 38 2 416 0 0 5 0 257 27 0 0 0 1348 0 1 0 0 0 0 12 0 0 0 142 8 0 0 0 0 0 0 6831 0 424 25 0 42 12 0 205 0 0 0 40 0 207 0 0 127 0 0 1 0 0 0 278 0 0 553 36 0 0 0 0 0 0 0 0 0 0
 0 295 16 0 81 0 0 0 67 7 0 303 0 0 0 80 0 17 115 0 0 12 520 60 0 0 94 0 0 13 0 0 0 0 0 0 93 0 0 65 112 0 128 55 0 0 100 6 17 2642 0 0 0 95 0 293 34 0 0 0 0 0 0 0 0 0 1234 0 50 0 0 30 0 1278 8 316 0 0 183 0 0 31 9 0 79 0 0 0 87 22 0 0 62 0 6 0 255 32 0 0 0 10 0 73 0 0 113 0 0 0 39 0 0 14 0 48 954 348 0 0 0 106 0 0 19 0 0 93 0 0 0 94 1367 55 0 0 97 14 151 0 571 0 0 573 43 0 0 0 9 0
 0 0 0 1 0 0 186 0 0 0 0 23 158 21 14 0 0 0 44 1 0 0 119 0 0 0 62 0 0 27 0 0 0 0 54 0 0 0 0 20 103 0 0 185 0 0 0 0 217 280 37 0 0 96 686 1852 0 0 40 0 0 31 48 0 0 5 0 0 0 142 0 0 0 0 6 0 0 4 15 0 0 0 0 0 0 0 0 0 0 0 0 6 31 0 0 181 0 0 0 0 0 1 0 0 54 0 0 0 0 0 111 0 0 0 0 2 0 0 69 0 1427 0 256 0 0 0 0 0 0 0 33 0 55 0 24 0 21 389 0 6 18 93 0 630 31 0 0 0 0 0
 0 0 0 0 0 0 0 291 0 0 0 0 9 0 0 441 0 0 0 0 0 275 384 0 544 0 0 45 0 0 0 0 97 0 0 0 142 116 0 55 0 0 31 0 0 0 0 0 320 152 0 0 112 19 99 0 0 0 0 0 130 6 0 0 0 17 0 0 0 0 0 0 1 56 34 17 0 67 0 12 0 0 0 0 0 0 0 0 0 0 0 4 0 10 0 0 0 0 0 529 11 109 0 0 0 0 0 0 0 0 0 15 0 0 9 0 2 0 0 0 1077 0 117 0 63 0 0 1156 0 0 158 0 178 0 0 0 0 0 0 0 0 117 48 0 0 0 206 33 1090 209
 18 0 598 0 0 0 154 95 0 18 117 0 0 626 0 0 0 0 0 0 0 0 99 0 0 0 0 0 7 0 16 25 0 288 1260 0 1048 257 153 1087 0 0 0 27 0 0 16 14 0 0 0 0 220 0 4 1095 0 0 0 113 0 0 0 0 114 213 0 0 27 0 0 0 289 4 0 0 38 191 0 12 4 2 0 94 0 0 0 271 2 0 27 0 25 0 24 5 1340 0 149 0 0 0 0 0 0 0 9 36 0 19 0 0 0 0 0 0 0 0 0 0 0 48 276 0 0 88 0 0 0 0 0 9 0 0 0 0 0 165 0 6819 0 52 12 6 346 0 0 0 212 0
 0 0 8 0 130 0 1228 184 0 0 125 4 1475 835 6 0 0 252 634 0 0 0 89 395 2847 0 0 0 0 7 0 2 0 7 0 0 0 0 0 42 103 142 0 17 2642 3 0 0 0 0 0 170 0 0 112 0 0 1 0 0 0 0 0 0 887 0 0 0 0 0 0 0 0 0 0 0 128 0 742 50 0 0 0 577 0 0 186 0 367 0 132 0 117 0 0 0 0 43 291 34 0 0 0 0 237 0 0 0 0 0 0 0 0 0 0 0 0 0 97 0 0 0 0 0 0 314 5 0 178 4 12 34 0 0 0 0 0 0 0 0 0 0 19 0 468 0 634 452 282 0
 43 33 0 223 0 0 0 0 0 162 0 0 0 0 0 0 1585 0 0 0 139 0 0 0 320 0 24 97 33 0 24 5762 0 10 17 0 0 887 0 0 0 0 0 0 0 19 0 541 18 0 0 0 2 0 525 5 0 0 0 0 0 0 0 0 0 0 0 0 0 0 0 14 0 41 311 0 0 0 0 103 0 0 1287 262 0 0 0 0 0 0 29 0 0 240 0 0 77 5 0 0 0 557 16 0 0 1001 0 0 0 0 0 97 1 0 0 0 5 0 0 0 0 0 47 0 1089 0 0 0 0 0 0 0 0 0 0 0 0 0 0 0 0 0 0 0 0 0 0 0 255 257
 0 72 109 30 0 0 37 0 9 0 0 0 0 0 0 0 0 0 0 0 389 0 0 0 0 0 0 43 136 0 6 0 11 0 1 0 0 0 0 0 0 61 486 0 396 85 0 0 0 0 173 0 0 37 99 0 0 18 0 83 174 31 1 0 0 0 0 4 0 539 0 0 0 128 0 1 0 0 203 154 1340 213 0 0 0 6 0 0 0 0 0 0 1 81 0 194 0 10 0 0 0 0 0 0 183 1987 0 1 0 0 9 33 441 0 16 0 0 0 70 18 23 0 0 0 109 0 31 0 529 0 0 0 0 0 0 143 0 58 16 0 0 0 97 0 0 136 0 0 0 19
 0 0 0 343 0 0 0 0 0 0 0 1172 295 0 792 0 240 0 0 40 0 0 33 818 0 0 0 0 0 0 0 1 0 206 0 1852 0 0 0 0 0 17 0 0 3 0 48 0 0 2 2 0 72 36 0 0 0 0 58 0 116 553 7 0 95 38 0 0 0 0 0 1219 177 0 0 81 0 225 0 1 0 30 5 0 0 4 0 12 0 0 0 9 0 0 296 9 25 0 0 0 0 0 5 0 0 92 0 0 8 0 549 0 0 1231 276 0 0 0 0 0 0 105 0 12 2 0 0 0 194 0 0 0 0 0 315 0 181 0 32 0 0 0 1269 0 27 0 20 884 0 32
 938 0 45 0 108 0 0 0 0 0 2493 0 96 0 2 1 0 113 0 31 0 0 0 0 0 0 0 1 22 68 10 0 0 0 0 0 32 0 259 0 0 0 0 9 181 0 0 763 123 0 636 0 5 0 0 6 130 33 0 2 0 0 0 0 212 0 10 0 0 0 0 19 0 46 14 0 0 184 0 9 0 845 103 0 0 0 0 0 0 253 0 34 0 0 0 0 0 0 0 1803 226 0 0 0 0 12 0 122 0 0 0 0 0 14 0 0 171 481 0 0 0 44 139 47 0 0 0 1 0 0 5 0 0 0 0 0 0 0 0 0 0 33 0 19 0 0 0 0 0 0
 147 11 0 0 0 2 91 6 0 260 0 0 0 17 0 0 0 73 0 6 0 268 0 463 0 0 7 80 1 975 32 0 0 0 22 0 0 19 165 5 0 0 0 1 0 0 0 0 0 0 0 0 0 0 0 20 0 17 0 699 818 0 0 0 114 0 0 0 0 66 553 0 0 0 0 0 0 0 0 279 0 9 327 22 0 12 0 0 0 5 0 0 0 0 0 8 1 406 452 0 41 109 0 0 233 0 57 0 0 0 0 0 0 0 54 92 6 1638 0 300 0 0 68 0 0 91 0 0 19 0 0 389 0 0 1 0 24 0 0 0 0 0 203 80 90 615 0 12 0 22
 0 4 95 0 0 0 0 34 45 351 0 0 0 0 0 0 0 0 72 1060 0 0 0 0 38 0 100 0 771 9 0 0 0 0 17 65 0 0 0 0 0 0 0 0 0 5 0 0 0 0 0 0 0 0 0 111 18 0 38 0 0 0 0 0 0 0 0 0 15 0 0 0 0 37 17 16 0 0 0 0 0 0 0 0 461 0 0 0 154 0 21 0 11 0 34 0 0 116 0 78 0 0 262 6 0 6 0 97 0 211 0 0 38 0 1622 0 0 0 73 0 315 0 0 19 343 93 0 0 220 0 10 0 0 1223 0 0 36 185 41 97 1721 0 974 191 3 11 0 0 39 0
 0 0 48 84 977 0 203 0 0 16 0 0 69 587 0 1 587 0 0 0 34 0 0 0 1529 0 0 0 0 0 0 149 0 0 55 0 0 12 0 1622 146 13 0 97 0 0 0 8 0 185 23 119 31 0 0 0 0 0 0 26 0 279 0 15 0 0 14 0 0 0 0 0 0 0 0 0 0 0 93 79 0 10 0 0 0 0 0 0 0 20 0 10 17 0 0 34 0 0 0 0 59 0 1 75 0 0 0 0 0 0 14 205 427 35 0 0 0 0 0 420 1 0 0 75 0 0 10 0 0 0 178 0 2 0 6 447 0 0 0 274 44 0 0 38 2 0 0 10 0 0
 19 0 0 0 0 0 114 0 0 0 100 0 0 0 240 0 0 75 0 0 222 0 0 0 0 4 169 1089 100 0 40 6 0 0 37 26 0 0 5 0 0 0 0 0 811 0 39 0 0 32 14 0 169 0 0 0 99 0 82 109 45 0 15 32 0 18 0 0 82 0 1834 0 106 0 76 0 249 0 0 0 0 9 0 0 14 16 0 15 11 0 70 399 0 0 0 0 31 2 1468 28 0 21 11 16 0 5 0 0 0 0 7 211 0 55 0 0 0 0 498 0 26 259 0 129 0 0 11 0 0 0 0 60 0 0 0 1 0 0 0 2 0 0 0 0 0 0 206 0 81 0
 0 170 592 81 0 0 634 40 0 0 270 1 1025 0 0 0 0 0 0 0 0 3 0 0 0 27 0 0 533 0 0 0 0 0 26 181 0 0 58 0 0 0 0 143 3 7 0 0 1275 17 10 0 42 142 0 0 89 0 0 0 0 0 0 15 0 109 0 0 0 288 0 351 0 0 143 326 0 0 0 57 0 7 48 0 3 74 0 0 0 0 0 283 27 0 0 0 0 41 0 1 0 0 0 0 0 196 0 447 0 257 0 0 0 0 4 0 0 0 51 0 0 0 0 37 271 0 1516 99 32 0 0 0 0 64 270 0 2 0 0 3 0 0 0 406 0 0 0 112 4 486
 35 0 0 0 0 0 0 0 779 0 0 0 0 0 0 0 952 0 33 0 0 0 0 591 0 1740 50 0 0 0 0 258 0 71 0 53 0 0 0 0 23 0 0 0 0 0 0 0 0 88 0 53 0 99 0 0 0 65 0 29 0 38 0 0 0 0 0 6 0 1358 0 0 0 0 0 0 1179 70 16 2 0 0 0 0 0 0 0 819 773 0 4 0 0 0 0 0 1 0 0 0 47 24 0 21 0 0 0 286 11 164 0 19 131 0 0 0 113 0 200 58 0 0 0 30 0 3 0 0 0 0 0 10 0 0 0 0 0 0 0 0 423 1200 0 0 17 0 0 57 0 0
 0 80 0 0 0 0 1610 1334 0 727 2 1987 0 0 0 0 77 351 447 146 0 0 93 77 0 0 46 0 0 0 109 0 0 0 0 0 0 0 0 0 0 0 421 0 0 0 0 13 0 0 0 0 0 19 0 18 56 0 0 0 447 0 10 0 0 0 0 682 0 0 0 0 0 0 529 0 0 493 0 0 8 0 0 0 0 2 0 0 0 0 0 0 1 348 0 0 21 0 50 0 0 0 0 0 0 0 0 32 0 0 0 0 0 139 0 1089 0 0 0 51 0 0 0 0 0 0 0 0 16 0 2712 0 0 42 45 0 0 0 384 261 0 0 778 15 20 0 0 42 0 23
 0 0 0 191 0 0 9 0 0 0 128 0 0 0 0 0 0 28 0 282 0 39 0 0 0 110 0 0 103 223 11 0 64 0 968 39 1084 0 0 0 0 162 0 0 5 0 42 0 0 0 0 16 0 0 718 0 0 0 0 75 0 0 109 0 0 0 0 0 0 0 0 0 0 0 255 109 0 6 0 24 0 0 0 0 0 0 0 0 0 0 0 0 0 13 31 0 0 3 0 624 9 433 0 0 0 0 244 0 72 1060 0 70 0 61 0 0 128 319 10 0 1219 0 0 0 0 0 69 0 143 0 0 0 0 0 80 0 80 0 0 0 0 67 0 0 1 108 0 0 0 0
 10 0 315 0 4 17 0 178 164 0 0 0 0 0 0 0 43 25 109 0 0 20 0 0 0 0 14 52 0 100 0 0 0 117 0 0 0 23 24 23 0 147 15 0 0 0 0 71 0 0 13 0 7 188 0 0 715 431 56 0 85 0 0 0 149 165 18 81 0 0 0 0 0 0 0 0 0 12 1475 16 0 0 0 5 0 0 0 0 90 10 0 0 0 0 31 27 0 1060 0 93 169 0 0 0 0 71 0 0 0 0 0 365 120 15 647 0 0 0 0 237 271 47 0 4 0 0 5 0 0 54 812 50 0 0 0 0 0 0 5761 0 0 0 161 0 0 0 0 23 0 138
 13 0 0 0 0 14 45 0 137 7 0 0 0 77 316 0 0 0 0 0 0 0 1448 0 0 0 6 19 0 0 0 6 0 0 0 0 15 367 872 0 0 0 11 112 0 0 0 0 79 128 0 334 0 0 0 2 50 0 79 0 0 171 5 26 0 0 0 0 0 0 0 238 15 30 0 0 109 110 0 1 610 0 921 202 1834 0 0 0 0 0 0 0 206 0 0 0 68 0 0 0 0 0 89 0 1 0 0 50 0 0 23 0 0 0 15 0 11 55 0 114 20 0 18 0 0 751 0 2 0 146 0 32 0 0 54 0 120 0 0 57 0 0 0 85 0 0 0 0 97 0
 104 0 0 0 365 130 0 0 0 0 0 0 0 0 0 99 0 0 0 183 0 18 321 23 0 0 0 0 0 0 416 0 0 3 0 0 0 56 0 0 41 0 0 0 158 1 0 32 0 0 0 0 0 33 0 0 0 0 0 63 34 13 0 0 103 0 2 0 0 0 85 573 0 0 0 10 26 7 0 0 0 0 0 0 0 646 234 0 0 17 0 0 0 1041 114 0 0 0 0 0 100 357 0 0 0 9 0 0 0 0 8 103 0 140 0 0 0 0 0 0 164 73 26 0 0 0 0 0 0 993 447 46 33 0 0 0 8 0 16 0 0 0 0 0 0 288 0 0 15 109
 423 0 95 0 0 21 0 0 0 0 0 0 23 0 0 0 31 0 0 0 763 1 1372 0 0 0 158 0 0 0 1529 0 0 0 87 111 0 0 229 88 85 1 0 239 0 6 0 0 109 0 0 0 0 0 43 0 131 0 1 0 0 486 0 0 0 17 0 18 0 0 20 0 137 0 0 229 0 561 0 0 17 20 0 0 21 0 0 1 0 49 0 0 37 0 0 12 0 34 276 70 0 0 0 0 53 0 0 0 7 0 0 120 6831 0 27 0 0 9 0 0 0 118 0 0 0 87 0 36 0 0 0 7 5 1 197 0 0 79 16 18 0 270 0 553 0 0 80 0 108 0
 78 0 0 31 0 80 64 0 0 0 32 0 0 332 0 316 0 59 2642 0 0 0 0 0 0 0 0 0 1 0 0 0 0 94 0 0 0 85 0 117 0 0 0 274 25 92 0 0 0 0 1 0 0 35 0 126 48 0 0 0 0 0 29 1 0 0 139 278 0 0 0 44 336 69 143 0 0 222 879 12 0 617 7 0 651 56 0 96 352 0 116 0 53 0 7 0 0 0 55 0 0 0 0 0 2 1 6 0 64 0 109 0 0 0 0 0 0 0 0 0 6 0 557 0 0 1200 95 0 0 0 1 0 0 3 128 786 85 0 0 0 24 0 70 312 0 0 0 0 0 0
 0 0 0 384 73 0 23 25 1 1247 84 194 0 0 0 0 321 0 94 404 0 1 0 0 10 0 4 0 0 92 0 109 80 0 232 0 5 43 56 26 24 0 94 7 0 0 0 0 64 351 4 0 0 1 3 0 0 1852 0 0 9 0 0 0 34 0 222 163 0 0 233 244 0 258 103 0 0 0 0 0 0 0 0 0 0 0 0 132 0 0 0 0 0 0 0 8 218 0 0 100 45 0 82 0 0 0 0 0 0 0 0 0 0 0 1 0 0 1001 72 7 2 0 0 0 0 0 0 14 0 34 0 2 0 47 0 0 0 0 0 0 0 0 0 92 20 0 89 151 33 52
 0 0 0 0 0 0 0 0 0 0 1172 0 0 57 151 18 682 31 0 553 0 0 32 0 320 0 0 313 0 0 0 0 26 31 0 0 0 835 0 0 991 27 0 0 0 107 19 0 0 0 16 0 0 0 51 0 123 21 0 0 0 0 0 18 856 1 0 884 0 85 7 0 0 0 0 0 75 136 0 0 45 649 0 0 3 1 65 5 892 0 0 112 39 0 0 0 0 39 0 0 48 16 2 0 0 0 10 56 0 0 71 306 0 0 0 0 24 8 4 0 2 92 0 0 0 107 229 0 10 0 1 0 39 646 139 0 0 27 0 0 0 16 0 0 5 19 0 0 0 0
 0 0 0 0 0 2642 0 19 0 0 0 0 0 58 1373 0 0 0 0 0 0 0 116 0 0 71 9 0 0 0 0 10 222 0 0 0 0 1397 36 0 0 0 19 0 0 27 0 0 0 0 423 363 707 62 0 10 0 0 279 0 36 2 0 0 0 0 0 0 0 1340 0 0 0 112 89 0 0 0 0 62 0 212 0 0 10 0 0 11 0 0 0 243 0 27 33 0 8 6 0 539 0 0 3 0 244 100 76 0 0 0 0 0 0 0 0 0 158 0 0 0 0 0 0 0 0 604 0 0 0 763 0 164 0 49 0 0 0 0 0 89 0 109 0 151 92 884 0 1834 0 117
 5 0 0 0 0 261 0 0 0 0 16 0 178 751 0 2 0 183 0 0 0 131 0 0 0 42 0 0 0 0 54 22 26 39 243 21 0 0 95 137 199 0 0 0 18 88 5 0 0 63 0 384 0 0 1427 207 1427 0 55 0 0 7 0 0 0 0 0 0 0 0 0 64 0 0 34 0 0 0 0 164 244 0 109 0 325 0 0 122 0 0 0 0 0 98 0 184 0 154 0 0 0 0 56 4 413 0 0 553 6 0 0 162 51 46 0 192 391 0 287 0 0 4 5762 0 152 0 447 262 0 0 21 0 0 0 0 0 46 303 0 0 0 0 0 0 0 31 14 485 573 130
 0 0 4 89 0 0 199 0 5 0 71 0 0 0 237 0 0 2 1 11 12 0 25 0 0 5735 47 0 0 16 5 0 0 2513 0 0 0 31 0 0 0 13 29 21 0 0 30 0 0 446 69 0 0 8 0 0 0 0 0 0 0 0 0 0 72 180 0 0 673 0 0 0 0 0 0 0 0 397 0 0 23 340 0 0 223 0 43 0 0 0 0 0 0 0 0 693 340 0 0 0 0 0 1834 0 0 0 1016 73 0 0 0 0 30 358 0 0 0 0 1 161 81 0 0 0 61 190 0 0 17 0 486 257 0 0 0 0 5 36 0 0 67 0 0 0 6831 0 0 31 351 0
 0 0 0 29 0 15 55 374 0 0 0 88 0 14 7 0 13 0 0 109 0 0 0 0 0 0 0 9 76 225 0 0 165 0 0 225 524 0 633 38 57 34 173 88 0 112 0 73 20 0 95 884 0 72 0 0 116 0 17 0 0 0 0 0 0 0 0 200 1 0 0 633 125 0 0 8 0 1 0 0 0 0 0 0 0 191 0 0 0 0 0 0 773 23 14 0 0 19 10 47 0 0 0 13 4 43 113 0 0 0 0 1475 0 0 0 14 0 0 0 615 546 16 0 0 0 102 0 76 0 0 0 3 0 0 0 0 0 0 0 0 0 270 0 0 0 0 24 0 7 0
 0 0 516 0 0 0 0 0 6831 0 308 0 47 76 0 0 0 0 0 0 0 0 0 0 103 0 82 0 112 0 42 24 0 110 9 486 63 0 20 0 0 71 81 0 27 15 6 123 0 0 0 0 0 2312 39 0 47 584 14 295 0 0 169 0 5 112 0 0 0 0 0 16 0 0 112 14 0 0 0 0 0 0 0 261 0 0 0 0 0 0 0 0 0 0 0 315 456 0 0 0 0 0 0 0 148 0 0 0 0 31 0 12 0 0 0 2 0 0 0 0 0 0 0 0 0 13 0 0 133 0 54 18 0 393 78 0 0 20 0 24 114 39 26 0 47 0 0 0 346 0
 0 76 0 0 87 0 1 0 0 132 0 39 0 0 0 0 0 0 0 80 17 0 2 0 0 41 0 14 0 0 6 0 1 0 0 271 8 0 0 0 145 0 0 0 0 0 0 0 28 0 0 1016 0 0 0 49 55 451 10 199 0 649 93 0 0 9 48 0 0 0 0 0 0 130 0 63 0 0 0 0 15 0 65 0 0 5 0 0 0 0 107 14 53 0 0 0 0 0 12 57 2 148 0 0 0 0 206 0 0 0 0 625 0 45 5 0 0 0 0 1 0 0 0 130 0 0 0 9 2 166 0 158 9 0 0 0 0 393 0 0 0 13 97 0 0 137 0 0 0 102
 0 72 0 0 0 0 0 0 0 0 0 165 0 2328 0 0 0 0 0 0 46 365 546 662 6 55 0 0 0 0 0 0 194 0 0 0 1852 21 0 152 149 55 20 0 363 13 0 0 72 0 5 0 0 237 0 0 0 0 0 0 0 0 0 0 0 42 1250 1 0 0 0 0 47 0 53 0 5758 6 1616 48 0 99 33 0 541 0 0 88 28 14 0 0 0 256 0 0 1092 251 31 0 0 151 0 26 0 0 0 8 0 18 30 0 0 0 0 0 0 105 0 1 0 101 1275 0 8 1319 0 0 0 0 0 0 0 12 0 8 49 147 384 0 0 0 0 0 0 0 67 29 0 24
 0 85 0 18 0 4 0 0 0 0 0 24 0 274 0 0 33 0 142 0 4 0 0 0 0 0 0 0 0 138 0 0 0 26 0 0 0 0 9 5 0 423 0 702 0 0 33 0 0 0 0 52 0 0 0 74 12 0 0 0 122 0 0 702 107 0 952 0 0 1 0 2 0 0 4 0 0 0 0 0 7 18 0 0 0 0 0 1085 0 0 282 40 0 77 0 0 111 0 2595 0 0 26 0 0 0 981 0 27 0 0 0 0 0 0 0 25 4 0 0 0 0 44 693 0 51 0 200 0 557 0 0 0 680 0 0 73 178 0 0 0 0 0 0 0 79 0 0 0 0 0
 0 0 0 0 0 632 0 0 8 1001 112 0 0 0 8 34 0 7 0 0 0 0 154 0 192 17 0 0 0 0 752 0 0 0 0 0 183 50 0 280 0 0 0 0 0 22 24 0 27 17 0 0 0 0 194 0 1 0 0 0 0 0 56 17 0 7 67 0 55 28 0 0 3 0 5 0 0 0 234 0 0 308 112 44 1 24 0 0 0 0 0 0 0 36 0 0 0 7 2628 0 717 235 0 0 0 65 27 0 321 1 0 0 212 244 0 0 0 4 0 26 558 0 0 0 0 0 6 0 0 0 0 0 28 13 119 1219 0 187 0 0 1391 0 0 9 26 0 26 0 0 0
 25 0 77 997 6 0 0 0 0 0 20 0 0 0 0 0 0 0 0 0 0 11 31 279 646 14 147 69 17 16 0 1516 0 54 0 4 0 0 0 0 0 0 0 0 246 0 0 47 0 2077 0 45 16 88 446 69 0 0 0 0 0 0 0 0 0 0 0 63 83 0 0 431 0 1516 0 0 0 0 0 339 73 0 0 2 5 2 0 81 34 0 12 0 0 0 100 36 0 181 2 55 0 206 14 0 0 0 0 70 0 34 0 0 308 0 0 256 0 10 5 0 0 0 173 0 0 191 0 4 47 0 1172 0 0 0 33 0 0 0 0 212 94 0 0 0 9 166 0 0 279 65
 0 0 112 0 0 0 0 1987 0 1 0 407 0 65 27 0 0 375 42 0 0 1 982 0 0 0 0 0 434 0 176 0 200 0 0 0 0 416 0 0 0 0 0 19 61 0 39 9 0 0 0 0 0 0 34 0 0 0 557 73 978 0 0 0 0 0 0 841 0 33 0 0 0 0 45 0 0 0 237 70 178 1987 632 127 0 0 0 0 0 0 33 0 44 0 0 0 0 40 0 0 0 0 0 10 0 0 0 147 0 0 0 332 0 0 0 41 303 88 0 0 9 0 0 0 31 0 0 190 0 0 217 0 0 0 0 6 0 1475 12 0 0 0 1 116 0 0 0 0 0 0
 0 0 0 0 0 0 0 0 0 146 6 224 0 0 0 0 0 0 0 0 47 0 0 0 0 0 0 0 0 0 0 0 0 0 6 0 0 0 0 0 0 113 0 0 826 14 0 0 0 0 0 67 23 0 23 34 0 0 0 0 0 0 222 36 10 114 288 0 0 0 4 7 56 16 0 0 0 0 5 458 21 0 0 0 14 0 0 1609 48 0 0 154 0 0 0 0 0 91 0 0 0 74 0 0 0 0 84 0 0 0 0 0 0 9 0 0 0 232 0 0 708 0 0 0 27 21 0 138 0 0 0 0 0 0 0 0 31 0 0 0 356 0 119 0 0 83 0 57 4 0
 0 7 0 0 76 1340 1072 0 0 0 0 2 0 0 104 0 0 0 4 0 0 0 0 0 0 0 0 204 0 0 16 0 26 11157 0 93 0 4 31 256 1 8 0 0 0 255 0 26 0 0 75 205 0 0 0 835 76 431 0 0 6 0 234 0 0 14 39 0 63 956 0 0 0 0 0 0 0 0 0 0 0 0 0 0 33 0 0 0 103 253 0 0 0 0 0 0 0 0 36 0 0 194 0 62 0 0 0 0 0 109 0 0 0 0 0 0 5 0 0 413 0 48 5 89 0 0 0 0 0 39 0 0 0 1987 0 0 0 0 0 0 74 0 0 18 0 0 0 0 0 0
 0 511 40 0 0 81 1638 0 0 15 0 763 47 0 0 0 0 0 25 0 0 0 0 0 0 0 0 1367 78 0 0 0 0 39 1255 0 0 0 0 0 149 0 0 0 0 0 1 0 0 0 0 365 0 0 0 0 0 0 0 0 0 0 0 0 11 3 0 0 573 0 0 44 0 0 0 0 190 0 0 0 1 22 52 0 0 0 0 82 0 0 27 0 15 0 0 4 0 0 0 0 82 0 0 0 0 0 18 55 270 0 234 0 0 0 0 0 0 0 0 13 333 0 8 0 0 9 0 0 31 0 21 0 0 0 0 28 0 0 0 0 0 0 0 445 50 32 0 0 0 0
 0 141 1052 0 0 0 0 0 0 0 0 0 100 6 143 0 94 0 445 1092 1348 0 0 73 0 75 54 73 0 0 0 0 0 3 0 0 0 0 170 0 0 0 763 39 0 847 0 5 69 9 20 0 0 0 0 0 41 0 423 0 6 0 0 74 27 29 0 258 0 0 0 0 0 0 0 0 16 0 39 0 200 137 24 0 94 0 0 0 0 0 0 135 1092 0 0 0 0 0 0 0 0 0 0 0 0 0 0 0 14 0 0 0 0 0 3 0 22 0 3 208 43 112 0 21 0 0 0 0 0 0 165 0 0 0 0 8 0 258 14 0 0 0 0 0 0 0 0 0 0 0
 295 0 0 0 325 1 0 0 95 0 0 0 0 0 20 101 0 138 0 31 0 18 0 65 0 0 0 30 0 0 0 0 0 21 0 0 255 7 0 0 0 691 0 0 0 0 0 0 0 0 553 0 763 0 0 0 0 0 0 0 13 0 0 20 0 0 0 14 34 240 0 72 0 0 0 0 0 17 433 35 0 0 0 334 16 0 53 0 0 0 0 200 0 0 0 0 0 0 0 0 851 0 5 0 0 0 0 0 0 0 321 0 0 0 66 0 0 259 0 0 0 0 0 0 0 0 6 0 0 0 0 116 131 0 172 47 0 0 0 0 16 0 0 259 0 0 268 0 50 952
 0 0 993 0 0 0 0 135 0 0 0 0 40 122 0 0 21 0 818 0 2642 255 0 321 0 0 0 0 618 0 0 0 1638 0 2 0 0 0 25 0 0 25 0 0 57 9 0 0 2 0 142 69 0 0 0 0 0 0 0 1369 0 0 0 0 274 0 0 0 39 0 0 0 0 0 0 0 0 0 0 557 72 29 0 0 0 0 262 201 20 0 0 0 0 0 645 87 20 0 23 11 0 166 0 0 0 6 0 0 0 0 0 87 0 253 0 0 0 2 0 599 0 0 93 788 0 399 0 0 0 279 0 0 0 634 0 0 2 0 14 31 97 0 0 0 0 0 20 177 0 103
 395 0 0 0 0 0 0 27 13 0 0 0 0 553 0 0 0 0 0 0 0 0 0 0 447 0 0 0 0 69 0 0 0 0 20 101 0 0 0 0 0 1593 25 0 10 47 0 0 0 0 29 0 0 0 0 212 6 36 0 0 0 0 0 0 0 117 0 0 19 0 0 0 0 705 0 165 80 0 0 0 0 0 0 0 0 27 0 38 14 0 0 0 122 2 296 5 0 51 0 27 332 0 1427 71 0 76 44 88 26 0 14 0 48 12 56 0 0 6 0 0 0 270 109 11188 249 0 0 0 0 28 1 1 0 0 38 0 0 0 626 0 0 0 28 0 0 0 0 0 0 0
 0 0 0 0 0 0 0 0 0 0 61 0 130 86 339 27 0 288 0 0 0 0 0 0 191 0 0 2077 0 49 51 0 0 0 0 7 0 0 1338 0 0 0 0 1 0 0 0 0 0 0 268 0 0 0 130 288 447 0 0 60 31 0 17 55 88 0 2077 0 39 0 0 71 0 0 0 0 634 0 0 34 0 887 36 77 0 416 1407 646 0 0 163 1 0 0 0 3 0 0 480 0 5 0 0 682 0 206 0 0 0 0 97 83 0 0 486 0 27 0 0 7 26 0 0 1 0 0 0 0 0 1242 0 0 0 0 0 0 0 44 203 0 2 37 0 1516 982 1516 0 9 0 9
 101 55 0 0 674 3 0 57 0 0 47 0 0 0 0 61 25 0 0 0 0 0 0 80 5 0 0 0 0 0 0 0 0 0 143 48 1219 0 0 0 342 93 0 0 0 0 0 0 0 0 0 257 5 69 0 2712 5 0 0 0 34 72 0 0 6 412 0 68 0 0 0 22 0 0 0 0 77 8 0 0 0 0 0 19 73 0 12 19 22 0 0 0 0 0 0 13 0 0 187 0 82 0 0 0 0 0 0 87 0 0 0 2 0 0 69 24 0 0 10 0 0 14 0 0 48 0 0 82 0 85 2 75 174 0 0 0 21 0 0 0 0 73 0 55 147 0 69 0 25 41
 0 447 0 0 0 113 0 0 166 87 0 0 0 0 0 0 0 818 0 1516 0 0 0 0 0 0 0 158 0 1211 0 238 0 0 0 13 0 14 46 5 0 0 0 416 0 79 0 24 2 60 0 0 0 0 0 0 0 94 0 18 0 0 2 0 0 0 0 0 421 0 0 7 0 0 1 0 0 0 0 0 0 0 0 0 83 94 0 0 0 0 0 38 0 32 0 658 7 0 0 0 0 0 0 0 0 0 10 0 0 11 130 0 217 0 573 0 8 13 0 0 0 0 0 0 0 4 0 32 27 0 0 149 37 0 0 0 0 0 0 0 0 0 0 35 0 35 0 0 8 158
 0 37 0 0 0 0 0 0 0 0 25 0 0 0 0 0 0 0 0 0 0 0 0 0 0 0 165 40 114 0 206 5 0 0 0 0 0 0 0 0 19 27 97 69 0 0 0 0 22 0 982 45 0 0 0 0 0 151 101 0 192 0 0 0 0 0 3 0 6 0 0 0 0 0 0 0 11187 27 0 0 0 0 0 0 0 0 0 0 0 0 0 0 0 19 0 0 0 10 0 0 92 0 0 0 0 0 169 0 46 0 0 0 0 0 0 0 0 293 0 0 1295 461 653 0 0 0 0 0 1 0 145 112 0 0 0 0 0 51 0 0 88 1 2 165 261 0 132 1852 0 0
 0 0 0 1 0 0 206 6 13 25 1 0 0 274 6 0 0 0 0 0 0 0 10 0 0 0 0 0 0 1152 56 6 0 0 0 0 0 0 0 0 0 0 0 519 0 0 0 117 0 0 0 0 12 152 10 0 78 0 119 0 0 0 0 0 0 0 0 73 0 163 0 8 73 250 0 5 19 0 32 0 0 5 0 0 81 1412 0 0 541 41 35 0 0 0 0 0 0 0 0 32 0 0 0 0 0 0 0 55 0 0 4 0 0 0 0 40 374 199 0 52 1638 36 103 0 0 0 6 0 70 33 0 0 0 6 0 0 0 0 0 31 0 416 54 0 8 10 0 0 0 0
 3 16 0 0 0 0 71 0 0 0 0 0 0 83 8 20 0 17 0 316 350 36 0 81 0 16 94 34 0 967 0 0 6 0 94 3 13 253 0 0 0 88 384 0 431 0 0 0 28 4 27 0 0 14 0 37 0 200 0 0 0 0 0 0 0 0 0 6 39 280 0 0 17 0 0 0 42 0 119 0 0 0 0 0 0 0 7 0 88 0 0 0 22 0 158 170 13 23 0 64 229 1574 0 205 0 0 0 0 5762 0 89 0 0 0 70 1963 0 0 324 0 2 64 0 0 0 0 6 0 82 0 66 7 0 0 0 108 822 0 0 45 256 1214 0 0 0 9 0 253 0 0
 0 0 20 75 0 274 0 0 218 0 62 0 0 0 0 0 245 0 0 0 31 86 0 69 0 8 42 0 19 0 0 365 0 0 0 0 0 384 0 0 0 6 835 0 0 16 0 0 0 0 0 0 0 0 0 222 0 0 0 2513 0 0 1182 0 0 401 0 1041 1016 1223 0 0 81 0 1 0 0 357 0 0 0 0 0 0 8 55 0 0 0 0 80 35 75 0 0 15 0 0 0 0 0 0 52 0 0 63 276 0 7 4 50 0 0 0 125 128 8 0 0 0 13 0 0 0 0 153 0 0 0 0 0 0 0 218 856 1834 0 0 0 0 0 13 0 0 0 0 1172 0 20 0
 0 0 0 26 0 0 0 0 0 974 0 0 0 12 0 382 0 0 82 0 0 51 0 0 0 5 0 114 0 446 243 88 43 0 154 0 114 0 139 70 0 0 203 0 0 0 240 93 0 0 147 0 0 255 165 0 88 0 592 0 0 0 252 0 0 226 833 2 0 8 0 19 0 243 0 19 0 268 12 122 0 0 0 37 0 0 0 0 5 0 5 16 0 0 0 0 0 0 80 154 4 32 0 44 382 0 0 0 0 6 0 10 1448 4 0 43 0 0 0 34 604 0 244 92 3 0 206 0 45 0 0 0 9 0 0 19 0 10 0 0 0 0 38 0 0 0 0 0 14 5
 0 0 0 0 0 0 0 48 0 0 0 36 0 0 0 0 0 0 0 0 13 67 0 0 0 6 0 0 0 0 0 0 0 0 0 0 2 0 82 0 0 0 128 0 0 0 561 21 53 28 0 0 0 27 0 0 0 86 0 8 0 0 79 103 2 3 944 0 0 0 0 0 0 0 0 1 15 0 249 333 9 51 0 3 0 56 0 0 0 0 31 0 0 0 0 0 0 0 0 0 1638 0 0 0 0 0 0 0 1368 0 0 92 64 0 0 0 0 0 39 0 0 0 0 5 9 0 0 28 109 31 0 0 31 0 48 0 109 0 0 0 32 0 0 0 0 0 682 0 0 812
 0 0 153 0 0 0 0 0 14 0 0 0 0 6 17 0 0 0 0 0 9 0 0 19 97 0 0 0 0 0 0 4 7 164 0 93 279 0 0 0 21 0 0 0 168 0 0 0 0 83 0 0 0 0 85 54 0 0 0 0 27 1 112 0 0 93 0 0 0 0 203 0 2 24 1852 0 194 0 0 0 0 0 0 0 0 6 0 0 0 0 0 34 0 0 0 8 0 6 0 130 0 0 0 0 0 10 0 0 0 0 5 123 0 0 92 0 0 116 57 17 0 4 10 274 0 114 0 325 6 8 0 58 0 0 51 279 0 55 0 0 0 14 0 0 73 0 0 0 1260 0
 101 0 0 46 0 112 611 0 0 6 0 573 0 199 1334 0 0 56 18 384 0 278 50 0 24 0 0 0 0 0 0 1 0 149 42 173 53 0 42 0 0 0 179 0 0 0 0 628 3 977 0 0 447 0 0 0 0 33 0 0 0 0 122 0 152 0 74 0 1086 0 0 164 0 715 0 0 15 0 0 30 0 0 0 0 185 0 105 0 0 0 1 1364 0 0 214 0 0 0 0 17 0 131 0 14 0 0 5 0 0 0 0 0 0 0 0 1036 0 0 0 0 0 87 0 0 0 0 0 0 33 0 0 0 10 78 0 27 140 0 0 0 0 0 0 0 0 0 0 0 0 0
 4 0 41 0 0 0 0 23 68 11 27 37 55 149 0 0 59 0 0 229 0 0 0 200 5 0 10 0 0 0 0 0 12 0 113 0 1 0 0 0 924 63 0 8 0 0 0 95 31 0 0 0 669 0 0 0 0 244 0 0 1358 0 325 139 0 0 2 0 0 89 0 0 0 29 0 4 55 37 31 182 6 0 107 0 0 0 42 129 0 47 0 0 7 0 573 50 0 0 0 0 0 0 45 0 7 0 0 0 0 165 0 0 71 0 0 0 0 0 0 0 0 20 22 3 65 856 162 0 0 51 51 7 0 0 0 25 0 8 0 371 0 240 0 0 0 49 200 1834 0 92
 0 1616 0 0 31 0 0 0 0 0 0 21 79 0 429 0 95 0 0 111 0 6 0 0 0 0 276 32 52 155 0 0 25 94 0 88 19 0 0 0 0 0 0 0 682 194 0 0 80 13 0 458 206 0 163 20 0 0 21 0 14 0 0 0 0 0 7 0 1427 48 0 5 0 0 0 303 8 79 0 75 0 0 79 0 0 243 6 0 0 0 0 75 0 0 16 0 0 15 0 0 0 0 0 268 55 53 0 0 0 0 112 0 0 0 0 23 21 856 2077 73 0 0 0 60 31 92 0 0 115 0 0 0 0 0 0 0 0 0 16 0 13 138 0 647 1 0 0 0 0 0
 0 0 0 0 7 24 0 0 812 114 0 0 529 422 3 0 0 0 0 0 0 0 0 0 32 0 0 0 0 0 0 13 0 0 2077 17 0 0 1142 0 261 0 122 0 0 0 0 0 0 0 0 0 0 3 0 0 161 0 0 0 0 0 0 310 0 0 0 0 0 5 7 0 0 0 53 0 0 0 351 0 0 0 0 0 0 633 0 0 0 0 199 0 0 0 0 0 0 0 0 0 0 47 0 0 0 0 20 0 0 0 0 0 0 199 123 0 12 113 0 0 0 0 0 0 0 6831 0 0 0 97 0 0 0 207 0 0 0 0 0 0 0 0 0 0 0 19 0 11 1 626
 70 0 1308 0 0 0 0 0 0 0 0 0 0 0 0 0 0 69 0 0 0 0 0 0 0 9 0 5 45 0 0 0 45 0 0 19 0 13 0 289 0 241 0 0 0 0 0 0 0 0 17 0 0 49 0 0 634 0 0 20 0 0 0 0 0 0 0 2 0 92 0 0 0 628 682 139 31 0 0 0 0 179 0 11188 0 0 17 0 130 0 0 0 0 51 0 0 708 47 0 0 255 0 84 0 0 35 0 33 0 80 73 0 5 0 0 0 0 23 0 0 45 0 0 200 3 0 7 14 0 65 0 0 0 0 0 406 0 0 0 493 145 0 0 0 0 0 33 74 0 384
 0 132 0 0 164 9 0 93 0 40 23 0 0 261 0 0 0 73 0 0 122 0 0 0 0 7 215 5 8 85 354 951 0 0 0 0 0 0 0 0 0 0 13 1 0 0 0 35 0 0 0 0 0 0 0 0 0 0 0 50 0 0 1199 0 0 0 0 0 0 282 0 0 0 0 0 0 0 333 101 0 0 0 0 105 0 0 206 0 193 0 6 0 0 0 0 0 0 51 0 0 0 5 6 0 79 0 0 0 0 54 0 1016 0 6831 1060 0 697 158 0 0 0 21 4 0 0 0 34 0 0 0 0 212 0 42 0 0 20 0 0 0 0 0 0 0 0 128 0 0 0 0
 5 0 14 0 0 63 0 0 0 0 0 0 0 0 0 25 0 0 177 64 0 0 0 125 31 0 0 0 0 0 769 0 0 179 31 0 0 0 154 0 51 8 58 0 0 24 0 0 165 0 0 46 0 332 297 0 0 31 127 2 0 0 6 0 37 0 0 0 205 0 0 0 0 0 27 553 0 0 1334 0 0 0 0 0 2490 0 344 0 0 0 0 0 160 0 52 0 0 0 0 238 0 0 25 197 0 0 352 0 589 0 0 0 0 0 0 0 646 4 0 0 28 0 69 0 0 0 0 9 125 0 0 0 175 1972 0 0 1 46 109 530 11 0 53 56 0 0 0 0 1036 0
 0 0 0 2 123 0 0 0 0 0 0 0 213 125 0 278 111 4 0 0 420 0 1475 6 169 0 0 0 31 0 7 0 42 0 0 0 0 17 0 0 257 0 0 6 0 0 33 0 0 0 0 6818 0 0 41 399 0 0 6 0 0 17 0 1 0 0 649 0 15 0 39 230 592 0 8 13 0 0 0 0 0 0 0 33 856 0 0 0 0 0 0 0 0 0 10 625 0 0 0 0 44 0 18 0 0 377 0 1 0 3 0 0 0 27 10 0 0 229 0 0 0 29 32 321 0 0 0 0 0 0 190 0 0 14 816 27 0 0 1 0 0 0 0 0 0 0 0 0 0 51
 0 0 17 0 0 113 0 100 0 183 0 0 0 0 0 0 0 0 0 47 0 0 0 0 0 0 0 174 0 0 0 0 0 0 0 0 486 205 17 673 6 0 0 128 232 13 58 0 0 0 85 0 17 62 0 0 0 0 0 0 12 114 0 0 0 42 30 0 0 0 17 0 0 4 23 0 0 0 152 0 13 0 0 0 0 0 164 0 0 0 0 0 0 2 87 14 0 0 113 0 45 0 3 0 0 0 1340 0 0 77 0 0 0 2513 0 0 1 98 4 0 22 0 0 649 0 0 0 0 0 0 228 792 0 1475 0 256 34 800 0 19 602 0 0 4 592 5 0 0 0 125
 315 0 0 92 398 0 4 0 128 0 0 142 0 0 0 0 1 0 0 0 643 0 0 0 81 13 0 0 0 399 33 1 10 376 12 0 0 159 18 2642 0 0 0 0 169 0 0 3 0 0 71 0 0 0 0 114 0 363 0 0 0 11 28 0 0 7 14 1 191 0 0 0 0 0 40 0 0 423 0 0 0 0 6 395 3 0 0 0 219 0 0 139 0 160 0 0 0 0 2 0 60 0 0 93 27 0 0 0 0 0 0 0 44 268 0 0 0 1 0 0 123 0 0 0 0 0 23 0 72 0 0 0 0 808 0 0 0 0 0 0 130 16 0 0 0 65 0 0 0 0
 0 0 0 82 0 0 0 23 0 0 968 0 0 0 1133 17 0 0 0 13 8 0 0 0 0 0 0 278 41 152 0 841 0 0 0 0 0 0 29 0 0 39 0 0 39 0 0 0 333 125 0 0 0 0 0 0 0 0 0 65 0 0 0 0 0 0 0 18 0 16 0 0 0 0 1 249 0 117 0 0 5 0 0 64 110 0 0 2 0 0 238 39 0 0 0 0 0 0 0 0 0 212 647 0 0 0 0 650 0 14 14 17 0 0 0 16 0 0 6 0 0 0 0 0 0 0 0 112 20 0 123 0 97 0 0 38 0 0 0 224 0 0 0 76 0 0 0 2 0 0
 315 0 0 0 56 0 0 0 0 0 8 0 0 0 200 0 0 0 0 0 0 24 0 15 0 0 5762 0 0 65 0 0 0 116 0 0 0 142 27 0 0 66 2846 18 1 44 0 0 192 0 0 0 0 1260 0 0 341 321 149 561 31 0 0 0 0 0 0 0 389 458 0 58 0 0 0 0 0 0 0 0 0 0 0 0 0 6 1355 0 191 0 4 0 0 7 0 541 54 119 0 0 0 0 0 0 0 11163 0 8 6 0 0 0 27 0 14 0 83 71 0 0 5714 0 10 0 253 0 14 19 0 31 31 0 0 52 0 0 27 0 0 0 0 0 812 0 0 0 993 0 1214 0
 0 0 0 0 0 0 9 0 112 0 252 48 0 0 0 1622 0 0 37 646 0 0 0 0 0 0 0 52 0 0 25 0 132 95 0 69 6 0 21 0 112 0 0 26 0 8 0 119 153 0 68 0 0 0 130 2077 0 0 0 0 0 0 18 15 0 0 0 0 0 0 2 0 8 35 25 0 79 0 0 6 0 0 86 6 151 0 0 628 0 0 179 0 0 0 0 5 261 0 200 9 0 0 78 948 0 2 0 0 0 148 88 0 0 0 0 0 0 0 0 137 0 0 54 676 0 3 0 112 73 0 130 0 0 17 1358 0 0 0 14 421 231 31 0 0 43 0 1 0 0 0
 18 0 0 0 176 0 0 14 0 0 0 0 0 55 0 2312 0 1516 0 213 65 0 295 0 702 0 87 2 3 68 0 0 1 0 27 0 0 0 39 97 0 50 289 856 0 0 0 0 0 38 0 11 0 0 630 0 86 0 17 0 0 0 0 0 0 21 0 0 0 0 0 0 0 0 0 77 14 0 0 63 0 0 0 0 0 20 0 34 0 0 618 0 0 0 0 0 0 33 20 0 837 2 1 0 0 31 835 0 0 0 154 38 0 5762 0 0 0 0 0 367 116 0 0 0 1 25 129 0 0 0 0 0 0 1 0 149 0 0 0 72 0 0 0 0 0 0 0 5 0 0
 29 0 5762 0 0 0 0 0 0 0 0 14 0 0 0 0 12 0 0 630 79 0 0 79 0 0 55 13 0 45 0 0 0 0 0 0 0 0 103 68 0 1172 1092 0 5 7 87 1397 164 0 0 191 233 0 0 0 0 5 12 0 0 0 0 0 0 0 0 0 6 0 628 0 0 181 23 0 87 0 4 0 65 0 23 0 0 0 156 0 0 0 117 110 0 1156 0 0 0 153 0 976 0 0 447 0 0 0 0 302 0 718 65 0 94 0 0 0 12 0 0 0 0 198 0 0 0 0 822 61 19 0 0 26 253 0 0 702 0 0 364 0 453 0 0 0 0 0 823 37 0 23
 149 0 0 0 187 0 0 6 0 0 0 14 0 0 0 113 0 0 0 0 0 117 61 0 0 0 0 0 0 117 0 0 0 0 0 0 0 0 0 0 0 17 19 0 0 0 0 113 0 34 0 348 9 0 0 0 12 18 0 62 0 4 315 0 22 0 0 0 391 10 0 0 0 0 0 30 274 0 0 0 6 0 1475 0 0 0 0 0 271 20 0 6 13 0 16 178 0 541 7 0 2 25 0 0 19 48 0 0 14 23 67 203 0 24 0 0 0 0 0 92 0 0 1 14 0 0 0 0 0 161 109 0 0 0 0 4 0 97 0 0 0 15 0 0 0 0 0 0 0 0
 0 0 0 0 0 0 0 0 0 0 0 0 0 94 0 0 0 0 6 754 5 0 175 57 0 0 0 0 0 0 0 0 0 0 140 0 0 0 0 19 0 174 9 0 92 0 169 0 0 0 635 200 0 39 0 0 0 69 123 208 0 0 31 1 0 0 333 361 38 0 0 0 0 0 0 14 55 0 0 19 0 0 0 0 9 0 0 0 0 0 0 5 296 18 0 0 0 315 0 97 2527 0 48 0 0 59 1 0 0 1223 0 0 0 1852 0 0 42 0 0 0 24 38 993 215 0 0 0 0 0 50 0 12 0 64 0 0 42 0 0 0 3 0 23 0 160 0 0 0 7 0
 0 0 53 0 0 0 0 49 0 0 1041 0 1529 0 8 0 0 84 0 0 112 27 0 0 0 0 0 0 6 0 0 79 0 200 0 0 42 0 15 6 26 0 0 0 126 80 0 0 0 32 0 61 0 0 0 17 0 28 0 0 0 1156 196 0 0 5 0 128 0 17 0 253 0 0 0 4 0 0 0 259 389 0 34 680 0 1340 17 0 0 0 21 64 20 0 0 21 0 0 380 0 0 0 0 2077 0 935 0 0 0 0 0 105 0 219 59 194 826 41 0 0 278 54 0 34 0 0 31 706 0 4 107 6 125 0 0 77 0 145 0 0 0 0 333 0 0 55 0 0 74 0
 702 0 0 0 0 302 5762 0 625 0 0 0 15 0 0 264 0 1 78 0 0 1334 20 0 107 24 0 0 112 0 0 1358 0 0 93 0 0 0 0 334 0 0 0 0 3 0 0 0 0 14 248 0 0 0 111 0 94 193 0 0 0 0 0 0 47 8 80 93 0 0 0 22 14 0 23 40 0 0 66 0 27 0 0 171 0 0 0 0 0 100 0 0 0 10 0 0 0 0 0 0 0 10 0 32 0 0 0 0 63 33 0 0 69 29 419 0 0 0 0 1103 0 0 0 0 0 9 0 9 0 1 0 0 6 0 0 295 0 9 0 0 15 5 0 0 149 5 0 14 0 0
 561 693 0 0 0 53 0 43 0 0 0 0 0 3 0 0 228 0 0 0 0 0 113 0 0 21 422 0 60 0 55 1223 0 0 38 0 0 0 21 0 12 522 0 5 716 0 0 0 289 32 72 0 0 2 0 117 0 0 118 0 0 1 0 0 0 0 24 0 0 0 101 125 32 23 0 1 122 37 41 4 0 109 0 0 116 74 0 0 0 0 0 0 0 10 0 0 3 0 72 0 575 24 0 12 19 0 0 0 39 0 31 625 0 0 0 0 0 0 0 0 0 1475 0 1622 0 0 0 775 0 0 84 0 0 0 0 0 0 0 200 0 0 0 11157 0 213 0 0 0 0 0
 0 0 0 0 0 1475 7 0 6 1 447 25 0 0 0 0 0 12 0 0 0 0 417 0 0 203 0 1 0 558 0 114 10 0 63 138 0 18 0 387 647 955 352 0 553 0 0 0 25 58 0 0 0 114 0 0 7 0 186 109 0 0 0 34 19 0 0 5 0 0 1083 0 0 0 18 34 0 27 91 4 98 0 1 0 0 97 70 237 135 0 0 0 0 0 0 0 0 570 44 0 59 0 0 0 0 27 0 0 60 4 0 0 0 0 0 0 1 0 0 0 21 0 6 28 0 0 0 8 0 0 0 86 21 0 35 0 91 0 0 0 40 2 0 0 0 1340 904 0 55 0
 0 0 92 0 0 95 0 0 34 226 0 146 0 0 0 0 0 0 0 257 0 0 41 57 0 0 79 22 0 0 20 0 626 0 0 113 0 0 13 0 0 0 119 0 212 0 112 0 0 0 6831 0 0 67 0 0 0 0 2 0 0 35 10 0 0 0 0 19 1622 0 2 255 0 17 0 0 0 0 190 12 0 0 384 952 0 0 0 0 6 0 529 0 0 113 0 0 0 0 31 0 0 0 67 0 0 0 6 0 0 0 0 0 0 0 0 21 0 13 0 0 0 0 316 89 0 0 0 198 0 1248 0 0 15 0 0 0 6831 0 7 0 78 0 0 0 0 0 2847 0 884 0
 0 0 0 0 158 0 0 0 55 0 494 197 8 0 0 0 0 52 6831 0 0 20 0 0 1385 115 0 0 0 0 0 0 702 0 0 0 351 0 0 0 2 841 0 0 0 0 0 0 0 0 0 100 180 0 200 0 0 0 0 389 0 73 0 4 1 6 0 15 0 0 0 0 0 0 0 440 0 109 0 0 174 0 0 0 0 36 14 0 0 0 69 0 0 274 0 0 234 0 0 0 64 70 0 0 27 354 0 0 0 0 0 17 49 0 24 0 0 0 61 0 0 19 0 0 1 143 0 0 0 0 0 154 36 0 0 586 0 0 0 0 0 0 0 12 0 0 351 130 32 0
 112 0 0 0 109 15 0 0 1 0 0 0 0 0 205 0 0 259 0 0 0 0 0 0 1622 0 0 2670 511 116 0 50 32 0 7 0 2847 2 10 0 0 0 15 196 0 64 0 28 0 0 0 0 41 0 32 0 199 9 122 0 130 16 0 561 161 0 0 0 0 0 0 0 0 0 0 0 0 0 0 0 2 0 228 0 0 76 0 0 0 0 18 319 0 0 0 0 3 114 340 27 2 43 0 0 11 0 7 0 14 0 0 184 185 0 634 0 7 65 295 0 0 0 1516 0 262 0 33 0 0 0 0 419 0 0 0 0 34 315 47 0 0 0 0 33 627 0 0 0 0 0
 0 49 0 48 19 0 0 0 1083 346 55 0 0 0 0 112 0 0 0 33 66 0 0 0 0 0 0 0 0 95 0 0 216 0 233 45 0 151 0 0 0 0 0 35 0 0 41 0 0 0 36 952 80 0 0 46 0 633 0 153 0 0 0 0 0 0 38 0 0 723 195 0 0 31 0 0 0 686 0 0 74 0 0 48 0 8 0 36 0 0 86 0 0 0 0 0 245 0 0 13 0 0 458 0 0 0 0 0 0 0 0 0 0 887 0 0 29 0 0 0 153 0 198 0 10 0 0 3 0 0 0 70 0 0 0 164 38 0 0 19 0 109 101 93 0 328 1 170 112 0
 2 0 0 0 0 0 0 178 93 0 0 11 0 611 0 0 0 0 0 13 0 670 0 364 0 0 0 0 0 33 0 0 0 0 0 0 11 4 0 0 0 5 0 73 0 527 406 7 0 0 229 0 248 0 0 0 0 295 0 0 0 0 0 0 0 0 0 0 28 0 0 0 0 0 0 0 23 0 0 0 0 0 79 214 0 0 0 982 0 5509 53 0 0 138 0 0 0 0 0 0 0 0 1 0 150 0 0 1 46 0 0 333 240 0 282 0 73 1 413 0 0 0 0 0 9 0 0 0 13 0 0 205 0 626 808 0 0 0 0 0 0 0 0 0 0 0 0 51 11 117
 0 0 0 0 35 0 0 34 0 0 177 0 0 0 0 0 856 56 0 45 0 0 0 0 0 285 0 0 0 0 0 37 312 5 0 0 0 3 628 164 1369 0 0 0 0 433 0 818 458 0 0 0 0 0 0 43 0 6 0 15 278 3 0 0 0 0 0 0 109 63 25 59 458 0 0 39 0 0 0 48 157 0 206 0 0 92 0 0 0 48 0 0 0 0 0 728 13 5 142 6 0 0 0 82 0 0 0 0 288 85 0 488 17 152 0 0 23 0 0 4 0 71 0 0 0 0 0 0 0 0 0 439 0 16 0 0 0 0 0 0 23 185 0 1 332 573 0 21 0 0
 0 0 0 0 55 15 0 229 0 119 67 0 14 0 0 0 13 1016 80 0 116 32 0 0 0 0 0 458 0 0 0 0 47 0 23 0 0 0 0 0 1 1616 0 122 0 0 0 0 0 0 32 0 573 0 0 0 0 0 0 31 39 0 0 238 34 217 0 0 0 0 0 0 0 486 9 191 0 0 0 26 0 0 0 0 19 0 0 0 0 0 0 0 0 186 0 65 0 20 0 395 0 0 0 51 0 0 0 0 0 45 0 0 486 2 45 6 10 29 0 72 0 0 0 0 0 1358 0 0 203 0 0 0 109 0 0 0 424 0 0 96 0 11 0 0 149 288 63 0 0 0
 0 0 0 0 0 17 0 3 0 18 0 73 0 0 275 240 0 0 48 0 1808 0 0 0 0 0 0 0 0 57 447 147 0 0 0 0 0 0 38 0 1246 0 0 216 0 12 0 611 1 8 0 0 0 64 24 438 0 0 0 0 0 0 0 0 31 16 0 0 0 0 6 18 0 16 0 0 0 0 0 29 78 0 0 0 165 0 0 0 0 0 862 0 0 15 0 0 0 116 0 28 0 0 0 0 1 0 0 244 0 0 0 51 0 53 62 296 0 23 0 73 0 69 0 0 27 0 0 0 0 0 0 0 0 0 0 0 0 0 0 14 0 0 0 1001 0 71 528 57 0 0
 0 0 0 0 1067 0 0 635 0 0 295 20 70 0 0 0 0 86 0 23 0 10 0 0 0 0 1 0 0 291 25 0 0 23 0 5 0 0 0 67 0 55 0 0 0 29 89 0 0 36 7 149 0 183 0 0 347 0 818 0 0 0 0 0 76 0 0 0 71 0 0 0 0 22 0 0 0 30 0 33 10 0 0 0 423 0 0 0 65 3 145 0 0 0 0 0 0 0 136 0 0 0 0 0 91 267 0 177 0 0 27 0 444 689 0 87 0 343 0 0 0 421 0 113 0 56 0 0 156 0 0 0 23 48 0 0 22 0 0 0 0 0 0 199 66 0 164 0 151 0
 682 14 0 14 0 0 0 59 0 0 0 2 149 0 0 0 0 0 0 0 8 0 11 0 0 0 0 0 73 0 0 0 11 0 0 0 633 0 33 1475 143 0 0 0 81 0 0 0 0 0 0 155 1 0 0 55 0 0 0 0 11188 0 468 11 0 0 31 44 0 801 0 0 22 0 88 0 0 0 0 468 0 0 0 39 79 0 0 0 64 0 0 0 1987 0 1241 0 34 0 0 0 0 0 41 0 0 187 0 0 0 6 0 0 0 0 1260 0 0 0 109 0 0 136 1001 0 0 0 0 0 101 0 0 0 0 0 16 0 0 0 79 0 6 0 0 0 103 216 708 0 0 633
 708 0 0 0 0 0 0 0 0 0 0 38 32 0 0 0 0 20 616 19 0 2 0 105 0 619 83 0 0 109 0 0 384 0 0 26 0 0 41 0 191 0 0 31 1219 0 0 0 0 711 0 0 0 0 0 0 0 0 0 5 0 0 0 57 28 0 7 351 1106 0 99 0 14 1616 20 0 0 0 0 55 0 0 0 14 222 1 4 0 0 0 0 0 85 0 0 255 0 59 0 0 0 0 5 0 0 194 0 0 0 0 0 0 0 0 10 0 0 830 0 25 31 0 6 0 0 0 0 56 99 9 0 0 0 0 0 46 0 0 0 0 0 213 0 0 0 0 0 104 0 14
 0 0 0 682 0 14 0 0 13 0 13 99 64 178 203 702 0 0 0 0 0 65 0 0 0 0 0 0 3 0 0 11 0 66 0 0 0 0 0 0 0 10 0 0 985 0 0 0 164 0 0 0 296 0 51 10 1 295 343 0 5 23 6 288 0 0 0 0 0 0 0 0 0 682 0 0 0 611 0 10 0 0 0 0 0 13 291 0 0 0 0 0 29 0 0 27 0 0 71 31 0 0 103 0 0 0 63 0 36 0 296 6 0 5 0 0 0 0 0 45 0 1329 4 0 0 34 0 0 0 0 1060 0 0 0 634 0 29 0 36 0 0 0 0 8 0 0 0 0 25 0
 36 94 0 0 0 320 0 0 78 0 149 0 0 212 2 0 0 0 0 0 27 0 514 0 2 0 0 0 0 0 27 0 147 0 26 37 0 1 0 0 0 0 0 0 0 20 0 21 15 0 0 0 80 316 0 16 0 0 0 0 0 0 0 0 0 0 0 0 0 8 0 308 68 0 0 0 12 0 0 0 0 0 41 0 0 43 0 0 0 1219 26 0 316 0 0 0 560 0 0 0 403 0 122 0 0 0 293 164 0 8 0 147 83 0 0 12 42 0 21 0 677 0 0 0 0 0 34 12 1 0 0 0 0 0 0 41 0 0 11 0 0 0 111 0 0 0 0 16 0 0
 0 0 0 0 0 0 0 384 0 0 253 0 0 0 0 0 0 0 0 0 32 0 0 49 0 0 30 1194 630 0 0 452 0 0 0 20 83 62 36 0 884 0 0 125 0 0 0 818 81 1397 308 0 0 0 0 751 0 0 72 0 6 0 72 0 94 0 6 94 227 0 0 0 0 411 0 0 0 0 11144 0 20 0 0 18 44 5 0 0 1260 0 6 0 75 0 0 17 0 0 0 0 4 0 237 0 951 0 0 0 128 0 0 0 23 0 82 0 8 0 112 0 77 0 573 99 428 0 270 0 0 0 0 0 63 0 0 0 0 4 0 0 0 289 0 0 70 0 0 483 6 0
 0 0 92 5 186 27 0 7 841 0 70 36 0 252 487 0 0 0 0 0 0 6 0 0 0 0 0 0 5 20 0 199 361 0 0 0 0 86 250 277 0 81 0 0 0 5 0 32 0 107 0 389 0 0 3 0 24 0 0 88 0 0 0 0 0 0 288 0 0 0 55 841 268 0 0 0 0 19 440 0 0 0 43 0 0 0 0 1638 0 0 0 0 16 0 0 0 0 10 0 36 0 279 0 0 0 6 0 0 0 0 0 0 0 0 13 0 0 0 39 52 14 0 0 0 0 0 142 9 0 56 707 1 0 56 0 23 0 53 0 1701 0 0 0 92 199 30 48 64 166 18
 38 0 0 0 0 0 0 20 7 0 0 262 0 0 0 0 0 0 65 0 0 0 16 0 1 0 0 0 0 0 0 0 53 52 0 0 0 0 4 0 97 0 0 80 0 122 0 0 90 0 0 39 76 0 0 0 0 0 47 9 86 0 0 0 0 0 0 0 0 0 1223 0 628 0 0 0 259 0 7 20 0 5 1223 103 0 0 0 0 0 0 0 0 0 92 0 117 0 0 0 185 0 0 0 0 0 351 0 0 0 1 1 0 0 626 325 237 14 0 215 0 0 0 0 0 423 0 0 2642 13 363 0 0 0 0 1987 0 0 7 73 0 0 0 0 0 0 0 14 31 0 9
 169 43 33 39 0 17 113 0 0 91 145 0 4 0 0 0 0 0 99 0 0 0 6 164 0 1529 0 0 0 0 0 0 16 0 0 0 0 4 0 0 0 21 0 0 0 0 0 0 34 54 0 69 0 569 1975 36 11 0 0 0 0 0 0 0 0 1397 0 0 37 0 21 16 27 0 26 334 0 0 165 0 0 0 0 0 237 75 0 8 13 0 0 0 16 0 0 0 0 3 176 33 14 0 91 0 0 0 0 0 0 0 0 751 0 0 0 16 0 11 2214 51 0 93 573 0 0 4 13 0 0 5 208 103 0 0 4 0 0 0 0 0 46 5 0 0 0 0 445 0 43 0
 0 0 13 107 27 0 0 25 0 837 33 41 0 2 0 6 0 0 199 0 0 56 0 0 0 0 0 1358 0 0 216 0 0 0 0 47 0 0 0 0 1198 0 0 0 0 81 348 162 0 0 0 0 97 117 119 0 4 0 0 0 0 0 102 0 7 0 0 1 0 12 252 225 0 0 0 16 0 0 0 11 0 0 13 0 82 0 32 0 6 365 15 3 0 0 0 54 1678 0 0 0 0 0 0 0 0 0 32 0 13 0 11 0 0 354 191 20 12 0 56 0 4 0 0 4 0 138 0 0 0 0 6 0 11 0 0 0 0 0 0 0 0 0 4 5 1358 0 0 0 0 55
 0 0 273 0 0 0 0 0 0 0 0 0 420 87 0 24 0 96 8 212 27 0 952 0 0 0 826 351 5 0 0 0 0 0 22 0 5 96 0 0 0 447 0 0 0 36 56 1 0 0 0 29 0 13 0 0 17 0 0 0 0 0 0 15 0 0 0 0 0 0 0 0 13 0 212 0 15 18 0 0 154 0 36 0 0 0 2 0 5 73 682 0 10 0 25 0 27 0 0 28 0 0 0 0 0 0 0 0 0 0 20 0 0 977 0 0 0 0 0 0 114 0 0 13 0 64 0 0 154 0 1 88 17 0 0 0 0 31 0 0 0 0 0 974 0 0 32 0 0 0
 206 0 154 0 0 822 0 296 0 0 1448 982 13 0 0 36 2615 351 0 28 27 0 12 0 0 0 0 0 19 0 0 0 0 16 0 112 0 60 0 87 0 0 0 0 0 0 0 0 14 0 217 0 234 34 86 0 33 92 0 0 0 0 25 0 25 255 13 0 0 0 47 0 0 0 22 0 165 139 14 0 0 2 110 0 0 0 191 0 0 0 0 0 0 33 27 0 2 13 0 0 103 0 0 74 147 0 0 4 0 0 0 0 0 0 0 114 134 1319 0 0 557 0 0 0 0 14 0 2 24 76 0 0 0 0 0 36 0 6 0 22 16 0 0 6 142 0 449 0 0 0
 56 0 74 539 0 0 0 0 8 0 25 0 0 185 0 0 18 0 0 0 165 77 0 0 10 0 15 0 0 0 0 82 161 50 0 0 0 0 4 25 0 14 0 27 0 0 144 0 54 0 0 19 22 0 14 0 0 0 249 0 0 0 0 0 0 0 93 0 0 315 0 0 0 0 18 0 0 28 0 0 0 0 7 0 137 12 0 0 0 145 1358 20 0 200 649 0 0 0 0 0 0 0 164 0 0 0 0 0 0 826 1 0 0 197 856 80 587 0 0 351 0 0 0 0 19 275 158 0 0 0 0 0 0 24 0 0 0 0 0 0 23 274 0 0 0 682 0 6 1 5
 0 669 5 0 0 0 0 2 0 0 93 0 0 0 0 541 0 0 0 0 0 0 0 0 75 0 0 0 0 0 2247 87 70 0 0 3 0 0 0 0 8 0 0 0 119 77 0 0 0 0 58 0 6 0 0 0 0 0 0 0 0 0 35 0 53 0 47 112 0 0 0 249 0 0 6 0 18 0 0 0 0 0 247 34 23 73 0 152 0 0 0 0 0 100 1 19 458 0 0 0 0 0 0 10 0 13 36 0 8 0 0 0 0 47 64 434 161 0 15 0 289 1340 0 0 0 0 32 0 0 0 0 0 109 0 447 0 191 0 0 89 0 0 0 5 0 0 200 0 382 117
 41 0 0 10 416 0 0 149 5 28 0 0 0 48 0 0 0 0 138 0 0 0 1172 0 0 0 0 0 0 14 0 0 0 0 0 0 97 69 0 0 170 0 1834 0 389 19 0 472 0 584 4 0 0 0 19 100 0 132 0 0 1 0 30 30 395 0 0 0 0 83 0 0 0 0 0 1834 0 0 0 0 163 76 16 0 0 0 208 0 0 0 382 0 0 0 6 0 0 76 56 0 0 3 0 32 288 0 0 0 0 0 0 222 0 0 0 0 0 2 0 13 0 64 0 0 275 0 288 0 130 36 5 702 0 178 125 0 0 0 99 0 254 0 0 187 0 111 17 0 0 0
 345 17 0 289 0 0 28 0 39 0 0 0 0 708 0 0 361 675 0 1314 17 15 553 0 10 14 0 0 4 0 74 94 0 55 0 0 0 1 0 0 0 0 70 1065 0 0 0 0 0 0 0 1 0 0 132 216 0 137 0 0 18 0 7 0 311 0 0 9 3 15 0 0 737 881 52 0 20 0 258 0 0 39 0 0 139 88 0 0 1172 0 0 0 0 142 0 65 24 0 0 220 0 0 112 0 0 0 2 71 0 1 65 1 0 0 22 0 0 0 0 0 0 0 6 0 0 0 0 7 86 0 116 19 3 26 0 2312 0 0 0 93 0 0 0 363 1 0 0 0 0 0
 0 0 145 0 0 0 1200 32 0 0 191 0 0 0 0 16 0 118 219 0 162 0 1 0 279 0 14 0 0 0 217 0 0 0 18 0 0 0 14 130 0 0 34 0 0 190 0 3 32 119 0 1 370 0 0 652 0 0 0 0 0 35 3 0 0 0 0 283 0 0 0 38 0 279 0 341 8 98 0 0 0 0 0 15 14 0 0 48 445 0 11159 0 0 0 0 17 447 0 0 0 0 136 0 292 498 27 0 0 0 0 0 70 0 0 200 0 0 0 6 154 0 0 31 0 1172 0 0 0 0 0 682 0 0 971 69 434 0 0 1041 0 68 0 0 0 0 0 0 1200 0 0
 0 10 19 0 0 2 5762 632 554 0 24 97 0 0 0 20 0 0 0 0 0 5707 122 0 0 46 0 0 0 24 183 0 0 0 37 0 0 0 0 0 0 103 868 1638 0 0 0 0 0 17 0 2 0 0 295 0 47 0 0 0 0 0 0 7 32 0 15 200 0 0 0 0 589 0 0 0 0 382 0 0 0 0 0 0 0 22 225 38 113 0 0 0 974 76 0 0 12 0 0 0 71 130 0 0 0 111 0 0 110 1 31 0 177 0 1086 0 0 1060 0 149 6 332 0 126 0 0 0 4 0 49 59 0 92 0 0 0 0 0 2 23 0 0 1980 19 649 0 0 135 0 0
 2 0 5 0 0 51 0 0 1588 0 0 0 0 0 0 0 6 0 0 112 0 0 0 0 0 0 0 0 0 14 0 0 0 87 0 0 0 0 0 0 183 0 0 0 13 116 0 19 31 11 0 0 0 0 256 0 14 105 0 240 0 21 0 1 0 0 0 0 0 56 0 0 0 0 0 101 114 114 110 44 0 40 0 0 0 19 0 0 99 0 0 0 47 0 0 3 0 191 0 62 0 7 0 9 0 0 0 0 10 37 0 31 44 100 10 150 0 29 297 0 0 0 0 1 334 0 252 0 0 0 0 77 0 860 0 0 0 173 0 73 0 0 391 35 0 0 0 0 64 0
 291 161 0 38 0 0 24 315 0 82 0 1 1 1 0 0 0 0 24 0 0 646 0 541 122 0 0 36 2669 0 1172 0 0 0 0 37 384 0 0 4 0 0 0 0 0 539 78 217 6 0 0 0 0 1260 0 0 48 0 0 1060 200 0 30 39 170 1103 0 112 0 0 0 0 0 0 0 0 0 0 72 0 0 1275 0 0 0 0 23 0 13 0 0 0 447 18 0 207 0 0 0 0 0 0 0 81 0 0 0 88 0 0 0 33 0 0 0 0 28 546 0 282 38 486 0 0 11 141 72 23 416 0 86 340 0 0 751 0 0 0 71 6 1 0 0 0 0 21 0 0 0 0
 0 0 93 0 0 0 151 553 0 0 21 35 0 6 0 0 0 259 0 412 62 68 152 0 0 0 20 0 0 0 91 0 169 19 81 274 738 0 0 0 55 0 0 0 0 12 182 0 0 24 4 6 0 1516 0 23 0 73 0 0 0 130 354 0 0 5 41 0 0 0 36 0 0 0 0 0 12 0 274 6 28 103 0 0 0 0 0 0 0 75 0 0 0 0 0 0 19 1427 0 10 0 0 0 279 0 70 0 0 55 64 0 0 0 0 0 11 0 0 0 0 707 0 333 0 1 88 0 0 21 0 0 190 9 0 0 18 0 31 8 7 0 0 49 109 0 0 0 14 0 0
 0 0 0 0 0 1103 0 0 0 0 0 0 0 92 24 0 9 718 296 0 0 0 137 14 122 0 0 0 0 0 0 138 597 209 23 31 14 0 0 89 3 0 0 0 0 21 0 0 199 0 0 15 72 22 0 0 149 0 206 44 0 0 2 0 6 0 0 76 0 0 94 0 0 1031 0 0 188 200 0 0 14 0 0 0 2 0 0 0 8 0 0 0 0 49 4 205 0 0 0 0 64 289 132 0 0 0 0 0 0 0 0 0 0 0 26 183 0 0 36 0 0 0 65 0 0 0 943 1175 0 0 0 0 13 1852 0 19 8 31 0 0 1214 0 81 0 0 0 0 0 199 0
 0 10 0 0 0 0 4 147 55 5 0 0 608 18 0 0 0 6 0 111 0 0 0 0 107 31 0 0 47 0 0 1 0 247 0 0 0 0 0 0 0 0 0 0 0 389 0 10 0 0 0 0 15 0 580 0 0 0 0 38 0 0 0 538 0 0 0 183 37 0 116 0 0 0 0 0 0 0 138 0 178 977 0 0 0 0 0 2 12 0 0 625 10 103 0 0 10 55 0 0 0 0 0 5 0 0 6 6 0 0 64 0 0 0 0 0 0 0 0 0 0 0 80 0 0 0 0 0 0 32 0 0 0 0 0 0 0 0 0 0 0 0 0 0 0 295 727 0 11 0
 0 686 0 0 18 0 102 0 28 259 0 0 1340 0 0 165 73 0 0 468 0 143 0 55 0 0 0 1 87 0 0 0 0 0 43 0 0 0 1529 138 0 0 2686 0 0 0 6 0 11 0 0 0 0 83 0 0 0 413 0 15 365 19 0 0 0 0 0 0 0 145 0 0 0 0 0 0 0 0 0 0 77 0 0 0 303 0 0 351 271 0 1304 0 0 16 0 0 0 0 0 64 0 0 0 13 0 0 10 0 0 0 0 0 0 0 351 0 0 2 0 0 23 0 0 7 109 55 0 0 0 20 0 10 0 280 0 97 0 0 0 32 979 0 34 0 122 0 0 0 28 0
 0 5 0 0 0 347 0 9 0 682 0 0 34 0 174 14 0 34 0 0 99 0 100 0 142 0 0 0 37 0 0 0 0 113 0 0 0 0 0 277 9 0 237 0 14 0 0 91 164 0 0 0 486 0 0 0 0 45 0 0 0 0 17 0 0 0 0 27 18 0 0 391 0 0 82 0 0 0 130 0 290 0 0 0 0 0 0 0 0 5 0 0 70 0 0 0 0 0 26 255 0 0 0 0 1334 0 0 0 56 0 0 25 0 0 123 44 0 0 0 0 0 0 0 0 21 0 0 0 0 0 0 116 1 0 0 0 0 42 0 0 0 74 252 0 2 9 0 0 0 0
 67 0 0 272 0 0 0 0 54 279 208 0 0 93 0 0 0 0 32 0 0 0 25 200 0 0 2 11 0 0 0 70 0 0 0 0 16 74 497 382 258 0 0 315 0 9 0 0 0 0 5 0 0 633 338 573 30 0 0 0 0 0 0 36 0 0 0 0 18 0 0 0 0 0 84 0 93 0 0 0 0 6 0 0 151 0 21 0 0 95 0 7 452 0 0 0 0 253 0 123 114 0 0 0 0 27 0 115 0 915 0 87 0 0 0 0 0 0 11 0 0 0 0 0 539 10 0 0 0 0 187 0 0 0 0 0 0 982 0 727 0 0 32 0 110 5 42 0 0 351
 29 0 0 0 34 75 0 0 27 0 0 47 0 315 0 0 143 0 0 0 0 0 174 2 0 0 92 0 192 0 0 0 42 0 0 0 0 0 0 47 0 320 0 129 0 0 0 0 0 0 253 0 0 0 0 0 33 0 229 0 14 0 0 10 0 0 0 17 578 130 0 0 21 0 0 0 75 42 0 256 0 1092 0 0 0 0 0 0 101 0 63 718 0 0 0 0 0 0 1 0 243 0 0 461 34 0 0 223 1009 0 0 1 0 0 0 51 0 0 0 9 0 222 2 0 0 0 0 0 0 42 0 78 0 0 73 0 10 0 0 19 89 0 315 25 808 824 17 13 74 0
 0 4 0 0 0 28 0 1460 0 20 0 0 137 0 0 0 73 0 10 0 0 539 10 0 0 0 0 0 0 0 0 1172 53 0 0 0 0 0 0 110 0 0 0 0 0 0 60 0 44 0 0 0 0 0 151 0 0 0 0 0 0 6 0 0 125 0 0 0 0 0 0 553 0 0 0 0 7 0 27 0 0 36 51 0 0 0 14 213 0 0 0 0 0 0 2 0 3 0 0 42 33 0 223 0 0 0 641 0 0 0 103 334 0 0 0 0 0 0 4 184 0 0 0 624 0 697 0 0 27 0 0 0 0 0 0 0 0 0 7 0 32 0 0 0 0 93 646 0 0 0
 0 0 0 0 0 0 0 0 18 0 0 0 0 343 0 0 0 0 0 0 0 0 181 0 1 0 71 33 27 184 0 0 0 0 0 0 0 0 0 19 0 0 0 21 0 0 0 0 0 0 0 0 0 0 8 0 0 0 702 0 83 9 0 7 0 0 0 0 45 0 0 76 146 0 23 0 0 0 0 0 0 1632 0 0 0 0 33 50 0 0 0 1303 40 0 2642 0 0 0 0 0 0 436 0 29 0 1001 0 0 0 1834 0 592 0 0 50 70 0 0 4 0 12 275 0 0 0 93 0 0 0 6 0 0 213 0 0 50 0 0 84 0 0 0 10 3 28 340 0 0 0 0
