150
 1322 64 0 0 0 0 5 0 0 0 0 183 0 0 0 0 3 123 0 330 0 519 0 0 0 0 0 0 0 0 0 75 0 0 0 0 0 24 0 0 0 0 0 0 70 0 2 233 183 0 0 0 0 0 461 123 80 0 78 0 0 0 0 3095 296 0 49 0 0 178 8 0 0 0 0 0 0 131 0 0 0 11 0 0 0 0 0 0 5 0 0 0 0 0 0 0 0 0 0 0 9 0 0 75 0 0 0 204 0 58 0 40 0 0 0 0 0 0 656 0 0 0 0 0 3 0 0 0 1 0 0 2 0 0 26 258 26 0 0 42 0 0 0 154 0 13 0 75 0 0
 0 0 180 0 0 0 0 0 0 0 0 644 0 8 0 0 0 0 0 101 22 0 26 0 0 0 0 211 0 680 0 0 0 0 0 0 1037 0 0 0 0 0 0 0 683 20 0 0 0 0 0 327 0 0 16 18 0 1769 83 0 0 0 0 0 0 951 0 0 0 0 0 397 0 0 142 113 1 17 0 0 0 325 0 0 0 0 236 0 43 0 312 0 0 50 0 11 904 87 50 19 0 0 0 1788 0 0 0 76 119 0 0 7 0 0 0 8 0 0 0 0 537 0 0 0 0 0 3 16 0 65 0 0 37 0 0 0 0 0 0 57 0 0 0 0 121 542 0 0 0 0
 0 0 7000 0 0 0 0 0 0 0 0 0 0 75 0 0 511 263 0 13 0 0 0 0 0 30 0 0 49 0 0 4 0 103 0 0 0 0 8 0 0 312 0 22 0 0 118 0 131 0 594 0 74 0 0 0 0 0 0 0 171 0 0 0 19 0 0 0 144 15 0 0 0 0 99 0 0 0 222 16 0 75 49 0 0 0 0 3 36 0 0 0 160 0 0 424 0 0 0 0 80 35 0 180 147 0 0 12 71 0 0 0 82 94 442 0 0 0 121 7 0 0 20 3 0 0 0 90 0 28 0 0 0 0 118 0 0 56 0 0 0 0 0 0 0 108 0 0 0 1928
 0 0 0 123 0 0 6 0 0 2 0 13 0 0 0 1 0 624 0 148 227 3 115 0 0 0 0 0 200 0 0 0 0 31 0 0 0 129 0 21 0 0 0 7 0 0 0 0 0 622 0 70 3 0 44 216 0 0 0 0 1122 0 0 62 0 0 34 0 0 15 0 0 800 0 50 507 0 2476 33 0 1 29 0 0 0 631 0 0 0 0 0 0 0 0 0 8 0 0 581 0 0 0 0 0 0 0 0 0 0 0 0 0 0 0 126 0 0 36 4 0 0 0 0 9 0 46 0 0 0 0 0 6 1 252 0 1 191 0 1 135 0 0 0 65 0 0 0 0 19 72
 1571 163 53 60 76 229 0 276 0 3130 14 0 0 0 0 94 0 17 0 63 0 37 0 0 0 0 0 225 159 1327 0 120 0 0 237 0 0 14 0 0 14 0 0 99 0 60 0 2 0 0 5 2324 26 0 0 4 0 0 0 1263 7 0 41 0 180 586 0 0 22 208 0 0 404 0 0 0 0 0 0 0 0 0 0 0 0 156 0 0 0 0 204 0 0 0 0 197 15 0 1450 0 0 0 142 63 0 0 0 0 0 0 0 15 0 702 0 0 0 103 0 101 0 0 0 0 8 800 0 0 0 5 0 7037 0 0 0 0 0 0 0 55 9 0 6 0 0 0 1 1730 0 0
 0 0 211 0 0 0 0 0 8 0 0 0 0 61 0 0 0 925 9 16 0 0 0 27 10 87 0 0 5 22 0 0 0 1 0 0 0 39 43 201 0 0 14 52 0 15 0 167 0 150 0 0 0 0 40 6 0 0 235 0 0 0 0 14 0 0 0 0 0 10 3 2099 0 1 1631 0 0 0 590 0 22 0 24 0 172 22 5 368 0 110 0 0 0 0 0 193 0 0 3 1 40 0 2 0 0 0 69 0 0 0 0 99 0 0 0 0 0 0 0 0 0 66 0 9 0 293 9 0 8 0 0 2 0 0 4 32 905 13 0 0 68 0 99 0 0 111 0 0 0 0
 0 113 0 0 40 33 0 0 0 0 0 0 0 49 893 777 0 0 0 0 372 0 0 0 0 12 0 2 0 0 0 0 0 0 0 0 7 0 0 0 0 0 1 1486 55 0 2 1631 0 15 0 0 0 2 6 0 207 0 0 50 4 93 0 60 23 0 0 0 69 0 800 62 41 0 537 0 25 21 34 18 0 0 631 0 0 9 0 67 0 0 0 0 0 0 0 539 8 0 0 154 0 314 0 18 0 0 39 0 0 0 0 18 0 0 0 0 332 213 182 254 19 0 0 0 0 0 10 0 0 36 1 109 0 0 153 239 0 48 0 46 0 0 0 56 0 0 0 26 0 0
 6 744 63 10 0 0 0 0 0 0 0 0 0 0 21 0 205 0 11 3 29 64 6994 0 0 0 0 0 0 0 0 0 0 90 0 0 239 0 0 0 7 0 0 29 0 4635 0 0 138 0 4 20 325 0 0 0 541 0 0 0 0 2 0 0 0 0 0 0 0 1 0 98 3 0 0 0 11 26 3 2010 0 0 0 0 1070 322 0 0 0 185 0 106 0 0 390 0 0 0 126 44 0 69 0 0 14 0 0 0 129 0 0 0 23 0 0 9 1571 0 3 0 0 79 0 0 150 0 1842 0 0 0 34 0 0 0 0 89 0 0 0 0 0 235 0 0 18 0 0 7 31 0
 70 10 84 0 0 0 0 127 0 0 0 26 29 0 38 123 0 0 0 0 0 0 0 0 84 0 0 0 251 0 36 702 0 0 0 42 154 163 0 52 55 0 0 0 0 153 0 27 0 0 20 0 203 42 0 0 1424 6 0 0 0 0 0 3 488 0 27 0 1 0 0 0 0 0 0 0 92 377 0 18 0 0 0 27 0 1209 10 67 0 214 0 0 0 322 0 12 140 0 0 0 0 9 0 0 0 0 0 0 0 0 21 476 0 0 0 41 0 0 0 0 0 0 194 1 111 76 183 0 0 0 0 0 11 585 0 0 0 0 0 0 18 105 0 0 0 0 0 0 0 0
 143 1554 0 0 0 177 0 121 0 0 0 0 0 63 0 0 0 0 0 58 0 1 0 128 0 0 0 0 0 0 600 0 0 0 0 0 0 0 0 16 0 0 6 295 61 97 0 3 41 0 0 0 189 154 0 0 72 368 0 0 0 3671 0 0 0 237 22 0 0 0 0 240 0 0 11 0 13 0 0 0 0 0 0 0 0 251 218 0 0 0 77 0 57 3 11 157 0 0 183 0 0 424 0 0 0 0 110 49 208 0 0 0 0 0 0 0 0 0 77 0 49 0 0 0 5 0 0 0 0 0 0 0 0 0 6 0 74 303 265 0 0 122 17 0 271 0 0 0 5 0
 196 0 15 22 0 0 19 79 5 0 0 0 11 0 33 0 0 253 0 0 50 1842 0 507 0 0 0 251 0 0 0 0 193 91 4 0 17 0 8 9 1305 0 0 0 0 62 0 0 11 1 63 0 0 34 0 0 0 0 0 0 0 0 349 0 0 26 0 0 0 0 4 70 1 0 316 0 27 0 1448 0 0 0 0 0 0 0 0 0 0 0 0 0 0 0 0 0 0 0 0 1108 0 0 97 1 0 0 0 84 189 26 0 69 0 1730 15 0 7 0 0 0 0 0 4 0 0 348 288 82 0 0 181 220 0 0 0 0 0 0 0 0 0 0 0 0 0 0 0 0 299 2
 0 0 0 0 0 0 293 0 0 97 1209 0 15 0 0 94 16 38 0 28 2 111 0 11 79 0 0 13 0 0 11 0 0 502 0 0 15 0 0 154 171 0 2 10 1734 0 0 0 54 0 28 0 32 0 0 0 9 349 0 0 0 94 0 2099 0 0 13 0 2 0 0 6 0 0 0 0 0 0 0 61 0 0 0 1 0 289 0 0 0 0 0 0 47 48 0 700 0 0 0 0 0 64 0 4 5 0 0 336 0 0 1070 1070 0 6 0 0 0 0 0 3120 255 0 0 495 0 0 0 0 0 0 0 73 0 0 0 0 0 0 0 0 82 0 0 0 3 0 2 44 253 0
 0 89 147 0 0 154 0 1928 0 102 0 0 0 0 0 2 0 0 1070 0 0 0 0 0 0 49 0 0 13 15 3 0 33 0 181 0 0 631 83 0 0 217 0 52 0 0 0 0 0 0 0 0 0 62 68 4635 145 64 0 0 0 0 0 0 0 0 0 189 0 0 2 0 0 0 0 0 0 86 0 0 0 0 5 0 0 0 0 6 0 0 0 67 0 0 0 0 0 0 7 0 19 0 19 58 0 0 0 0 77 0 97 866 0 0 0 0 9 25 0 0 49 0 191 489 0 0 0 0 0 54 0 0 48 7 82 0 435 0 80 0 0 0 0 62 0 0 0 181 0 140
 0 0 0 0 1872 0 0 656 25 0 0 0 1495 90 0 0 690 0 0 0 0 0 0 0 0 0 94 69 85 80 159 0 0 47 0 0 0 0 32 14 0 0 15 0 0 1654 57 10 0 178 0 0 14 0 62 6 0 0 0 0 1274 0 4 0 0 0 187 0 47 0 22 0 41 0 76 1571 0 0 0 0 0 0 0 0 25 42 0 257 61 274 99 0 0 0 0 0 0 0 0 0 0 71 11 7000 0 3 0 0 2219 0 21 0 33 0 0 0 0 0 0 0 14 0 0 0 0 0 0 0 0 0 348 0 59 0 0 131 3 0 0 9 0 0 12 0 0 0 0 0 136 0
 65 328 0 261 881 0 0 0 0 22 0 0 0 111 0 0 21 0 0 2 4 98 123 0 79 3 0 19 177 0 0 0 0 0 30 0 0 0 44 1045 0 0 81 0 0 74 0 0 3916 0 0 18 0 0 0 0 0 10 2 449 0 223 0 173 21 0 0 56 0 156 173 0 10 0 0 0 0 0 0 0 0 0 0 83 0 0 0 0 0 2334 0 0 0 13 0 0 0 0 42 0 0 1 0 0 41 0 0 82 827 0 0 0 0 0 70 0 0 0 0 25 0 0 0 93 0 0 41 0 0 17 0 0 38 0 0 0 474 0 0 0 0 0 502 0 0 9 0 0 0 0
 0 0 0 0 0 16 0 0 0 0 0 0 0 7 956 0 0 0 0 925 0 0 0 0 0 10 0 0 0 0 0 6 12 0 40 0 0 21 0 16 0 0 0 1116 0 0 0 0 0 0 1450 0 213 0 52 160 322 0 0 0 54 16 0 0 0 0 0 0 0 0 161 0 0 0 0 0 0 12 0 0 3304 77 0 23 0 0 377 0 0 0 40 0 46 0 0 455 0 0 502 0 142 0 0 0 0 0 0 0 0 3 0 70 0 35 261 0 0 101 0 0 0 0 0 73 0 0 30 0 0 0 0 6 0 0 0 0 0 0 0 0 0 0 0 297 0 0 1730 0 6 9
 0 123 0 49 327 0 71 0 0 119 84 0 295 0 0 27 0 0 0 1842 0 0 31 0 0 153 0 44 4 0 16 14 0 278 120 64 0 85 0 0 0 0 493 0 0 0 0 0 7 0 0 0 8 0 80 0 2 0 0 0 0 151 0 0 0 123 0 0 42 0 0 0 0 0 491 1039 72 1018 138 0 0 16 0 0 0 0 0 0 46 0 71 0 0 0 0 0 0 0 101 21 760 0 0 0 0 29 131 0 293 0 0 0 0 2 0 726 49 0 0 0 0 3 187 0 2 0 0 0 9 0 102 0 7 10 6 0 1208 3 144 0 3 144 0 193 0 0 631 11 0 48
 0 0 0 0 0 0 538 80 0 178 0 0 129 155 0 31 11 0 257 0 0 0 0 0 0 55 0 63 17 0 0 0 0 0 0 0 0 0 66 0 404 0 0 486 63 697 0 0 0 0 0 0 0 41 0 87 0 135 75 0 9 0 0 110 0 73 0 0 0 0 0 102 0 0 0 252 0 680 0 144 0 14 12 0 989 466 349 10 0 1 129 0 325 0 0 0 108 2 0 169 0 0 0 0 0 40 0 96 881 0 0 106 2098 0 62 0 0 50 0 74 820 0 3304 0 0 0 10 0 0 0 77 3 46 0 0 0 49 0 0 0 90 55 893 0 0 332 0 181 0 1569
 111 6 0 27 3 0 0 0 28 0 0 406 0 18 0 106 0 0 41 7 6 185 0 0 44 586 0 15 121 15 0 57 0 1322 0 0 0 0 2 0 0 0 0 0 0 212 0 0 8 0 2 15 22 7 0 0 0 0 0 4 0 498 4 0 0 0 135 0 0 0 0 0 0 0 0 0 0 0 0 0 0 0 81 0 28 0 0 0 0 0 316 0 455 0 0 237 0 49 0 0 0 526 0 0 49 0 0 20 20 0 0 3 0 265 0 58 0 15 314 0 0 32 0 0 0 0 180 0 0 0 0 0 0 0 0 0 0 0 0 0 0 0 0 0 0 753 0 0 0 333
 0 0 0 0 0 0 41 0 23 0 3 0 0 7 0 0 0 0 0 0 0 0 77 0 0 0 0 0 39 0 0 3942 7 3 0 0 52 0 0 0 0 0 0 0 0 1727 0 0 0 0 0 0 0 6956 0 0 0 0 0 8 0 16 219 41 0 0 756 0 0 0 0 0 0 257 0 102 0 0 0 0 3 388 69 15 0 325 0 0 0 542 0 0 0 0 0 37 94 116 0 0 0 74 30 0 0 10 0 25 49 0 49 127 0 6 41 220 0 0 0 64 0 0 0 0 0 0 0 314 76 0 0 0 0 0 0 0 0 0 15 0 0 6 0 110 0 0 0 0 0 0
 0 0 0 0 102 30 0 0 103 0 0 0 50 0 0 0 0 94 0 0 97 4 0 0 16 284 44 0 0 23 0 0 0 50 9681 0 0 0 48 0 631 0 119 0 0 0 0 0 768 1448 94 0 0 8 2 0 11 0 0 147 0 0 0 0 0 0 4 7 0 0 31 4635 0 122 0 2099 0 272 0 0 44 0 0 0 0 0 0 0 0 0 0 0 0 0 0 293 0 0 0 0 690 0 89 0 0 0 0 0 0 134 15 0 1 0 0 0 0 0 0 348 905 0 0 0 0 39 0 58 0 0 0 29 2 0 8 0 53 0 0 0 10 0 0 3 91 0 0 0 0 0
 0 7 102 0 0 14 59 0 0 0 0 0 23 0 0 0 0 49 0 77 0 0 0 0 377 0 75 0 65 0 131 0 58 0 0 0 0 29 0 13 94 0 0 0 0 0 0 0 11 0 70 15 0 0 0 0 72 257 163 0 285 98 0 0 7 0 0 0 62 0 0 0 0 0 35 0 0 0 0 0 0 0 0 0 0 0 49 0 0 0 0 0 0 0 135 83 0 0 0 334 0 0 19 388 209 0 0 0 10 0 0 0 1 0 0 0 0 101 0 0 0 0 0 0 0 816 0 0 0 0 0 72 0 0 0 0 76 202 325 33 461 0 0 0 1119 0 1569 52 0 5
 0 0 0 0 0 50 59 0 32 14 0 60 541 0 0 0 0 49 68 0 28 0 0 193 0 0 53 50 0 185 312 0 234 0 0 0 0 0 81 174 10 0 925 0 0 64 465 93 0 0 0 0 0 0 0 348 0 0 55 0 11 0 591 0 0 0 7 18 99 0 33 0 0 0 1 33 0 233 0 0 0 0 87 0 0 0 0 0 0 0 0 0 0 0 0 0 0 106 74 0 0 7 101 0 0 0 0 1450 0 16 537 0 0 0 0 0 0 0 0 0 0 0 63 0 5 31 0 87 509 22 69 29 0 20 23 0 0 0 0 0 0 0 0 0 2 0 0 0 0 0
 0 0 0 0 0 0 97 0 60 0 0 0 0 0 690 0 332 0 0 0 0 10 0 217 0 18 0 12 0 951 0 0 0 0 0 0 0 0 0 0 0 0 44 614 0 0 0 122 0 239 11 0 93 151 0 0 3 0 0 174 0 0 0 429 0 0 0 0 346 0 0 0 0 0 0 0 0 6 0 0 58 60 257 0 0 16 0 0 0 0 0 9 0 0 3130 7 904 0 0 253 0 210 0 0 0 235 0 0 0 14 0 0 0 0 0 0 0 0 0 0 11 0 19 10 31 0 0 0 144 0 0 327 325 160 1 305 9437 0 11 0 0 0 42 0 0 3 0 0 0 36
 154 0 79 0 227 0 0 0 0 0 44 0 0 0 0 0 0 0 0 0 0 0 8 455 123 0 406 495 0 411 0 36 4 0 13 20 777 0 271 0 0 0 0 0 0 8 0 15 110 0 0 56 16 3 0 0 0 0 1 0 0 10 0 29 0 0 62 1399 0 233 0 0 0 0 91 0 43 0 80 18 5 0 0 0 10 0 202 0 0 0 0 0 0 786 43 0 12 0 0 77 50 0 0 17 0 0 87 0 0 8 768 62 0 92 12 992 0 183 0 0 0 0 53 72 18 0 91 0 0 0 80 0 0 0 0 156 0 0 0 119 17 45 14 0 838 0 0 0 0 0
 69 0 0 0 0 0 0 0 20 0 40 9 0 0 0 0 0 0 0 0 0 7 0 0 0 88 0 0 64 7 0 75 0 951 0 0 0 0 5 0 0 17 0 0 101 0 75 239 4 325 0 0 0 0 424 0 0 163 6 0 194 14 0 0 0 122 0 69 0 0 0 0 47 0 0 0 0 0 0 6 44 73 7 0 0 300 0 0 12 0 0 0 0 0 0 0 0 0 41 0 0 6 0 50 0 2 15 15 204 0 2 356 0 142 7 0 0 8 0 3 30 0 0 0 0 0 0 0 377 0 0 0 0 0 0 0 0 0 224 132 0 0 0 1449 0 0 0 0 0 24
 0 0 0 13 108 0 0 0 15 0 0 805 0 0 0 0 44 101 0 0 0 0 0 0 0 0 52 0 0 0 0 0 0 0 0 0 66 0 0 0 322 0 0 0 0 0 2 0 142 16 66 0 0 112 5 0 60 0 145 0 1183 0 22 0 0 0 0 0 0 0 0 0 0 0 0 106 0 0 0 68 762 0 12 0 0 0 0 0 0 0 29 0 19 0 0 29 0 0 0 0 332 0 0 0 0 0 81 0 5 0 0 0 119 0 0 26 397 0 145 220 33 69 0 204 49 0 0 0 0 181 0 0 0 5 0 0 0 7 0 0 0 0 0 0 0 0 103 35 0 79
 0 0 1143 6 0 0 0 0 0 205 0 0 193 0 0 0 0 0 0 0 21 58 0 0 0 69 191 0 0 0 0 0 0 0 0 0 309 0 0 0 0 0 175 0 0 0 0 0 5 0 74 0 0 0 0 0 0 0 0 0 153 76 0 2 9 0 0 2476 13 794 204 0 0 0 56 16 0 1 1158 0 0 12 0 19 0 0 11 424 26 0 0 0 89 0 0 0 0 0 0 0 152 0 0 72 0 0 31 0 0 0 0 240 121 0 213 0 10 0 690 0 2 0 0 0 0 0 0 19 450 0 2 0 0 0 0 0 0 0 19 0 70 389 0 0 379 0 0 0 0 0
 0 26 0 0 0 0 13 0 0 62 73 0 0 0 0 69 0 0 0 0 0 0 2 128 0 0 121 61 109 21 275 15 261 0 0 0 0 0 312 0 18 0 0 0 903 60 171 0 0 0 0 0 0 14 20 0 0 0 83 506 0 0 101 0 0 0 0 317 12 0 0 0 8 6 0 2 27 0 103 111 0 0 0 60 0 32 0 759 0 35 0 0 0 0 0 0 0 0 0 0 59 0 0 0 6 94 0 16 0 7 0 32 0 0 0 17 0 348 0 0 0 0 498 0 0 0 0 50 0 47 91 0 103 11 45 0 0 0 0 16 0 0 0 0 27 0 0 0 0 0
 0 0 96 542 0 0 2476 0 805 3 0 0 0 0 0 98 293 0 0 3 0 0 0 0 0 0 204 0 0 0 0 314 0 0 0 455 0 2476 0 0 0 0 183 0 0 0 57 424 5 377 0 236 0 8 6856 1 0 0 0 0 111 0 0 0 0 0 0 0 263 627 112 0 0 0 0 11 8 94 62 0 2517 14 0 0 0 0 0 0 1018 0 0 57 44 25 54 15 0 0 0 0 0 0 0 0 0 0 191 284 0 40 0 43 0 30 0 0 2 0 271 0 0 66 0 0 0 8 125 0 0 0 0 0 99 319 0 0 0 2 0 0 0 0 0 0 0 0 106 0 330 0
 816 75 0 17 168 14 0 0 0 0 0 0 0 0 521 88 0 154 0 411 0 0 0 0 23 168 0 0 0 0 15 83 0 110 4 233 0 189 0 0 0 128 4 0 680 0 0 0 0 0 0 0 0 777 0 0 0 70 36 0 0 0 183 0 18 13 0 0 0 0 10 0 4 542 0 18 309 81 263 55 3 0 1269 0 20 0 0 167 0 0 0 925 171 0 0 0 9 0 25 0 0 0 0 0 0 0 519 0 8 41 0 0 0 0 0 0 0 0 0 0 0 0 0 55 0 194 3 288 0 0 0 0 3 0 18 10 0 0 82 191 0 0 0 0 0 1009 0 0 245 0
 0 0 0 0 0 0 226 0 0 93 0 0 0 0 0 0 0 0 0 0 0 0 15 81 0 0 163 4 0 0 0 0 80 0 122 0 0 0 0 41 0 0 490 0 70 6 43 0 0 65 0 102 281 0 0 41 0 0 0 0 0 284 0 0 0 140 0 52 297 0 0 297 101 0 21 11 0 157 0 0 1194 0 2 1295 0 0 0 0 0 0 0 72 0 0 0 0 0 0 5 553 0 0 0 0 97 57 0 32 3 2 0 25 0 0 10 10 214 13 0 0 0 0 165 0 76 0 0 0 498 0 35 0 0 0 0 0 865 18 0 0 0 0 8 19 0 0 0 0 1 0
 9 1 0 0 0 0 0 0 0 0 0 15 0 49 0 0 6 0 0 0 0 0 0 60 0 0 0 805 0 35 3 0 261 560 0 0 427 18 3 0 0 0 49 0 0 0 0 307 61 5 0 227 319 0 0 6 0 0 15 375 261 0 217 0 0 271 0 0 0 0 11 0 3936 1 0 0 0 0 0 59 0 0 0 0 0 0 58 312 0 0 0 861 0 0 904 925 0 0 0 397 0 310 39 0 0 0 6 0 25 0 0 15 0 0 0 0 0 0 0 0 0 0 0 77 0 0 7 0 0 0 0 0 0 0 0 0 0 0 0 0 39 0 3 0 0 0 128 167 0 627
 0 0 0 0 0 0 12 0 0 11 0 0 0 0 1842 0 0 67 0 0 0 0 0 0 35 0 0 0 0 1448 0 238 0 0 0 0 925 1 0 0 0 0 0 904 0 0 0 47 0 0 0 0 0 0 0 0 131 0 40 0 0 79 0 158 0 0 204 11 0 155 0 30 0 0 0 279 0 0 0 9 125 0 0 0 0 64 0 321 0 542 352 0 0 13 278 0 0 0 0 0 0 0 0 0 0 3 805 1 0 106 0 0 0 0 507 18 0 0 0 0 0 44 0 271 0 0 48 47 0 690 10 0 0 0 6 0 0 0 0 0 0 68 0 0 9 499 240 20 18 0
 4 0 0 3304 0 0 1089 0 95 14 0 944 0 88 0 0 0 0 220 18 0 31 0 10 0 0 0 0 884 0 0 0 1 14 48 0 0 0 22 0 159 0 685 0 0 0 16 10 0 0 181 0 0 0 0 17 0 0 293 0 9 0 0 2 0 184 0 0 0 21 680 0 29 0 162 15 0 35 0 0 0 83 0 0 0 0 0 0 88 17 0 0 452 0 135 0 97 0 0 0 0 0 0 0 0 0 0 204 18 0 0 0 6 43 0 0 0 0 0 0 0 893 99 0 19 18 741 0 2324 0 0 0 0 0 25 175 2 0 37 94 0 120 0 0 0 0 0 0 0 86
 50 0 0 81 0 109 0 0 0 0 4 0 0 4 0 0 0 641 493 1761 0 0 1872 3 0 0 0 348 176 0 0 271 3 5 0 12 26 0 0 16 2324 76 227 0 0 0 9 0 0 0 294 0 0 78 26 121 0 0 0 2 4 0 0 0 0 277 60 698 0 0 83 0 809 0 0 0 0 0 0 303 0 1768 0 0 0 0 636 0 6 0 0 13 132 0 7 542 0 0 225 18 0 58 93 0 0 0 464 7 0 95 0 0 0 0 0 22 0 0 0 275 0 1322 905 12 0 19 0 1 9 0 269 0 4591 44 0 868 0 19 3 75 3 0 0 0 255 0 0 0 11 0
 72 0 0 2324 58 507 0 0 0 0 0 0 292 5 0 105 42 0 109 0 8 0 0 0 0 0 0 0 0 1654 10 26 0 0 0 0 0 15 0 0 0 0 0 45 3 424 0 101 0 0 0 2099 20 0 0 0 0 0 37 0 0 0 0 0 0 0 29 36 0 0 0 77 0 1483 58 4 0 12 7 0 334 0 9 0 4 0 54 0 185 0 0 0 0 0 101 0 0 0 0 0 0 8 0 0 44 0 0 0 0 175 3 42 0 3 0 0 0 9 0 0 0 0 0 8 0 6 1274 3942 0 15 0 0 96 0 0 0 22 0 0 126 0 0 0 8 90 64 0 0 0 0
 0 16 66 0 0 0 0 0 0 33 0 0 0 35 0 0 0 49 88 37 0 0 0 0 51 0 733 14 47 0 0 1872 0 0 312 690 0 609 23 144 412 6 0 0 0 4 13 220 281 0 0 0 0 0 461 9 0 0 0 0 0 0 0 0 0 0 0 0 0 0 0 0 0 81 0 39 0 0 745 19 0 0 0 0 121 0 0 11 48 0 0 3 0 0 0 0 0 579 0 39 0 25 0 9 0 0 0 0 0 0 0 0 29 34 0 131 85 0 0 0 0 0 10 0 0 0 0 0 251 0 0 0 0 0 0 0 0 0 6 0 288 1124 9 0 3 0 122 0 46 0
 0 72 0 0 5 0 0 96 0 0 0 7 0 0 0 0 35 0 0 8 0 0 0 0 0 0 0 11 0 2416 0 0 0 41 0 0 6 0 0 67 0 185 0 0 0 93 70 62 69 2 0 25 0 49 0 0 20 291 0 2 0 29 0 6 0 0 65 0 0 255 279 0 0 390 0 0 20 4 145 581 0 0 3 0 0 0 0 10 0 0 0 690 0 178 0 0 0 0 18 0 0 4 0 0 0 830 461 0 22 27 0 0 0 7 0 0 0 0 14 0 0 0 9 0 0 66 0 0 0 0 0 0 0 805 94 0 202 0 22 0 6 14 14 0 461 0 22 0 119 0
 0 0 0 0 7 0 15 0 0 0 0 0 88 0 0 0 0 0 0 0 11 0 0 0 14 175 9 0 4 6 325 0 0 0 6 0 0 0 0 27 0 0 0 0 0 109 116 16 0 0 2 0 0 0 0 868 0 0 0 0 23 0 0 0 0 0 119 212 112 0 0 139 0 0 0 0 0 0 82 102 3 132 0 951 0 0 75 0 69 211 0 0 0 0 0 0 0 0 0 0 0 77 0 0 0 0 0 16 0 0 0 126 0 42 119 0 0 0 144 25 0 0 0 0 1842 423 0 27 0 213 0 0 0 72 0 0 55 0 0 0 0 171 0 0 0 0 0 0 0 349
 0 0 183 0 0 106 175 0 0 2 0 0 77 0 0 71 275 0 182 0 0 0 0 58 0 0 0 0 0 0 0 0 0 153 0 0 11 0 0 5174 0 1 0 11 116 0 627 1 567 0 22 22 0 49 0 0 3 89 0 0 0 69 0 0 40 0 0 80 0 832 288 0 0 0 0 9 919 4 24 0 0 30 1 12 0 0 0 6 19 1187 0 0 0 222 2 0 0 0 332 0 0 156 87 0 0 113 1631 0 215 0 0 0 0 0 29 0 0 0 7 0 17 31 44 0 117 0 0 0 254 0 140 424 0 0 79 128 18 0 36 248 0 0 0 0 0 139 0 0 0 0
 180 0 0 62 0 542 251 87 0 0 0 1 0 0 11 982 0 1179 0 2 0 0 2 0 86 0 101 0 0 180 0 102 2517 0 9 0 0 0 0 0 0 4 0 0 1817 69 0 591 0 0 0 0 0 0 7 14 817 0 0 0 0 0 0 28 29 0 153 0 0 0 3 0 0 0 0 0 0 0 2 0 0 0 10 0 0 0 114 0 30 0 0 2 0 0 0 0 107 0 0 0 789 0 5 0 3 196 0 0 0 9 31 3 3 0 0 0 397 211 0 0 0 42 0 0 30 14 0 0 0 0 0 161 0 27 147 2 0 0 0 102 0 0 0 0 0 77 0 0 0 0
 42 204 0 0 0 0 0 0 8 0 0 0 1 0 0 0 0 0 0 0 0 0 0 0 3 42 171 0 0 0 0 0 0 0 0 0 25 0 0 0 46 0 0 0 0 7 0 0 0 363 0 0 0 0 0 0 0 138 0 0 0 0 0 11 0 0 180 0 260 0 0 0 0 5174 325 0 154 0 0 1 0 47 167 7 0 0 40 0 0 0 0 0 0 1 59 0 0 0 0 0 0 0 0 0 76 110 0 19 0 0 160 0 0 0 1 0 0 0 0 327 0 0 0 0 147 0 0 15 0 0 11 0 52 0 0 0 900 0 10 0 0 0 0 72 113 0 0 0 1 0
 0 0 0 0 0 0 0 0 0 0 0 0 0 0 2 0 1273 0 340 0 175 0 0 0 185 257 1208 0 244 0 0 0 0 0 12 0 0 0 0 0 0 61 41 0 0 170 0 4 0 0 0 0 0 0 3 0 131 0 0 4 0 412 0 214 0 276 0 0 60 171 0 0 0 0 0 0 0 0 0 332 0 377 0 0 0 58 0 15 0 6 0 0 97 0 20 0 5 0 0 0 0 0 0 0 0 8 8 0 0 0 0 98 153 0 0 0 0 0 0 0 0 0 36 0 0 1 0 0 6 0 0 0 2099 0 0 0 0 0 0 83 0 59 0 0 0 10 0 88 59 0
 0 0 20 20 4 388 0 0 0 0 656 0 0 0 0 87 0 0 0 0 0 0 19 18 869 0 0 203 0 7 0 0 2 0 0 0 0 159 476 12 0 0 0 8 0 57 0 380 85 0 54 0 458 0 312 0 0 1 0 8 0 0 0 0 0 0 22 0 159 0 0 110 86 567 0 777 0 0 0 0 0 0 0 0 0 0 69 0 8 0 0 0 0 0 0 0 0 0 17 51 0 0 0 17 49 0 0 94 0 0 0 0 0 0 89 0 0 1730 16 0 0 0 43 21 0 39 0 0 52 6 43 0 30 0 9 0 0 0 1039 0 0 0 0 57 122 0 71 0 0 3
 0 0 74 276 0 0 25 0 0 0 0 8 57 0 0 0 78 0 0 0 2 175 0 0 0 0 0 7 0 28 0 0 0 0 0 285 0 0 0 0 169 0 0 0 0 27 0 0 0 0 0 6 0 0 0 0 0 0 1107 0 309 144 0 69 0 2 0 0 99 0 0 14 0 0 9676 0 0 0 122 0 0 0 0 0 308 172 0 0 0 80 0 2099 0 29 0 0 0 0 3110 0 0 0 0 0 0 38 0 0 0 0 0 0 0 0 0 0 285 20 233 0 0 0 40 0 14 0 0 0 131 4 0 0 189 0 0 0 703 10 0 0 0 0 0 0 0 0 123 0 0 0
 0 0 0 0 0 0 0 0 49 724 88 0 145 0 1728 74 0 0 951 0 4 0 0 0 0 0 0 15 0 0 84 0 0 19 0 0 2 0 0 0 0 76 42 1123 11 1 0 0 0 0 10 0 0 0 3 0 5 0 0 0 0 2 0 0 0 0 0 1 677 19 0 0 0 322 0 2 0 0 511 83 0 0 331 0 1917 1 0 72 85 0 0 720 6 0 0 0 0 879 0 0 0 4 0 0 0 0 0 0 0 0 0 69 0 0 688 0 0 0 70 0 6 75 537 0 0 0 0 32 0 5 0 0 0 182 0 90 0 0 10 0 8 0 7 42 0 0 0 0 5 0
 0 2 0 0 0 0 0 0 0 0 11 14 0 0 0 0 69 0 4 0 0 0 0 0 0 0 13 666 0 0 0 82 0 0 0 14 0 0 0 0 0 0 0 0 0 0 0 0 0 0 0 0 193 0 0 0 20 1519 0 0 0 0 0 0 42 0 659 48 18 16 0 91 3 0 0 0 0 75 0 0 0 0 0 0 7000 191 0 0 0 0 0 0 0 0 0 49 0 0 0 0 29 147 0 0 0 0 475 0 6 0 38 111 0 0 36 0 0 0 0 800 71 0 110 0 5 15 0 0 0 0 0 0 0 0 0 0 2 3 0 0 0 0 5 0 6 0 0 16 0 116
 0 0 0 0 6 1920 0 0 180 0 0 0 0 0 0 0 0 6 0 0 0 0 4 66 0 0 0 0 0 0 0 0 0 0 0 0 69 0 0 0 0 4 0 3 0 0 16 0 17 461 0 0 427 0 0 97 0 0 227 42 41 0 0 0 0 257 0 11 0 57 0 276 25 0 17 0 257 201 0 0 0 0 0 0 0 0 0 0 0 28 0 0 0 42 19 72 0 0 0 0 0 0 0 0 0 0 0 302 0 0 214 0 0 403 80 176 240 23 553 42 0 410 0 40 12 11 0 0 0 0 10 180 0 0 0 327 0 62 0 0 1320 74 0 0 0 0 0 72 0 0
 0 12 236 0 0 0 0 17 57 0 0 0 0 0 0 0 69 0 1 0 0 6 0 0 0 0 0 87 7 0 69 0 0 22 357 0 17 2 0 0 0 0 0 0 0 0 1842 0 0 0 0 0 31 0 72 0 0 0 0 330 0 0 0 0 0 0 0 0 868 0 66 27 0 69 0 0 0 0 0 0 0 43 0 33 0 1 5 0 32 0 1122 0 0 0 0 0 0 7037 0 0 0 0 0 40 0 0 0 0 0 0 0 5 160 34 9 0 2 23 0 0 0 0 2 0 541 9 0 0 128 0 0 4 0 0 0 0 0 1635 74 0 0 0 0 0 22 0 0 0 0 0
 98 68 0 718 0 31 0 0 0 4 0 0 0 0 0 0 359 464 0 0 0 0 144 0 334 0 0 0 10 5 0 0 464 904 0 0 0 87 0 0 0 32 0 0 0 0 0 0 21 0 11 0 0 0 0 0 586 0 3 0 0 0 0 0 0 0 0 0 0 0 0 0 327 32 0 7 0 113 0 0 0 0 0 0 21 0 0 0 81 0 0 0 0 0 300 4 0 0 0 19 0 30 0 3120 0 88 94 0 40 0 0 1080 0 28 0 0 0 0 0 160 0 0 0 0 0 11 0 0 0 0 0 0 185 0 0 0 0 17 1400 18 0 12 0 22 0 0 106 263 0 0
 0 0 230 0 0 0 0 0 4 183 0 108 0 3 0 1070 3 0 0 0 2 0 0 0 0 0 1085 0 0 0 0 0 0 937 325 171 0 27 0 202 0 144 362 2 0 0 0 7 0 17 0 38 0 0 31 257 0 0 0 0 0 0 0 0 128 0 0 95 0 0 0 49 0 51 0 0 0 0 121 0 0 108 0 0 0 0 0 41 0 0 0 52 8 0 0 0 0 0 0 0 0 0 82 49 16 0 0 0 32 0 0 25 0 0 0 0 0 0 0 0 0 0 0 5 100 0 0 0 0 539 0 458 0 0 2 0 0 0 0 0 0 0 316 0 0 327 0 0 0 0
 0 0 0 0 0 161 58 0 0 0 54 0 102 0 93 0 0 49 0 0 9 0 175 0 0 0 0 14 0 0 3 0 0 5 76 905 0 0 25 0 830 5 192 0 0 0 81 0 0 0 111 255 0 0 0 0 0 0 7 0 0 0 0 265 25 64 0 1 0 153 0 87 0 0 0 0 36 0 0 0 0 1 191 0 3 0 348 0 0 0 0 6841 0 0 0 0 30 244 0 0 136 0 12 0 0 0 0 0 0 0 50 0 0 0 0 865 24 0 0 0 113 0 0 0 0 0 0 0 0 0 0 58 0 0 0 0 92 3920 0 0 0 0 0 10 0 0 0 0 0 0
 0 0 0 1761 0 830 0 4950 0 0 0 82 0 29 627 0 322 0 0 0 0 0 114 0 0 970 0 0 0 0 0 150 0 0 113 0 0 204 0 0 0 0 3 90 404 2 263 0 95 0 1103 0 12 25 0 1120 0 0 0 0 0 69 0 71 0 314 0 0 0 0 1273 4 0 0 0 4 868 0 0 30 0 33 15 64 0 0 0 0 0 60 0 0 0 0 0 72 0 0 1 0 0 0 0 88 0 0 0 0 0 0 181 0 0 0 35 0 11 0 0 41 5 41 0 0 0 0 0 0 58 51 0 227 0 119 0 0 0 0 0 56 0 0 0 6950 97 0 14 0 0 42
 0 0 0 0 94 0 0 0 0 0 334 327 0 0 0 0 0 0 0 27 0 0 5 3 0 0 0 0 0 0 154 0 0 0 0 0 0 0 533 80 12 0 191 0 0 26 0 0 41 0 0 0 0 0 0 0 0 90 0 3 4 0 18 0 0 0 0 0 0 9 0 0 0 3120 0 0 148 0 690 11 0 103 4 30 47 790 0 0 0 0 0 9 0 0 0 110 0 0 10 0 0 0 99 0 0 0 0 0 12 0 0 0 0 0 0 0 41 0 0 0 0 0 0 0 23 0 0 0 0 0 0 0 0 0 0 0 8 0 171 0 22 0 77 0 0 0 0 0 0 0
 0 0 30 0 0 0 78 60 314 63 72 0 0 0 0 0 4 0 0 390 39 0 0 507 28 22 0 40 0 0 0 0 0 2 0 0 2 0 61 0 7 0 0 0 502 70 0 0 0 489 125 0 20 0 0 64 0 0 52 0 0 0 0 0 0 0 0 631 0 0 0 526 0 15 0 0 404 0 0 0 303 0 461 0 0 11 0 0 0 160 0 64 9 0 0 0 0 0 0 322 0 0 0 0 0 0 0 22 171 0 0 0 0 145 248 14 1322 0 0 0 0 0 0 0 3 1194 0 0 0 0 0 167 0 0 0 0 0 0 0 325 0 0 0 0 11 4635 0 75 0 0
 0 0 136 62 0 97 0 0 0 0 18 0 0 691 90 0 0 14 6 0 0 0 0 0 576 0 0 0 0 276 10 0 105 0 0 81 14 0 0 52 0 0 111 0 427 101 0 0 947 0 0 2 1572 0 330 0 0 0 0 0 0 0 18 212 0 0 1 0 0 0 0 0 0 0 0 0 0 0 0 0 0 0 21 0 0 0 0 0 0 0 22 0 1 6 0 18 0 28 0 0 49 32 6 0 0 81 0 0 0 0 0 0 0 0 0 0 0 0 111 0 148 0 0 73 0 0 0 191 0 0 0 0 0 0 152 0 160 30 0 0 0 73 0 0 6 0 0 1928 0 0
 0 0 96 0 0 0 0 233 0 0 0 0 0 0 0 0 154 0 0 67 0 0 0 0 0 0 17 0 13 627 0 0 0 283 21 0 0 35 0 0 0 0 0 0 0 382 0 0 27 0 0 0 50 0 0 77 50 33 0 0 1 0 0 0 0 0 0 37 0 0 0 609 73 0 0 0 1536 3 0 44 0 0 0 5 0 0 87 1322 519 1 57 7 0 0 44 970 0 0 0 0 0 0 0 0 0 0 0 0 18 0 16 0 0 2 0 0 568 0 0 49 15 40 0 0 0 15 0 0 0 9 0 0 0 0 0 25 0 0 0 300 9 0 0 16 16 0 0 4 0 241
 0 0 29 868 455 0 1712 27 95 16 0 0 126 194 0 0 48 0 0 0 404 0 0 0 0 0 0 0 0 0 0 0 0 0 0 50 0 8 16 0 0 39 0 33 0 0 0 1769 0 1 0 14 0 35 0 0 0 0 19 0 0 5 10 905 0 0 0 210 0 109 0 0 31 0 0 72 0 3 0 5 0 0 0 0 0 14 106 0 0 0 0 0 0 0 0 25 24 0 0 74 120 73 19 1209 0 0 0 0 0 204 0 0 0 0 62 0 0 325 464 5 57 0 0 1730 0 15 0 10 0 390 0 22 0 0 0 0 12 0 0 0 0 27 0 1 0 0 0 0 18 27
 70 0 1769 0 0 297 0 0 0 0 0 0 8 0 0 0 12 2 0 0 0 586 0 0 455 0 0 0 0 89 35 41 0 5 66 0 0 30 0 204 2321 0 0 0 0 0 41 116 0 0 0 49 248 74 0 309 35 77 0 0 300 0 0 0 0 0 0 0 0 0 0 0 0 0 31 0 0 0 106 0 609 0 41 0 0 0 0 0 49 293 0 0 0 0 0 0 89 0 119 0 0 368 0 10 0 211 464 27 0 501 0 0 0 0 2095 0 631 0 77 0 0 0 62 0 904 0 7 0 0 13 0 0 74 0 0 0 0 0 0 0 0 0 0 0 0 0 0 9 0 0
 22 0 0 0 0 0 0 0 0 0 30 281 6 0 0 0 15 0 49 0 0 0 0 67 106 0 0 0 5174 0 0 255 0 541 0 0 48 86 0 0 0 0 227 0 327 0 0 0 0 74 0 175 0 0 0 189 9 0 64 0 30 42 0 0 0 0 0 0 0 0 0 0 114 0 60 0 12 57 0 94 0 20 304 21 0 0 0 0 0 0 0 0 0 126 43 1 15 41 36 0 7 65 0 0 9 0 87 0 0 0 0 646 126 0 0 0 0 1 0 69 0 0 0 0 0 0 63 0 0 175 590 244 10 0 0 309 100 19 0 586 450 0 0 0 0 0 0 88 5 0
 0 0 0 5 144 0 0 0 70 0 58 0 5 0 0 0 0 0 0 0 12 0 0 0 0 0 0 0 0 0 0 0 74 0 0 0 111 7037 0 0 0 0 0 0 41 0 0 116 0 0 0 0 0 0 244 0 143 517 0 0 0 0 88 0 0 0 0 0 253 0 0 0 0 0 16 131 0 9 0 0 0 0 0 0 631 0 0 0 0 4 0 7 0 0 0 0 40 0 0 404 3924 0 15 16 7 0 1 702 0 0 0 0 0 152 0 0 0 214 0 77 0 0 18 0 0 0 49 6980 0 10 0 0 262 20 0 0 0 3942 0 0 16 0 0 11 0 0 0 904 0 0
 87 2 161 0 0 193 0 224 0 14 0 64 0 0 10 0 0 1 0 0 1177 1070 0 86 568 11 0 181 0 7 0 314 0 0 64 0 0 203 3 62 0 0 18 119 0 0 0 25 5092 0 0 367 98 0 0 0 0 14 0 41 0 0 1 0 263 4635 0 30 0 0 0 0 2 0 0 59 106 9 0 0 0 25 0 0 0 80 1769 352 0 0 0 0 52 0 0 0 326 0 0 8 56 0 0 0 0 0 0 20 0 4849 0 0 0 0 0 0 0 36 0 0 0 0 0 0 0 0 19 111 110 263 0 0 0 0 0 0 0 0 0 0 35 0 27 0 57 113 0 7037 74 0
 0 211 0 0 0 0 0 73 0 2265 2 0 13 0 0 0 580 0 0 0 27 62 265 0 0 99 0 0 44 189 0 0 72 0 0 0 169 0 0 0 0 0 0 0 0 0 8 0 99 0 8 502 0 0 4 0 0 0 0 94 0 0 60 0 0 19 0 16 0 0 0 98 690 0 627 0 0 0 55 0 0 0 0 22 0 0 0 34 0 0 0 0 0 0 0 0 0 0 0 216 680 0 0 0 0 0 1 0 0 0 0 0 0 0 15 0 0 43 0 0 0 0 0 8 0 17 0 215 0 0 62 0 71 0 2 0 0 74 53 46 0 0 0 0 0 0 0 0 156 167
 0 461 0 0 0 0 0 71 0 90 41 1106 0 30 0 0 0 1107 0 734 0 0 656 128 0 0 61 0 69 0 0 29 9 1039 84 16 4 1 0 309 0 0 0 43 0 6 0 0 0 149 22 0 0 0 0 0 0 0 0 0 325 0 0 0 0 0 0 0 0 0 0 0 349 44 0 0 0 0 0 0 92 59 0 0 156 0 12 10 0 135 111 0 0 0 74 0 65 0 1014 19 32 0 0 304 77 0 31 0 0 0 0 3304 0 0 0 0 0 0 123 10 0 0 70 0 0 0 0 0 0 0 0 0 0 0 0 0 0 0 0 0 0 0 0 0 0 16 0 0 0 0
 25 0 0 133 0 15 0 0 41 0 0 0 1495 15 0 4 0 0 0 5 1187 22 43 0 124 0 0 0 90 0 0 0 0 0 0 0 229 0 2 123 209 0 0 0 0 0 427 31 0 0 6 22 0 0 0 47 0 0 11 42 25 132 0 0 0 0 3942 0 0 0 0 105 0 0 2 71 0 0 0 0 0 34 0 0 0 455 0 365 219 21 0 0 0 0 455 0 0 0 0 0 0 0 0 0 0 0 0 0 1 0 0 18 0 0 29 0 741 0 0 0 0 0 0 0 149 32 0 80 0 0 0 0 0 0 0 0 0 0 99 0 27 0 0 22 0 0 0 0 0 0
 0 1569 0 0 0 0 0 154 0 0 0 0 0 0 73 0 46 11 0 0 0 0 0 0 0 0 62 0 368 10 0 0 0 0 0 0 0 0 0 0 0 0 0 0 0 340 0 0 1120 21 0 237 1273 23 2 0 0 0 48 47 2 20 141 3 105 0 0 0 0 0 0 0 0 0 0 0 21 0 0 0 0 9681 171 0 174 0 33 0 0 0 3 0 0 0 0 15 0 16 0 0 0 19 0 0 160 0 146 0 0 0 0 0 0 0 0 0 0 7 0 0 185 0 0 0 0 0 0 0 0 0 42 0 114 0 0 0 0 7 0 0 0 0 0 82 126 144 36 1 4 25
 1 0 638 5 0 0 14 0 15 0 25 0 0 3 0 7000 0 0 13 0 0 0 0 0 0 0 279 0 0 67 0 0 0 0 4621 0 0 235 0 0 0 7 0 272 0 64 0 0 0 72 49 0 0 474 0 0 0 0 0 0 0 0 0 0 0 0 0 0 0 0 49 0 0 236 0 0 0 0 154 0 0 0 0 111 0 62 0 0 0 220 951 0 0 48 332 0 0 0 1124 0 0 0 0 0 1 0 41 0 0 0 0 0 0 0 0 1 0 0 54 0 195 0 0 0 0 0 0 0 13 0 157 5 138 0 0 116 0 0 0 0 0 69 0 28 7000 113 0 0 200 0
 0 97 0 10 0 75 0 6 0 0 0 0 0 0 5 21 0 702 0 27 0 0 0 0 0 0 261 0 0 0 369 0 13 0 181 42 0 19 0 0 8 0 0 0 0 0 0 0 21 0 0 77 643 0 0 0 48 0 13 20 0 0 0 0 34 0 90 0 0 226 0 37 0 0 40 66 0 15 0 0 0 0 87 0 0 0 0 0 0 99 0 0 0 627 0 0 0 462 137 0 0 0 48 0 11 0 1856 0 705 44 0 0 295 0 94 126 0 0 0 0 0 0 0 1483 0 19 33 0 0 0 0 0 0 7037 0 0 0 57 0 0 0 0 51 5 0 0 0 2 43 0
 0 0 0 0 0 0 0 0 0 0 0 94 0 0 0 542 0 800 0 87 0 44 14 0 0 3 155 0 0 0 97 279 756 0 0 15 20 0 0 41 0 2451 0 0 0 2 0 0 0 0 5 146 0 143 0 0 0 27 0 230 0 0 11 0 14 1 230 0 0 214 46 327 807 9 0 0 0 0 0 111 0 0 0 0 204 0 72 73 0 0 0 0 0 0 0 120 0 0 43 0 0 18 0 0 77 0 0 0 0 0 0 66 34 68 10 0 0 0 2 0 0 0 140 322 0 0 0 7 0 0 0 0 38 0 0 0 0 15 120 0 0 9 8 0 85 123 0 2320 0 0
 0 18 0 0 0 0 0 57 0 0 0 0 0 0 0 0 3 309 0 0 0 59 0 165 5 11 257 0 232 0 0 5 0 41 0 0 14 0 0 108 0 0 0 9 368 4 54 2 0 0 0 0 0 0 0 0 0 35 0 0 0 0 21 3 0 0 14 0 0 0 0 79 87 0 0 72 0 1 78 0 0 0 0 0 0 0 47 0 0 553 0 0 0 0 0 0 14 80 0 0 0 45 0 0 0 0 3120 23 0 0 0 3 159 0 0 0 27 73 0 14 13 1 0 18 0 58 0 5 0 0 0 0 0 1 0 180 0 0 22 0 0 0 69 1 0 0 87 0 0 0
 213 0 1069 0 44 0 0 0 0 0 0 0 0 0 18 0 0 0 25 0 0 0 0 0 0 20 0 0 216 119 102 0 0 0 28 0 0 0 13 0 8 22 0 15 0 0 0 0 0 0 0 0 0 0 0 0 13 0 0 0 355 80 0 0 8 0 0 44 0 0 0 0 0 0 0 0 0 0 0 0 196 0 0 0 0 0 0 0 0 0 0 3 0 0 0 0 5 0 0 0 0 81 0 0 0 13 0 0 0 59 0 0 0 47 41 0 1 0 0 0 143 312 0 2 0 0 0 0 18 0 0 0 0 0 0 0 0 8 0 0 322 0 5 0 8 0 0 50 0 49
 154 75 0 0 0 0 0 0 209 21 0 0 0 0 0 3 2501 1 0 45 0 800 83 0 2 0 0 0 0 6 0 0 0 0 0 0 39 0 100 0 0 0 54 0 0 1187 0 0 0 0 0 0 281 27 0 92 1060 0 0 0 0 0 0 0 0 0 18 29 0 0 0 0 0 0 6 0 0 0 0 0 65 0 0 411 0 14 135 0 61 0 39 84 0 7 0 0 0 0 0 110 330 0 0 26 12 0 0 0 9665 0 0 171 0 0 0 0 0 11 244 0 3 0 0 0 0 3 2 0 0 0 0 0 0 0 0 148 15 1495 0 29 0 0 0 58 0 0 0 0 0 0
 41 87 0 37 0 0 72 0 99 164 11 13 110 1724 0 0 0 12 0 0 0 10 44 0 629 3942 0 75 0 0 0 0 0 9 0 3 0 0 0 0 0 0 0 0 0 7 0 1103 0 0 0 0 10 14 0 0 0 0 22 0 216 37 0 2476 0 0 0 0 0 0 0 33 0 0 0 0 0 0 0 0 474 0 97 0 0 0 49 7 0 191 57 0 0 0 0 7 0 2 0 325 751 0 330 0 0 0 0 70 0 4 0 0 0 0 0 67 0 0 0 35 0 0 0 0 0 62 0 0 0 0 2 0 16 0 1446 99 299 0 0 0 179 0 493 0 1 0 0 0 0 0
 0 0 0 0 0 0 0 0 0 0 0 33 412 0 10 6 0 0 0 70 0 0 0 0 0 0 0 0 0 172 0 0 0 1 0 0 0 35 159 0 0 19 0 0 76 0 0 5 0 0 0 0 0 60 300 542 0 36 18 0 0 0 41 0 0 0 73 15 0 56 0 220 0 0 68 65 0 16 0 0 1495 0 0 387 0 0 0 0 0 0 0 190 656 0 84 0 0 1 0 214 0 0 0 0 0 25 0 0 0 0 0 0 6 0 0 0 0 0 349 0 69 0 35 0 44 113 0 0 0 0 0 0 0 0 0 0 0 0 0 60 0 30 0 0 0 0 0 0 0 0
 225 0 269 0 27 254 0 0 26 390 2 0 14 0 0 0 0 0 47 0 0 3103 0 14 0 0 0 0 0 0 0 0 0 0 0 690 0 0 0 273 0 41 93 109 0 13 0 0 0 131 0 0 0 0 35 300 73 0 0 0 0 0 0 140 1124 0 0 0 0 437 0 7 165 15 0 0 0 0 19 0 6 0 0 627 66 0 80 78 15 0 0 0 0 0 0 42 0 110 0 0 9 58 0 0 0 0 0 0 61 0 499 0 0 0 0 0 80 27 0 0 0 0 0 0 0 97 0 63 0 1 0 0 0 0 0 0 5 0 0 0 0 0 19 0 4 0 64 0 122 0
 0 0 0 0 0 5 0 0 0 0 0 377 14 0 22 0 0 0 0 0 0 0 0 0 0 0 57 0 0 0 0 0 905 2 58 31 0 12 0 0 0 23 0 0 11 0 0 0 0 225 5 25 0 0 0 0 160 0 5 10 0 0 0 166 0 3 0 8 0 0 0 412 36 35 291 80 0 0 0 0 244 0 868 0 74 0 0 0 0 28 340 0 0 175 0 291 0 0 0 0 0 0 0 101 0 0 0 0 0 0 0 70 0 0 20 94 0 2 0 0 0 15 285 0 0 0 0 0 0 27 0 171 0 0 0 0 110 60 0 245 0 0 1 0 1194 138 0 148 0 150
 0 0 60 0 0 0 0 0 0 79 768 0 0 0 66 0 0 0 0 135 0 1730 0 0 1535 0 15 0 0 0 0 0 0 81 0 0 0 14 0 0 0 2 138 5 0 0 0 0 0 0 0 10 69 0 1208 0 1122 0 0 64 0 0 0 0 10 20 182 0 0 0 0 135 461 204 0 0 31 204 0 7 0 0 325 0 0 0 0 261 1 0 0 1872 0 0 0 6 0 0 0 0 19 0 0 0 191 0 0 0 44 9 0 0 0 0 0 0 0 0 0 19 0 0 6 0 1187 122 0 0 0 0 0 0 0 12 0 10 0 0 0 1722 17 0 8 0 0 0 0 0 2 0
 0 0 0 0 0 0 0 0 0 1569 0 0 0 62 90 0 0 0 100 126 9 772 36 0 0 49 9 0 0 0 0 0 419 0 0 14 0 0 0 0 0 0 0 0 86 0 0 25 0 179 0 0 0 8 0 0 66 0 22 0 0 79 618 0 81 19 0 0 12 11 0 768 0 0 1224 0 63 473 0 0 0 123 0 0 0 0 0 0 15 2050 0 674 62 10 0 0 0 0 0 66 0 0 0 0 0 3 0 0 17 0 22 0 203 44 115 1928 0 41 1187 47 0 44 0 0 0 0 0 0 0 0 680 32 0 0 0 0 1209 0 0 8 0 66 0 0 0 0 0 0 0 0
 20 0 0 0 0 82 0 0 0 0 255 0 0 15 0 1 0 0 0 0 11 0 0 5174 0 0 0 0 0 6 0 102 0 0 0 0 0 0 0 0 0 0 0 0 0 0 0 58 380 157 0 0 0 0 0 0 0 0 0 0 0 0 77 4 1553 0 0 271 2 0 182 191 502 0 0 0 0 0 163 2 0 0 0 14 26 120 0 0 0 0 0 0 156 0 0 0 0 0 0 0 146 1872 0 0 140 0 0 0 3 0 0 349 114 0 0 0 0 0 0 0 0 0 0 0 0 3 3120 80 268 17 0 123 0 0 0 0 0 0 0 340 690 5 0 0 0 0 0 0 67 0
 414 4 13 0 0 0 54 0 0 138 222 6 0 365 0 0 0 86 29 0 0 0 83 0 0 0 0 0 66 0 0 0 23 0 42 1 0 44 2 0 0 83 553 25 30 5 47 9 14 26 25 47 10 0 0 0 0 0 10 0 6 0 0 0 0 6 54 1730 0 27 0 0 0 0 0 0 0 16 0 18 193 0 0 30 0 0 0 70 0 0 51 502 10 0 26 25 0 0 10 8 223 0 0 0 0 72 0 0 0 0 0 1 0 0 99 0 0 0 0 63 44 0 0 0 291 11 0 0 0 0 0 0 0 0 0 16 377 0 332 0 8 0 0 0 0 0 0 0 0 0
 0 0 0 0 49 0 0 0 9 0 427 0 0 0 327 0 0 0 0 0 0 970 147 0 0 0 239 0 0 0 0 13 0 0 0 0 0 0 0 0 0 78 0 0 0 40 2406 3 0 0 2334 0 0 0 0 20 0 0 90 0 0 4 0 0 0 0 0 0 0 0 0 189 54 0 0 0 160 0 0 0 0 0 0 0 0 6 0 0 3 1208 0 0 17 0 0 29 62 0 0 0 0 0 0 0 0 0 0 0 1 0 260 54 0 1 0 0 0 0 2476 0 0 69 314 2 0 0 0 0 0 0 2 4 0 64 0 1122 537 0 16 122 0 144 15 0 0 57 308 0 309 49
 0 39 0 0 1322 0 0 0 0 0 0 0 0 309 352 0 97 0 0 0 0 3 0 0 251 0 0 0 255 143 0 0 86 261 498 85 0 15 0 38 0 0 0 2 97 8 0 0 39 0 6 0 0 0 0 0 0 0 69 0 0 0 0 0 14 0 0 167 0 0 1652 0 0 0 159 502 0 0 9 7 87 0 7 0 0 35 2 3 0 0 30 0 379 0 0 672 0 0 0 539 5 0 18 631 0 0 205 0 74 0 0 0 3 2 42 4 2317 951 0 7 0 5 0 0 0 0 0 0 0 9 27 0 15 0 144 0 0 0 0 0 0 217 0 0 0 0 54 0 0 0
 0 0 0 0 0 0 204 103 0 27 1274 0 0 50 0 0 224 0 220 0 0 20 0 0 10 0 150 0 0 0 0 0 0 195 12 15 148 0 404 0 0 31 0 222 2 0 0 0 0 0 29 0 25 0 0 0 29 0 4 2 0 0 140 0 0 24 0 0 54 0 0 204 0 0 0 0 464 0 106 0 0 21 146 0 0 0 301 0 0 0 0 154 0 5 0 0 0 1855 1495 798 261 0 0 0 0 0 0 0 20 0 3 60 419 0 0 0 44 0 108 0 0 0 0 0 0 0 189 261 0 0 31 30 0 0 0 0 0 0 0 11 0 0 225 325 0 0 0 0 0 2334
 3 0 65 1 45 0 0 0 0 14 0 0 79 0 0 10 0 0 0 0 0 27 0 349 0 227 57 0 0 58 0 0 1123 0 0 0 0 0 0 25 0 0 0 35 0 0 0 0 0 0 0 0 0 0 0 39 0 6 0 0 0 0 35 28 0 0 0 125 12 0 0 7 0 0 0 0 0 0 0 0 0 35 0 0 0 0 0 0 1450 1177 0 0 116 0 0 3 0 10 0 0 0 0 0 1177 0 0 0 0 0 0 9 0 412 11 0 0 0 0 0 33 0 0 0 162 0 3 0 0 60 0 0 0 11 0 0 0 0 0 0 348 0 40 215 0 0 3 0 0 0 11
 0 3 0 0 0 0 0 0 0 0 140 0 255 0 0 0 4 0 0 0 0 58 93 0 103 0 0 20 0 1004 0 0 80 0 30 0 29 0 3 0 27 0 8 0 0 0 0 0 0 0 4 0 0 10 0 0 94 18 0 5 2 9 0 0 0 0 0 0 0 235 0 0 0 81 0 236 2 10 4 0 78 0 0 20 0 0 0 0 0 0 0 49 0 20 777 0 0 0 0 0 9 0 0 0 0 0 0 0 0 0 18 0 0 0 0 1769 0 0 0 84 5 21 312 0 62 0 705 0 1070 155 83 312 0 181 0 0 0 0 0 0 14 0 0 0 0 0 0 14 0 0
 1569 0 94 0 0 0 0 0 0 0 0 0 3 0 88 0 0 0 0 274 0 0 1 0 0 0 0 0 17 0 165 0 0 0 0 0 0 18 0 0 0 0 0 118 0 753 21 0 0 0 0 30 0 55 1 0 0 0 0 0 0 0 0 68 0 0 0 474 0 0 0 0 0 0 8 0 177 0 3 18 0 0 0 0 0 0 0 998 0 2334 0 0 0 377 0 244 0 0 0 0 0 0 84 1 0 0 0 0 0 0 0 461 0 0 34 0 0 212 44 17 23 325 0 0 0 0 0 0 70 0 0 0 0 88 0 0 0 0 0 0 12 35 3 0 44 0 99 1872 0 0
 0 10 0 2 23 0 0 145 0 0 0 0 0 0 6 11 272 0 800 0 4 0 0 1761 0 183 2 0 0 52 0 0 0 0 257 7 86 0 0 0 0 581 22 0 33 0 0 0 61 6 6 0 90 6 7 7 26 0 169 0 30 0 0 0 0 0 9 0 217 0 0 0 0 0 0 0 230 0 19 0 0 0 0 0 48 0 0 0 207 15 302 0 13 0 30 0 144 6 702 105 0 78 0 0 17 0 498 0 0 0 0 0 0 0 70 0 0 0 0 220 0 0 0 0 0 72 0 0 0 0 0 44 0 6 0 0 0 0 217 0 0 0 0 0 112 80 0 0 3 285
 0 0 0 49 0 0 0 0 251 0 101 0 0 0 0 0 0 0 112 63 44 424 0 70 0 0 0 0 5 0 149 54 0 0 0 0 0 0 4 0 0 0 0 800 0 0 0 73 135 0 0 0 0 0 154 9 0 0 7 0 0 0 39 276 0 0 1730 14 146 0 0 0 0 145 1070 0 5 0 0 89 329 0 0 0 0 0 0 0 0 0 0 0 49 0 0 4 0 0 78 0 0 0 19 0 111 0 0 0 0 11 0 210 0 0 656 18 41 0 0 0 0 0 1 0 0 0 0 0 0 0 0 227 0 251 0 0 0 0 0 0 0 2 0 0 140 0 2 0 0 0
 0 26 388 0 0 0 0 0 0 0 0 0 16 0 0 10 0 0 424 0 357 14 34 0 0 0 553 0 0 0 0 0 4 0 0 185 5 0 2 0 0 0 22 0 154 0 54 163 0 124 0 0 0 0 0 0 0 0 0 0 12 0 27 0 0 0 0 0 0 271 0 3 0 0 271 0 0 4 0 28 40 0 553 129 0 0 0 0 25 476 427 15 0 0 0 0 191 0 87 91 0 69 0 0 18 0 0 0 1209 0 0 0 2 3 0 4 0 0 2 259 0 0 0 9 0 0 0 244 230 25 0 0 0 0 0 0 40 108 0 0 0 0 3 0 0 0 0 0 332 0
 0 0 0 0 0 0 0 15 0 0 0 142 90 0 74 0 0 0 0 36 0 0 49 0 574 0 0 0 2 0 609 0 419 0 0 39 0 44 14 0 0 0 1 0 0 6 57 0 10 0 0 248 0 0 1004 17 0 0 8 6 951 220 67 0 0 108 0 0 26 0 128 0 0 0 553 0 0 0 0 0 0 0 0 777 0 3 0 0 2099 0 0 0 6 0 0 0 272 0 0 0 23 0 502 0 23 3 0 0 2 0 3304 0 0 0 0 0 0 0 0 0 33 0 0 25 9 319 0 1 0 0 0 322 0 0 2 0 0 0 868 0 25 181 0 0 0 26 631 0 0 0
 3 168 0 0 0 6 213 0 0 18 14 0 0 0 0 0 102 0 204 0 0 12 0 0 16 0 0 19 0 0 0 0 0 0 0 0 0 0 0 0 3 0 89 0 235 0 0 122 3 0 987 0 0 2 0 0 464 0 0 537 60 0 0 225 0 11 0 0 6 0 23 0 0 71 0 372 0 0 0 0 0 237 0 0 109 0 0 0 1730 0 0 263 29 350 0 303 207 51 0 83 0 38 22 0 0 0 419 0 0 0 0 0 0 740 1437 97 6 0 75 0 0 0 0 0 1287 0 0 0 0 303 0 0 0 0 0 0 0 0 0 0 0 271 0 0 0 220 0 0 14 0
 1549 0 0 6 81 312 63 19 2476 0 0 0 88 240 60 0 0 0 0 0 0 0 0 0 0 0 0 0 0 0 0 100 0 0 0 0 0 30 0 0 100 32 18 0 0 0 0 0 20 0 18 0 0 37 56 0 0 73 27 5 22 0 0 1039 344 0 0 0 0 229 0 0 0 0 0 171 69 253 0 0 0 0 0 0 0 0 21 0 0 78 0 0 0 729 0 0 0 0 0 0 208 0 279 17 0 30 5 0 0 0 79 20 0 419 0 0 54 288 0 10 0 0 213 0 17 0 0 21 14 1639 0 0 0 0 0 0 80 1783 0 0 0 0 0 0 0 0 29 0 0 244
 4 0 2334 0 0 371 0 0 0 0 970 0 0 255 0 0 3 0 0 0 9 10 0 0 0 25 16 0 0 0 0 690 59 0 41 0 0 0 0 257 0 147 0 0 537 0 0 33 0 0 0 0 29 58 0 0 0 77 271 0 0 0 0 11 0 16 0 0 0 28 0 0 0 3 1838 0 0 32 0 129 0 0 30 0 0 0 0 123 0 1274 0 0 0 0 132 0 2 0 0 0 0 19 68 0 17 0 0 0 0 680 0 77 0 31 15 16 0 0 0 0 0 0 0 0 0 0 222 0 542 14 0 0 0 78 149 0 2517 6 0 11 0 69 0 0 96 0 0 0 0 9
 17 78 83 233 249 0 3 0 26 0 0 0 0 175 6 0 1486 10 0 0 93 0 393 0 0 191 36 18 59 0 9 172 0 0 0 0 0 0 590 6 0 0 0 0 631 0 0 5 0 2 0 0 268 0 22 20 0 0 0 0 0 0 0 0 0 0 244 0 0 0 0 0 53 0 0 0 15 0 0 5 0 89 19 0 4 0 0 0 0 0 18 49 2 0 63 8 0 258 232 0 81 89 0 0 0 0 0 20 0 1 0 0 0 0 0 0 0 0 0 0 0 868 15 51 0 0 0 0 0 0 0 0 120 0 0 73 1769 0 0 16 0 0 180 26 52 0 0 0 0 113
 0 0 0 0 0 0 0 87 0 0 0 0 3 55 28 0 698 0 0 0 0 0 0 0 1 0 0 0 16 0 7 4 0 0 0 0 88 11 0 67 68 0 365 8 0 0 15 0 0 85 0 10 0 0 0 0 0 0 0 1769 0 4635 1928 0 154 0 0 0 224 0 244 111 0 0 0 0 0 0 0 0 0 0 0 22 0 0 0 0 0 0 240 0 0 0 0 204 264 0 0 473 0 0 29 1 0 0 0 0 7 0 78 0 0 240 0 0 43 1631 424 0 0 0 0 0 0 0 0 11 0 18 0 0 0 67 868 11 0 0 0 22 7 0 0 75 0 3 0 0 1070 0
 4 0 60 0 0 967 0 0 0 0 0 0 29 0 61 0 1162 0 0 0 28 0 0 0 0 122 93 25 68 0 0 0 0 48 0 0 37 2 0 0 0 0 0 0 157 0 0 0 0 0 0 44 0 0 143 0 0 0 0 0 0 0 0 0 0 271 37 60 72 9 0 0 0 0 1373 1265 0 0 0 7 82 0 107 2 0 0 8 0 9 0 0 0 0 0 0 0 0 0 0 0 0 0 0 0 0 2334 0 0 44 0 6 0 0 0 0 0 0 0 0 0 14 0 323 1552 3 3 0 17 0 0 0 0 0 0 191 7037 0 0 129 10 88 0 0 0 0 0 0 15 0 0
 0 0 0 0 0 39 145 11 0 60 6 29 71 0 14 101 29 0 0 0 223 0 0 145 0 244 95 0 0 0 8 146 169 0 1008 85 0 0 0 0 421 97 0 82 0 8 0 0 0 0 90 0 0 73 0 120 0 0 0 0 0 0 137 4 5 24 0 0 0 0 0 2476 48 0 0 0 15 0 0 0 11 0 1769 0 0 0 0 0 233 0 3120 0 41 0 0 1122 0 4 0 0 0 34 97 0 222 498 84 77 560 0 0 0 0 126 0 0 0 0 0 0 0 0 0 0 0 153 0 0 0 13 0 59 0 0 0 0 20 0 0 0 0 0 0 0 25 1 0 0 0 3130
 0 0 3 0 0 0 0 0 0 0 13 220 0 111 0 0 0 0 46 0 0 0 0 656 0 0 0 0 0 99 0 0 30 15 15 0 237 54 0 0 0 268 0 169 0 0 0 0 0 0 0 0 15 0 0 41 0 30 21 0 0 279 0 0 0 0 0 0 0 0 47 1274 260 71 0 0 0 0 60 322 0 0 584 0 0 0 42 0 0 0 103 99 680 44 0 0 84 0 0 0 0 15 41 15 0 0 0 0 0 0 0 0 0 0 0 0 0 6 397 0 15 0 0 171 82 53 0 17 0 0 0 138 24 0 0 0 82 0 0 12 0 1106 0 165 0 0 0 0 0 0
 0 0 0 2 11 0 0 0 0 39 0 0 70 612 262 0 0 0 48 0 0 0 0 0 0 134 92 0 30 23 190 0 0 31 110 0 830 0 0 0 0 0 0 0 0 0 0 94 0 0 0 126 0 398 182 0 0 21 0 0 0 0 0 0 0 0 0 30 0 0 0 0 0 0 0 19 0 35 0 0 0 0 0 0 0 0 0 0 0 0 0 0 295 0 0 0 0 0 0 22 0 0 64 0 0 18 0 62 0 0 216 93 0 10 0 138 2 0 80 11 0 3 0 0 0 46 8 82 0 0 31 0 0 332 0 0 0 40 16 0 0 0 0 0 0 0 38 0 154 0
 0 397 0 0 0 0 3 0 0 12 0 321 0 0 3 0 0 0 0 1757 0 0 0 0 0 0 0 0 0 158 0 0 792 1769 518 1928 42 9681 0 7 3120 0 5 0 59 0 0 0 230 0 1 0 0 464 805 12 0 390 0 0 0 0 0 0 0 0 0 0 0 35 0 0 0 0 10 0 0 0 363 0 0 0 0 0 0 0 0 450 67 0 0 3 0 0 0 17 0 17 1631 22 68 221 0 1122 0 293 0 3 17 507 1209 0 25 0 0 0 95 15 0 0 0 0 0 0 0 0 70 0 0 0 0 0 72 0 0 0 0 0 0 16 54 0 0 0 0 0 0 84 0 0
 96 14 0 656 7 174 0 0 0 0 0 0 0 0 0 0 0 0 0 0 3 2 0 0 37 0 0 0 225 22 2 1 0 59 0 0 0 0 0 0 0 41 1177 0 0 0 0 0 0 89 0 0 0 216 0 19 0 368 0 0 0 0 173 64 0 33 0 0 57 0 0 0 248 455 0 0 0 22 0 0 0 109 0 18 154 13 0 0 0 0 0 0 16 0 0 33 0 0 0 0 0 215 718 0 2 0 0 0 0 1654 0 1769 0 6 0 474 0 0 0 0 0 40 0 8 1273 0 6 0 193 0 0 0 2 0 36 87 0 0 102 1 0 0 502 853 1654 18 57 0 0 0
 89 0 252 58 0 0 0 62 57 1809 0 109 0 0 0 0 0 142 1177 0 0 0 0 0 0 0 0 0 27 363 233 15 0 1842 63 0 854 0 88 0 0 0 0 319 214 20 64 89 4 656 0 0 0 0 0 215 0 370 0 4847 1569 0 17 94 0 0 0 586 0 15 0 542 7 0 2 0 0 0 0 104 285 75 0 105 0 166 0 0 0 204 0 0 0 0 0 0 0 0 0 0 497 0 26 0 0 0 0 5 0 5 594 0 42 0 111 63 0 0 0 0 22 0 0 0 0 0 15 312 11 0 2 0 0 2324 0 0 0 0 0 0 0 0 0 0 0 0 0 0 0 868
 0 0 0 4 0 0 0 0 0 16 0 0 0 0 1552 0 0 80 99 0 0 0 0 4 0 0 0 0 542 15 109 0 461 0 20 5 112 0 0 3 0 0 1567 0 0 411 0 0 2 0 0 0 19 0 0 434 0 0 0 0 0 0 0 0 0 750 0 0 4 0 0 0 0 0 461 0 0 92 0 56 235 0 0 0 0 1 0 22 212 0 35 0 0 74 0 0 3 28 0 0 0 0 9 89 0 2 0 0 1390 40 0 0 0 46 66 0 0 0 0 535 0 0 0 0 28 7000 76 0 0 0 0 17 0 58 0 0 0 139 0 0 40 0 0 0 185 0 13 104 0 0
 5174 295 0 144 302 0 0 0 203 0 27 0 1 0 0 190 0 0 0 3 0 0 0 7 0 1 0 17 0 0 224 0 123 58 208 0 0 1 0 160 0 0 0 294 0 74 0 19 0 10 18 0 30 0 9 0 0 30 0 27 0 0 4 0 0 0 0 0 0 0 302 12 0 0 140 0 0 0 52 0 99 0 8 129 18 0 223 0 0 0 0 0 204 0 0 34 315 0 0 0 0 0 0 146 0 30 1 0 0 38 0 80 0 0 0 0 0 970 0 121 0 0 3 1446 12 0 0 44 0 0 0 0 3 0 9 0 0 93 3 0 0 0 0 0 0 60 4 496 0 0
 0 189 0 0 31 0 0 66 3 0 72 3 182 0 0 0 0 0 0 0 18 245 0 0 15 0 0 0 0 0 0 0 0 0 54 0 0 227 0 8 0 0 0 0 6 0 16 1 0 0 0 20 0 6 0 235 0 65 36 0 0 131 22 0 138 15 0 0 29 128 1758 0 1158 0 0 0 0 0 0 0 0 0 16 157 404 0 0 2 34 61 0 0 0 217 0 0 0 0 0 0 0 0 0 0 0 44 0 0 33 293 0 3 0 0 0 0 181 0 0 8 0 178 0 0 0 0 0 1177 42 0 0 154 0 0 0 0 617 0 0 38 0 0 553 0 69 41 0 0 87 0
 3 0 0 27 0 0 0 47 122 0 0 3 0 0 0 386 0 223 539 0 0 0 0 0 0 0 0 0 0 0 0 0 0 0 65 0 87 0 0 193 0 2 126 0 0 50 0 0 0 154 0 0 11 0 0 6 0 0 0 0 0 0 0 0 0 16 0 0 0 144 0 135 0 62 21 0 0 0 0 8 18 18 0 0 0 1631 60 0 16 0 112 0 0 15 5 131 225 0 0 0 0 0 0 0 0 171 69 0 0 330 0 0 257 0 0 0 43 0 39 0 0 0 0 0 0 58 0 0 113 155 0 0 26 0 0 15 0 0 0 0 0 0 0 0 48 128 0 7 0 22
 0 0 0 0 1495 889 2 13 0 0 0 0 0 0 0 1631 80 0 0 0 3291 887 0 25 0 0 0 3 0 0 0 0 0 0 0 0 0 0 0 0 2466 0 0 82 0 455 0 882 0 0 2499 0 5 348 102 0 271 6 40 0 0 0 0 0 1187 79 388 98 741 151 0 0 125 0 0 0 0 0 0 340 2 72 0 0 0 0 76 0 0 6 0 0 6 0 0 0 18 0 77 0 0 224 0 210 27 15 112 0 0 23 23 0 0 0 0 0 0 0 0 9 0 0 0 0 0 72 0 0 0 0 0 0 0 0 0 1 65 0 0 0 0 229 0 0 0 0 0 0 244 904
 0 0 0 57 0 89 0 0 427 0 0 0 0 0 0 0 0 0 0 0 427 0 27 0 0 0 0 1273 0 497 0 0 0 0 0 0 0 0 0 0 0 11 211 0 9 0 0 0 0 0 0 0 308 474 0 0 0 0 17 47 381 0 0 0 98 0 0 0 0 0 0 0 0 56 0 0 0 0 0 0 0 0 0 0 61 5 0 0 985 0 0 0 0 12 1 0 0 0 0 8 0 64 0 0 185 0 100 0 0 0 0 0 0 0 0 40 2 263 0 35 0 0 0 244 0 0 0 0 0 0 0 0 0 0 32 6 30 0 7 0 5 0 12 702 28 0 0 0 33 0
 0 12 10 0 2 62 0 154 0 40 0 138 0 537 303 0 1 0 41 0 0 0 0 0 0 271 147 0 0 0 0 0 0 0 3130 0 0 30 0 56 3 0 412 0 0 160 16 0 64 116 0 37 99 0 0 36 0 10 0 0 288 15 0 0 153 350 0 1 0 0 0 0 0 0 0 26 275 0 2 0 4 0 3 0 0 5 36 0 0 0 21 105 57 0 0 3 49 458 0 131 0 0 0 0 0 0 0 0 204 0 0 73 0 0 1 0 0 2077 76 0 0 193 9 86 84 26 0 0 157 0 35 129 656 14 223 0 0 119 0 87 112 0 0 0 0 0 101 16 0 0
 15 56 0 0 110 18 0 469 0 539 0 0 0 0 0 0 0 0 0 0 0 60 0 0 0 0 0 0 70 1769 4 9 0 0 121 0 0 44 0 14 0 0 0 0 412 0 0 0 0 17 0 26 0 0 0 0 2 0 0 234 37 1340 800 0 38 6 87 163 0 0 49 281 2 0 17 0 41 0 0 0 0 0 147 0 0 0 0 0 44 8 0 89 0 156 706 0 0 0 0 0 0 15 0 0 0 43 20 0 0 0 0 109 0 0 0 25 0 0 32 3 0 0 0 0 0 0 0 211 0 0 0 0 0 0 0 0 0 0 44 113 0 0 0 0 0 25 0 0 1018 0
 0 0 0 68 0 0 0 0 0 0 0 0 0 28 0 0 6 0 0 0 0 0 1574 387 0 0 0 0 0 0 0 0 0 0 215 39 0 0 0 0 15 0 0 0 63 80 0 0 0 0 0 0 24 0 0 71 150 550 0 0 0 542 327 66 0 0 20 0 0 0 0 579 0 0 0 1070 0 0 0 0 0 0 46 0 0 15 0 1524 0 0 0 40 0 0 0 235 0 242 0 0 3 0 0 49 0 0 0 144 0 0 0 66 0 204 0 0 0 0 10 0 42 0 3100 181 215 291 0 29 0 0 0 423 0 0 20 0 131 0 0 0 0 0 2 0 70 0 1187 181 0 0
 0 75 0 0 191 0 0 0 51 0 0 0 0 0 0 0 22 0 251 0 0 0 108 50 223 0 0 0 0 0 25 0 1124 0 0 0 48 0 25 741 330 0 0 0 0 0 72 0 30 0 0 2212 101 8 87 541 244 0 10 11 0 0 537 263 0 200 0 0 0 0 0 154 0 3 0 223 0 0 0 0 0 33 0 0 0 16 0 49 0 0 0 0 8 0 0 2324 7 7 0 0 0 0 0 1039 0 10 0 1 0 35 0 0 0 17 2 31 0 9 0 13 97 0 0 0 0 0 0 0 0 229 65 17 0 0 2 0 79 0 0 0 472 0 0 0 0 5 0 0 70 11
 0 15 0 70 0 58 0 0 186 0 0 0 0 0 0 0 0 0 0 0 0 0 64 37 0 0 73 0 374 0 31 15 0 0 0 41 0 0 0 0 2517 0 19 455 0 0 33 316 0 0 0 366 905 0 46 0 255 0 76 0 16 0 0 0 0 0 2 0 13 0 0 0 0 0 1272 0 0 220 0 0 0 0 0 0 0 153 0 0 3120 0 0 0 0 0 0 0 16 0 0 0 10 0 0 0 0 20 102 159 277 0 78 0 0 0 9 0 0 0 0 42 73 0 9 19 0 0 2 0 0 0 135 0 0 122 0 2 126 0 178 0 0 0 0 0 0 0 1571 0 0 24
 553 0 0 0 11 58 466 0 308 0 0 0 15 0 0 0 4 0 111 0 93 4 0 0 0 0 0 0 3 0 789 0 15 0 0 0 4 0 0 0 0 15 0 0 0 22 0 0 0 0 992 8 10 0 1552 0 0 227 0 0 52 0 289 0 0 0 0 2 0 0 0 0 0 0 0 163 0 0 0 98 0 0 0 16 0 0 0 0 0 16 363 0 255 0 9 88 0 327 0 0 1 70 0 0 970 80 0 0 13 0 365 0 0 0 0 0 0 0 0 0 0 0 0 0 0 90 0 0 340 0 214 0 0 0 98 0 93 35 0 56 0 0 44 0 0 0 4 0 58 14
 44 0 14 41 0 2 0 0 0 79 3 11 0 999 25 135 0 0 0 0 21 0 374 0 0 464 0 0 0 0 0 0 0 0 2 0 1440 0 0 0 13 0 5 9 1 0 0 10 0 0 0 0 0 3 0 0 212 0 365 65 4 44 0 42 43 3942 73 0 0 0 0 11 109 0 0 0 0 65 0 0 0 0 0 0 35 0 20 0 0 0 0 0 25 0 127 0 7 7 9681 0 42 0 0 0 0 0 0 0 0 0 0 0 0 0 0 419 2 0 0 2324 0 0 0 0 0 0 0 0 5 0 0 17 0 0 4 0 2 0 0 0 9 0 0 2 1437 0 0 3942 0 0
 15 154 41 2 13 51 0 0 14 59 0 0 0 0 0 70 0 59 35 2 0 0 0 90 6843 0 0 0 30 0 0 0 10 313 59 0 0 0 0 69 0 0 0 0 0 0 3 97 0 0 0 0 0 0 0 0 0 0 122 0 0 112 0 40 123 0 0 461 0 0 0 0 0 0 0 0 293 7 0 0 0 171 0 0 0 74 27 142 0 0 316 0 0 0 0 0 34 31 827 0 0 237 0 156 0 0 0 0 0 93 0 0 15 0 0 0 5 244 48 1839 0 29 0 0 0 0 0 12 0 4635 0 0 0 0 0 0 318 0 0 0 86 0 0 163 0 0 0 11 33 0
 377 75 9 0 0 0 0 0 163 1322 47 0 0 26 0 0 20 0 0 0 0 0 0 7025 0 0 0 0 0 0 0 0 0 54 0 390 0 122 0 0 0 0 0 0 0 0 14 230 0 0 0 0 0 951 0 0 0 0 0 0 0 0 0 0 0 505 0 0 3 131 0 0 0 0 0 0 0 220 0 0 0 0 0 77 32 7 0 2 0 0 0 0 0 81 0 0 52 453 0 0 0 970 0 0 0 89 34 82 0 0 0 13 0 165 0 0 0 0 0 0 0 0 0 22 87 0 388 0 144 0 925 0 0 0 0 0 0 0 0 0 0 0 11 0 66 0 0 4 4 0
 0 0 0 0 2 0 0 0 0 0 218 0 40 5 0 5 0 160 0 0 1018 0 0 14 0 80 0 0 0 0 7 4 11 0 38 9 15 20 0 0 0 0 89 0 0 0 0 29 0 0 0 19 15 594 0 0 0 2 0 0 0 0 0 537 0 63 773 0 0 0 448 0 0 360 0 165 28 0 0 1450 0 0 0 0 951 9 0 58 0 0 0 0 40 0 0 0 2 0 0 0 0 0 251 261 29 0 0 0 0 0 0 0 36 363 104 0 0 0 22 6 0 0 75 0 0 320 0 103 285 15 0 0 0 0 16 0 52 0 0 0 0 234 0 0 0 0 0 0 0 0
 275 244 0 0 0 0 0 0 0 38 173 0 13 129 0 66 2 0 0 0 0 116 0 0 327 0 0 57 5 220 2 18 1388 0 12 0 0 0 0 0 0 78 0 28 539 16 0 0 0 24 0 7 276 0 0 211 128 0 0 2 0 0 6 28 0 0 81 38 6 9 0 0 2 0 1 62 37 0 0 1 0 148 0 1769 0 0 0 0 154 0 171 0 0 114 15 5174 0 4 0 0 0 0 15 0 0 0 0 0 0 0 0 53 0 0 0 0 0 0 0 0 0 0 0 0 0 0 0 0 0 134 0 0 0 0 0 1 42 0 0 0 99 0 0 0 0 0 0 0 0 0
 0 0 30 0 0 0 0 0 0 0 830 0 0 0 0 93 0 0 2 0 0 3124 34 0 22 0 0 0 361 0 0 0 13 0 0 16 0 1 334 208 0 777 0 251 0 251 0 0 6 68 0 14 0 0 71 121 0 0 0 0 0 0 15 64 15 0 0 0 0 0 0 0 0 690 0 0 0 0 0 5 0 97 0 0 636 0 0 0 22 0 0 0 0 31 0 248 0 0 0 0 0 41 0 0 0 0 0 0 0 0 0 0 0 0 0 0 17 3 56 0 0 0 0 0 0 0 0 234 0 0 0 16 0 6 0 0 57 0 0 6 0 3 0 38 0 0 0 0 244 50
 7 0 0 0 1 0 0 0 78 82 0 0 0 22 14 0 0 0 0 6 0 0 0 0 0 0 0 5 83 0 0 0 0 0 0 0 25 70 9 0 0 0 0 38 0 5 0 64 0 2 0 0 0 0 0 662 8 0 29 121 17 0 220 1273 185 0 0 12 0 0 0 0 0 0 54 0 0 21 0 74 1 0 0 143 22 0 0 0 0 0 88 1761 0 0 0 0 0 0 62 0 0 0 0 0 82 0 119 0 0 0 0 0 0 0 0 19 0 0 19 0 3 0 0 0 0 3 20 0 0 0 9 0 22 230 0 0 281 0 0 0 0 0 0 67 0 86 0 0 18 0
 596 594 0 0 0 73 0 0 0 31 0 38 0 1681 0 15 0 0 0 235 12 0 0 0 0 21 200 0 0 3242 0 0 4 0 0 0 0 0 0 0 0 0 0 0 0 0 0 0 392 0 123 23 62 0 29 325 868 0 25 0 2 0 122 0 0 0 0 411 0 0 15 235 0 0 0 0 0 0 0 122 0 0 0 81 9 0 153 0 0 0 34 41 0 0 0 0 0 0 0 12 2 1569 2319 434 0 1495 0 0 0 0 0 0 0 0 14 0 0 0 0 0 0 1433 38 0 0 0 0 0 0 0 214 216 0 3 0 54 0 167 0 0 0 1 0 0 0 240 0 139 0 0
 0 0 0 0 0 0 0 14 0 0 0 0 0 0 0 0 0 0 26 293 0 0 0 0 0 7 0 926 0 0 0 101 0 0 419 0 0 1246 0 61 251 236 80 0 0 0 0 271 0 0 0 0 140 51 20 0 0 541 0 0 1273 0 0 0 61 0 0 0 0 0 0 0 83 78 4 0 1 46 7 0 3 0 181 66 0 0 0 0 0 0 0 94 1 98 0 0 0 0 0 0 0 0 34 0 0 0 94 0 0 0 49 0 816 0 249 0 153 0 0 0 0 0 224 0 0 0 6 3 9 0 0 0 0 0 80 50 0 0 12 0 0 49 131 951 0 0 0 3 6 17
 0 21 537 631 0 3928 0 0 0 0 0 35 118 66 418 0 0 0 0 0 80 18 0 0 0 0 0 464 5 0 0 0 0 0 0 49 0 11 6 0 0 0 0 86 13 0 698 0 0 0 0 0 0 0 0 0 0 0 0 0 29 48 2 0 204 0 11 101 0 0 0 83 0 1448 0 0 1 0 2392 0 0 110 167 42 0 0 28 0 138 0 0 0 0 0 204 970 0 1179 0 4 0 0 0 0 0 15 39 0 0 0 0 0 0 21 0 1730 0 0 55 0 64 0 25 0 0 0 0 79 0 0 0 0 0 0 0 5 5 1 0 0 0 0 123 0 0 0 0 0 99 0
 57 0 1 0 0 0 0 0 0 0 0 125 102 0 0 768 0 0 0 753 0 0 0 0 64 0 3 0 0 0 0 0 0 0 0 0 0 0 0 0 0 0 46 0 0 11 0 0 0 0 0 0 146 0 9681 0 0 0 0 0 0 75 0 0 3 0 6 0 0 303 0 0 0 0 0 0 0 0 0 0 0 0 0 0 0 0 0 0 0 148 0 2 9 1 0 89 0 0 0 0 7037 0 28 0 6 25 0 0 0 0 58 0 0 0 0 49 12 0 0 283 15 0 309 157 69 0 0 1 4 0 0 0 0 0 0 66 0 0 0 0 0 0 0 0 0 0 0 63 0 0
 0 0 7 109 11 0 0 0 0 0 0 27 0 79 0 0 67 0 0 0 58 0 0 45 0 9 233 148 0 0 0 0 0 0 0 1 0 0 7 0 16 11 0 544 210 0 232 29 109 1 0 84 0 0 0 15 0 2 180 0 0 0 0 0 424 3 3120 380 0 0 161 0 0 54 29 0 288 0 2 0 0 1872 0 0 114 0 0 91 13 0 129 0 5 0 540 27 0 0 2 0 0 0 0 0 14 0 225 0 1 0 57 14 0 0 110 0 0 0 0 0 0 0 0 0 11 0 69 0 0 340 0 0 147 377 925 42 0 0 0 0 0 0 51 0 0 0 1273 0 2 0
 64 0 0 285 229 970 0 0 15 0 0 0 0 0 0 0 0 0 0 0 0 0 0 0 0 502 0 0 0 0 0 170 0 0 181 0 0 316 27 0 8 0 0 0 590 27 0 0 0 0 69 4 4 69 0 0 0 0 0 54 0 0 0 0 0 0 0 179 0 0 0 15 51 0 1146 0 0 0 163 0 1322 0 24 0 0 0 0 98 464 0 0 0 0 0 97 0 0 0 0 0 7 0 0 0 0 0 137 35 0 0 0 0 0 7 6 0 0 0 0 8 0 0 92 0 0 0 0 50 0 165 3 0 140 3 0 48 0 0 0 0 0 0 0 0 0 0 2 0 0 586
 0 0 152 0 0 0 28 0 0 44 0 0 0 0 0 0 0 227 18 0 0 0 0 0 1 0 63 0 0 7000 0 0 10 59 0 0 0 0 0 13 0 271 0 0 0 0 22 0 110 0 75 81 0 0 0 26 79 56 0 49 45 99 0 527 0 214 0 0 690 10 0 0 3 63 951 0 0 0 2 0 58 25 8 0 0 0 0 115 0 0 22 0 0 0 19 893 0 819 5 17 73 0 0 3298 101 0 0 0 0 0 0 1322 0 0 0 0 260 0 0 0 0 504 0 0 22 0 0 0 0 0 0 0 0 0 0 0 0 2 0 0 0 0 0 0 0 0 0 0 49 0
 0 0 0 504 0 8 0 74 0 110 0 50 0 110 0 0 272 702 0 0 2 18 0 2 3 0 0 11 0 0 0 0 15 0 0 0 0 0 0 0 123 97 0 0 0 0 0 0 4 9 0 0 0 0 0 2 0 0 0 0 0 0 0 0 8 1 10 0 14 0 97 0 6 0 0 0 0 2 0 0 0 0 0 3303 0 0 0 0 0 0 83 0 0 0 0 0 0 0 190 11 0 0 110 0 0 0 0 424 24 78 0 15 0 875 0 5 0 0 0 0 8 0 0 0 0 122 0 0 0 19 42 0 0 29 0 0 0 44 0 0 30 16 0 0 0 0 0 0 24 0
 1654 0 9 0 970 0 0 0 0 9 0 3 20 0 0 0 0 0 0 69 0 66 0 220 0 0 0 0 0 0 10 0 0 0 7 0 123 0 16 0 0 0 0 0 0 1761 0 94 0 0 21 0 7 0 19 698 0 0 0 163 0 0 20 0 7 6 0 0 129 10 27 0 213 0 0 165 0 0 0 0 0 0 0 0 251 0 61 42 0 22 0 0 0 23 6 119 0 0 118 0 0 0 0 0 0 0 22 0 7 0 12 1 0 0 0 0 43 0 4 0 1 0 0 68 39 2 43 0 0 0 0 89 15 42 128 0 29 0 13 22 3942 102 0 8 9 0 0 279 0 11
 0 0 36 0 0 0 0 2 0 0 0 0 39 283 0 0 0 0 0 0 0 0 0 0 0 0 0 4 5 0 3 166 502 214 281 0 5 0 0 0 0 0 0 0 28 325 165 0 0 0 868 0 0 0 0 0 0 0 0 180 0 0 0 2 8 0 0 0 154 10 539 0 0 0 0 0 0 0 0 0 91 0 0 0 0 0 62 0 0 474 0 60 3 0 0 0 180 0 0 15 33 0 13 0 0 0 48 1872 0 0 60 0 0 0 0 0 216 0 29 89 0 0 0 9 0 0 0 0 91 50 0 14 0 5 62 0 0 34 0 22 411 0 80 0 0 0 0 0 37 0
 66 0 0 0 0 0 0 0 0 175 2 7 0 0 0 142 0 0 0 0 0 0 13 0 0 0 48 461 0 0 0 10 0 173 0 0 0 0 0 19 84 214 0 0 0 0 1321 109 594 0 0 0 0 1450 13 0 248 0 0 0 0 0 0 0 25 0 0 0 255 0 1188 0 0 0 0 94 0 0 3 24 34 0 0 0 0 0 251 0 2 0 1654 384 0 0 0 59 377 0 0 0 0 0 102 15 0 36 0 0 0 0 0 257 57 0 0 0 0 202 88 0 18 0 0 275 35 241 0 0 20 30 0 189 0 0 6 2 0 2906 0 0 0 0 0 0 0 0 11 0 236 0
 3 171 15 0 0 1322 237 0 0 0 0 0 0 0 0 142 0 3 0 0 680 507 0 0 0 33 0 0 0 0 1768 261 43 0 0 0 0 0 0 0 0 0 0 0 539 0 0 0 3 0 0 131 281 0 0 0 0 1118 0 204 189 0 30 536 0 275 7 0 0 67 0 12 285 0 217 75 78 0 0 0 15 0 2 67 123 0 0 0 0 119 9 0 753 0 0 0 143 0 9681 0 0 127 0 0 76 1654 0 64 56 0 0 0 11 0 0 1 3 110 57 4 0 0 0 502 0 0 0 0 0 0 0 0 93 71 0 0 0 0 0 0 0 0 0 73 0 1448 0 1 19 25
 0 1429 0 0 95 0 0 0 0 0 0 0 0 1085 0 0 0 0 80 68 0 0 0 0 21 1122 0 0 0 87 0 19 70 0 0 0 0 0 0 0 0 0 0 0 0 31 0 20 0 94 0 0 2 240 0 0 0 0 0 0 6 0 2 0 0 72 1232 33 0 6 0 0 483 0 0 0 0 0 0 59 0 0 0 3 680 437 0 0 17 784 0 0 0 0 0 0 0 0 4 0 0 0 0 15 0 6 217 1 0 0 2 0 0 0 0 0 2 0 0 0 0 5 0 0 0 0 0 0 0 0 0 0 0 0 0 0 62 0 0 0 0 0 0 25 0 0 0 6 18 879
 0 1569 110 0 35 0 0 0 19 0 0 0 0 0 0 35 6 0 91 0 27 0 2 0 0 0 0 0 0 13 0 181 0 0 0 0 8 0 0 0 0 0 0 0 4 3 0 275 0 0 6 0 88 0 0 0 0 0 0 0 0 40 0 0 18 0 7 0 92 0 0 180 0 0 0 0 0 0 81 654 0 0 15 3 41 0 47 0 0 14 18 0 6 0 0 0 0 7 165 1070 0 0 0 58 0 0 0 0 0 0 98 0 279 0 3120 225 220 0 180 0 0 105 0 0 0 0 0 0 322 142 25 15 0 52 656 0 131 0 3 8 0 0 0 1451 0 0 0 288 0 0
 0 0 35 0 0 0 0 553 0 0 0 0 0 0 0 0 0 0 0 60 0 0 18 0 0 500 927 0 122 2099 0 0 15 0 0 0 0 0 0 0 0 1 0 126 0 0 322 0 0 0 1872 0 0 0 0 10 0 123 0 0 0 455 3 0 0 0 0 0 0 4 235 0 0 0 59 0 0 1569 0 0 0 0 0 8 2 96 464 0 2 0 0 514 0 0 0 0 16 0 0 0 0 0 8 16 0 0 0 0 0 0 3997 0 0 0 0 0 0 0 0 0 0 0 3120 16 0 0 0 50 316 0 0 0 0 55 0 0 0 0 0 31 0 0 0 223 49 77 0 0 0 0
 142 0 0 0 72 0 0 265 542 0 0 0 582 0 0 5 0 0 0 536 222 0 0 223 0 97 0 0 0 0 0 0 0 219 0 0 0 3 49 9 281 0 0 6 0 0 0 0 0 0 0 0 0 0 0 0 0 0 16 0 0 0 0 0 319 0 0 14 0 0 327 0 0 0 0 0 0 39 0 0 0 0 88 4 16 21 450 2 8 0 2 0 0 0 0 36 0 0 0 0 0 0 69 0 0 25 70 38 0 0 92 70 404 216 0 214 0 0 72 91 253 0 0 1 0 0 0 403 0 0 1448 0 0 0 0 34 0 0 0 6 3 0 0 0 0 40 90 0 0 0
 0 0 0 0 0 60 0 0 0 0 16 18 0 0 0 11 0 1769 17 0 0 0 365 0 0 0 223 0 970 71 0 16 0 17 0 0 103 0 0 3130 0 0 0 23 0 92 0 489 39 0 0 0 20 0 0 16 0 0 2517 57 830 0 0 0 4 0 424 0 0 0 0 0 3 0 0 0 0 18 10 0 0 0 0 144 0 244 496 0 41 0 0 0 0 0 25 0 0 101 0 0 0 0 0 18 0 322 69 0 0 13 0 0 0 0 0 0 0 0 0 0 3120 0 10 0 223 116 2 35 0 154 0 161 9 13 0 0 0 63 10 22 0 0 0 0 0 1112 0 0 461 0
 0 0 10 0 0 14 0 69 198 55 271 236 0 0 127 0 0 5 0 70 44 0 0 631 0 0 0 116 0 83 0 0 235 0 0 0 0 3304 0 8 0 0 14 0 2 0 0 0 2 0 0 0 80 0 0 0 3901 0 64 69 0 0 0 0 22 0 87 0 0 0 0 0 0 143 0 1 0 0 0 0 0 0 830 0 0 0 25 5 0 0 10 0 0 0 0 0 0 211 0 0 0 0 0 61 12 0 69 6 0 0 0 2 0 8 0 39 0 5 80 0 0 0 0 0 14 0 27 4 267 22 0 0 3117 0 0 0 0 0 0 0 51 0 741 0 0 138 1 0 0 0
 0 9663 272 3 0 0 0 67 0 108 1509 0 0 0 0 18 0 0 83 0 0 0 0 0 0 209 0 0 0 0 2 374 0 21 32 0 14 0 0 68 0 69 0 502 0 19 0 424 0 60 6 0 455 14 0 0 2 0 98 0 0 0 0 46 0 0 0 312 0 0 7 0 0 0 388 0 0 0 145 0 0 95 160 0 0 0 0 0 293 0 0 69 0 0 828 0 0 0 472 0 0 0 16 0 30 0 0 0 0 0 0 74 0 0 0 0 0 0 19 0 0 42 67 406 0 53 192 22 35 0 0 0 128 0 15 19 542 0 0 0 2 0 0 0 0 0 0 0 253 0
 0 23 11 37 0 0 0 0 0 0 0 0 34 30 237 127 0 0 0 0 53 24 355 61 0 0 0 0 18 21 110 0 0 0 0 0 7 0 0 0 312 56 0 0 0 1 0 0 0 0 0 2 0 0 412 21 0 507 0 0 0 83 80 0 0 0 0 0 15 0 0 0 70 56 0 1306 0 0 0 0 81 0 0 427 0 0 0 0 0 49 0 0 0 0 11 0 2 0 0 493 54 24 248 0 18 0 0 0 0 105 2476 0 0 0 98 0 0 0 0 60 0 0 0 0 0 0 16 0 182 0 0 31 18 0 0 64 0 0 74 0 0 25 128 314 0 0 0 260 0 0
 20 63 22 39 0 0 0 0 0 0 42 0 104 0 0 0 211 0 0 0 3 181 31 0 0 0 43 541 1570 0 272 0 0 93 22 44 224 0 0 0 0 160 79 1862 0 97 0 0 123 28 0 0 0 120 0 238 0 34 0 411 387 139 0 0 129 0 58 0 0 0 0 0 0 0 272 0 0 0 0 90 0 0 0 0 0 0 0 35 6 0 388 0 52 0 0 0 0 13 15 5 0 0 0 0 0 0 0 0 0 40 1 0 0 31 0 39 0 0 0 0 450 0 15 0 0 0 0 0 0 0 14 0 19 14 0 0 19 5 7 0 0 0 185 0 0 0 0 41 240 0
 0 15 0 0 0 0 0 0 325 107 0 101 0 27 0 0 0 0 285 0 0 0 3 63 0 0 0 0 0 0 0 0 0 72 0 3 0 5 0 173 0 5 0 0 0 4 0 0 0 0 0 0 0 0 0 419 25 0 0 3 0 0 110 0 15 0 0 0 0 0 0 753 0 777 0 409 526 0 0 5 52 0 0 0 57 0 0 132 1 0 0 66 110 0 0 0 3 325 0 0 0 0 29 0 0 0 88 1 0 0 119 0 0 537 0 0 0 39 3120 0 0 0 0 0 274 0 0 0 0 116 0 0 5 0 0 0 0 0 0 0 0 0 0 145 0 20 63 0 0 0
 322 0 0 225 0 0 0 0 61 0 0 0 5 0 0 553 0 0 0 122 0 0 0 0 0 0 271 0 0 0 0 0 0 0 24 0 0 0 0 81 0 20 0 3120 0 0 0 0 0 0 153 12 0 0 49 0 0 0 0 62 0 0 0 62 0 161 0 0 57 0 0 0 321 0 0 0 0 100 0 0 0 0 367 8 0 0 0 0 0 0 60 0 0 0 0 0 0 0 0 105 0 0 4 0 0 0 0 90 0 0 61 0 2379 0 4 0 0 0 5 63 6 0 0 0 0 11 0 1 0 0 0 0 0 4 0 7 0 0 0 22 10 172 217 0 365 50 0 1095 15 0
 0 0 0 0 0 0 0 209 0 630 10 0 2 12 0 17 0 0 0 0 314 0 0 0 88 0 0 1208 11 397 0 0 0 0 0 0 0 0 0 0 0 0 49 0 3 3 0 110 0 32 72 0 42 1 1177 0 0 2 0 223 0 0 0 0 0 0 0 0 16 0 0 741 12 461 0 0 0 28 83 25 0 0 0 106 0 0 2 0 0 10 0 0 4 118 0 0 75 0 1 0 0 0 0 0 0 0 0 0 3 0 0 0 0 0 42 0 0 0 0 0 0 0 0 0 0 0 1177 0 144 64 0 0 0 0 297 167 0 0 0 0 0 0 27 0 0 0 0 6 0 0
 0 0 160 0 0 9 0 57 3 0 47 0 0 11 0 0 0 0 22 0 14 0 41 0 2 4635 0 0 541 0 100 70 0 0 450 0 5 0 0 18 0 0 227 96 0 0 0 0 16 0 0 0 0 0 0 0 12 0 0 42 0 1273 17 0 0 934 0 225 0 0 0 0 78 47 0 0 0 0 0 0 0 0 0 59 18 0 0 102 0 58 0 0 0 0 0 0 0 0 0 0 5 0 0 0 0 0 20 0 5 0 0 0 70 0 0 0 0 0 0 6 9 0 40 1039 19 1124 0 0 0 0 1489 0 0 0 0 0 0 0 0 0 0 297 265 0 0 0 0 0 125 4
 0 0 0 44 0 5 0 0 5 145 0 0 0 96 0 91 0 0 9 140 47 0 0 0 0 0 0 0 2 0 1124 1 0 0 97 0 245 154 0 0 0 0 0 0 0 54 37 0 0 0 0 0 0 0 0 0 0 0 0 0 0 0 0 1124 0 0 0 8 0 0 377 0 9 28 0 0 0 0 0 0 1872 126 120 0 0 0 0 0 0 0 0 330 0 0 47 0 0 0 1 12 0 0 0 0 0 0 0 46 96 0 539 0 0 0 1111 0 0 0 87 138 0 9 0 0 0 0 0 0 138 21 0 361 0 0 0 0 1124 12 0 27 19 0 0 0 0 0 0 19 0 11
 0 6 2 0 25 0 0 0 0 0 0 0 123 0 5 0 0 154 108 48 0 19 156 0 11 0 8 113 0 0 0 0 10 0 0 0 0 0 0 9 0 84 0 0 135 0 0 0 376 0 0 0 19 3130 0 6 0 0 0 6 0 0 0 0 607 56 0 0 0 0 0 0 2 119 248 0 50 0 0 0 0 0 14 53 7 0 111 0 87 0 94 0 0 0 807 0 0 0 49 0 12 0 276 34 0 0 631 0 0 0 0 0 0 1638 0 0 0 0 0 0 0 0 0 0 0 6 0 0 0 0 103 0 0 0 0 0 131 0 0 2261 0 0 0 134 0 121 0 0 0 35
 0 19 0 0 0 25 0 3120 586 0 0 0 0 0 0 0 0 0 0 0 225 0 165 0 0 0 0 0 0 0 9 0 0 0 0 47 14 5 0 0 0 0 0 0 0 80 0 0 0 15 0 0 40 0 0 0 0 0 0 0 34 49 52 0 14 25 0 1282 68 493 0 0 385 0 0 0 0 0 6 0 78 0 0 0 0 461 226 0 130 0 0 9 0 0 0 0 27 0 58 363 3 0 0 5 0 38 0 0 74 0 0 0 0 0 0 0 0 1 0 15 0 0 361 0 0 0 0 0 951 0 0 6 70 0 0 0 0 0 0 89 16 9 1 20 0 9578 0 0 0 0
