150
 160 290 0 0 0 10 30 100 0 260 0 8020 0 0 0 0 160 40 0 80 0 1480 0 0 0 30 0 0 0 0 0 140 20 0 0 0 0 0 0 0 0 0 0 0 10 0 0 120 8060 0 0 0 0 0 20 400 1070 0 0 0 0 0 0 7010 1855 0 120 0 0 180 10 0 0 0 0 0 0 30 20 0 0 0 0 0 0 0 0 0 0 0 0 0 0 0 0 0 0 0 0 0 10 0 0 0 0 0 0 390 0 60 0 115 0 0 0 0 0 0 980 0 0 0 0 0 10 0 0 0 0 0 0 10 0 0 50 1050 50 300 0 70 40 0 10 410 0 50 0 230 0 0
 0 0 430 0 0 0 0 0 0 0 0 3650 0 0 0 0 0 0 0 80 30 0 0 0 10 0 0 30 0 3660 170 0 0 0 0 0 1740 0 0 0 0 0 0 0 785 0 0 0 0 0 0 280 0 0 20 55 0 4100 0 0 80 0 0 0 0 1210 0 0 0 0 0 610 0 0 20 450 0 10 0 0 0 630 0 0 0 0 140 0 260 0 695 0 0 90 0 20 1945 360 90 0 0 0 0 4860 0 0 0 180 240 0 0 0 0 0 0 10 0 0 0 120 1490 0 0 0 0 0 0 50 0 60 50 30 380 0 0 0 0 0 0 10 0 0 0 0 110 1060 0 10 0 10
 0 0 9880 0 0 0 0 100 0 20 0 10 0 230 0 0 1990 30 0 0 0 0 0 0 0 100 0 0 30 0 0 0 0 120 0 0 0 0 0 0 0 310 0 190 0 0 570 10 30 0 420 0 170 0 0 0 80 0 0 0 90 0 0 0 210 0 0 0 20 0 0 0 0 0 250 0 0 0 460 0 0 240 60 0 0 0 0 0 0 0 0 0 400 0 0 1140 0 0 0 0 230 50 0 430 280 0 0 30 90 0 0 0 180 60 0 10 0 0 70 0 0 0 0 0 0 0 0 250 0 20 0 0 0 0 140 0 0 40 0 0 0 0 750 0 80 40 0 0 0 7820
 0 0 0 400 0 0 10 30 100 0 0 0 0 0 0 0 0 1095 0 190 380 0 160 0 0 0 0 0 0 0 0 0 0 20 0 0 0 130 0 20 0 0 0 50 0 0 0 0 0 940 0 40 30 0 100 490 0 0 0 0 2300 0 0 50 0 0 200 0 0 0 0 0 430 40 350 590 0 1780 125 0 0 50 0 10 50 735 0 0 0 0 0 0 0 0 0 0 0 0 1310 0 340 0 0 0 0 50 0 0 70 0 10 0 0 0 90 0 0 10 0 0 0 0 0 10 0 0 0 0 20 0 0 0 0 810 0 0 50 0 0 30 0 20 0 20 0 0 0 0 0 450
 7010 330 590 60 120 90 0 670 0 7240 0 0 0 0 0 330 0 10 0 130 0 260 0 0 0 0 0 130 130 6820 0 360 0 0 0 0 0 0 0 0 0 0 0 170 0 115 0 90 0 0 20 870 0 0 0 0 0 0 0 0 0 0 100 0 0 1160 0 0 0 620 0 0 80 0 10 0 130 140 0 0 0 0 0 0 0 610 0 0 0 0 640 0 0 0 0 290 0 0 4420 30 350 0 460 350 0 0 0 0 0 0 0 0 0 1010 0 0 170 470 0 80 0 170 0 0 0 430 0 0 0 0 0 14280 0 0 0 0 0 0 0 260 0 0 0 0 0 0 90 7000 0 0
 0 0 100 40 0 0 40 0 0 90 0 0 0 40 0 0 0 350 0 0 0 0 0 0 70 360 0 0 0 0 130 0 40 90 0 0 0 10 0 130 0 0 0 290 0 0 0 390 0 100 0 0 0 0 250 0 0 0 0 0 0 110 0 0 0 0 0 0 0 70 0 1490 0 0 3770 0 0 0 1175 0 0 0 20 0 360 70 0 1130 0 0 0 0 0 0 0 320 0 0 40 70 100 7080 190 0 0 0 20 0 0 150 0 600 0 0 0 0 0 0 0 0 0 160 0 0 0 690 80 0 10 0 0 0 0 0 210 260 760 240 0 0 40 0 180 0 0 255 0 0 0 0
 0 450 0 0 100 0 0 0 0 0 0 0 0 420 1555 1130 0 310 20 0 790 0 0 0 0 0 0 0 0 0 0 0 0 0 0 0 0 0 0 0 0 0 0 970 10 0 0 3770 0 0 0 0 0 30 10 0 120 0 0 130 10 30 0 10 0 0 50 0 20 0 80 220 10 0 1490 0 70 30 50 10 0 0 735 0 0 0 0 100 0 10 0 0 100 90 0 490 10 0 0 410 0 90 0 0 10 0 90 0 0 0 0 0 0 40 0 0 355 450 230 500 20 0 0 0 0 0 70 0 0 120 0 0 10 0 560 170 0 40 0 70 0 0 0 80 0 0 0 1320 0 0
 0 590 0 0 0 0 0 0 0 0 0 0 0 0 0 0 200 0 10 160 50 0 14210 0 750 0 0 0 0 0 0 0 0 45 0 0 510 0 0 0 100 0 0 0 0 20040 0 0 210 0 0 0 2020 0 0 0 640 0 0 0 0 10 0 0 0 0 0 10 140 0 0 500 0 0 0 0 0 10 10 1450 0 0 0 0 770 1790 0 0 0 170 0 240 0 0 740 150 0 0 100 100 140 90 0 0 10 0 0 0 250 0 0 0 30 0 0 0 7010 80 0 0 0 150 0 0 60 50 4920 0 0 0 0 0 0 0 0 50 0 0 0 0 0 0 10 0 10 10 0 0 70 0
 10 80 40 0 0 0 0 150 340 0 0 1320 30 0 0 10 0 0 10 0 370 0 0 0 70 0 0 0 90 0 70 1010 0 0 0 0 100 330 0 10 200 30 0 0 0 560 0 0 0 0 0 0 0 10 0 350 3100 0 10 0 0 0 0 0 1230 0 0 0 60 0 0 0 0 0 0 100 740 210 0 0 30 0 0 10 0 460 0 20 0 160 0 0 0 365 0 0 0 0 20 0 0 460 0 10 0 0 240 0 0 0 20 940 0 0 0 20 0 0 0 0 0 0 210 0 180 40 8060 0 0 0 0 0 0 1160 0 0 0 0 0 0 10 340 0 0 0 0 0 0 0 0
 0 1150 0 0 0 0 10 40 0 0 0 20 0 160 0 0 0 0 0 80 0 0 0 280 160 10 0 0 0 10 665 0 0 0 10 0 0 0 0 40 0 0 0 530 60 220 0 0 230 10 0 0 1500 50 0 0 450 1130 0 0 0 8470 0 0 0 0 0 0 20 0 0 515 40 0 0 0 10 0 0 0 0 0 0 0 0 690 120 0 0 0 130 0 0 0 10 150 0 0 8060 0 230 1140 0 0 0 80 10 0 890 0 0 0 0 0 0 0 0 0 50 0 160 0 0 0 110 40 0 0 0 0 10 0 0 0 10 0 190 380 1130 0 190 170 230 0 820 0 0 0 20 20
 210 0 20 30 0 0 90 340 210 0 0 0 10 0 125 10 0 340 0 0 130 4920 0 570 0 0 0 350 0 0 0 0 730 190 0 0 40 0 30 50 2470 0 0 0 0 0 0 0 10 10 130 0 0 280 0 0 0 0 0 0 125 0 1190 50 0 0 50 0 0 0 0 50 0 0 190 0 10 0 830 0 0 0 0 0 0 0 0 0 0 0 0 0 0 0 0 0 0 250 20 4740 0 30 1105 0 0 0 0 40 1500 1320 0 600 0 7000 0 0 35 0 0 0 0 0 0 0 0 520 40 0 0 0 340 430 0 0 0 0 0 0 0 0 0 0 0 0 0 60 0 0 360 80
 0 0 0 0 0 0 690 0 0 0 460 0 20 0 0 180 50 220 0 20 40 0 0 0 150 90 0 50 0 0 10 0 0 380 0 0 300 0 0 50 30 30 40 0 4030 0 0 0 60 0 20 0 260 0 0 0 0 1110 0 0 0 180 0 1500 0 0 0 0 105 150 0 0 0 0 0 0 0 0 0 70 0 0 0 0 0 530 0 0 0 0 0 0 70 0 0 220 0 0 0 0 0 10 0 0 0 0 0 600 0 30 770 770 0 0 0 0 0 0 0 5770 370 0 0 340 0 0 250 0 0 0 130 115 0 0 0 0 0 0 0 0 180 0 0 0 150 0 0 130 350 0
 0 200 220 0 0 50 0 7820 0 200 0 0 0 0 0 0 0 0 770 0 0 0 0 0 0 140 0 0 240 960 120 10 125 0 200 0 0 735 180 0 0 210 0 20 0 0 0 0 0 0 0 0 0 210 0 20040 270 380 0 0 0 0 120 0 10 0 0 1500 0 10 0 0 0 0 0 0 80 250 0 0 0 0 40 0 0 0 0 230 280 0 0 250 0 0 0 0 0 0 0 0 150 80 0 220 0 0 0 0 170 0 1105 350 0 0 0 0 10 0 0 0 140 0 340 580 0 0 0 0 60 150 0 0 40 0 180 0 250 0 205 0 0 0 0 80 0 0 0 340 0 160
 0 0 0 0 7520 0 0 980 0 0 0 0 5650 80 0 0 815 0 0 0 0 0 0 0 0 0 180 0 90 100 60 10 0 530 0 50 0 0 30 0 0 0 0 0 0 2600 150 260 0 180 0 0 70 0 80 0 0 0 0 0 1900 0 0 0 0 0 420 0 0 0 0 0 30 0 40 7010 0 10 0 0 0 0 0 0 10 170 0 190 90 160 250 0 0 0 0 0 10 0 0 0 0 90 0 9880 0 0 0 0 1280 0 40 0 125 0 0 0 0 0 0 30 30 140 0 0 0 0 0 0 0 0 500 0 20 0 0 300 0 10 0 0 0 0 0 10 0 0 0 0 280 0
 20 590 0 370 490 10 0 30 100 70 0 0 0 0 0 0 0 0 0 10 0 240 400 0 500 40 0 10 0 0 0 0 0 0 100 0 0 0 30 770 0 0 360 0 0 140 0 70 9250 0 0 20 0 0 0 0 0 140 0 830 0 410 0 330 0 0 0 10 0 610 1500 0 0 0 60 0 0 0 0 0 0 0 0 150 0 0 0 0 0 2110 0 0 0 50 0 0 0 0 190 0 0 70 0 0 60 0 130 70 1385 0 10 0 160 0 110 0 0 0 0 80 0 0 0 40 0 0 90 0 0 10 0 0 0 0 0 0 90 0 0 0 130 0 330 0 0 0 0 0 0 0
 0 0 0 40 0 70 0 0 0 10 0 0 0 0 240 0 0 0 0 350 0 0 0 0 0 70 0 0 0 0 0 30 0 0 250 0 0 160 0 70 30 0 0 2590 0 0 0 110 0 0 4420 0 450 0 0 20 1760 0 20 0 60 100 80 0 0 0 0 0 0 0 170 0 0 0 0 0 0 70 0 0 150 240 0 100 0 0 210 0 0 0 100 0 0 0 0 1350 0 0 330 0 190 0 0 0 0 0 0 0 0 10 0 110 0 20 30 0 0 80 0 0 0 0 0 115 0 0 10 0 0 0 350 10 0 50 0 0 0 0 0 0 0 0 0 730 0 0 7000 10 0 0
 0 120 0 140 200 0 260 0 0 240 40 0 530 0 0 130 0 90 0 4840 0 0 0 0 160 560 0 30 110 0 30 0 0 580 490 380 0 170 0 0 0 0 100 0 0 0 0 0 0 10 0 0 350 0 100 0 180 0 0 0 0 0 0 0 0 40 0 0 70 0 0 0 0 0 450 1740 180 1580 460 0 0 30 0 0 0 0 0 0 90 0 260 0 0 0 0 0 0 0 200 10 330 0 0 0 0 30 30 0 690 0 0 0 0 0 190 30 120 0 0 0 0 40 1470 0 0 0 0 0 10 0 100 40 0 80 230 0 770 70 60 0 250 60 0 730 0 0 735 30 0 120
 0 0 0 0 0 0 0 360 30 180 0 0 20 200 0 0 0 0 670 0 0 0 20 0 0 200 0 500 0 0 0 0 0 0 0 0 0 0 420 0 1270 0 130 380 130 920 20 0 0 0 0 0 0 20 0 30 0 50 40 0 0 0 0 10 0 60 0 0 0 0 0 200 0 0 0 470 0 3550 80 60 1160 0 0 320 1550 375 1190 50 0 70 60 0 365 0 0 10 40 0 0 140 0 40 0 0 0 100 0 50 490 0 20 20 1320 0 60 0 0 230 0 300 1440 0 160 0 0 0 50 0 0 0 240 120 0 0 0 0 160 0 0 0 80 60 1555 0 0 345 0 340 0 1150
 0 0 0 480 10 0 0 0 0 0 0 930 0 60 0 190 120 0 100 0 10 0 0 0 30 1160 0 0 110 0 0 350 0 160 0 0 0 0 0 0 0 0 0 0 0 110 0 0 0 0 10 0 70 0 0 0 0 0 0 0 0 340 0 0 0 0 50 0 0 0 0 0 0 0 0 0 0 10 0 0 0 0 90 0 50 0 0 0 0 0 190 0 1350 0 0 0 0 160 80 0 0 1350 0 0 0 10 0 0 0 0 0 10 0 320 0 380 0 0 890 0 0 260 0 0 0 0 430 0 0 0 0 0 1030 0 0 0 0 0 40 0 0 0 0 0 0 3060 0 0 0 0
 0 0 0 0 0 0 30 0 330 0 0 0 0 0 0 0 0 0 0 0 0 150 0 0 0 0 0 0 210 0 0 9300 0 0 0 0 10 0 0 0 0 0 750 0 0 7290 0 0 0 0 0 0 0 9750 0 0 0 0 0 0 0 0 150 20 0 0 1070 0 0 0 0 0 0 500 0 200 0 0 0 0 40 230 120 0 0 2000 0 0 0 1960 0 0 0 0 0 0 180 550 0 0 0 190 10 0 0 195 0 0 40 0 170 150 0 0 60 430 0 0 0 40 0 0 20 0 0 0 0 310 500 0 0 0 0 0 0 0 0 0 0 0 0 90 0 0 0 0 0 500 60 0
 0 0 0 0 180 60 0 0 0 0 0 0 490 0 0 0 0 310 0 0 60 0 0 0 30 520 30 0 0 150 0 0 0 90 15480 0 0 50 190 0 735 0 680 0 0 0 0 0 1100 830 330 0 0 20 0 110 20 0 0 240 0 0 0 0 160 0 0 30 0 0 130 20040 0 20 0 1500 0 270 0 0 30 0 0 0 0 20 0 0 0 0 10 0 0 0 0 890 0 0 0 0 815 0 200 20 0 0 0 0 0 300 0 0 0 0 0 0 0 0 0 520 640 0 0 0 0 60 0 290 0 0 0 165 0 0 30 0 130 0 0 0 70 0 0 80 20 0 0 0 0 0
 0 0 200 0 0 10 540 570 0 10 0 0 0 0 0 0 0 120 50 0 0 0 0 0 210 0 240 30 60 0 310 0 290 0 0 0 0 110 0 10 180 350 0 20 0 0 0 0 80 0 110 10 0 0 0 0 180 600 330 0 700 110 0 0 0 0 0 0 60 0 0 0 0 0 0 0 0 0 0 0 0 0 0 0 0 0 160 0 0 0 0 0 0 0 50 150 0 0 0 260 20 0 0 230 890 0 0 0 50 0 0 0 0 0 0 0 0 30 0 130 0 0 0 0 0 580 20 20 0 0 0 0 0 0 0 0 100 140 2020 90 1630 0 0 0 380 0 1150 10 0 110
 0 20 0 0 0 10 540 0 260 890 0 0 640 0 0 0 0 0 20 40 0 0 0 890 0 0 0 160 0 0 695 0 670 50 0 0 0 0 80 40 30 20 350 0 0 40 580 440 0 0 0 0 0 1560 0 520 0 10 0 0 10 0 420 0 0 0 0 60 250 0 0 0 0 0 30 70 0 0 0 0 40 170 30 0 0 0 0 0 0 0 0 20 100 0 0 0 0 190 140 0 0 0 80 0 0 0 0 4420 240 80 740 0 0 0 0 0 0 0 0 0 0 0 20 0 10 70 10 360 1120 30 90 70 0 40 20 0 0 0 0 0 0 0 700 0 40 0 0 0 0 0
 0 0 0 0 0 0 10 0 115 0 0 0 80 0 815 0 355 0 0 50 750 0 0 220 0 100 40 0 0 1210 20 90 0 0 0 0 0 0 0 0 0 0 130 1500 0 0 0 20 0 430 30 0 60 390 0 0 40 270 0 400 0 0 0 265 0 80 0 0 0 0 710 0 0 0 0 0 750 0 0 0 220 60 220 0 0 20 0 0 0 0 0 60 80 0 7240 0 1945 0 0 370 0 0 0 0 0 0 0 0 0 60 0 0 170 0 0 0 0 0 0 0 0 0 0 260 140 0 0 0 60 0 0 280 630 20 0 325 15290 0 20 0 0 0 190 0 0 160 0 0 0 10
 50 0 560 0 0 0 0 0 0 0 30 0 0 0 0 0 0 0 0 0 0 0 0 1350 40 0 440 2200 0 0 0 70 30 0 0 0 1130 80 0 0 0 0 0 0 0 10 0 0 1720 0 0 160 50 40 0 0 0 0 30 0 0 10 70 50 0 0 50 800 0 120 0 0 0 0 0 0 0 3940 80 180 110 0 0 0 0 0 30 0 0 280 0 0 0 2110 60 0 0 30 0 240 230 0 0 10 0 0 190 0 0 0 1090 60 0 0 30 530 0 8060 40 0 0 0 590 180 70 0 20 0 0 0 0 0 0 0 0 610 10 0 0 240 10 20 0 0 660 0 0 0 10 0
 0 0 0 0 0 0 20 80 10 0 120 0 0 0 0 0 0 0 0 0 0 0 0 0 0 90 0 0 180 30 0 0 0 1200 0 0 0 0 90 0 0 10 0 0 80 0 0 60 0 365 10 10 0 0 470 0 0 330 90 0 0 40 0 390 0 20 80 550 0 0 0 0 670 0 40 0 0 0 0 30 130 60 0 0 0 390 0 0 30 0 0 0 0 0 0 0 0 0 10 0 0 950 80 90 0 40 0 0 390 0 0 200 0 110 0 0 0 0 0 0 100 0 0 0 20 0 0 0 210 10 0 0 0 30 0 0 0 0 160 90 0 0 0 0 0 0 0 0 0 30
 0 20 0 0 170 0 0 0 10 0 0 2170 0 0 0 40 30 760 0 0 0 0 0 0 0 0 10 0 0 0 20 0 0 0 0 0 20 0 0 0 0 0 0 0 0 0 110 0 20 70 160 0 30 100 0 0 90 75 230 0 670 0 30 0 0 0 0 0 0 0 0 10 0 0 0 340 0 0 0 0 1525 0 790 0 0 0 0 80 0 0 380 0 10 700 0 70 0 320 0 0 355 0 0 0 0 0 170 0 20 0 10 0 210 70 0 0 610 0 270 430 0 120 0 610 160 50 0 320 0 200 0 0 0 40 20 0 0 30 0 0 0 0 10 0 0 0 290 230 0 150
 0 0 220 60 0 0 0 0 0 680 0 0 20 120 0 0 0 0 140 0 10 0 0 0 0 20 340 0 0 0 0 0 0 0 0 0 780 260 0 0 10 0 0 0 0 0 0 0 90 0 190 0 0 0 0 0 0 0 0 0 560 120 0 100 40 0 0 1780 10 420 320 0 0 170 160 0 0 0 220 0 0 0 0 20 0 220 20 590 10 0 0 0 90 0 0 40 0 0 0 0 8060 0 0 170 0 0 70 0 0 0 0 660 110 0 130 0 100 0 815 0 10 0 0 0 0 30 0 20 250 0 0 0 0 0 0 10 0 20 0 0 200 50 0 0 620 0 0 0 0 0
 10 90 0 375 0 0 0 0 0 50 60 0 0 0 170 20 0 80 0 0 0 0 10 110 0 0 70 80 290 0 340 0 370 0 0 0 0 0 695 0 80 0 0 0 660 0 30 0 0 0 0 0 0 30 420 0 0 0 170 1970 0 0 760 0 0 0 0 380 0 0 0 0 0 0 10 7270 0 0 120 0 0 0 0 60 0 0 0 1100 0 20 0 0 50 0 0 0 0 0 10 0 310 0 0 0 0 330 0 160 0 10 0 0 0 0 0 10 0 520 0 10 0 0 340 30 0 0 0 440 0 120 20 0 40 0 0 0 0 0 0 30 0 0 0 0 0 0 0 0 0 0
 0 0 50 1060 0 0 1780 0 2170 0 0 0 0 0 0 250 690 0 0 10 0 0 220 0 0 0 640 0 740 0 0 310 0 0 0 1350 0 1780 0 0 0 0 45 0 0 0 10 1140 10 0 0 140 0 20 14080 10 0 0 0 0 0 0 0 0 0 0 0 0 1050 1350 150 0 0 0 0 0 30 180 250 0 1830 40 0 0 0 0 0 0 1580 0 10 40 30 0 1105 20 0 0 0 0 0 0 0 0 0 40 50 0 0 220 0 85 0 10 0 0 0 0 30 0 0 170 0 0 0 0 330 0 0 0 0 0 600 690 0 0 0 0 0 0 0 340 0 0 0 0 190 0 80 0
 580 0 0 110 190 0 0 0 0 0 0 0 0 0 1310 320 0 100 0 0 0 0 0 0 20 320 0 0 0 0 0 110 0 1720 20 160 0 1490 0 0 0 330 0 0 3660 0 0 0 0 0 0 0 0 1130 0 0 0 50 10 0 0 0 8060 0 10 0 0 0 10 0 70 0 95 1060 0 10 780 0 1050 40 160 0 1070 0 40 0 0 230 0 0 0 350 20 0 0 0 0 0 10 0 0 0 0 0 0 0 1200 0 0 10 0 0 0 0 0 0 0 0 0 0 0 0 0 200 0 200 70 130 0 0 0 0 0 0 180 0 0 0 180 340 0 0 0 0 0 2140 750 0 560 0
 0 0 0 0 0 0 0 30 0 50 40 0 0 0 0 0 0 0 0 0 0 0 130 0 0 170 280 0 0 0 0 0 205 0 100 0 0 0 0 10 0 0 1420 0 50 0 0 0 0 20 0 200 385 0 0 640 0 0 0 0 0 340 0 0 110 10 0 10 730 0 0 730 80 0 150 30 0 200 0 0 670 0 0 270 0 0 0 0 0 0 0 75 0 0 0 0 0 0 0 1250 0 0 160 0 125 0 0 30 0 30 0 0 0 0 70 0 110 0 0 0 10 0 0 0 100 0 0 80 340 0 20 0 0 0 0 0 2100 10 80 0 0 0 110 0 0 0 0 0 0 0
 0 0 0 0 0 0 0 0 0 0 0 0 0 30 270 230 0 0 0 0 0 0 0 115 0 110 0 2170 0 170 0 0 370 3170 0 0 620 140 10 140 0 0 160 0 0 0 0 610 90 110 0 150 690 0 10 0 0 0 110 220 370 0 220 10 0 830 0 0 30 0 0 0 9210 0 0 0 0 0 0 310 0 0 0 0 0 0 60 695 0 0 0 320 0 0 1945 350 0 0 0 610 0 1900 60 0 0 10 0 0 10 0 0 0 0 0 0 0 0 0 0 0 0 0 0 210 0 0 0 0 0 0 0 0 0 0 0 0 0 40 0 50 60 0 0 0 10 0 110 0 0 1095
 0 0 0 0 0 0 30 0 120 30 0 0 320 0 4920 0 0 70 0 330 0 0 0 0 110 0 0 0 0 830 0 1990 0 0 0 0 220 40 0 0 0 0 10 1945 10 0 0 70 0 0 0 0 50 0 40 0 310 0 100 0 0 150 0 160 0 0 390 10 0 0 0 240 0 0 0 1030 0 0 0 10 220 0 0 0 0 180 0 50 0 1060 930 0 0 10 420 80 0 0 0 0 0 0 0 0 0 0 2170 0 50 190 0 20 0 0 590 20 0 0 0 130 0 100 50 830 0 0 190 30 0 815 0 0 0 0 0 0 0 0 0 0 0 40 0 0 0 380 0 30 20 0
 0 0 0 160 0 0 1820 0 80 0 0 1150 0 90 0 0 0 0 210 180 0 70 0 100 20 0 0 0 1940 0 0 0 40 0 190 0 0 0 30 0 60 0 1990 0 0 0 0 50 0 0 340 0 0 0 0 40 0 0 690 0 0 0 0 0 0 20 0 0 0 150 3660 0 50 0 0 0 0 150 0 0 0 320 0 220 0 0 0 0 320 40 0 0 1600 0 460 0 1105 0 0 0 0 0 0 0 0 0 0 640 10 0 0 0 0 20 0 0 0 0 0 0 0 1555 600 0 210 0 30 0 3230 0 0 0 0 0 0 270 20 0 100 0 0 0 0 20 0 0 0 0 0 250
 90 10 0 0 20 290 0 0 40 0 0 70 0 0 0 0 0 980 100 420 0 0 7520 10 100 0 0 520 190 0 0 830 10 110 0 0 0 0 0 70 3230 0 380 0 0 0 80 0 0 20 660 0 0 40 10 70 0 0 0 0 30 0 0 0 0 730 60 0 0 0 720 0 580 0 0 0 0 0 0 380 80 4010 0 30 0 0 3530 0 0 0 0 10 0 0 20 1060 10 0 350 10 0 380 50 0 0 0 1630 10 0 190 0 0 0 0 0 70 0 0 0 340 0 160 760 0 20 100 30 0 0 0 530 0 19910 130 0 350 0 10 0 240 0 0 0 40 370 0 0 0 0 0
 450 0 0 3230 130 590 0 0 0 0 0 0 50 40 10 340 10 0 290 0 10 0 0 0 0 0 0 0 0 2600 0 350 0 0 10 0 0 10 0 0 0 0 30 10 10 590 0 50 0 90 0 1450 0 0 0 0 0 0 0 0 0 0 40 0 0 0 70 70 0 0 20 240 0 6920 80 0 0 790 90 0 260 0 40 0 0 0 0 200 170 0 0 0 0 0 20 0 0 0 0 0 0 190 0 0 30 80 0 10 0 170 0 190 0 10 0 0 0 0 0 0 0 0 0 10 100 10 1900 9220 0 290 440 0 50 0 0 0 20 0 0 90 0 0 650 0 80 380 0 0 0 310
 0 80 420 0 0 0 0 0 0 80 0 0 0 120 0 0 0 120 300 160 0 0 0 0 0 0 1000 0 270 0 0 7410 0 0 300 815 0 3100 150 60 1270 0 0 0 170 30 0 130 220 0 0 0 0 0 480 80 0 0 0 0 0 0 0 0 0 0 0 0 0 0 0 0 0 150 0 10 0 0 390 0 0 0 0 30 140 0 0 0 130 0 0 160 0 0 0 0 0 1210 0 170 0 0 0 0 0 0 0 0 0 0 0 0 90 160 0 30 110 0 0 0 70 0 80 0 0 0 0 0 690 0 0 0 0 0 0 0 10 0 0 350 130 4810 0 0 0 0 20 0 40 0
 0 180 0 0 210 320 0 50 0 0 0 0 0 0 0 0 70 0 0 10 0 0 0 0 20 0 0 10 0 1665 0 0 0 100 0 0 30 0 20 420 0 0 0 50 0 50 40 40 740 0 0 0 0 100 0 0 0 410 0 7270 0 50 0 10 0 0 20 0 0 370 1030 0 0 740 0 10 130 0 230 1310 0 0 250 0 0 20 0 50 0 0 10 695 0 180 0 70 0 0 20 0 0 100 0 0 0 590 480 0 0 50 0 0 0 10 0 0 130 0 0 0 0 0 0 0 0 60 0 0 0 0 0 0 0 2170 30 0 140 0 0 0 0 70 0 20 20 0 30 0 210 0
 0 0 0 0 10 0 0 0 0 0 0 0 300 30 0 0 0 0 0 0 0 0 0 0 10 0 10 0 0 30 630 0 0 0 10 0 0 0 0 10 0 0 0 0 0 0 180 0 0 0 10 0 0 0 0 350 0 0 0 0 150 0 0 0 0 0 680 930 160 0 0 0 0 0 0 0 0 0 180 200 0 90 60 1210 0 0 0 0 20 30 0 0 0 0 0 0 0 0 0 0 0 210 0 400 0 0 0 0 0 0 0 90 0 170 0 0 0 0 60 10 0 0 0 0 4920 1140 0 0 0 450 0 0 0 180 0 0 40 0 0 100 0 20 0 0 0 0 0 0 0 1190
 0 0 8060 0 0 190 0 0 0 0 0 0 170 0 0 0 340 0 220 0 0 0 0 380 0 0 0 0 0 0 0 0 0 600 0 0 80 0 0 13340 0 0 0 20 20 0 1430 0 1150 0 0 140 0 120 0 0 10 200 0 0 0 90 0 0 100 0 0 0 0 970 130 0 0 10 10 0 260 0 0 0 0 10 0 30 0 0 0 30 0 2320 0 0 0 470 0 0 0 0 355 0 0 610 30 0 0 450 3770 0 120 0 0 180 0 0 10 10 0 0 60 0 0 80 130 0 40 0 0 0 130 0 10 590 0 0 560 110 140 0 20 300 60 0 0 0 0 60 0 0 0 0
 410 0 0 110 0 1060 80 30 0 0 10 0 0 0 20 660 10 400 0 0 0 0 0 0 250 0 760 0 0 0 0 180 1800 0 80 260 0 0 55 0 0 30 0 0 4840 170 0 1025 0 0 220 0 0 0 0 60 1270 120 0 0 0 0 10 0 70 80 10 0 0 0 0 0 0 0 230 0 0 0 0 10 0 0 25 0 0 0 200 0 200 0 0 10 40 0 0 0 70 0 0 0 200 0 10 0 20 210 0 0 0 0 90 10 10 0 0 20 610 30 0 0 0 50 0 0 10 0 0 0 0 0 0 170 0 200 280 0 0 0 0 30 0 60 0 0 0 210 0 0 0 0
 70 320 0 0 0 0 0 310 10 0 0 0 0 0 0 0 0 0 0 0 0 60 0 0 10 190 60 0 0 0 20 0 0 0 0 0 0 0 0 40 680 0 10 0 0 60 0 0 0 530 0 0 0 80 0 0 0 210 0 0 0 0 0 10 0 0 0 0 450 10 0 0 0 13340 365 0 50 0 0 30 0 680 390 0 0 0 220 0 0 0 20 0 0 30 60 0 0 0 10 0 0 30 0 0 40 10 0 110 0 0 400 0 0 0 30 0 0 40 0 200 0 0 0 0 280 0 0 0 0 0 0 0 10 0 0 0 1945 0 0 0 0 0 0 0 130 0 0 0 0 0
 0 0 0 0 0 0 0 0 0 0 0 30 0 0 30 0 1070 0 100 0 170 0 0 0 40 670 770 0 680 0 0 0 0 0 10 0 0 0 0 70 0 440 20 0 0 1030 0 260 40 0 0 0 20 0 0 0 310 0 0 340 0 1110 0 110 0 520 0 0 10 60 0 0 0 0 0 0 40 0 0 335 0 190 0 0 0 220 30 20 0 0 20 0 50 0 130 0 210 0 0 0 0 0 0 0 0 10 10 0 0 0 0 250 560 0 0 130 0 0 0 0 0 7170 10 0 0 0 0 0 0 0 0 0 1500 0 0 120 0 0 0 5 0 80 0 0 0 0 0 0 20 0
 0 0 80 30 0 230 0 0 0 0 980 0 0 0 0 20 0 0 0 0 0 0 95 180 6000 0 0 430 0 30 0 0 0 0 0 0 0 0 940 30 0 0 0 0 0 30 0 430 0 0 60 0 40 20 695 0 0 70 0 30 0 10 0 0 0 0 0 10 70 0 0 10 250 1310 0 1130 0 0 0 0 0 140 0 60 0 0 600 0 0 0 30 40 0 0 0 0 0 0 0 210 0 0 0 50 0 0 0 180 0 0 0 0 0 0 200 0 0 7000 30 0 0 350 85 0 0 0 10 0 10 10 85 640 200 0 20 0 0 0 1740 0 0 0 10 150 170 0 40 0 0 0
 0 100 190 530 0 0 0 0 0 0 30 10 670 0 0 0 30 0 0 0 0 170 0 0 0 0 0 0 7210 40 20 0 0 0 0 700 0 0 0 0 150 0 0 0 0 0 0 0 20 0 0 10 0 0 0 0 0 0 2470 0 780 520 0 80 0 50 0 0 280 0 0 95 0 0 15480 0 0 0 270 0 0 0 0 0 200 120 0 0 0 100 170 1500 0 10 0 0 0 0 7110 0 0 0 0 0 0 0 0 0 0 0 0 0 0 0 0 0 700 0 120 0 0 0 250 0 70 0 0 0 460 30 0 0 1500 40 0 0 1070 100 0 0 0 0 0 0 0 0 280 0 0 0
 0 330 0 10 0 0 0 0 40 2170 90 0 230 0 4010 90 0 0 1210 0 50 0 0 0 0 170 0 20 0 0 1075 0 10 10 50 0 0 0 0 0 0 500 220 4810 30 0 0 10 0 0 10 0 0 0 160 0 40 20 10 0 90 40 0 0 0 0 0 0 575 20 0 0 0 1790 0 0 0 0 1990 180 200 0 500 0 7810 0 0 210 90 0 0 200 90 0 0 0 0 710 0 0 0 30 0 0 0 0 0 0 10 0 0 140 0 0 815 0 0 0 110 0 30 85 1490 0 0 0 10 30 0 0 0 0 0 200 0 80 0 0 10 0 10 0 0 190 0 0 0 0 10 0
 0 0 0 0 0 0 0 0 0 0 250 60 0 0 0 0 0 0 30 0 0 0 0 0 0 0 10 1000 0 0 0 180 0 0 0 60 0 0 0 80 0 0 0 0 0 30 0 40 0 20 0 0 730 0 0 0 0 1060 0 0 410 0 0 0 220 0 810 0 120 0 0 190 90 0 0 0 0 210 0 0 0 0 0 0 9860 210 0 0 0 0 0 0 0 0 0 40 0 0 0 0 50 280 0 0 0 0 930 0 230 0 0 180 0 190 10 0 0 0 0 410 260 0 0 0 30 960 0 0 50 0 0 0 0 0 390 0 190 0 0 0 0 0 210 0 10 0 0 50 0 30
 0 0 0 0 350 3150 0 0 420 0 0 0 0 0 0 0 0 0 0 0 0 0 0 100 0 20 0 0 0 0 10 0 0 0 10 120 20 0 0 0 0 0 0 0 170 0 340 0 10 480 0 0 700 0 0 1105 0 60 380 10 60 0 0 0 0 220 0 250 0 0 0 460 20 0 10 0 670 0 0 0 0 0 0 0 0 80 0 0 0 80 0 0 0 70 10 210 0 0 0 120 0 0 20 0 0 0 0 1710 0 0 110 0 0 370 205 320 70 160 1250 190 0 0 0 250 30 20 0 0 0 0 0 270 0 0 0 280 0 370 0 0 160 140 0 0 0 0 0 210 230 0
 0 30 140 0 0 0 20 10 0 0 0 0 10 0 0 0 0 0 0 0 0 0 0 0 0 0 0 360 0 2150 20 0 0 0 1050 0 0 100 0 0 0 0 0 0 0 0 4920 0 0 0 0 0 70 0 450 0 0 10 0 80 0 0 0 0 0 0 0 0 350 0 0 0 0 90 0 0 0 0 0 0 10 90 0 0 0 180 110 0 30 0 2600 30 0 0 0 150 0 14280 0 0 0 80 0 100 70 130 0 0 0 0 0 20 170 50 80 0 0 0 0 0 0 0 0 0 640 40 0 0 20 0 0 50 0 160 0 0 20 2390 190 0 0 0 0 0 110 0 0 0 0 0
 500 20 0 1050 0 0 0 10 60 0 0 0 0 0 0 0 200 1630 0 490 0 0 130 0 260 0 0 0 50 0 0 0 940 1945 0 0 0 20 0 0 0 0 0 0 0 0 0 0 310 0 0 0 0 0 0 0 1160 0 0 0 0 0 0 0 0 0 0 0 0 0 0 0 280 100 0 0 0 350 0 0 0 0 0 0 20 0 0 0 180 0 0 0 0 0 390 0 0 80 0 0 0 70 0 5770 0 320 180 0 100 0 0 340 40 0 0 0 0 0 0 790 310 0 0 10 0 80 0 0 0 0 0 0 1960 0 0 0 0 30 4290 140 120 790 0 10 0 0 0 170 0 0
 0 0 680 0 0 0 0 340 0 8060 0 20 0 10 0 770 10 0 0 0 10 0 0 10 0 0 105 0 0 0 0 0 0 200 1940 30 0 0 0 140 0 20 910 0 0 0 0 10 0 30 0 40 0 0 140 220 0 0 0 0 0 0 0 0 110 0 0 130 0 0 0 100 0 210 0 130 0 0 70 0 0 40 0 0 0 0 0 20 0 70 0 60 0 0 0 0 0 0 0 0 0 0 180 160 0 0 0 0 30 0 0 10 0 0 0 0 0 0 0 0 0 0 0 0 80 0 0 0 0 490 50 230 20 30 0 0 0 0 0 20 0 0 190 340 0 200 0 0 0 0
 10 0 0 0 0 170 80 0 190 0 0 0 200 0 50 0 0 160 0 0 0 0 0 0 0 0 0 30 0 0 50 0 0 0 500 660 0 0 0 0 590 0 40 0 0 80 0 0 0 0 255 370 0 0 0 0 0 0 10 190 0 0 0 1130 50 290 0 0 0 50 120 20 0 0 340 0 10 0 0 0 0 0 0 0 0 0 520 0 0 0 0 14070 0 0 0 0 10 670 0 10 50 0 30 0 0 80 0 0 0 0 130 0 0 0 0 340 0 10 0 0 130 0 0 0 0 0 10 0 0 0 0 380 0 0 0 0 970 9300 0 0 0 0 0 260 0 0 0 0 0 0
 0 0 60 420 10 590 0 13180 0 0 0 180 0 165 1095 160 1790 0 0 0 0 0 0 0 0 270 0 0 0 0 0 60 0 0 130 0 0 640 0 0 0 0 0 80 0 80 1050 0 190 0 4660 0 30 80 0 2500 0 0 0 0 0 0 0 260 0 310 10 0 0 0 130 0 0 0 0 0 350 0 0 60 0 125 20 40 0 340 0 0 10 0 0 0 20 0 0 450 0 0 70 10 0 0 0 170 0 0 0 0 0 0 340 0 0 0 70 90 0 0 0 60 0 20 0 0 120 0 0 0 80 370 0 380 0 210 0 0 0 0 0 0 0 0 10 14250 95 0 40 0 0 220
 0 0 0 0 180 0 0 0 0 0 260 280 90 0 0 760 0 0 0 480 0 0 90 0 0 0 10 0 0 0 100 0 0 0 0 0 0 0 490 100 790 0 340 0 0 50 0 0 100 0 0 0 0 0 0 0 0 80 0 240 0 0 20 0 0 0 0 0 0 0 0 0 0 5770 0 0 190 0 815 0 80 120 10 30 70 0 0 0 0 0 0 10 0 0 0 10 0 0 100 0 0 0 600 0 0 0 0 0 30 0 0 0 30 0 0 0 90 10 0 0 0 40 0 0 0 0 0 0 0 0 0 0 90 0 0 0 0 0 30 0 70 0 170 0 0 0 0 0 0 0
 0 0 10 0 0 0 40 60 0 20 170 0 0 0 0 0 0 0 0 740 0 0 0 590 80 10 0 100 0 0 0 0 0 100 0 0 40 0 60 0 50 0 0 20 330 100 0 0 0 450 330 0 40 0 0 290 0 0 0 0 0 0 0 0 0 0 0 735 0 0 0 630 0 960 0 0 80 0 0 10 380 40 480 0 0 0 0 0 0 400 0 35 10 0 0 0 0 0 0 1790 0 0 0 0 0 0 0 190 30 0 0 0 0 270 300 70 160 0 0 0 0 0 0 0 20 670 0 0 0 0 0 390 0 1030 0 340 0 0 0 630 0 0 0 0 10 20040 0 0 0 0
 0 0 0 50 0 125 0 0 0 0 20 0 0 3000 250 0 0 0 10 0 0 0 0 0 1100 0 0 0 0 530 0 0 340 0 0 0 70 0 0 10 0 0 0 0 700 80 0 0 1210 0 0 0 3750 0 80 0 0 20 1030 0 0 0 10 110 0 0 0 0 0 0 0 0 0 0 0 0 0 0 0 0 0 0 10 0 0 0 0 0 0 0 0 0 0 0 10 20 0 20 0 0 40 220 130 10 0 420 0 0 80 510 0 0 0 0 0 0 0 0 7880 0 190 0 0 115 0 0 0 30 0 0 0 0 0 0 10 0 20 20 0 0 0 20 0 0 90 0 110 7820 0 0
 0 0 50 0 10 0 0 120 750 0 0 0 0 0 0 0 410 0 0 100 0 0 0 0 0 0 0 0 30 1430 0 0 0 385 10 0 320 120 0 0 0 0 0 0 0 480 0 0 0 0 130 0 130 0 0 90 0 70 0 0 0 0 0 0 10 30 0 280 0 0 0 3100 115 0 0 0 1080 0 0 130 0 0 0 0 0 0 30 160 1390 30 10 0 0 0 30 270 0 510 0 0 0 0 0 0 0 0 20 0 70 0 40 0 0 0 0 0 420 0 0 30 20 250 0 0 0 0 10 0 0 80 0 0 0 230 0 110 0 0 0 380 10 0 0 0 70 0 0 770 0 90
 50 0 165 350 1350 0 320 10 0 0 0 0 100 100 30 0 200 0 0 0 80 0 0 0 0 0 0 0 0 0 0 0 0 0 0 200 10 0 50 0 0 20 10 90 0 0 0 4100 0 0 10 0 0 50 0 20 0 0 0 0 40 10 0 720 0 0 0 210 0 290 0 30 70 0 0 450 0 40 0 90 0 0 0 0 120 0 90 0 0 0 0 0 0 0 0 20 20 0 0 140 490 90 95 450 10 0 0 0 0 390 0 0 0 0 60 0 0 2020 1630 0 40 0 0 7000 0 0 0 50 0 740 0 190 0 0 0 0 10 0 0 0 0 0 0 0 0 0 0 0 140 10
 40 0 4100 0 150 1690 0 0 0 0 0 0 190 0 0 0 60 0 20 140 0 1160 0 0 1350 0 0 0 0 90 120 10 0 0 420 0 0 60 0 320 2110 0 0 0 0 0 70 30 0 0 110 80 0 140 0 780 100 120 10 0 390 10 0 0 0 0 0 0 0 50 130 0 0 0 90 10 0 0 0 0 3100 0 30 40 0 0 0 0 140 690 0 0 0 0 0 0 0 0 160 0 0 1130 0 260 0 30 1630 480 0 330 0 0 10 410 1450 0 735 0 0 0 0 0 80 0 1945 0 0 0 0 0 0 0 140 0 0 0 0 0 50 0 0 0 0 0 0 0 0 0 0 0
 70 0 0 0 0 0 0 0 0 0 0 200 30 0 0 0 300 0 140 0 0 0 0 250 190 50 0 0 13310 350 0 370 0 640 260 0 40 50 0 0 0 0 140 0 280 0 0 0 0 90 0 0 0 0 0 1500 70 0 0 0 30 220 0 0 0 0 0 0 0 0 0 0 40 0 60 0 60 10 0 50 0 30 390 0 50 0 0 0 0 20 0 0 0 50 0 180 960 210 10 0 40 20 0 0 80 0 0 0 0 0 30 980 90 0 70 0 0 0 0 120 0 0 0 0 0 270 20 0 0 170 640 680 0 0 0 780 20 0 0 1160 250 150 0 0 10 0 0 170 0 0
 0 0 0 40 60 0 0 0 50 0 80 0 460 0 0 0 460 0 0 0 0 0 0 0 0 0 0 0 0 10 0 0 190 0 0 0 0 14280 0 0 0 0 0 0 0 0 0 550 0 0 0 0 0 40 680 0 650 460 0 0 0 0 300 0 0 0 0 0 350 0 0 0 0 0 0 30 0 0 0 0 0 0 0 0 735 0 40 0 0 30 0 0 0 0 0 0 100 0 0 80 9280 0 0 70 110 0 0 1010 0 0 0 0 0 50 0 0 0 110 0 240 0 0 70 0 0 0 120 9840 0 0 0 0 830 20 0 10 0 9300 0 0 0 0 0 0 0 0 0 1945 0 0
 30 10 170 0 0 20 0 160 0 0 0 90 0 0 50 0 0 0 0 0 0 770 0 250 0 0 0 340 0 70 0 310 0 0 270 0 0 260 70 80 0 0 20 680 0 0 0 10 13160 0 0 630 500 0 0 0 0 60 0 100 0 0 0 260 1050 20040 0 100 110 0 0 0 0 0 0 0 190 0 0 0 30 100 0 0 0 70 4100 520 0 0 0 0 0 0 0 0 520 0 0 0 380 0 0 0 0 0 0 0 0 12710 0 0 0 0 0 110 0 0 80 350 0 0 0 0 0 0 0 255 0 1010 0 0 0 0 0 0 0 0 0 0 20 0 0 0 40 450 0 14280 140 80
 0 30 0 0 0 40 0 115 0 2090 0 0 30 0 0 0 480 0 0 0 480 220 1130 0 0 0 0 0 130 190 0 0 0 0 0 0 150 0 0 0 510 30 0 0 0 0 30 0 250 0 0 330 0 0 0 0 0 0 0 180 0 0 0 0 0 10 35 50 0 0 0 450 815 0 1095 0 0 0 0 0 0 0 0 0 0 0 0 340 0 0 0 0 0 10 0 0 0 0 0 130 3660 240 0 0 0 0 0 0 0 0 0 0 0 0 0 0 0 50 0 240 0 0 0 10 0 10 0 930 0 0 110 0 0 0 0 0 0 0 590 0 0 0 0 0 0 0 0 0 120 150
 0 480 0 0 0 0 0 140 0 250 20 4800 0 100 100 0 0 2480 10 3040 0 0 980 280 0 0 60 0 120 0 0 0 0 1740 40 70 10 10 0 780 0 0 10 70 0 10 0 0 0 50 70 0 0 0 0 0 0 0 0 0 365 0 0 0 0 0 0 0 0 60 0 0 1190 130 0 0 0 0 0 0 720 20 0 0 610 0 0 0 0 50 0 0 0 20 140 0 160 10 1440 20 30 0 0 560 310 0 140 0 0 0 0 160 0 0 140 0 0 0 120 0 0 0 50 0 0 0 0 0 0 0 0 0 0 20 0 0 10 0 70 0 0 0 0 0 0 50 0 120 0 0
 0 0 0 50 0 20 0 0 60 0 200 0 5660 0 110 0 0 0 0 110 2320 30 85 0 1480 0 0 0 250 0 80 0 0 0 0 0 190 0 50 40 110 0 0 0 0 0 700 70 0 0 0 0 0 0 10 120 10 0 20 70 0 170 0 0 0 0 9300 0 0 0 0 340 0 0 10 0 0 140 0 750 0 10 0 0 0 1350 0 1050 650 10 0 0 0 150 1350 0 0 0 0 20 0 0 0 0 0 0 410 0 0 0 0 80 0 0 70 0 30 100 0 0 0 10 0 0 420 30 0 1070 0 90 0 0 0 0 0 0 0 0 250 0 30 0 0 0 0 0 0 0 0 0
 0 1150 0 0 0 0 0 410 0 0 0 0 0 0 1070 0 0 0 0 0 180 0 410 0 0 0 220 0 1130 10 0 0 0 0 0 0 0 0 0 0 0 0 0 0 0 100 0 0 4550 10 0 0 1070 0 0 0 0 0 40 70 40 0 100 0 30 0 0 0 0 0 0 0 0 0 0 0 0 0 0 0 0 15480 30 0 330 0 90 0 0 0 40 0 0 0 0 0 0 0 0 0 0 60 120 0 400 0 130 0 0 0 0 0 0 0 0 0 0 0 0 0 170 0 0 0 0 40 0 0 0 0 220 0 540 0 0 90 0 10 0 0 0 0 0 180 90 130 60 0 0 10
 0 0 1780 0 0 10 0 0 10 0 0 0 0 0 0 9880 0 0 30 0 0 0 0 0 0 0 1030 0 0 240 40 0 30 0 20040 1530 0 650 0 0 60 10 30 530 0 40 20 230 0 210 120 0 0 90 20 0 0 0 0 0 10 0 0 0 0 0 0 0 10 0 140 0 0 140 0 10 0 0 100 0 0 0 0 0 240 50 0 0 0 210 1210 50 0 110 355 0 0 0 4810 0 0 0 0 0 40 0 90 0 0 0 0 0 0 10 20 0 0 0 60 0 670 0 0 0 0 0 0 0 10 0 200 0 100 10 0 550 0 2350 0 0 0 600 0 0 9880 130 0 0 550 0
 0 125 0 220 0 190 0 0 0 0 0 0 0 270 0 10 0 1010 0 0 0 0 0 140 0 0 370 0 0 0 0 0 0 30 8060 220 0 150 0 0 30 0 0 0 0 0 0 0 320 0 0 170 1575 0 0 0 220 0 50 0 0 0 0 0 340 0 210 0 10 0 0 280 0 110 0 160 0 960 0 0 30 0 280 0 0 0 0 0 0 600 0 20 30 1095 0 10 0 1620 190 0 0 0 40 0 0 0 7640 0 1480 30 0 0 530 10 180 640 0 0 20 0 20 0 0 3580 0 110 125 0 0 0 0 0 0 14280 0 0 0 40 0 0 50 0 210 0 0 0 0 7270 270 0
 0 0 0 50 0 0 0 0 0 0 0 0 0 0 0 1930 0 430 0 360 10 30 0 350 0 10 190 0 0 0 1105 1030 390 0 0 20 80 0 0 10 0 1700 0 0 0 0 0 0 80 0 90 130 0 140 0 20 20 10 0 0 0 0 80 0 0 0 680 0 130 110 780 280 260 0 0 0 0 0 0 410 0 10 0 0 640 0 180 115 0 0 10 0 0 0 0 230 0 0 85 0 0 10 0 0 160 0 0 0 0 0 0 60 80 40 0 0 0 0 0 30 0 0 10 1790 0 0 0 0 40 0 0 0 90 0 0 0 0 0 490 0 0 10 0 0 80 40 0 3230 0 0
 0 140 0 0 0 0 0 150 0 0 0 0 0 0 0 0 40 780 0 0 0 310 2290 0 10 20 220 0 170 0 0 0 0 100 0 0 0 0 0 160 0 20 0 10 1130 120 150 0 80 20 0 0 0 0 0 0 0 20 0 0 0 0 15 10 0 1030 10 0 0 0 0 0 280 0 0 490 0 0 40 0 0 0 0 0 0 0 70 0 0 360 0 0 0 0 0 0 0 1070 0 0 10 20 0 130 30 0 5770 150 0 0 0 160 60 0 0 0 10 60 0 40 0 90 180 0 10 60 0 110 0 0 0 0 0 30 0 0 0 0 0 0 0 0 120 0 0 0 280 0 0 0
 450 0 760 0 30 0 0 0 0 0 0 0 0 20 10 0 0 0 80 0 0 0 0 0 0 40 0 20 430 240 200 0 0 0 50 0 0 0 230 20 10 70 0 0 0 0 0 0 0 0 0 0 0 0 0 0 40 0 0 0 1050 230 0 0 350 0 0 30 0 0 0 20 0 0 0 1290 0 0 0 0 210 0 0 0 90 0 0 0 0 0 0 50 40 0 0 0 0 0 0 0 0 90 0 0 0 0 0 40 0 0 0 0 0 680 20 0 40 0 0 0 120 0 0 0 0 0 0 0 70 0 0 0 0 0 0 0 160 250 0 0 0 0 0 0 30 0 0 590 0 0
 50 140 0 0 0 0 0 0 30 0 0 0 0 0 10 10 1790 0 0 190 0 430 180 0 180 0 0 0 10 0 0 0 0 0 0 0 210 10 20 0 0 0 60 0 0 2320 0 0 0 0 0 0 220 75 0 740 630 0 0 0 0 0 50 0 0 0 10 380 0 0 0 0 40 0 10 0 0 0 0 0 20 0 0 0 0 0 50 0 60 0 190 40 0 10 0 0 0 290 0 0 80 0 0 110 0 0 0 40 15440 0 0 20 0 0 0 0 0 30 190 0 0 0 0 0 0 120 0 0 0 40 0 0 0 0 0 190 0 5660 0 70 0 0 0 80 0 0 0 180 0 0
 30 360 0 0 0 220 450 0 250 150 20 10 0 6990 0 0 0 0 30 0 0 0 30 0 735 9300 0 0 10 0 0 0 0 80 0 0 0 0 0 0 0 0 0 0 0 10 0 1840 0 0 0 0 10 0 0 0 0 0 125 0 130 0 0 1780 0 0 0 0 0 0 0 70 0 0 0 0 0 0 0 0 90 0 125 0 0 0 160 0 0 340 40 0 0 0 0 0 0 190 0 2020 1120 0 345 0 0 40 0 110 0 0 0 0 0 0 0 250 0 0 0 20 0 10 0 0 0 50 0 0 130 0 0 0 0 0 4420 600 695 0 0 0 30 0 100 0 0 0 0 0 0 0
 0 0 0 0 0 0 0 0 0 0 0 70 1270 0 0 10 0 0 0 50 0 0 0 0 0 0 0 0 0 120 0 0 0 0 260 0 0 120 40 0 0 0 0 0 500 0 0 0 0 0 0 0 0 0 390 1060 0 100 70 0 0 110 60 0 0 0 60 0 160 110 0 430 0 0 40 60 0 20 0 0 5660 0 0 730 0 0 0 0 0 0 0 580 980 0 40 0 0 50 0 110 0 0 120 0 0 20 0 0 0 10 20 0 10 0 0 0 0 0 1190 0 20 0 230 0 30 450 100 0 0 0 0 0 0 0 0 0 0 0 0 115 0 200 0 0 0 0 0 0 0 0
 130 0 820 0 480 670 0 0 0 740 10 20 0 0 110 0 0 0 680 0 0 6760 0 0 0 0 0 0 0 160 0 0 0 0 0 815 10 0 0 1020 0 90 60 0 0 50 0 10 0 340 0 0 0 0 120 390 115 0 0 0 0 0 80 460 4810 200 0 0 0 1620 0 0 790 0 0 0 0 0 60 0 10 0 0 1095 160 0 100 40 20 0 0 0 0 0 10 70 0 1720 0 0 0 290 0 0 0 0 0 0 0 0 330 0 0 0 0 0 100 10 0 0 0 0 0 0 20 0 0 90 0 0 0 0 0 170 0 0 40 0 0 0 0 0 210 0 0 30 40 0 20 0
 0 300 0 0 0 210 0 0 0 0 0 210 0 0 0 0 0 0 0 0 70 0 0 0 0 10 0 0 60 0 0 0 760 10 440 90 0 790 0 0 0 150 0 0 30 0 10 0 0 130 0 10 0 0 0 0 20 0 110 250 0 0 0 770 0 160 200 20 0 0 0 645 60 230 410 100 0 0 0 0 190 0 350 0 140 0 0 0 0 80 100 0 0 0 0 410 0 0 0 0 0 0 0 760 0 0 0 0 0 0 0 300 0 0 0 180 0 0 0 0 0 0 700 0 180 0 0 0 0 0 0 20 0 0 0 0 1720 10 0 1480 340 0 30 0 670 210 0 560 0 100
 0 0 0 0 0 0 0 0 0 90 1100 0 0 0 420 0 0 0 0 300 0 7000 200 10 0 0 130 0 0 0 0 0 0 0 0 0 0 40 0 0 0 0 210 0 0 0 50 0 40 0 0 60 90 120 770 0 2600 0 0 180 0 0 0 10 0 0 100 0 0 40 0 350 470 320 0 0 0 640 0 0 0 0 2020 0 0 0 0 370 90 10 0 7520 0 0 0 10 0 0 0 0 0 0 0 0 340 0 0 20 600 0 0 0 0 0 0 0 0 0 0 110 0 30 230 0 2320 270 0 0 0 0 0 0 230 0 0 100 0 0 0 6650 40 0 20 0 0 0 0 0 10 0
 0 0 0 0 0 0 0 0 0 1150 0 0 0 60 80 0 0 0 150 100 0 1130 0 0 0 160 80 0 0 0 0 0 750 0 0 555 0 0 0 0 30 0 0 0 50 0 0 0 0 0 0 0 0 10 0 0 170 0 70 0 0 560 970 140 0 80 0 0 0 250 0 1100 0 0 1040 0 130 70 0 0 0 40 20 0 0 0 0 0 0 1380 0 0 60 100 0 0 0 0 0 420 0 0 0 0 0 0 0 0 10 0 340 0 30 130 30 7820 0 60 2320 120 0 20 0 0 0 0 0 0 0 0 3660 30 0 0 0 0 460 0 0 180 0 400 0 0 10 0 0 0 0 0
 0 0 10 0 0 180 0 0 250 0 370 0 0 20 0 90 0 0 0 0 20 0 0 13340 0 0 110 10 90 10 0 200 0 0 110 0 0 40 0 0 0 0 0 0 0 0 0 220 110 200 0 0 0 0 1650 0 0 0 0 0 0 0 240 260 1840 0 0 30 10 0 590 690 330 0 0 0 0 130 130 0 0 0 0 0 50 490 0 0 0 0 0 0 610 180 0 0 0 0 0 0 100 7520 0 0 10 40 0 0 0 0 0 1190 300 0 0 0 0 10 0 0 0 0 0 0 0 0 5770 230 20 230 0 40 30 0 130 0 0 0 0 100 815 40 0 0 0 0 0 0 90 0
 30 0 0 310 0 0 150 10 0 210 470 30 0 1050 0 0 0 0 30 0 0 0 0 0 0 0 0 0 60 0 0 0 0 0 10 0 0 130 40 0 0 10 1250 20 60 0 0 10 0 0 80 150 140 0 0 0 0 0 10 0 30 0 0 0 0 0 80 7000 0 140 0 0 0 0 0 0 0 80 0 70 730 0 0 200 0 360 0 10 0 0 160 330 140 0 0 60 0 0 0 0 410 0 0 0 0 180 0 0 0 0 0 0 0 90 250 0 0 0 0 20 130 0 0 0 410 0 0 0 0 0 20 0 0 0 0 0 210 0 355 0 30 40 0 0 0 0 0 0 0 0
 15 0 0 0 140 0 0 0 10 0 700 0 0 0 200 0 0 0 0 0 0 260 0 0 0 0 330 0 30 0 0 0 0 0 0 0 0 0 0 0 0 40 0 0 0 250 1770 50 0 0 2110 0 0 0 0 0 0 0 250 0 0 0 0 0 0 0 0 0 0 0 10 60 150 0 0 0 20 0 0 0 0 0 0 0 0 0 0 0 160 770 0 0 10 0 0 380 50 0 140 0 0 0 0 0 0 340 20 0 0 0 60 20 7040 180 0 0 0 0 1780 0 0 600 310 20 0 0 0 0 0 0 0 10 0 180 40 2260 1490 0 50 270 0 20 0 0 0 0 780 0 780 180
 0 30 0 0 160 0 0 0 0 80 0 0 0 130 1130 0 340 0 0 0 0 0 0 0 90 10 0 0 370 160 0 0 250 830 330 210 0 10 0 0 0 0 0 0 60 10 0 0 60 0 0 0 0 0 0 0 0 0 500 0 0 0 0 0 0 0 0 390 0 0 2500 0 0 0 60 340 0 0 0 10 30 0 10 0 0 120 0 0 0 0 100 0 630 0 0 450 0 0 0 490 270 0 30 735 40 0 360 0 190 0 0 30 0 0 220 0 2100 1210 0 30 130 20 0 0 0 0 0 0 0 0 50 0 0 0 0 0 0 0 0 0 0 430 0 0 0 0 150 0 0 0
 0 0 0 0 0 0 390 340 0 0 1900 0 0 220 0 0 160 0 430 0 0 30 0 0 0 0 100 0 0 0 0 0 0 180 0 0 190 0 80 0 0 90 0 470 0 0 0 0 0 0 70 0 0 0 0 0 380 0 10 0 0 80 120 0 0 90 0 0 0 0 0 50 0 0 0 0 520 10 190 0 0 10 470 0 0 0 180 10 0 0 0 50 0 0 0 10 0 7760 5660 330 370 0 0 0 100 0 0 0 40 0 250 190 750 0 0 0 20 0 40 0 0 0 0 0 20 0 1500 370 0 0 10 100 0 60 0 0 0 0 0 0 0 0 470 2020 750 0 0 0 0 2110
 0 0 20 0 140 0 0 0 0 0 0 0 115 0 0 50 0 0 0 0 0 480 0 1190 0 380 150 30 0 60 0 30 210 0 0 20 0 0 0 0 0 0 0 120 0 0 0 0 0 0 0 0 0 0 0 60 40 0 0 20 0 0 110 80 0 30 0 0 20 0 0 0 0 0 0 0 0 0 0 0 0 230 0 0 30 0 0 0 4420 0 0 0 30 10 0 0 0 0 0 0 0 0 0 0 0 0 0 0 0 0 0 0 1140 0 0 0 0 0 0 0 0 0 0 30 0 0 40 10 10 0 0 0 0 0 0 0 0 0 0 520 0 220 430 0 0 0 150 0 0 0
 0 0 0 0 0 0 0 0 0 0 10 0 370 0 0 0 0 0 0 0 0 220 60 0 120 0 30 0 250 380 0 0 70 0 30 0 165 0 0 0 0 80 30 0 0 0 0 0 0 0 0 0 0 0 290 0 330 10 0 20 180 0 0 0 0 0 0 0 0 0 0 0 10 360 0 140 20 80 0 0 0 0 0 40 0 0 0 0 0 0 0 150 0 40 1130 0 0 10 0 0 40 0 0 0 0 0 0 0 0 0 0 30 0 0 0 3760 0 0 0 40 210 20 70 0 60 0 0 0 770 610 90 695 0 340 0 0 0 330 0 0 0 0 0 30 0 0 0 60 0 0
 1150 0 180 0 0 0 0 0 0 0 0 0 40 20 320 0 40 0 80 130 0 0 30 0 0 0 0 0 20 0 790 0 0 0 50 0 170 55 0 170 0 0 0 0 0 3060 10 0 0 0 0 420 0 20 30 0 0 0 0 0 0 0 0 20 0 0 0 90 0 0 0 0 0 0 20 0 120 0 50 10 0 40 0 0 0 0 0 460 0 2110 0 0 0 210 130 190 0 0 0 10 0 0 250 180 0 0 0 0 0 0 0 480 0 0 90 0 0 110 30 10 0 365 0 0 0 0 0 0 110 0 0 0 0 320 0 0 0 0 0 0 100 120 20 0 30 0 250 7520 0 0
 0 10 0 0 140 0 0 230 0 0 10 0 0 0 230 20 260 0 430 0 50 0 0 420 0 8060 0 0 0 60 0 0 0 0 420 50 0 80 0 0 0 1310 0 0 70 0 0 0 90 10 10 0 50 10 0 0 1320 0 150 0 30 0 0 0 0 0 10 0 430 0 0 0 0 0 0 0 680 0 210 0 0 1030 0 0 130 0 0 0 520 960 340 0 0 0 100 0 20 30 1010 340 0 40 0 0 230 0 340 0 0 0 10 0 0 40 110 0 0 20 0 210 0 0 0 0 0 450 0 170 0 0 0 130 0 0 0 0 0 0 220 0 0 10 0 0 550 200 0 90 120 680
 0 0 20 160 0 160 0 0 690 0 760 0 0 0 0 0 0 0 80 20 30 590 0 110 0 0 1030 0 0 0 90 200 0 0 0 130 0 0 0 0 0 0 0 430 0 0 0 60 50 0 0 0 0 0 410 0 0 0 60 0 0 0 10 310 0 0 7000 70 130 0 0 0 0 230 770 0 0 0 1180 200 1160 0 0 0 0 0 0 0 0 0 0 0 160 0 0 0 0 0 470 0 0 0 210 0 180 0 0 0 0 30 0 840 0 0 980 20 190 0 0 0 0 0 0 0 0 0 0 0 0 10 0 380 0 690 0 120 0 0 0 0 0 10 50 0 10 0 0 0 0 0
 0 1320 230 130 0 0 0 0 0 0 0 160 70 0 0 50 0 0 1130 0 670 30 190 0 0 80 1250 50 0 0 0 0 0 0 0 330 0 10 0 0 0 0 20 0 50 0 20 250 0 180 0 0 0 0 50 0 0 0 60 0 0 0 10 0 0 0 0 0 0 350 0 10 0 0 830 0 0 0 0 370 100 0 1250 110 0 0 0 0 0 940 700 0 0 0 0 0 340 0 360 20 0 20 0 0 60 0 0 0 460 0 0 0 0 0 0 0 0 90 30 1050 0 0 0 40 40 0 0 190 680 10 0 0 0 0 0 0 0 40 0 0 0 0 0 0 0 0 0 0 355 0
 0 0 0 30 0 0 0 20 0 0 0 460 250 0 180 0 0 0 0 210 0 0 120 0 1000 0 0 0 0 0 3100 0 750 0 0 190 0 30 0 0 0 0 0 0 0 0 10 0 0 0 0 300 0 0 1670 220 0 0 190 230 1210 430 1635 0 0 40 0 0 1320 0 110 0 0 0 955 0 0 0 0 0 0 0 0 390 0 70 0 0 1500 0 0 0 0 0 0 0 270 0 0 0 0 0 350 0 0 40 0 0 0 0 160 0 0 40 0 0 0 0 0 0 90 0 0 0 80 560 0 100 0 0 0 1790 0 0 7270 0 30 0 350 0 0 200 0 0 0 20 735 0 0 0
 10 630 0 0 0 0 360 0 0 30 0 0 0 0 0 0 200 40 390 0 0 0 0 0 30 140 0 0 0 0 0 0 0 0 0 0 0 0 0 0 120 0 200 0 0 0 0 20 0 0 160 0 0 0 0 0 1630 20 280 1490 10 60 0 130 0 80 0 0 0 0 20 0 0 260 0 1170 50 0 220 0 0 0 0 0 290 0 0 0 7000 0 0 1050 380 480 0 380 820 200 0 0 0 40 20 0 0 0 740 0 0 0 0 10 0 1130 5370 1105 40 0 0 0 0 0 10 0 140 0 0 0 0 380 0 0 0 0 0 0 0 40 0 0 0 0 0 0 0 430 0 0 10 20
 3880 30 0 0 80 695 0 10 1780 0 0 0 300 0 60 0 0 0 0 0 0 0 0 0 0 0 0 0 0 0 0 20 0 0 0 60 0 100 0 0 20 0 20 0 0 0 0 0 20 2360 55 0 0 0 60 0 0 140 480 110 20 0 140 1740 380 0 340 0 0 160 0 0 0 0 0 30 600 340 0 0 0 0 0 0 0 0 50 40 0 190 10 0 0 140 0 0 0 0 0 0 890 0 1030 10 0 200 10 0 0 120 560 30 10 750 0 0 60 130 0 140 0 270 450 0 0 0 0 20 0 2600 0 0 0 0 0 0 180 7430 0 0 0 0 0 0 0 0 165 0 0 680
 10 0 2110 0 0 210 0 0 0 0 270 20 0 590 0 0 0 0 0 0 0 0 40 0 0 100 0 0 0 10 0 815 80 0 90 0 30 0 0 670 0 280 0 0 1490 0 0 50 0 0 0 0 20 220 0 0 0 310 830 0 0 0 0 0 0 0 0 0 0 370 0 50 0 250 4920 0 0 260 0 0 0 0 100 0 0 0 0 40 0 1900 0 0 0 0 540 0 40 0 0 0 0 30 40 0 60 0 0 0 0 3650 0 60 0 360 0 70 0 0 0 560 0 0 0 0 0 0 470 0 1960 30 0 0 0 470 200 0 1420 230 0 30 0 20 0 0 0 0 0 120 0 40
 10 40 40 150 1100 0 10 0 70 0 0 0 0 170 0 0 5620 140 0 0 60 0 1370 0 0 340 10 160 80 0 0 130 0 0 0 0 0 0 640 20 0 0 0 0 735 0 0 0 0 10 0 0 530 0 90 30 0 0 0 90 160 0 0 50 0 0 680 0 10 0 10 10 590 0 0 0 20 0 0 0 0 90 0 0 0 0 0 0 0 0 30 160 7270 0 130 20 0 620 330 0 0 50 0 0 20 340 0 30 0 0 0 50 0 0 0 190 0 0 0 0 0 350 40 360 0 0 0 0 0 0 0 0 490 0 0 115 4100 0 0 70 0 0 420 0 0 0 0 0 0 450
 0 0 0 280 0 0 0 0 0 0 0 0 10 10 20 0 1680 0 0 0 0 0 0 0 80 0 0 0 40 0 30 140 0 0 0 0 320 10 0 100 600 0 1050 190 0 0 960 0 0 0 0 50 0 0 0 0 0 0 0 4100 0 20040 7810 230 50 0 0 0 0 0 680 180 80 0 0 0 0 0 0 0 0 0 0 0 20 0 0 0 0 0 0 0 0 20 0 640 330 0 0 430 0 190 165 0 0 0 210 0 60 0 20 0 0 0 0 0 85 3770 590 0 0 0 0 0 0 0 0 0 0 140 0 0 0 250 350 10 0 0 0 0 10 0 0 240 0 10 0 10 770 0
 0 0 60 0 0 270 0 0 30 10 0 0 380 0 180 0 0 0 0 0 40 0 30 0 0 270 60 0 40 0 0 0 0 310 0 0 0 10 0 0 0 0 0 0 200 10 0 0 0 0 0 130 0 20 140 0 0 0 0 30 0 0 0 0 0 830 280 190 180 40 0 0 0 0 690 4980 0 0 20 60 180 0 100 20 0 0 0 0 0 0 0 0 0 0 0 0 0 0 0 0 0 0 10 0 0 2110 0 0 90 0 0 0 0 0 0 0 30 90 0 0 30 0 580 4040 120 0 0 10 0 0 0 0 0 0 340 14280 0 0 10 80 90 0 0 0 0 0 0 10 0 0
 40 0 20 0 0 890 220 80 0 0 0 60 60 160 60 80 50 0 0 0 1030 0 0 230 0 680 0 10 0 0 0 130 150 0 1580 90 0 0 0 0 1460 125 130 180 0 20 0 0 0 0 0 0 0 60 0 490 0 0 0 0 0 0 170 0 0 70 0 0 0 0 0 1780 0 0 0 0 10 0 0 0 20 0 4100 0 0 0 0 0 120 0 5770 0 10 0 0 2600 0 0 0 0 0 340 1105 0 440 340 40 210 675 0 0 0 0 90 310 0 0 0 0 0 0 0 10 0 0 560 0 0 0 0 40 20 0 0 0 10 30 0 0 10 0 0 0 0 10 0 0 0 0 7240
 0 0 0 0 0 0 0 0 0 0 0 210 0 0 0 0 0 0 0 0 0 0 0 980 0 0 0 0 0 250 0 0 200 20 300 0 0 150 0 10 0 330 0 140 0 0 0 0 30 0 0 0 20 0 0 90 0 10 80 0 0 1030 0 0 0 0 0 0 0 0 130 1900 60 130 0 0 0 0 60 0 40 0 340 0 0 0 170 0 0 0 120 250 3660 100 0 0 40 0 40 30 0 10 0 20 0 0 30 260 0 0 0 0 0 0 0 0 0 10 200 0 0 0 0 60 100 590 60 10 0 0 0 210 0 0 0 0 180 0 0 60 0 590 0 790 0 0 0 0 0 0
 0 0 0 140 0 0 0 0 0 100 0 0 10 850 1060 0 0 0 40 40 0 0 0 0 0 10 710 0 10 155 210 0 0 140 10 0 590 0 0 0 0 0 0 0 0 0 0 330 0 0 0 90 0 0 225 0 0 10 0 0 0 0 0 0 0 0 0 10 0 0 0 0 50 0 0 110 0 140 0 0 0 0 0 0 0 0 0 0 0 0 0 0 530 0 0 0 0 0 0 0 0 0 290 0 0 60 0 110 0 0 130 60 0 80 0 50 0 0 230 0 0 0 0 0 1310 0 20 0 0 0 0 0 0 355 0 0 0 90 30 0 0 0 0 0 0 0 190 0 100 0
 0 610 0 0 0 0 0 0 0 0 0 270 0 0 0 0 0 0 0 420 0 0 0 0 0 0 0 0 0 380 0 0 2130 4100 430 7820 220 15470 0 0 5770 0 80 0 190 0 0 0 520 0 0 0 0 90 2170 0 0 430 0 0 0 0 0 0 0 0 0 0 0 10 0 0 0 0 80 10 0 0 530 0 0 0 0 0 0 0 750 250 100 0 0 10 0 0 0 10 0 40 3770 0 40 650 0 2600 0 690 210 0 30 590 460 0 20 0 0 0 0 0 0 0 0 0 0 0 0 0 180 0 0 0 0 0 210 0 0 0 0 0 0 0 0 0 0 0 60 0 0 40 0 0
 50 40 0 980 0 0 0 0 0 0 0 0 0 0 0 0 0 0 0 0 0 80 0 70 280 0 0 0 130 70 100 70 0 20 0 0 0 750 0 0 0 10 0 0 0 0 0 0 0 0 0 0 0 130 0 130 0 1130 0 0 0 10 640 0 0 125 0 0 50 0 0 0 220 1350 0 0 0 70 0 0 0 0 0 180 60 10 0 0 0 0 0 0 30 0 0 0 0 0 0 0 0 930 1110 0 10 0 0 0 0 2600 0 4100 0 0 0 90 0 0 0 0 0 0 0 190 1070 0 30 0 730 0 0 0 30 0 60 0 0 0 180 0 0 110 330 340 2600 10 0 0 0 0
 10 0 670 270 0 0 0 80 150 7500 0 290 50 0 0 0 0 20 0 0 0 160 0 0 0 0 0 0 110 530 160 0 0 4920 380 0 310 0 300 0 0 0 0 690 430 20 180 10 0 980 0 0 0 0 0 930 0 1300 0 13060 1150 0 190 180 0 0 0 1160 0 0 0 1060 0 0 0 0 0 0 0 300 700 130 0 340 0 30 0 0 0 640 0 0 0 0 0 0 0 0 10 0 380 0 0 0 0 0 0 0 0 110 420 0 40 0 0 130 0 0 0 0 0 0 0 0 0 0 10 695 10 0 0 0 20 3230 0 40 0 150 0 0 0 0 0 0 0 0 0 0 0 350
 170 0 0 0 0 0 10 0 0 0 10 0 0 0 4040 0 0 90 60 0 0 0 0 0 0 0 0 0 1060 120 90 0 570 0 0 0 550 410 0 0 0 0 7000 0 0 0 0 0 180 0 0 0 40 0 0 160 0 0 0 0 0 0 0 0 0 3060 0 0 50 0 0 0 0 0 20 0 0 740 0 10 0 0 0 0 0 0 0 0 110 0 70 0 0 160 0 0 20 25 0 0 0 0 0 200 0 20 0 100 0 100 0 0 0 0 160 0 0 0 0 490 0 0 0 0 80 9880 150 0 0 10 0 40 0 380 0 0 0 60 10 0 100 0 0 0 170 0 0 310 0 0
 13330 530 0 130 610 0 0 0 405 0 10 20 30 0 0 140 0 0 870 0 0 0 0 110 0 60 0 10 270 0 160 0 40 290 700 0 0 180 40 350 0 0 0 160 80 170 0 210 0 0 20 0 30 0 0 0 0 200 0 480 0 0 0 0 0 0 0 0 0 0 0 0 10 0 10 0 0 0 220 0 250 0 0 0 10 0 410 0 0 0 0 0 320 0 0 340 580 0 0 0 0 0 0 130 0 0 0 0 0 10 0 70 10 0 0 0 0 260 0 40 0 0 20 820 0 40 0 130 0 0 0 0 10 0 0 0 0 140 0 0 0 0 0 0 0 430 10 330 0 0
 0 1500 0 0 0 0 0 160 10 0 170 10 1390 0 0 0 0 0 0 0 10 690 0 0 0 0 270 0 0 0 0 10 0 0 10 0 0 380 0 30 0 0 0 0 40 0 0 0 0 0 0 120 0 10 0 0 0 20 70 0 0 310 30 0 210 50 0 0 70 280 3850 0 220 0 0 0 0 0 0 0 0 0 0 200 80 0 0 10 340 60 0 0 0 120 0 0 0 0 0 0 0 0 0 0 50 30 0 0 125 690 310 0 0 0 0 0 200 0 0 0 0 160 0 0 0 10 0 0 190 0 0 50 0 0 0 10 0 0 0 40 0 0 1090 0 120 60 0 10 20 20
 250 0 0 480 0 0 0 680 0 0 0 0 0 0 0 230 0 410 490 0 0 0 0 0 0 0 0 0 0 0 0 0 0 0 20 0 90 0 0 730 0 0 100 0 0 130 270 0 0 50 0 0 0 0 0 0 0 0 0 0 0 20 0 0 0 0 0 0 0 130 0 50 0 50 10 0 270 0 10 190 10 0 0 0 0 3770 50 0 40 0 325 0 0 0 110 0 480 0 0 2360 0 0 0 0 0 60 90 0 0 80 100 0 500 0 0 0 85 0 60 0 0 0 0 0 100 80 0 50 130 150 0 0 80 0 0 0 0 0 0 0 0 0 0 0 30 40 0 0 0 20
 0 0 0 0 5660 1945 0 50 0 10 0 0 0 0 0 3770 70 0 10 0 160 1555 0 0 0 0 0 0 0 1555 0 0 0 10 0 0 0 0 0 0 1780 0 0 40 0 1350 0 1525 0 0 1690 0 0 520 270 0 10 10 220 0 0 0 390 0 2320 560 230 500 30 500 0 0 0 0 0 10 0 0 0 610 0 180 0 50 0 0 0 0 0 0 0 0 0 0 0 0 30 0 0 0 0 160 0 0 0 20 160 0 0 120 0 0 0 0 0 0 0 0 280 40 0 0 70 0 0 210 0 0 0 0 0 0 0 0 0 40 20 30 0 0 0 410 0 0 0 0 0 130 190 1945
 0 0 0 0 0 40 0 0 580 0 0 0 0 0 0 0 0 0 0 0 700 0 0 0 0 0 0 1070 0 1920 0 0 0 0 0 0 0 0 15 0 0 0 30 0 40 0 0 0 0 0 0 0 0 90 0 0 0 0 10 120 200 0 0 0 250 0 0 0 0 0 0 0 0 160 0 70 0 0 0 70 0 0 0 0 60 0 0 0 1455 0 0 0 0 790 0 0 0 0 0 30 0 180 0 1230 180 0 20 0 0 0 10 0 0 0 0 50 0 1050 0 50 0 0 0 640 0 0 0 0 0 0 0 0 0 0 30 40 60 0 10 0 0 0 790 1010 80 0 0 0 125 0
 0 0 0 0 0 0 0 410 0 100 0 0 0 1490 380 0 100 10 60 0 0 0 0 0 0 830 780 0 0 0 0 0 0 0 7240 0 0 10 0 110 120 30 1270 0 0 20 80 0 40 30 10 440 250 0 0 70 0 100 0 0 130 0 0 0 560 490 0 0 0 0 0 50 0 0 0 10 670 280 0 10 50 0 10 0 0 210 70 0 0 0 10 340 0 0 0 120 140 0 0 310 0 0 0 0 0 0 0 0 390 0 0 60 0 0 0 0 0 1890 170 0 0 710 0 760 40 50 0 0 200 0 10 60 980 40 410 0 0 240 0 180 100 0 0 0 0 40 0 0 340 0
 0 10 0 0 460 180 0 80 0 490 0 0 0 0 0 0 10 0 0 0 45 60 0 0 0 0 0 0 40 4100 140 0 0 0 70 0 0 30 0 0 0 0 0 10 500 0 0 0 0 10 0 50 0 0 90 50 0 0 0 70 0 2290 430 0 250 230 360 330 0 0 140 220 100 0 0 0 100 0 0 0 0 0 50 0 0 140 0 0 20 0 0 50 0 610 885 0 0 0 0 0 0 20 0 10 0 0 0 500 0 0 0 280 0 0 0 200 0 0 540 0 0 0 40 0 20 0 0 30 0 0 0 70 0 0 0 0 0 0 450 450 320 0 0 0 0 0 0 0 1580 0
 0 0 0 190 0 0 745 0 0 0 0 0 0 20 0 0 160 0 0 0 0 0 3620 1260 0 0 0 0 130 0 40 0 0 0 660 190 0 0 0 0 0 0 0 0 20 360 0 0 0 0 0 0 20 30 0 90 100 2790 0 0 0 1960 200 160 0 0 130 0 0 0 0 810 0 0 0 770 0 10 0 0 0 0 0 0 0 0 0 7740 0 70 0 0 0 0 0 0 40 100 0 0 10 0 0 120 0 0 0 60 0 0 0 60 0 620 0 10 0 70 0 0 0 0 0 130 930 410 0 30 0 0 0 705 0 0 0 0 30 0 0 0 0 0 10 0 0 0 2190 340 0 0
 0 260 0 20 340 0 0 0 170 0 0 0 0 0 0 0 30 0 30 0 40 60 140 0 410 0 0 0 0 0 20 0 4810 0 0 0 40 0 0 20 80 0 30 0 0 0 180 0 30 0 0 1940 80 350 0 640 680 0 70 0 0 0 1490 1050 0 80 0 0 0 0 0 100 0 10 0 180 0 40 0 0 0 0 90 0 0 30 0 30 10 0 0 0 0 0 0 3230 40 0 0 0 0 0 0 1740 0 80 0 0 0 70 0 0 0 0 100 10 0 0 0 0 60 0 0 0 0 0 0 0 0 190 20 30 0 0 0 0 60 0 0 0 0 0 0 0 0 210 0 0 40 250
 0 570 0 210 0 290 0 0 810 0 0 10 0 0 0 0 0 0 0 0 0 0 140 280 1580 0 0 0 790 0 90 0 0 80 0 90 0 0 0 0 1830 0 210 1350 0 0 90 0 0 0 40 210 760 0 140 0 60 0 120 0 80 0 0 0 0 130 70 0 0 0 20 0 0 10 1070 0 0 430 0 0 0 0 0 0 0 560 0 0 5690 0 0 0 0 0 0 0 80 0 0 0 140 0 0 0 0 0 110 170 350 0 470 0 110 0 10 0 0 0 0 0 100 0 0 95 10 0 0 0 0 0 0 0 320 270 0 0 90 0 180 0 0 0 0 0 0 0 7010 0 0 190
 7000 0 765 0 0 110 940 40 1980 0 80 0 300 0 0 0 0 0 80 0 60 260 0 0 0 0 0 0 0 0 550 0 0 0 40 0 0 0 0 140 0 0 0 0 0 0 0 0 0 0 530 0 70 0 4040 0 0 350 0 0 0 0 430 40 0 0 0 0 0 0 0 0 0 0 0 130 0 0 0 250 0 0 0 40 0 0 0 0 0 70 500 0 370 20 0 90 0 0 0 0 160 110 0 0 270 1070 0 0 0 940 1050 10 0 0 0 0 0 0 0 0 0 0 0 0 0 80 0 280 100 0 90 0 0 0 250 0 60 70 0 10 80 0 110 0 0 0 0 0 80 30
 130 0 0 60 0 0 0 0 0 150 0 0 0 1560 10 550 0 10 0 0 10 0 790 0 0 1620 0 0 0 0 0 0 10 0 0 0 6980 0 0 0 0 0 290 0 0 0 0 100 0 0 0 0 0 0 30 0 110 0 1050 60 0 130 0 0 0 9300 115 20 0 0 0 20 0 0 0 0 0 20 0 0 20 0 0 0 30 0 230 0 0 0 0 0 0 0 0 0 50 10 15480 0 10 0 0 0 0 0 0 0 0 0 0 0 0 0 0 750 80 0 0 3230 0 0 0 0 0 0 0 0 0 0 0 170 0 0 0 0 0 200 0 0 0 0 0 100 810 0 0 9300 0 0
 80 410 30 7270 0 90 0 0 70 300 0 0 0 0 0 40 0 540 20 100 0 0 0 250 9680 0 0 0 20 0 0 0 70 680 190 0 0 0 0 90 0 0 0 0 0 0 10 125 0 0 0 0 360 0 0 0 0 0 270 0 0 100 0 100 40 0 40 480 0 0 0 0 0 0 0 0 690 0 0 0 340 60 0 0 0 170 20 460 0 0 190 0 0 0 0 0 0 0 590 0 0 0 0 610 0 0 0 0 10 60 0 0 20 0 0 0 0 680 80 4880 0 70 0 0 0 0 40 720 0 20040 0 0 10 0 0 0 260 0 0 0 250 0 0 330 0 0 30 0 90 0
 210 140 460 0 0 0 0 0 330 160 70 0 20 0 0 0 0 0 260 20 0 0 30 14250 0 0 0 0 0 0 0 0 0 60 0 1080 0 20 0 0 0 0 0 0 0 0 70 680 0 0 0 0 0 1210 0 0 20 0 0 0 0 0 0 0 0 0 0 0 10 310 0 0 0 0 0 0 790 420 0 0 0 0 0 300 20 0 0 0 0 0 0 0 0 90 0 0 0 1630 0 0 0 270 0 0 0 50 50 180 0 0 0 0 0 60 0 0 0 0 0 40 0 0 0 0 280 0 230 0 20 0 350 0 0 0 0 0 0 0 0 0 0 0 10 80 420 0 0 0 0 0
 0 0 0 0 0 0 0 0 0 0 120 0 100 0 0 50 0 20 0 0 1580 0 0 40 0 1070 0 0 0 0 20 140 0 0 60 10 10 20 0 0 0 0 50 0 0 0 0 30 0 0 0 150 0 420 0 0 0 10 0 150 0 0 0 1490 0 130 1120 0 0 0 510 0 0 570 0 790 50 0 0 4420 0 0 0 0 1210 40 0 380 0 0 0 170 100 0 0 0 10 0 0 0 120 0 340 370 70 0 0 0 0 0 0 0 70 530 10 0 0 0 0 10 0 0 240 0 0 150 0 120 680 0 340 0 0 0 80 0 350 0 0 0 0 0 0 0 0 0 0 0 0 0
 340 0 0 0 0 0 0 0 0 40 350 0 50 0 0 160 10 0 0 0 0 0 0 0 200 0 0 10 0 210 30 30 4310 0 790 0 0 0 0 0 0 40 0 370 490 0 0 0 0 30 0 0 670 0 0 100 280 0 0 40 0 0 0 0 0 0 0 20 10 0 0 0 40 0 0 50 0 0 0 0 0 1400 0 4100 80 0 0 0 100 0 30 0 0 0 10 13340 0 260 0 130 0 0 0 0 0 0 0 0 0 0 0 590 20 10 0 0 0 0 0 80 0 0 0 0 0 0 0 0 0 210 0 30 30 0 0 0 170 0 0 0 600 0 0 0 0 0 0 30 0 0
 0 0 10 0 0 0 0 0 0 0 580 0 0 0 60 50 0 0 7130 0 0 7010 50 10 240 0 100 0 1170 0 0 0 50 0 0 200 0 0 260 890 0 1120 0 690 0 690 0 0 90 170 0 45 0 330 260 120 0 0 0 0 0 0 180 380 300 0 0 0 0 0 0 0 0 815 0 0 0 0 0 0 0 60 0 0 3630 0 0 0 0 0 0 0 0 70 0 300 0 0 0 0 0 130 0 0 0 0 0 0 0 0 0 0 0 0 0 0 40 30 160 0 0 0 0 50 0 0 0 0 0 0 0 0 0 0 0 0 0 0 0 10 0 70 0 0 0 0 0 0 190 60
 10 0 0 0 0 0 0 0 220 180 0 70 0 0 40 0 0 0 0 30 0 0 0 0 0 0 0 0 80 0 0 0 0 0 0 0 100 120 10 0 0 0 0 0 0 0 0 370 0 0 0 0 70 0 0 790 0 0 30 610 330 0 430 1070 170 0 0 140 0 0 0 250 0 0 150 0 140 0 0 140 160 0 0 160 70 0 0 0 0 0 90 420 0 0 0 0 0 0 10 30 0 60 0 0 1670 0 210 0 0 0 0 0 0 0 0 0 0 0 0 0 0 0 0 0 40 70 0 0 0 10 0 0 20 680 0 0 220 0 0 0 0 0 0 420 0 250 0 0 10 290
 505 340 0 0 0 60 0 0 0 100 0 190 0 7470 0 0 0 0 0 0 790 0 0 0 0 10 910 100 0 100 0 330 0 0 0 0 0 0 190 0 0 0 0 0 0 0 0 0 1220 0 400 10 110 0 70 2020 350 0 0 0 20 0 170 0 0 0 0 0 0 0 0 40 0 0 0 0 0 0 0 170 0 0 0 0 30 0 560 0 340 40 50 0 0 0 0 0 0 0 0 770 10 1150 2110 1020 0 5660 0 0 40 915 0 160 0 0 10 0 0 0 0 0 0 3830 0 0 0 0 0 0 0 0 290 120 0 0 0 150 0 390 10 0 0 0 0 0 0 690 0 230 0 0
 0 0 0 0 0 0 0 30 0 0 0 0 0 0 0 0 0 0 0 690 0 0 0 0 0 0 0 1110 0 130 0 80 0 0 750 120 0 40 0 60 90 140 100 0 40 0 0 240 0 0 0 0 10 220 80 0 0 1050 0 10 1070 0 0 0 90 0 0 0 0 0 150 0 150 40 260 0 40 0 0 0 0 0 200 160 0 0 0 0 0 0 0 310 0 500 0 0 0 0 0 0 0 0 340 0 0 50 180 0 0 0 140 0 580 0 30 0 560 10 0 40 0 0 160 0 0 0 220 70 0 0 0 0 0 0 70 0 0 0 790 0 0 0 30 1210 0 0 0 0 0 10
 0 150 1490 735 0 9300 0 0 0 0 0 120 210 60 1130 0 0 0 0 0 205 10 0 0 0 0 0 1630 0 0 0 0 0 0 0 0 0 10 10 0 0 0 0 250 0 0 1680 0 0 0 0 0 0 0 30 0 0 0 0 0 380 190 10 0 390 0 110 80 0 0 0 150 0 830 0 0 0 0 1740 310 0 0 390 0 20 0 20 0 210 0 0 0 210 0 320 270 0 720 0 0 20 0 0 0 0 930 0 0 0 0 0 0 0 0 0 7000 0 0 200 0 110 0 10 0 0 0 0 510 0 0 320 0 0 0 0 0 0 0 0 0 0 0 400 0 0 0 0 0 0 0
 0 0 40 0 0 0 0 0 0 0 0 330 200 0 30 1100 0 0 0 3060 0 0 0 0 380 0 0 0 0 210 0 0 0 0 100 0 0 0 0 0 0 190 30 40 10 10 0 0 0 0 0 0 20 0 15480 0 0 0 0 0 0 240 0 0 250 0 0 10 0 380 0 0 0 0 0 100 0 0 0 0 120 0 0 0 0 0 0 0 0 190 0 0 0 0 0 840 0 0 0 0 14240 0 370 0 0 0 0 0 0 0 380 0 30 0 0 120 30 0 0 385 0 0 780 200 115 0 0 180 10 0 0 0 0 340 0 170 0 0 0 0 0 0 0 0 0 0 0 130 80 0
 0 0 20 0 0 0 0 0 0 0 0 0 0 150 0 0 130 0 0 0 80 0 0 410 0 0 160 190 0 0 0 0 0 0 0 0 0 0 10 40 50 0 0 880 0 0 0 30 1720 10 0 580 0 0 0 0 0 0 730 30 0 0 100 0 590 10 5770 560 0 0 170 0 20 200 0 0 130 0 20 0 0 7520 0 0 0 860 0 50 10 0 60 0 0 0 1050 0 0 0 0 0 0 0 0 0 70 0 480 0 0 0 180 40 0 0 1720 0 0 0 0 0 0 100 0 0 30 0 600 0 0 90 0 0 280 230 340 70 0 0 0 0 0 0 0 0 0 0 1070 60 0 0
 40 0 0 700 500 270 0 0 0 0 280 0 0 0 0 0 0 0 0 0 0 0 0 0 0 330 0 0 0 0 0 0 0 0 340 0 0 190 10 0 70 0 0 0 640 10 0 0 0 10 90 50 0 260 0 20 0 0 0 40 0 0 0 0 0 0 0 390 0 0 0 0 280 0 0 0 0 0 130 0 160 0 30 0 0 0 0 0 1630 0 0 0 0 0 125 0 0 0 0 70 20 0 0 0 0 0 0 230 0 30 0 0 0 0 0 0 0 0 0 0 160 0 740 0 0 0 0 230 0 790 0 0 0 70 0 190 0 30 0 50 0 0 0 0 0 0 7270 0 0 1160
 0 0 50 0 0 0 210 70 0 30 0 0 0 0 0 0 0 370 10 0 0 0 0 0 0 0 20 0 0 9880 0 0 0 80 0 0 0 0 0 230 0 830 0 0 0 0 0 0 1710 0 120 0 340 0 0 260 70 160 0 40 20 250 0 1040 0 110 0 0 815 0 0 0 0 0 1210 0 10 0 80 0 220 0 10 0 0 0 0 60 0 0 0 0 0 0 0 1515 0 210 0 30 140 0 0 160 80 0 0 0 0 0 0 160 0 0 0 0 60 0 0 0 0 1000 0 0 70 0 100 0 10 0 0 120 0 0 0 0 0 0 0 0 0 0 0 0 0 0 0 0 280 0
 0 0 0 590 880 0 0 170 0 1720 0 230 0 10 0 0 230 1010 0 0 40 55 0 190 60 0 0 0 0 0 0 0 0 0 0 0 0 0 0 0 120 60 0 0 0 0 0 0 0 80 0 0 0 0 0 0 0 0 0 0 0 0 0 0 20 0 0 0 30 0 60 0 0 0 0 0 60 0 30 0 0 0 0 160 0 0 0 0 0 0 150 0 0 0 0 0 0 370 90 80 0 0 1720 0 0 0 0 590 20 470 0 0 0 80 0 20 0 0 0 0 190 0 0 0 0 20 0 0 0 60 120 0 0 50 0 0 0 130 0 0 100 0 0 0 140 0 0 20 30 20
 2600 0 10 10 270 0 0 280 0 0 0 0 40 0 0 0 0 0 0 120 0 500 0 430 40 0 10 0 0 0 70 0 0 0 0 0 0 0 80 0 0 0 0 0 0 280 0 190 0 0 0 0 0 0 210 1680 10 0 0 130 0 0 220 0 30 0 0 0 130 260 10 0 450 0 0 790 0 0 0 0 0 0 0 0 90 0 10 70 0 0 0 0 0 100 0 210 0 0 310 0 0 0 0 0 0 0 190 0 110 0 30 0 0 140 0 0 85 0 0 0 40 0 0 20 0 0 70 0 0 0 0 60 0 190 280 0 165 0 40 30 9300 200 0 40 0 0 0 1030 0 10
 0 0 10 0 0 0 60 0 0 0 0 0 170 385 0 0 0 0 10 0 0 30 0 0 10 0 0 0 10 0 0 120 330 110 220 0 10 0 0 0 0 0 0 0 0 365 790 50 0 0 350 0 0 0 0 0 10 0 0 0 0 0 0 0 10 0 0 0 50 10 490 0 0 0 0 0 0 0 0 0 20 0 0 0 0 0 380 0 0 90 0 190 40 0 0 0 0 0 0 0 70 0 10 0 0 0 30 7520 0 0 0 0 0 2360 0 0 210 0 50 0 0 0 0 10 0 0 0 0 0 230 0 0 0 90 0 0 0 0 0 30 0 0 230 0 0 0 0 0 0 0
 10 0 0 0 0 0 0 0 0 160 0 0 0 0 0 460 0 0 0 10 10 0 40 0 0 0 130 470 0 0 0 50 0 8010 0 0 0 0 10 0 40 110 0 0 0 0 160 290 420 10 0 0 0 4420 0 0 220 0 0 0 0 0 0 140 10 0 0 0 370 0 1650 0 0 0 0 180 30 0 0 0 50 0 0 0 0 0 80 0 40 0 2600 200 0 0 0 530 210 0 0 0 0 0 0 10 0 390 0 10 0 0 0 220 30 0 0 50 0 140 980 0 70 0 0 340 230 0 0 60 130 140 80 1500 0 0 230 0 0 5660 0 0 0 0 0 0 410 0 30 0 140 0
 70 60 10 0 0 160 0 100 0 0 0 0 0 310 0 0 0 10 0 0 3660 590 0 0 0 0 0 0 0 0 4100 370 0 10 0 0 0 0 0 0 0 0 0 0 490 0 0 0 20 0 0 0 220 0 0 0 0 0 60 390 1500 0 520 490 0 340 20 0 0 420 0 0 700 0 190 0 470 100 0 0 960 0 80 0 40 0 0 810 0 240 0 0 3060 0 0 0 870 0 15480 0 0 580 0 0 500 2600 0 180 280 0 0 0 10 0 0 110 10 10 450 0 0 0 0 330 0 0 0 0 0 0 0 0 60 260 0 0 0 0 10 0 0 160 0 60 0 830 0 0 10 0
 0 720 0 0 120 0 0 0 0 0 0 0 0 670 0 0 0 0 1070 20 0 0 0 0 10 2600 0 0 110 30 0 0 110 0 60 0 0 0 0 140 0 0 0 0 0 0 0 0 0 440 0 0 0 180 0 0 0 0 0 0 10 160 0 0 0 210 1710 90 0 0 0 0 170 0 0 0 0 0 0 0 0 0 220 10 3250 90 0 90 230 410 0 30 0 0 0 0 0 0 380 0 20 0 0 20 0 0 430 0 0 0 150 80 0 0 0 0 120 10 0 0 0 210 0 0 0 0 0 0 0 0 0 210 0 0 0 0 50 0 0 0 0 0 0 0 0 0 0 0 60 1555
 0 1150 0 140 120 0 0 0 60 0 0 0 0 0 0 50 0 0 20 0 480 0 0 0 0 0 0 0 0 50 0 70 0 0 0 0 30 0 0 0 0 0 120 0 50 0 0 580 0 0 10 0 320 0 10 0 0 0 0 0 0 0 0 0 180 0 0 0 740 30 0 600 0 0 0 110 0 0 0 5920 100 0 0 0 10 0 80 0 0 30 60 0 0 0 0 0 0 0 790 760 0 20 0 80 0 0 0 0 0 0 250 0 1030 0 5710 480 430 0 430 0 0 340 0 20 60 0 0 0 1790 460 0 0 0 10 930 0 30 0 160 10 0 0 0 5530 0 0 10 130 0 0
 0 0 50 0 0 0 0 1250 0 0 0 0 0 0 0 0 0 0 0 60 0 0 70 0 0 240 1560 0 20 1500 0 0 0 40 0 0 0 0 0 0 0 30 0 60 10 0 0 0 0 0 7520 0 0 0 0 70 0 40 0 0 0 1350 60 0 0 0 0 0 0 0 0 0 0 0 80 0 0 1150 0 0 0 0 0 130 0 70 1630 0 0 60 0 645 0 0 0 0 0 0 0 20 10 0 350 20 0 420 0 0 0 0 13340 0 0 0 0 10 0 0 0 0 0 0 5770 0 0 0 0 130 190 0 0 10 40 80 0 0 0 0 0 90 0 0 0 900 120 210 0 0 0 0
 0 0 0 0 210 0 0 1130 1060 0 0 0 3090 0 0 20 0 0 0 470 470 0 0 120 0 125 0 0 0 0 0 0 0 460 0 0 0 0 120 0 220 0 0 90 0 0 0 0 0 0 0 0 0 0 0 0 0 0 70 0 0 0 0 190 690 0 0 0 0 0 280 0 0 0 0 0 0 90 0 0 0 0 320 0 40 0 250 7270 30 0 20 0 0 0 0 70 0 0 0 0 0 410 0 0 0 290 40 0 0 0 0 110 80 130 0 0 0 0 180 20 350 0 0 0 0 0 0 0 0 0 830 20 0 0 0 70 0 0 0 10 0 0 0 0 0 220 60 0 0 0
 30 10 0 0 0 190 0 0 0 0 0 140 0 0 0 20 0 4100 0 0 0 0 1050 0 0 0 410 35 250 260 0 0 0 230 0 0 120 0 70 7240 0 0 0 0 0 740 0 580 60 0 0 0 0 0 0 0 0 0 1830 0 590 0 0 0 0 0 590 0 0 0 0 0 0 0 0 0 0 60 0 0 0 0 0 60 0 220 1030 0 90 0 0 0 0 340 100 0 0 80 0 0 0 0 160 0 0 1790 600 0 0 50 0 0 10 0 0 0 0 510 0 0 5770 0 0 0 170 250 40 70 0 410 0 170 40 0 0 0 0 20 50 20 0 0 0 0 0 2460 0 10 20 0
 0 0 0 0 0 30 0 180 140 200 830 140 0 90 130 0 0 90 0 40 30 0 0 735 0 0 0 550 0 150 0 0 0 270 110 0 0 0 0 0 0 0 0 0 10 0 0 0 40 10 0 0 230 60 0 0 9280 0 270 20 0 0 0 0 0 140 0 0 0 0 0 0 0 140 0 90 0 0 0 0 0 0 590 30 0 0 0 0 0 0 50 0 0 0 0 0 0 0 0 0 70 60 0 60 0 0 120 0 0 0 0 40 0 0 0 210 0 0 1070 0 0 0 140 50 0 0 10 0 1040 0 0 0 7000 2360 0 0 0 0 0 0 590 10 0 0 0 210 20 0 0 0
 0 15460 270 0 0 0 20 420 0 0 3600 0 10 0 0 130 0 0 290 0 0 0 0 0 0 440 0 0 0 0 0 790 0 10 30 210 180 0 20 20 0 10 0 330 0 20 0 1140 0 115 0 60 1210 10 0 0 7270 0 250 510 0 0 0 50 0 0 0 695 0 0 20 0 0 0 230 0 0 0 690 0 0 190 400 0 0 20 0 0 690 0 10 100 0 0 580 0 0 0 940 0 730 0 0 0 10 0 0 0 0 0 0 140 10 0 0 0 0 0 160 0 0 220 90 1260 0 20 730 20 120 0 0 0 280 0 0 10 1060 0 0 0 0 0 0 0 160 30 0 0 340 0
 0 150 80 0 0 0 0 0 0 0 20 0 50 10 0 150 0 0 0 0 630 20 500 90 0 0 70 0 30 0 1720 0 0 0 80 160 0 0 0 0 2020 0 0 0 0 180 0 0 0 0 0 0 0 0 1270 10 0 590 0 0 0 0 1070 0 0 0 10 0 0 0 0 0 50 10 0 1650 30 0 0 0 0 0 0 700 0 0 0 0 0 160 0 70 0 0 250 0 7270 10 0 100 60 0 300 0 30 0 0 0 40 340 1780 0 0 0 500 10 0 0 10 105 0 0 0 140 0 0 0 0 230 70 0 0 130 0 0 290 0 0 170 0 0 0 0 200 0 0 0 60 0 0
 0 10 0 190 0 0 0 0 0 0 70 0 330 0 0 0 30 0 0 0 150 270 0 0 300 0 0 640 6600 0 270 0 0 50 20 30 0 0 0 0 0 400 100 7260 0 60 0 0 20 20 0 0 80 0 0 530 0 170 0 0 560 140 50 10 60 0 60 340 0 40 0 0 0 0 270 0 0 0 0 250 0 0 0 0 0 0 0 150 0 0 230 0 10 0 0 0 0 0 10 0 0 0 10 0 0 0 0 0 0 100 0 0 0 560 0 210 0 0 0 0 210 0 120 0 0 0 2150 0 0 0 0 0 110 60 0 10 80 40 30 0 10 910 170 0 0 0 0 0 0 0
 0 20 280 0 0 0 0 0 2020 70 0 320 0 0 0 0 0 0 700 0 0 0 10 20 10 275 0 0 0 0 160 100 0 30 0 0 0 0 0 0 0 20 0 0 0 50 0 0 0 0 0 0 0 0 0 430 0 0 0 0 20 0 0 0 95 0 0 110 0 0 0 3060 0 1130 0 1590 350 0 0 40 10 2310 0 0 40 0 0 90 180 0 0 60 610 0 0 0 40 2020 0 0 0 0 85 0 0 0 320 0 0 0 210 0 0 1490 0 0 0 0 5770 0 0 0 0 0 580 0 0 0 110 30 0 0 20 0 0 0 0 0 0 0 0 0 0 230 0 0 20 0 0 0
 0 0 0 480 20 0 0 0 90 0 0 0 210 0 0 3510 0 0 0 170 0 0 0 40 0 0 30 0 270 0 0 0 0 0 30 0 0 0 0 90 0 40 0 5740 0 0 0 0 0 0 320 0 0 0 150 0 0 0 0 60 0 0 0 210 0 170 0 0 40 0 0 0 0 0 0 0 0 340 0 0 0 0 790 0 0 0 0 0 0 0 50 140 0 0 20 0 0 0 40 340 0 0 0 0 0 0 0 250 0 0 80 100 1655 10 0 0 100 0 0 100 30 0 0 0 0 20 0 70 0 0 0 0 0 20 0 0 0 0 0 190 0 120 430 0 1050 40 0 4780 0 0
 0 0 0 0 0 0 0 0 0 735 0 0 10 0 0 10 0 0 0 0 310 0 0 0 90 0 0 770 0 610 0 0 0 0 0 0 0 0 0 0 0 0 30 0 0 0 0 1720 750 80 180 0 220 0 0 0 0 30 0 410 0 0 0 0 0 0 0 0 30 0 0 30 0 20 0 0 0 370 0 10 0 0 0 190 0 0 7270 0 0 0 0 0 0 60 0 0 240 0 0 0 0 0 0 0 0 0 0 0 70 0 0 0 0 0 220 0 0 0 0 0 0 0 0 0 0 0 0 40 130 180 0 0 50 0 150 390 0 0 0 0 0 340 10 0 0 0 0 0 0 0
 0 0 400 0 0 10 0 150 20 0 120 0 0 80 50 0 0 0 190 0 0 0 30 0 40 20040 0 10 640 0 0 110 0 0 250 0 20 0 0 40 0 0 380 50 0 0 0 0 20 0 10 0 0 0 0 0 0 0 0 70 0 1070 10 0 0 610 0 460 0 110 0 0 560 70 0 0 0 0 0 0 0 0 0 540 0 0 0 180 0 290 0 0 0 0 0 50 0 90 0 0 0 0 0 0 0 0 20 410 0 1600 160 0 110 0 0 0 0 0 0 0 10 0 100 1690 20 4810 0 0 0 0 5660 0 0 0 0 0 0 0 0 0 0 730 1130 0 10 0 0 0 280 0
 0 0 0 100 0 0 0 0 1380 180 0 0 0 50 0 0 0 0 0 0 60 0 0 0 0 0 0 0 170 0 4810 0 640 0 1105 0 600 50 0 0 0 0 0 70 0 150 130 0 0 0 0 0 0 0 0 170 0 0 0 0 0 0 0 4810 0 10 0 0 0 0 210 0 0 560 0 0 0 1030 0 0 7510 100 490 0 0 0 0 0 0 0 0 80 0 0 680 0 0 0 70 60 0 0 0 0 0 0 0 0 0 0 490 0 0 0 670 0 30 0 30 0 0 0 0 0 0 0 0 0 210 0 0 460 0 0 0 0 4810 60 0 0 95 0 290 0 0 0 0 110 340 250
 0 10 180 270 0 0 0 0 0 0 0 0 40 0 20 0 0 50 40 0 0 20 610 0 0 0 190 130 0 0 0 0 0 0 0 0 0 0 0 0 0 40 10 0 50 0 0 0 0 0 0 0 50 7240 0 10 0 0 0 10 0 0 0 0 840 160 0 0 0 0 0 0 40 210 300 0 130 0 0 0 0 0 30 590 110 0 255 0 30 0 180 0 110 0 570 0 0 0 160 0 30 0 530 40 0 0 735 0 0 0 0 30 0 2550 0 0 0 0 0 0 0 0 0 0 90 0 0 0 0 0 120 0 0 0 0 0 310 0 0 2050 0 0 0 60 0 70 0 0 0 60
 0 0 0 0 0 10 0 5430 1160 0 0 0 0 0 0 0 0 0 300 0 130 0 610 0 0 0 0 0 0 0 0 0 0 0 0 680 0 0 0 0 140 0 10 0 70 205 0 0 0 0 0 0 80 0 0 0 0 0 0 0 310 40 0 0 40 20 0 60 40 100 0 200 720 0 0 0 0 0 0 0 140 0 0 0 0 480 220 0 70 0 0 0 0 0 0 0 480 0 220 530 30 0 0 0 0 0 0 0 60 120 0 60 0 0 0 0 0 10 0 130 0 0 570 0 0 0 0 0 1210 0 0 0 10 0 0 210 0 0 0 200 70 0 0 0 0 15360 0 0 0 0
