150
 235 0 0 0 0 0 9 0 0 24 0 79 2 3 0 0 10 41 0 105 0 156 0 4 3 0 0 0 3 0 0 15 1 0 0 0 0 8 0 0 6 0 0 0 10 0 273 15 79 0 0 0 0 0 49 49 21 0 10 0 0 5 0 1980 92 0 19 0 0 28 22 0 0 0 0 0 7 6 0 0 0 14 0 0 0 0 0 0 6 0 0 13 0 0 0 0 30 0 3 5 0 0 0 15 0 0 6 10 24 26 2 0 0 0 0 0 7 0 253 33 0 0 0 104 3 0 0 0 0 0 0 15 0 0 7 249 7 0 0 0 0 0 0 35 0 1 0 26 0 0
 0 0 15 0 0 5 0 0 33 0 0 526 0 0 0 0 0 0 0 41 49 0 48 0 0 1 0 17 19 550 22 0 0 0 0 0 270 0 0 0 4 0 0 0 351 0 0 0 9 1 0 0 0 0 22 8 0 1598 56 0 0 0 0 0 0 24 0 0 0 0 0 166 0 0 4 21 3 0 0 0 0 181 115 0 2 3 17 0 18 0 218 0 0 94 0 0 347 19 94 9 0 0 0 429 0 0 8 7 11 0 0 0 75 33 0 0 0 0 0 0 156 3 0 0 0 0 0 2 0 58 9 0 155 0 0 0 0 0 0 39 0 0 0 0 18 88 0 0 0 22
 0 0 2143 0 240 0 0 0 0 9 0 0 23 65 0 0 811 6 0 15 2 0 0 0 0 1 0 0 5 0 0 0 1 58 0 0 40 0 3 0 0 63 0 15 0 0 6 1 6 0 0 0 27 0 0 0 0 0 4 0 15 0 0 0 11 0 0 0 26 0 0 0 0 0 18 0 0 0 85 8 0 66 11 15 0 4 0 0 4 0 0 0 37 0 0 30 0 0 30 0 40 5 0 15 96 0 0 0 16 0 0 0 33 35 55 0 0 0 48 0 9 0 0 0 0 0 0 75 1 0 0 0 0 0 22 0 0 0 25 0 0 0 55 63 0 18 0 0 0 2298
 47 0 0 49 0 0 6 0 0 1 0 1 0 0 0 0 0 191 0 27 29 7 10 0 0 0 0 4 0 0 0 0 0 0 185 0 0 0 0 57 0 0 1 0 0 0 0 0 3 171 8 34 1 0 3 29 0 0 0 0 426 0 0 14 0 0 93 0 0 17 0 6 57 0 0 27 0 268 8 0 0 10 0 0 6 97 0 18 0 0 0 0 0 0 0 96 0 0 46 0 11 0 0 3 0 9 0 0 2 0 1 0 0 0 26 3 0 27 1 29 5 23 0 0 0 18 20 0 0 0 0 0 25 117 0 0 6 0 0 21 0 0 126 36 0 0 0 62 10 21
 302 18 0 16 7 7 0 1 0 1993 16 0 0 0 0 0 0 87 0 6 0 0 0 0 0 2 0 8 7 287 0 27 0 0 20 0 0 85 0 0 0 0 0 39 0 7 0 18 0 0 0 0 16 0 0 0 1 1 0 222 20 0 14 0 16 160 0 25 0 309 1 0 70 0 0 0 2 10 0 0 0 0 0 0 0 8 0 0 3 0 61 0 0 0 0 23 9 0 150 3 6 62 84 11 47 0 0 0 0 0 0 15 0 176 0 0 4 394 0 0 0 5 0 0 1 57 0 0 3 0 0 3216 0 23 0 0 0 0 0 45 23 0 0 12 0 0 0 1951 0 0
 0 0 1 8 0 0 0 0 0 0 2 0 0 27 0 0 0 107 23 0 0 0 0 7 3 19 0 3 23 0 0 0 0 0 0 0 0 26 24 14 0 0 17 0 0 3 0 37 0 4 0 0 0 0 44 0 0 0 2 0 81 0 0 16 1 0 0 0 1 3 0 37 0 0 735 0 0 9 119 0 0 0 2 0 0 2 0 0 3 14 0 2 0 0 8 18 0 0 0 9 4 1964 1 0 0 0 15 0 0 7 0 97 0 0 0 28 0 1 29 0 39 20 0 1 0 156 25 0 22 0 0 0 0 0 0 16 227 9 0 0 7 0 36 0 8 80 0 0 0 5
 0 18 0 0 4 22 0 0 0 0 0 0 0 0 142 82 0 180 0 19 0 0 0 0 0 21 3 0 0 0 3 0 0 52 0 0 0 0 12 0 0 0 6 728 9 18 21 735 0 4 0 55 0 1 6 0 0 30 0 0 0 14 0 13 6 0 1 21 15 0 51 7 0 0 156 0 0 0 8 0 0 32 97 0 0 0 0 15 0 0 0 0 0 0 0 16 22 0 0 35 0 541 0 5 0 0 34 0 21 0 0 58 0 0 0 0 98 32 45 19 6 0 0 0 0 0 3 0 2 0 0 0 1 0 22 15 0 2 36 0 0 0 0 0 0 0 0 259 0 0
 1 167 17 15 0 0 0 0 0 36 0 1 0 0 1 0 17 0 0 1 10 0 3206 0 31 0 0 0 35 0 1 5 0 0 3 0 14 0 0 1 0 0 0 10 6 2129 13 0 9 0 0 0 48 0 0 0 41 0 0 0 0 0 0 0 0 0 0 0 0 0 15 94 6 0 0 1 0 3 0 30 0 0 2 0 99 77 0 0 0 94 0 91 0 0 101 0 0 0 42 3 209 31 0 16 6 0 0 0 87 0 0 0 3 0 0 0 302 7 0 0 0 4 94 0 10 6 434 0 0 0 0 0 0 0 0 7 0 0 2 0 0 2 0 33 2 0 0 2 12 0
 1 0 23 0 0 2 0 15 0 0 0 259 3 0 257 41 0 0 16 6 171 0 0 0 67 0 0 0 0 0 0 176 0 0 0 45 0 18 0 17 17 2 9 0 0 16 0 7 0 29 0 0 48 39 0 6 0 0 0 34 0 0 55 0 0 38 7 11 0 0 0 0 0 0 25 3 8 8 0 10 0 0 0 1 0 60 0 3 0 22 0 0 0 72 19 9 25 5 0 8 3 25 11 0 0 0 0 0 0 0 60 83 0 0 0 8 0 0 10 1 0 0 125 0 24 27 79 35 0 7 0 0 0 157 14 0 0 0 0 0 0 22 27 0 0 0 0 0 0 0
 0 737 0 0 0 8 45 0 0 0 2 4 15 5 0 0 0 0 5 3 0 0 0 34 19 0 0 0 0 0 85 0 0 2 0 0 0 0 0 7 3 55 0 36 0 30 0 0 3 18 0 0 42 0 1 0 21 76 0 0 0 1314 0 0 0 20 0 0 0 0 0 171 0 0 5 0 14 0 0 0 0 10 0 0 0 34 17 0 0 0 37 0 0 12 2 14 0 0 79 0 8 0 0 19 0 21 12 4 315 0 0 2 0 0 22 2 5 0 12 0 21 0 16 0 6 0 0 0 11 0 0 0 0 0 1 0 48 12 47 0 0 12 12 0 123 0 0 0 0 10
 118 1 84 49 0 0 1 17 6 0 3 0 0 0 8 0 0 0 0 0 0 434 0 27 0 0 0 34 0 5 0 0 5 61 0 0 1 0 11 0 1444 0 0 0 0 0 0 0 0 4 6 0 0 54 0 0 0 0 39 0 0 0 213 0 0 0 6 0 0 17 0 32 0 0 24 0 2 0 130 0 0 0 4 0 0 0 33 11 0 0 17 0 0 0 0 0 10 0 25 899 3 0 1100 0 0 0 0 23 42 259 0 0 0 1976 0 0 8 0 0 0 0 0 5 0 0 106 66 13 0 0 39 13 0 0 15 0 2 0 0 0 0 0 0 0 0 0 0 25 10 3
 0 0 0 0 1 0 156 0 0 0 60 0 84 0 0 13 0 12 0 0 0 0 0 6 3 0 0 1 1 0 0 0 0 14 0 1 0 7 195 0 10 0 0 0 1580 0 0 0 5 0 0 0 24 0 0 0 0 214 2 0 0 8 0 37 0 4 15 0 0 0 7 0 0 0 0 0 0 0 0 20 0 25 0 6 5 40 8 4 0 0 0 0 0 20 0 99 0 0 0 0 0 61 0 0 0 0 0 0 0 1 96 99 0 0 0 0 0 0 0 701 27 0 0 87 0 0 13 0 0 20 209 17 0 0 0 0 0 0 0 0 23 0 4 0 10 0 0 0 76 0
 0 5 0 0 2 0 0 2298 0 0 0 0 0 0 0 264 0 1 98 0 0 0 0 0 0 21 0 0 7 113 13 0 6 0 12 0 0 97 9 0 0 6 0 12 0 10 3 0 0 0 0 0 0 13 0 2129 50 26 0 0 0 28 0 215 0 0 0 42 0 0 0 0 8 0 0 0 16 43 0 104 0 4 5 0 0 0 0 25 2 0 0 66 0 0 29 0 0 0 0 0 14 0 1 4 1 0 0 0 10 0 1100 305 0 0 0 0 1 32 0 0 20 0 57 7 0 7 0 0 0 0 0 0 2 2 28 0 93 0 35 0 0 0 0 4 0 44 0 44 0 10
 0 1012 0 2 256 0 2 253 9 0 0 12 105 4 0 0 359 259 0 0 24 0 0 0 19 0 8 0 5 4 17 3 0 65 0 2 0 0 9 6 0 0 0 0 0 415 10 3 0 28 0 0 5 0 4 1 0 0 18 4 155 0 0 0 0 0 4 0 0 6 0 0 15 0 27 277 10 2 0 0 0 0 0 0 0 1 0 27 14 0 20 2 0 0 0 0 0 3 0 0 4 16 2 2143 1 0 36 3 236 0 27 0 8 0 0 0 4 0 0 0 5 209 0 13 0 2 0 0 0 0 96 0 197 0 0 132 0 18 0 0 0 0 0 0 0 5 0 0 94 3
 36 151 0 79 530 1 0 0 0 2 0 9 0 0 9 0 10 0 0 1 0 85 49 0 51 0 2 12 4 23 0 0 0 0 3 10 0 1 0 97 0 0 20 0 0 55 0 1 1430 0 0 9 0 0 2 0 0 1 273 0 0 11 0 55 60 10 0 5 23 7 41 0 0 0 9 0 0 0 0 0 0 0 0 41 0 0 22 0 9 235 0 0 0 1 0 16 0 3 0 0 0 8 0 0 10 0 10 33 118 0 0 0 0 1 50 0 0 0 0 6 19 0 29 12 0 0 35 7 0 40 0 0 14 0 0 0 40 0 0 0 0 0 77 0 0 13 195 0 11 0
 0 0 0 5 23 61 0 14 0 1 16 0 0 6 52 0 6 0 0 107 72 0 0 0 4 3 0 0 0 0 0 0 46 12 44 1 0 0 0 10 0 0 0 210 0 0 0 0 0 0 150 0 32 0 0 35 75 0 10 0 5 5 7 0 1 6 0 0 2 4 59 0 0 3 0 0 0 5 0 0 28 17 6 49 0 0 8 0 0 18 40 3 0 0 0 12 0 0 77 18 14 0 0 1 0 0 0 0 1 0 0 50 0 14 8 0 0 23 0 0 0 0 0 17 2 0 4 13 0 0 6 0 0 0 31 0 0 0 0 0 0 1 0 0 0 0 1976 0 1 0
 0 0 0 21 32 0 49 0 0 13 21 21 39 0 0 0 0 0 0 427 0 0 0 0 19 22 0 1 0 0 3 0 0 56 45 26 33 0 0 0 33 0 32 0 1 0 0 0 6 0 0 0 7 27 4 0 44 0 3 0 0 0 0 157 0 41 0 0 0 0 0 0 0 0 14 271 0 93 84 0 0 2 0 0 0 7 0 0 8 0 49 0 6 4 0 0 0 0 6 4 15 0 0 0 0 3 6 0 156 21 0 0 0 1 22 9 2 0 0 0 2 0 41 0 1 0 0 0 0 0 2 0 2 1 25 1 547 0 50 14 0 50 0 5 4 0 59 0 0 27
 0 0 0 0 0 0 0 24 4 28 33 0 0 0 72 1 17 0 100 9 23 0 0 0 0 9 0 33 0 8 0 34 6 0 0 0 0 0 0 0 0 86 7 25 6 176 0 10 0 0 0 0 0 5 0 1 0 21 27 0 0 0 0 8 0 6 0 0 0 0 0 6 0 0 1 45 2 553 0 50 75 0 9 0 91 0 214 1 0 9 0 0 97 0 18 0 18 0 15 178 0 0 0 0 0 42 561 22 530 0 6 11 0 0 16 0 0 3 0 6 125 0 29 0 0 0 1 0 0 0 17 13 0 0 7 0 8 0 0 0 4 0 142 0 0 98 0 44 0 723
 0 0 1 42 3 0 0 0 0 0 0 73 0 4 0 25 1 0 14 0 0 54 0 0 2 160 25 5 12 11 0 1 0 235 5 0 0 0 0 3 0 0 11 0 0 20 0 0 0 2 0 0 2 2 0 0 0 0 0 0 0 87 0 0 0 0 21 1 0 0 13 0 0 0 0 0 0 0 11 3 0 0 4 0 15 0 1 0 0 0 24 0 29 12 0 0 0 6 0 0 0 85 0 0 0 0 0 1 0 0 55 3 22 0 0 0 0 0 127 0 0 24 0 27 21 0 15 0 16 33 0 32 129 1 0 0 0 0 0 0 0 0 3 0 0 47 0 43 0 0
 0 0 0 0 0 3 0 0 0 0 11 0 1 2 0 0 0 0 0 0 2 0 29 0 0 0 0 23 9 0 0 1434 1 0 0 0 1 0 0 0 2 0 55 0 0 223 0 0 40 0 7 0 0 2077 0 0 0 0 0 0 0 0 40 8 0 0 395 0 0 0 0 0 0 32 0 6 0 21 0 0 0 26 9 0 0 113 0 12 8 0 19 0 1 0 0 12 8 63 0 0 0 48 3 0 0 25 38 5 0 0 12 11 4 0 10 20 11 0 0 0 2 14 0 0 0 0 0 62 40 0 0 0 0 17 0 0 0 0 0 0 0 16 0 13 0 0 0 0 0 0
 0 0 0 0 37 146 0 0 0 0 0 18 41 0 11 0 0 0 0 0 13 0 4 0 3 173 1 0 25 8 0 0 0 94 2459 0 2 9 6 0 97 0 362 0 0 0 0 23 373 122 0 0 0 2 0 0 3 0 0 0 42 0 0 0 0 0 0 3 0 0 6 2129 0 2 40 21 49 33 0 0 4 0 0 104 6 0 34 0 31 0 0 6 1 0 8 29 0 0 39 27 357 0 7 0 0 0 0 0 0 30 9 0 0 0 0 0 0 0 0 106 227 0 0 0 0 50 0 17 0 61 0 21 0 0 28 0 5 0 0 0 0 0 0 10 2 0 0 0 0 0
 0 26 4 0 2 6 91 46 0 0 0 0 0 0 0 0 2 2 0 2 0 1 0 0 7 0 66 2 5 0 132 0 17 0 0 7 3 7 39 15 16 6 0 0 13 0 0 0 8 0 50 0 0 0 0 0 18 99 0 0 240 23 0 0 2 49 2 34 16 0 34 0 0 0 4 0 0 0 0 0 0 0 0 4 0 0 4 23 0 0 3 0 0 3 21 41 38 1014 0 0 0 0 1 34 38 16 0 0 0 25 4 36 0 0 0 0 0 11 0 8 0 0 20 1 0 36 0 7 0 0 0 53 0 0 0 0 4 78 113 7 154 0 0 0 56 0 737 7 0 6
 0 0 0 0 10 16 88 0 24 104 0 0 16 0 0 3 24 1 15 0 0 2 0 310 0 0 0 52 0 0 203 0 94 0 0 0 24 0 7 6 4 1 107 0 0 8 0 189 2 0 0 0 0 1 22 106 0 0 0 0 0 49 0 0 0 0 11 4 20 0 0 0 0 8 11 15 2 0 0 0 0 19 13 0 0 0 0 23 0 6 0 2 21 0 0 1 0 39 55 0 4 1 20 0 0 0 8 146 0 5 240 0 0 0 0 2 0 0 0 0 0 1 0 0 0 12 0 19 13 47 31 37 0 2 91 30 0 1 0 0 0 0 0 0 0 0 0 0 0 0
 0 0 0 1 0 0 0 0 3 0 0 0 21 0 359 0 98 12 0 0 55 1 0 6 213 42 0 9 0 24 0 5 0 0 0 0 10 25 0 1 0 0 0 24 24 7 0 2 11 19 1 0 5 36 0 0 4 4 0 12 0 0 0 9 0 0 0 0 0 0 0 0 0 0 0 0 39 1 0 0 4 10 29 0 0 0 0 0 0 0 1 0 157 39 1993 2 347 0 0 27 0 0 0 0 7 2 0 0 0 0 0 0 0 0 25 4 0 0 0 0 0 4 9 3 24 0 0 0 50 0 0 4 186 35 0 95 2444 0 0 0 0 0 8 8 4 1 0 1 0 27
 0 3 51 0 20 0 1 0 0 0 1 0 30 0 0 0 0 0 0 0 0 0 2 0 41 0 120 1442 0 0 0 2 2 0 0 0 84 87 9 0 1 0 0 18 0 22 0 5 23 0 0 52 2 0 2 0 0 0 0 0 0 0 0 10 0 0 14 125 0 12 0 5 0 176 0 0 24 1569 4 7 6 1 0 0 0 0 14 0 0 0 0 45 4 83 5 0 0 2 0 17 3 0 0 0 0 0 6 0 0 0 395 16 0 65 0 0 0 79 5 0 0 2 2 0 13 0 2 0 0 8 5 0 3 0 0 6 0 0 0 0 12 1 0 0 206 11 0 1 0 4
 21 0 0 13 0 0 0 157 17 0 15 6 0 0 0 0 0 0 0 0 0 0 0 0 0 12 4 7 6 4 40 0 0 24 0 0 0 0 0 0 0 84 0 0 41 0 0 6 0 97 0 0 0 0 71 0 0 18 0 29 50 2 1009 0 8 1 157 3 0 0 0 0 4 0 1 0 0 0 1 0 66 26 0 0 0 10 0 0 0 0 0 52 0 0 0 0 0 0 3 0 0 113 0 94 0 1 0 4 0 0 0 0 0 42 0 0 0 1 0 0 8 0 0 0 0 0 0 0 7 1 0 0 0 0 0 0 8 20 16 9 0 12 0 0 43 0 0 25 0 9
 29 0 68 1 22 0 0 0 0 6 0 84 0 0 0 0 4 180 0 0 0 0 0 0 0 0 17 0 0 0 10 0 0 3 0 0 14 0 0 3 0 0 0 0 0 0 0 0 4 8 20 0 0 0 0 0 11 0 31 0 67 0 49 0 0 0 12 0 0 0 0 0 0 0 0 32 29 0 0 0 136 0 15 0 0 99 0 0 0 0 7 27 12 0 0 37 30 0 0 0 98 0 0 21 0 0 13 0 0 0 0 0 15 0 1 16 166 0 52 20 30 9 0 59 8 0 0 0 8 9 0 0 0 9 0 0 0 8 0 2 0 0 0 40 0 0 0 13 0 4
 5 0 39 0 0 0 18 0 0 68 0 0 21 12 0 0 0 0 0 0 18 0 0 0 0 0 57 0 0 0 1 0 0 0 0 0 40 24 0 0 0 2 0 0 15 0 0 0 0 0 48 0 3 8 0 0 0 0 0 0 22 4 0 0 0 0 0 253 1 51 31 0 0 1 49 0 0 0 54 0 2 9 0 0 0 13 3 71 7 2 0 0 67 0 0 31 0 0 572 1 78 0 0 0 0 0 12 0 0 3 0 0 38 0 63 20 21 0 359 0 0 23 0 0 0 0 0 5 91 1 5 0 0 0 0 0 0 2 3 0 20 87 0 0 37 0 0 0 13 0
 0 0 0 1082 0 0 1 0 41 14 26 0 0 0 0 15 0 4 0 0 0 0 3 39 0 0 51 23 0 0 0 0 71 0 0 0 0 0 218 0 3 0 0 3 225 0 10 7 0 1 0 0 0 5 0 0 0 1 8 803 0 0 180 3 0 0 0 82 0 0 9 0 3 0 1 218 87 0 58 22 0 0 0 11 11 35 0 75 0 0 0 0 6 7 0 0 0 7 0 0 0 0 26 0 0 0 0 0 0 1 0 81 0 23 0 0 28 103 0 0 0 0 87 0 0 0 0 89 0 13 2 0 4 5 0 0 0 13 0 0 0 0 0 0 0 3 0 0 0 0
 0 0 31 90 0 0 268 0 84 3 0 20 0 0 0 130 156 0 0 0 0 123 34 0 25 0 61 25 179 0 0 64 4 0 0 29 0 268 0 0 3 0 77 0 0 0 39 35 0 0 0 16 11 2 3204 0 0 0 0 0 0 0 0 75 0 0 0 0 255 126 44 0 3 0 0 19 11 13 44 15 165 0 0 0 0 0 0 0 94 0 0 2 2 13 1076 5 23 0 0 0 0 3 0 0 0 5 0 0 0 13 0 53 0 0 0 0 0 0 9 2 0 0 0 8 0 3 0 0 0 95 0 1 97 89 0 0 0 0 0 0 0 0 0 0 2 0 39 72 107 0
 36 0 0 11 43 3 0 0 3 0 0 0 0 0 46 26 0 6 0 0 2 0 0 0 96 0 0 0 33 0 0 35 0 23 2 29 0 34 0 0 0 0 1 12 553 0 0 0 1 0 0 0 0 84 33 0 0 32 27 0 0 8 76 0 0 0 0 0 39 0 3 0 11 90 0 20 40 13 255 14 10 0 377 0 2 0 0 41 0 0 0 107 23 0 0 0 0 0 2 0 0 0 40 0 0 0 28 0 2 3 0 0 5 0 0 4 0 0 2 0 0 60 0 17 0 123 0 66 0 0 0 1 0 0 7 6 0 0 31 57 0 2 0 0 2 434 108 0 0 0
 0 0 0 0 0 0 20 0 0 5 0 0 5 0 0 1 0 0 0 0 0 0 106 0 0 22 75 0 1 0 0 0 35 0 43 0 8 0 2 3 0 5 156 0 34 0 24 0 0 36 1 6 105 1 0 2 0 0 0 0 0 97 0 56 0 30 0 17 18 0 33 18 41 0 27 1 0 0 0 0 73 1 0 108 7 0 0 2 0 0 0 17 0 0 0 3 0 0 2 13 2 0 1 0 10 0 0 0 0 1 4 6 0 0 5 0 3 15 0 0 0 0 11 0 0 1 0 0 81 4 0 0 18 0 0 0 184 0 0 0 36 19 2 8 13 0 0 0 0 0
 0 0 0 3 0 0 21 0 23 5 0 0 0 3 6 0 1 0 0 0 0 0 0 7 0 0 0 84 0 0 1 0 79 508 0 0 46 8 3 209 2 0 50 0 0 6 0 169 14 0 0 26 123 0 0 0 0 0 24 0 71 0 6 0 0 121 0 0 6 0 5 0 1421 0 2 8 0 0 0 13 0 0 0 3 0 0 0 218 10 0 0 279 0 2 347 107 0 0 61 146 0 102 50 0 0 2 0 0 0 0 0 0 0 2 0 1 0 0 0 0 0 2 0 21 0 0 0 0 0 0 0 0 0 0 0 0 0 8 0 0 50 24 0 7 0 0 44 0 0 155
 0 0 0 1 0 0 0 6 1 0 0 0 0 0 434 0 0 21 0 9 0 1 0 23 16 0 0 0 0 130 0 112 0 0 0 0 97 0 0 0 0 0 5 347 0 0 0 0 0 0 0 0 2 0 0 0 126 0 42 0 0 0 8 57 0 19 10 0 0 14 0 23 9 0 3 38 4 0 10 0 16 0 0 0 0 9 0 0 0 86 19 0 0 13 105 0 2 4 0 0 0 0 0 0 0 0 84 10 0 39 0 0 0 0 27 0 0 0 9 0 0 3 6 111 3 0 6 2 0 359 0 0 0 0 0 2 39 0 0 0 0 4 0 0 0 26 15 2 21 0
 0 8 2 0 0 2 363 0 61 0 0 6 0 12 0 0 0 0 0 7 0 12 4 8 0 0 0 0 439 0 0 0 0 17 6 0 0 0 0 0 10 0 385 0 0 18 0 1 0 0 44 0 0 0 0 4 25 0 156 0 0 0 0 0 0 18 7 0 0 27 530 0 4 0 9 4 0 2 0 0 0 0 0 23 0 0 0 0 26 4 0 0 153 0 0 36 1100 0 0 0 0 18 0 0 1 0 0 61 18 0 0 0 0 1 0 0 0 0 0 0 0 129 97 0 11 3 32 0 294 0 0 0 0 0 20 27 1 0 1 0 0 9 0 2 0 32 0 0 0 43
 94 45 0 91 7 0 0 0 0 0 3 0 0 0 0 0 0 242 32 30 0 0 256 3 20 0 0 100 42 0 0 123 3 6 0 0 7 0 5 10 294 0 56 0 40 0 25 0 47 0 29 0 0 22 7 46 0 0 0 273 1 3 6 0 0 0 8 0 0 24 0 0 130 0 0 0 0 0 3 23 0 1598 0 0 0 28 551 0 7 0 0 15 16 0 0 90 0 0 28 0 0 0 13 0 0 1 154 22 0 61 0 25 0 0 8 2 0 15 0 0 0 235 227 0 0 3 0 0 0 0 0 0 2127 65 0 222 0 12 0 34 0 0 0 5 27 10 72 0 0 0
 21 0 0 294 4 27 1 0 14 0 0 1 4 12 0 22 0 0 0 0 0 0 0 0 0 1 0 0 0 415 6 0 0 0 0 0 48 0 0 3 0 0 0 191 1 71 0 39 0 3 21 31 2 0 0 2 0 0 12 0 0 0 0 0 0 0 37 2 0 0 0 17 0 290 3 3 0 16 0 8 14 0 5 0 3 0 7 0 94 0 4 2 0 47 56 0 0 0 0 0 0 5 0 0 2 157 0 1 0 0 0 8 0 0 0 0 0 0 0 0 8 0 0 1 0 0 156 1437 2 0 29 0 29 0 0 0 23 0 0 26 6 97 0 1 4 26 0 0 0 0
 0 5 11 3 0 0 0 0 0 7 5 0 0 15 0 34 21 2 133 11 0 0 1 0 0 0 82 0 34 0 0 256 0 81 64 359 0 248 8 50 0 1 0 0 0 2 6 20 79 0 17 0 0 0 134 25 27 0 0 0 0 0 0 0 0 34 0 0 0 0 0 4 0 0 0 15 0 0 43 31 0 0 0 0 9 0 0 0 24 0 0 0 69 7 0 0 0 44 0 64 0 0 0 0 0 0 0 0 17 9 0 0 6 28 0 0 56 0 5 0 0 10 0 0 0 0 0 0 34 0 7 0 0 0 0 0 0 0 1 0 66 909 1 0 25 0 2 0 0 0
 0 47 0 0 6 0 0 21 0 565 0 0 0 0 5 0 18 5 154 0 0 0 0 0 0 12 3 0 0 261 10 0 0 14 4 0 3 0 0 19 0 0 0 1 0 13 10 26 14 1 0 0 7 3 0 0 0 331 0 218 3 10 0 6 0 0 31 0 0 26 27 0 0 101 0 0 14 0 33 46 0 0 2 0 0 0 0 1 0 0 0 358 0 28 0 0 0 0 19 0 9 2 0 0 0 135 133 0 5 4 0 0 0 1 0 0 0 0 17 0 0 1 19 0 0 33 0 0 0 0 0 20 25 83 89 0 50 0 0 0 4 5 16 7 49 2 11 1 15 0
 0 21 5 0 87 0 4 0 0 0 0 0 133 0 0 0 0 0 0 0 5 0 0 0 6 0 0 0 13 3 186 0 0 1 1 0 0 0 0 7 0 0 1 12 0 3 6 1 0 2 3 0 0 0 0 239 0 13 0 0 8 0 0 24 0 0 369 41 45 26 0 16 0 0 0 0 0 0 33 6 0 9 7 24 0 12 0 0 14 21 0 0 0 0 0 0 0 0 2 0 0 21 0 7 0 0 0 1 0 14 0 26 0 16 3 0 0 0 50 2 0 1 8 0 421 35 4 1 0 32 0 0 0 0 0 0 14 0 0 45 0 10 0 0 0 1 1 0 0 214
 0 0 79 0 0 38 0 0 0 0 0 0 9 0 2 28 0 3 49 0 0 0 0 1 0 3 12 0 0 0 0 0 0 6 0 0 8 0 0 2184 0 0 1 0 11 0 126 0 148 0 0 24 0 2 0 6 2 7 0 0 0 31 4 7 42 0 0 0 0 11 66 0 1 0 2 0 91 0 0 1 0 4 0 1 0 0 0 0 9 462 0 0 2 93 0 0 10 0 98 0 0 8 1 0 0 21 735 0 23 9 4 63 0 0 50 0 0 0 18 0 0 7 0 0 8 0 0 0 23 4 30 71 0 0 51 44 10 0 1 18 23 0 0 5 0 50 4 1 15 0
 13 19 0 17 0 89 7 1 0 0 45 16 0 29 0 41 1 0 2 1 40 0 0 0 12 0 181 0 0 15 13 0 165 0 25 20 0 0 18 0 0 2 0 4 428 48 0 189 0 0 13 0 0 0 26 2 178 0 8 9 0 2 0 0 37 7 23 54 2 0 0 2 2 0 0 0 0 0 0 0 0 0 0 0 0 0 12 0 38 0 22 0 1 0 0 0 49 0 0 0 283 0 0 0 0 118 0 25 0 4 6 3 3 0 0 10 166 21 7 0 0 0 12 0 4 0 0 0 0 0 5 60 123 32 96 0 62 0 0 18 0 0 0 0 41 21 2 0 0 0
 0 31 0 0 1 0 0 0 0 1 0 5 0 12 0 0 0 0 0 0 0 0 0 0 3 8 24 9 214 0 0 0 0 0 0 0 6 0 0 0 0 0 5 0 4 18 0 0 0 443 21 372 0 2 0 0 0 12 0 0 0 0 8 2 35 0 14 1 13 0 0 0 5 2184 97 0 0 0 0 0 0 0 37 0 0 0 13 0 0 0 0 0 0 0 0 0 0 0 0 0 0 0 0 0 27 12 0 23 0 13 37 2 0 0 0 0 0 5 0 32 0 0 3 0 96 0 0 9 0 14 6 9 16 0 0 0 344 0 1 0 0 0 37 0 3 27 0 0 0 0
 0 0 0 4 0 5 0 0 17 0 2 0 0 0 1 0 377 0 548 0 20 23 0 0 0 100 546 0 0 0 0 0 0 0 6 0 0 0 0 0 41 0 7 0 0 35 0 0 0 0 0 0 4 0 0 0 132 2 0 7 0 0 0 3 0 79 25 0 13 16 3 13 0 0 0 2 0 0 0 88 0 3 2 0 0 0 0 10 0 0 0 0 49 0 14 0 6 0 0 0 18 0 0 0 15 22 0 250 0 0 81 118 22 0 0 0 25 1 0 1007 21 176 0 0 0 0 0 8 0 0 0 15 37 0 0 1 42 0 0 0 0 50 0 0 0 0 0 12 197 0
 0 0 1 1 1 35 0 0 0 0 250 0 0 0 0 38 0 0 0 0 0 0 11 0 126 0 0 0 0 8 0 0 0 8 0 0 0 6 83 1 0 0 0 3 0 3 0 0 20 0 5 0 40 8 217 0 0 9 0 11 0 0 0 0 0 0 0 0 177 0 0 12 39 44 0 84 1 0 0 0 0 10 0 29 0 0 11 0 2 0 0 0 3 0 0 16 0 0 2 93 0 0 0 0 5 0 0 8 0 0 34 0 0 14 7 0 42 1976 3 0 0 6 59 151 0 3 0 0 17 0 59 0 38 0 2 0 0 0 271 0 0 0 18 10 0 0 20 0 0 17
 0 4 48 78 0 0 0 0 0 0 7 22 0 0 0 0 22 0 0 0 1 20 0 0 0 0 0 2 202 0 0 0 0 0 0 227 0 0 0 0 178 0 0 0 0 7 0 35 0 2 36 6 0 0 0 0 0 0 110 0 40 17 0 31 1 2 0 0 97 18 0 5 0 47 2445 0 0 0 10 1 0 0 0 0 32 26 0 0 0 4 15 37 0 2 40 2 0 0 1979 0 0 0 0 0 0 6 0 0 0 0 12 0 0 0 0 0 240 2 15 54 0 0 33 23 5 23 0 8 79 2 179 0 34 5 0 1 42 13 0 0 0 0 0 0 0 0 34 0 0 0
 0 12 0 1 0 0 0 0 0 71 12 0 0 0 1563 5 23 0 23 0 3 0 12 3 0 22 2 84 0 0 1101 0 0 10 0 0 0 0 0 0 0 48 39 906 1 0 0 1 13 0 10 0 0 0 10 0 13 0 1 0 0 1 0 0 0 0 1 0 349 6 0 0 0 74 0 1 15 0 811 9 0 0 14 0 2298 0 0 16 5 1 0 17 10 0 0 0 1 220 0 0 23 2 0 0 0 0 0 0 0 0 0 55 0 0 359 1 0 1 45 0 3 0 156 0 0 0 1 9 0 0 0 0 0 45 0 4 0 0 0 0 22 3 2 3 0 0 1 0 0 2
 0 0 0 0 0 0 0 2 0 29 32 2 0 0 0 76 3 0 2 0 0 0 0 0 0 0 15 149 0 0 0 33 0 0 0 2 0 0 0 0 0 0 0 0 1 0 0 1 0 6 0 48 5 3 0 0 0 643 0 0 9 0 0 0 0 0 395 0 6 0 9 56 14 0 0 4 0 9 0 0 27 0 0 0 2143 124 0 0 0 0 0 0 0 59 6 0 0 0 0 23 0 83 0 0 65 7 79 0 25 0 14 23 0 61 0 0 0 0 0 57 49 0 14 0 0 84 0 0 9 3 0 0 0 0 6 0 17 0 0 0 0 0 6 1 1 0 9 1 0 11
 0 0 0 0 7 224 0 0 15 0 0 0 0 5 0 1 0 0 7 0 0 0 0 0 0 10 0 0 0 0 0 0 0 1 0 0 14 0 0 0 0 0 0 1 0 3 0 0 0 134 1 10 203 0 0 1100 0 14 29 39 0 0 0 0 0 29 0 31 0 0 0 144 0 4 83 0 100 7 0 0 0 0 522 0 0 7 60 0 0 11 0 0 0 0 12 16 0 0 0 0 0 0 0 0 0 0 3 76 0 0 4 1 0 0 35 44 4 38 13 8 0 0 0 44 1 3 0 3 0 0 0 14 0 0 0 17 0 23 0 0 235 55 43 0 0 0 0 16 13 0
 7 0 17 0 25 0 0 81 0 0 0 0 1 0 21 0 15 0 0 0 0 1 0 0 0 0 0 19 0 497 7 0 0 0 25 6 0 2 0 0 0 25 0 0 0 0 434 0 0 1 0 0 12 0 13 0 0 1 0 106 0 0 5 0 2 0 0 0 287 13 33 0 0 31 0 47 0 0 0 0 37 15 2 6 0 67 6 0 9 0 167 0 0 8 0 0 0 3216 0 0 16 0 0 6 9 0 8 13 0 37 0 0 28 8 25 0 0 6 0 0 0 0 0 0 41 2 0 0 0 0 23 3 0 1 0 34 0 404 48 31 0 5 0 0 0 13 3 0 0 27
 97 15 0 0 0 9 0 2 42 0 0 0 23 0 0 0 6 152 0 0 33 0 1 0 11 0 0 0 2 0 0 0 83 329 0 0 0 0 0 0 0 0 0 0 0 0 0 0 0 0 5 0 0 0 0 0 160 2 0 0 0 0 0 0 0 0 0 0 0 0 0 0 17 23 0 2 0 48 0 1 0 0 2 0 55 6 3 0 27 2 0 0 0 0 10 0 0 0 0 0 0 12 2 777 0 26 8 0 42 3 0 372 0 0 15 0 0 8 0 25 0 13 0 0 0 8 0 0 0 0 0 0 213 0 0 0 0 6 150 10 0 16 0 0 0 2 0 0 0 0
 0 8 69 0 211 0 0 7 0 79 0 18 0 3 0 96 3 0 0 0 3 0 65 0 0 0 37 0 0 0 0 0 0 41 92 10 0 5 0 78 0 26 0 0 0 0 0 0 0 6 0 2 0 0 0 0 0 0 0 0 0 0 0 0 44 0 0 22 0 0 0 16 0 0 31 7 0 0 51 0 0 18 0 0 0 0 0 8 0 1 7 15 3 0 0 0 0 0 0 0 5 0 33 4 0 0 0 0 9 2 0 0 0 0 0 0 0 0 0 0 0 4 0 6 41 0 0 78 0 16 9 132 0 37 0 0 3 0 0 0 0 0 24 0 5 32 29 0 1 4
 1 0 0 0 0 45 8 0 0 0 25 0 6 0 13 0 0 4 0 0 0 0 0 0 0 0 0 0 0 0 0 0 0 0 46 206 0 7 0 0 122 0 1 0 0 0 13 0 0 0 80 27 0 0 0 38 0 0 0 0 9 0 0 47 15 0 0 0 0 0 0 38 0 0 12 13 27 0 0 29 0 0 20 0 6 0 106 0 1 0 0 3090 0 0 0 0 4 19 0 1 24 6 0 0 0 4 214 0 0 28 0 21 0 0 0 287 0 1 0 0 3 0 0 0 1 0 0 0 0 0 14 1 0 0 0 0 185 1437 0 0 180 0 35 3 0 0 0 0 0 0
 0 0 29 25 0 135 0 2162 0 8 0 33 0 21 191 19 0 0 0 0 0 21 0 0 0 57 1 0 0 0 0 0 0 3 3 0 0 61 0 1014 0 0 0 4 0 3 255 0 61 0 882 0 1 6 0 214 5 0 7 0 0 3 0 49 0 56 11 0 1 0 230 0 14 0 0 0 287 0 0 146 28 8 59 4 0 0 20 0 0 0 0 0 0 0 0 21 0 0 7 0 0 0 1 31 3 0 0 0 0 0 44 0 4 0 18 0 5 0 1 10 0 31 0 0 0 0 0 0 3 17 18 29 0 0 0 3 0 0 0 0 0 2 0 3203 18 0 6 0 0 39
 0 0 0 0 8 0 0 0 0 0 14 17 0 0 0 2 0 0 0 34 0 0 0 0 0 0 0 2 7 0 0 0 0 0 0 0 0 0 16 4 16 0 57 0 0 7 0 1010 14 0 1 13 0 0 16 0 0 4 0 2 0 0 4 0 0 0 0 0 0 0 0 0 0 777 0 0 27 0 354 28 21 58 14 0 0 45 0 0 0 0 0 5 18 2 0 12 0 0 21 70 0 1 97 0 0 3 0 0 0 10 87 0 8 0 0 48 35 45 0 0 0 0 0 26 7 0 0 0 0 0 0 5 7 30 0 0 3 0 10 0 2 0 10 0 0 0 1 0 0 0
 0 0 4 0 0 6 27 16 0 17 1 0 0 0 0 0 17 0 4 101 14 12 0 27 19 0 4 42 0 0 0 0 0 4 0 0 0 0 0 0 0 0 0 0 77 3 0 3 0 17 15 4 0 0 0 0 214 11 4 0 0 0 5 1 0 0 0 97 55 0 0 37 0 92 0 0 70 5 0 1 23 0 134 0 0 2 0 0 3 37 33 0 4 0 0 0 6 0 0 77 0 0 0 0 0 0 5 15 10 0 0 0 0 52 10 5 231 0 0 0 19 0 0 16 0 73 0 0 9 0 0 16 0 116 0 0 0 10 0 185 0 0 0 0 0 2129 11 0 0 0
 0 0 0 14 0 20 15 0 109 0 17 0 0 31 82 0 0 22 4 0 0 0 0 0 40 0 0 0 0 80 6 0 22 0 0 13 3 0 1 8 0 0 0 0 192 41 0 0 23 8 0 0 538 0 107 0 0 0 122 2 0 0 20 3 2 0 0 0 9 0 0 0 0 0 0 0 0 0 0 0 0 48 5 0 38 40 36 0 0 0 0 0 0 0 3 17 4 0 0 0 0 39 106 1 0 142 104 1 0 0 272 33 0 0 0 0 0 0 32 0 25 8 0 17 0 0 0 6 0 39 0 0 0 0 34 0 35 0 0 0 0 26 0 0 0 0 0 2293 0 0
 5 0 31 0 0 0 0 15 54 0 0 0 0 0 0 0 16 0 4 21 5 0 25 0 24 0 103 0 0 126 0 0 0 105 14 0 0 16 0 0 0 6 0 0 0 60 0 0 0 0 0 0 0 2 0 0 14 16 2 0 0 33 0 0 0 0 0 5 0 10 4 248 17 0 0 0 721 0 0 0 0 0 0 0 0 0 1 235 108 0 13 0 0 42 1 57 0 0 0 0 0 0 0 0 0 0 0 0 13 0 18 0 2 0 0 1 0 0 0 4 10 44 0 0 0 0 4 0 0 25 0 0 1 0 0 0 0 0 0 23 5 0 14 1 10 0 0 14 0 7
 0 0 0 287 29 0 14 5 26 4 0 0 29 0 0 0 0 0 0 0 70 16 29 0 1 12 0 0 0 0 0 25 0 0 0 3 0 0 2 5 0 0 0 7 18 0 0 1598 0 6 1 2 0 0 0 0 0 0 0 0 3 10 1 227 0 0 0 5 0 0 0 0 12 0 0 21 0 0 0 16 0 0 0 0 0 0 0 0 0 44 0 4 0 0 10 8 0 0 0 55 45 10 11 60 1 1 0 0 4 10 0 0 0 0 16 0 0 113 154 0 4 0 0 1976 0 15 0 0 0 101 0 15 0 0 0 0 0 0 0 169 0 0 0 0 0 0 0 0 10 3
 4 0 1598 0 0 72 0 48 0 0 0 0 5 0 2 0 12 0 13 9 0 160 0 0 29 0 0 0 0 67 13 3 12 2 11 0 0 146 0 31 246 0 2 0 0 0 12 11 0 0 0 27 11 21 0 40 0 10 1 5 0 1 0 0 1 4 0 0 0 0 0 5 17 1 0 0 0 0 9 0 248 0 15 2 19 0 0 0 21 101 0 0 0 0 0 0 2 0 56 0 0 95 0 0 0 0 154 42 0 77 0 0 0 7 34 237 97 0 10 0 0 0 4 0 347 0 0 0 0 19 0 0 52 0 0 0 6 0 0 0 48 18 2 0 0 0 0 23 0 4
 1 0 0 0 0 0 23 0 0 8 6 79 3 0 0 0 1 0 13 0 0 0 0 66 37 0 0 0 2184 6 0 27 0 41 1 0 2 7 0 0 0 0 16 23 8 0 214 0 2 55 81 0 0 21 13 42 3 19 0 26 5 39 0 1 0 1 2 3 0 19 10 0 41 0 16 0 12 39 8 9 0 1 122 6 3 0 0 0 0 0 0 0 0 21 0 67 113 93 26 0 25 36 0 0 25 40 4 0 0 0 14 253 26 0 149 0 3 0 24 9 0 0 0 0 0 6 0 0 0 20 48 14 1 0 1 40 2 0 0 160 93 0 0 0 18 0 0 2 2 13
 0 0 14 13 49 0 0 0 34 0 3 0 0 40 0 0 36 0 0 21 23 0 0 5 0 0 25 0 4 0 0 0 48 9 0 0 0 3216 0 3 0 0 0 0 15 0 0 68 40 0 0 1 2 0 19 3 64 0 0 0 0 5 133 2 0 0 1 0 74 72 0 0 0 0 0 6 0 0 0 0 0 0 1 0 93 2 8 0 0 2 0 0 0 0 0 0 42 0 0 70 1420 0 0 3 0 0 0 176 3 0 0 0 0 0 0 0 0 3 0 17 0 8 8 0 0 0 2 2141 1 0 0 0 80 4 0 0 0 1437 48 0 4 0 0 0 0 22 0 347 32 0
 13 0 60 0 0 19 0 22 0 5 0 14 0 0 1 0 0 0 13 0 62 94 13 43 10 0 0 44 0 8 0 50 0 0 8 0 1 82 0 4 0 0 0 369 0 0 5 2 2151 0 1 33 99 0 0 0 0 2 0 14 15 0 0 0 255 2129 0 16 0 0 0 104 0 0 0 50 39 0 0 0 2 5 2 0 0 5 1598 443 0 3 36 51 33 0 0 0 12 0 0 1 1 0 0 0 0 0 1 0 0 1998 0 0 0 0 0 0 0 14 0 353 0 0 0 0 0 3 27 80 14 254 0 2 0 0 0 0 0 3 0 17 0 0 12 0 4 21 485 3206 55 50
 0 21 0 0 18 0 0 17 9 244 1 0 0 8 0 3 0 0 0 0 42 0 47 0 0 3 195 38 0 0 4 0 13 0 0 2 178 0 0 0 0 142 0 0 0 0 5 0 20 99 3 77 0 0 0 0 0 0 0 10 0 0 10 3 0 12 0 2 12 0 24 21 356 0 191 0 0 0 17 2 29 0 0 0 53 0 0 44 0 0 0 0 0 0 0 7 0 0 0 19 553 0 0 2 0 0 0 2 23 0 6 0 0 35 1 0 0 5 0 0 0 0 0 0 0 0 0 41 0 0 18 1 12 0 1 0 0 0 0 18 0 0 0 2 0 1 0 0 25 175
 0 134 0 0 0 0 0 49 23 82 8 889 0 3 0 0 0 205 0 41 0 0 253 34 0 0 0 71 9 1 0 14 0 271 21 10 6 4 0 40 0 0 0 10 0 0 0 44 0 0 2 0 0 0 0 5 0 0 23 0 90 0 0 0 0 0 0 0 0 0 0 0 214 2 5 0 0 0 0 0 8 197 0 0 0 47 9 6 0 0 0 3 0 0 55 0 22 0 92 6 9 25 0 17 11 0 24 0 0 0 0 29 0 23 209 0 0 9 40 1 4 0 34 0 0 0 0 7 0 0 0 0 0 0 0 0 8 0 0 5 0 0 0 0 7 2 0 0 0 0
 9 0 0 61 0 10 0 0 0 0 53 0 106 15 0 0 0 0 0 6 462 0 51 0 6 0 0 8 57 0 25 0 0 0 0 35 15 0 2 41 11 0 0 0 0 0 201 12 0 5 1 0 0 0 0 15 0 32 0 0 0 115 0 0 21 0 1437 0 0 1 0 22 0 0 3 0 0 15 0 55 103 0 4 0 0 29 0 26 76 16 0 0 0 0 24 2 0 0 0 0 0 0 2 0 0 0 0 0 0 0 0 83 2 0 37 0 0 0 0 0 0 0 0 0 440 9 0 24 0 17 4 0 0 43 0 0 4 0 0 0 4 0 0 0 0 0 0 0 0 0
 0 737 0 0 3 0 0 22 0 0 0 0 0 0 4 0 18 2 0 0 67 0 0 0 0 0 0 0 95 0 0 0 1 0 0 0 0 4 0 0 0 0 0 0 1 548 0 0 909 60 0 20 377 0 0 4 0 0 2 0 0 0 7 18 41 0 0 14 0 0 0 0 0 0 0 0 15 7 16 0 0 2459 10 0 74 0 0 0 0 0 0 24 0 0 0 0 0 1 0 0 1 0 0 0 37 0 14 0 0 0 0 0 0 0 53 17 0 0 0 0 94 0 0 29 0 9 0 0 29 0 39 0 53 0 0 0 0 1 143 0 0 0 15 3 26 1 6 3 0 0
 0 0 47 14 0 0 0 0 0 0 6 8 0 6 0 2143 1 25 0 12 0 0 0 0 0 0 37 0 0 61 8 0 0 0 2127 751 0 14 0 0 132 0 0 6 0 9 0 15 0 16 2 0 0 41 5 0 0 0 0 0 0 5 0 0 0 4 0 0 0 0 21 0 0 12 33 0 0 10 7 0 0 0 11 0 20 14 0 1 3 17 3 6 0 6 97 976 0 0 909 0 0 0 0 0 0 0 11 0 2 0 0 0 0 0 0 0 0 0 5 0 0 0 0 0 0 3 0 0 15 0 14 2 7 0 0 68 0 499 0 5 0 12 0 12 2107 3 0 57 0 0
 41 20 0 13 9 0 0 4 11 0 0 0 12 12 0 0 1 176 25 0 0 0 0 13 1 1 79 0 0 0 0 0 0 0 76 38 5 14 7 0 18 0 0 0 0 0 0 0 74 0 0 10 268 0 0 0 0 0 1 2 0 0 0 0 54 0 10 0 0 34 0 5 0 207 0 20 0 108 0 0 0 0 34 148 0 0 0 0 26 88 0 0 2 191 1 0 0 154 0 5 0 0 2 0 1 0 2251 0 257 0 0 0 16 0 16 223 0 0 0 0 0 0 0 708 0 3 8 0 0 0 13 3 0 3216 0 0 0 4 0 0 0 126 87 0 0 0 0 218 0 0
 0 0 0 0 0 0 0 0 0 2 0 11 0 0 0 0 0 57 0 19 1 4 17 6 0 0 14 0 1 0 1100 38 34 0 0 0 1 0 0 0 0 262 0 0 0 0 0 18 2 0 0 2 0 31 0 0 0 0 0 14 0 0 8 0 8 0 76 0 0 3 0 14 273 0 0 22 0 0 0 12 9 0 4 0 61 0 47 17 0 0 0 0 0 0 0 24 0 41 58 8 0 2 0 0 9 0 0 0 0 9 0 33 14 5 0 0 2 0 0 0 0 0 30 77 0 0 0 0 0 0 0 1 10 0 0 15 3 11 45 0 0 0 0 0 18 41 0 293 0 0
 0 10 1 0 0 0 0 0 0 21 4 0 2 0 0 0 4 40 0 0 0 0 489 62 7 1 29 0 0 0 0 0 0 14 0 7 2 6 0 416 0 0 0 0 90 2 0 0 0 0 12 0 0 0 9 0 0 0 0 2 0 0 17 0 0 129 6 0 0 137 0 45 34 0 0 92 0 0 27 77 0 572 0 0 0 0 0 12 0 0 0 0 0 70 0 0 37 0 0 0 0 0 9 10 58 0 777 8 0 0 0 10 17 0 0 0 7 26 23 2 4 0 49 7 0 16 0 6 0 0 0 0 0 0 40 15 0 0 0 0 0 0 0 0 0 0 36 54 0 5
 32 0 99 0 2 0 0 0 0 0 0 4 0 0 2 0 0 0 6 0 0 0 0 0 0 1 0 10 20 13 6 0 0 0 15 0 0 0 9 0 1 0 0 0 0 0 0 0 0 0 0 0 0 0 18 0 3 0 0 0 26 35 0 0 7 0 0 2 0 0 0 10 21 0 0 0 0 0 0 0 126 0 0 0 0 0 0 0 0 1 0 8 0 0 4 0 2 0 0 0 0 33 0 0 0 15 0 86 0 0 0 0 0 5 8 0 0 0 7 0 31 0 0 0 0 0 0 0 13 0 0 25 0 0 0 0 0 32 0 0 1 15 0 0 8 0 0 61 0 9
 0 15 0 0 0 0 5 0 20 10 0 11 0 0 12 2 147 0 0 6 0 57 9 0 44 0 8 32 0 0 0 0 0 0 0 0 9 0 3 0 0 0 0 2 0 462 0 0 152 0 0 0 79 0 2 8 98 0 0 0 0 0 0 0 0 0 1 7 124 0 0 0 31 0 1 0 0 0 0 0 36 0 0 0 0 4 21 0 14 0 0 23 0 0 0 0 0 332 0 0 107 0 0 3 0 0 0 7 2441 0 0 10 0 104 0 10 76 0 15 4 0 18 0 0 0 11 0 0 0 5 0 0 49 0 0 27 0 106 0 37 0 0 0 11 2 0 0 0 2 0
 14 19 0 14 0 123 21 0 8 69 3 15 13 1976 1 0 0 9 2 0 0 3 0 23 0 1437 0 0 0 0 0 0 0 4 0 0 0 3 0 0 0 38 0 0 0 0 0 132 0 0 0 121 0 23 0 0 1 0 8 0 19 5 0 260 0 0 0 0 0 0 0 16 11 0 0 0 0 0 0 0 40 0 20 1 1 0 8 0 0 54 4 0 1 23 0 2 0 18 0 93 77 0 98 2 0 0 0 50 0 0 0 0 0 0 0 66 0 1 0 0 0 0 0 0 0 14 92 0 0 1 1 1 1 0 150 97 203 0 0 0 30 0 32 0 0 0 0 1 0 0
 0 0 0 50 0 0 0 0 0 0 0 11 0 0 0 10 0 0 20 30 0 0 0 11 1 0 2 0 0 21 96 0 0 0 0 0 0 13 17 0 0 21 0 0 48 0 0 0 0 0 20 0 0 0 10 90 0 37 13 4 0 44 9 0 0 0 6 0 28 46 0 20 0 13 7 5 0 0 0 0 106 0 0 98 0 1 1 0 0 0 0 59 253 0 23 0 0 8 0 3 0 15 0 0 0 8 0 7 0 1 0 40 0 0 0 0 0 0 214 0 15 0 5 0 1 21 102 0 0 0 0 0 15 0 0 0 0 0 0 7 0 38 0 0 0 2 0 0 0 13
 8 0 108 0 42 99 8 0 0 101 0 0 16 0 0 1 0 0 5 0 0 1951 0 15 1 0 0 8 0 0 0 0 0 0 0 359 0 0 7 32 0 35 5 0 0 1 0 0 0 0 0 0 0 10 16 10 17 15 0 0 0 0 0 103 909 3 0 0 0 0 0 84 43 0 0 0 0 0 1 0 1 3 0 191 20 0 4 25 84 0 0 0 0 0 1 0 0 23 2 0 22 11 22 0 0 0 1 0 17 22 18 0 11 0 0 1 4 0 0 0 0 0 0 0 0 34 5 19 0 2 0 0 0 21 20 1 13 3 0 0 0 0 11 0 1 2 5 0 2 0
 0 0 0 0 0 6 2 3 0 0 0 8 0 0 0 2 9 0 0 11 0 11 0 0 0 0 0 3 0 0 0 0 227 0 31 1 0 15 0 47 0 8 2 0 0 0 0 2 0 8 80 2 0 0 0 0 35 0 2 29 0 15 0 37 0 1 0 2 5 0 0 80 4 13 336 4 0 0 0 17 0 0 287 0 23 0 36 0 1 19 548 0 0 0 0 336 0 0 0 0 0 0 0 181 0 1 0 0 0 0 0 9 0 0 1 8 0 0 0 0 0 65 240 0 0 19 0 0 0 8 0 10 0 0 0 0 22 13 0 66 0 0 0 0 73 12 1 16 0 7
 0 0 0 0 0 0 4 0 0 11 352 0 0 0 11 0 0 0 0 0 0 1976 6 0 0 3 106 0 0 0 0 62 20 13 0 1 0 2 1 0 0 1 12 0 0 0 1 0 0 1 0 1 31 1 547 0 216 15 4 7 0 0 0 0 6 0 0 0 0 1 12 34 133 24 12 2 1 61 0 0 0 0 113 0 0 4 0 79 0 0 0 256 0 0 0 0 0 0 0 0 9 0 18 0 57 0 0 0 6 0 0 0 0 0 0 0 0 0 0 3 2 0 25 0 462 10 0 0 43 99 29 0 14 0 0 21 0 0 6 1969 4 0 2 0 0 0 0 0 0 0
 36 0 0 0 0 0 0 43 1 737 0 0 0 16 4 10 0 78 0 44 0 82 0 0 0 0 25 0 0 0 0 0 15 0 242 0 5 0 0 0 7 10 0 0 6 0 0 9 7 12 10 0 13 22 0 0 24 0 2 0 0 46 153 0 92 6 0 0 0 32 0 393 0 0 372 0 6 5 0 0 0 41 0 0 0 0 0 0 0 10 0 0 33 16 0 0 11 24 0 11 0 0 0 0 0 0 0 0 87 0 0 0 20 0 13 2289 0 10 462 15 0 2 0 0 0 18 1 33 0 0 553 4 0 242 0 3 60 0 0 5 0 11 0 0 0 0 1014 0 0 0
 2 0 0 3 0 31 23 0 0 0 24 0 0 5 1 0 0 0 0 0 0 0 0 2184 0 3 10 1 0 0 0 6 0 25 0 0 0 0 0 0 0 0 2 0 0 0 0 4 16 14 0 5 0 0 0 0 0 0 0 0 0 0 17 0 234 0 0 9 3 0 0 7 77 0 16 0 0 2 20 1 0 0 0 2 7 45 0 0 1 0 0 0 8 3 0 1 0 33 0 0 14 256 0 5 0 0 0 0 0 0 0 214 15 0 0 0 0 0 0 0 0 0 0 8 0 13 777 40 7 12 0 12 11 0 18 0 0 0 25 543 357 3 0 0 0 1 0 0 0 0
 26 1 15 6 15 3 0 0 0 10 93 0 0 26 33 0 0 0 0 0 0 0 2 0 0 0 0 0 33 0 0 0 6 0 39 19 0 66 4 0 0 59 13 8 146 0 2 0 15 0 5 4 1 0 0 0 0 0 0 0 3 0 0 0 0 0 44 1976 0 0 0 0 0 0 0 0 14 5 0 13 5 0 0 36 0 0 2 10 0 0 52 77 1 21 16 6 0 34 11 3 10 0 0 0 8 42 1 0 0 0 0 3 10 0 10 0 0 0 0 17 66 0 0 0 336 1 7 0 0 0 5 0 0 0 8 2 8 0 98 0 11 7 0 0 0 0 4 0 0 0
 0 0 0 0 21 0 0 0 0 0 203 0 0 4 32 0 0 0 17 0 8 57 0 0 0 0 9 0 2 1 0 0 8 42 23 0 0 0 0 0 0 27 5 0 0 44 258 8 0 0 247 0 0 0 0 147 0 0 83 0 0 13 0 0 0 17 0 0 0 1 0 76 0 0 0 0 35 1 0 0 34 0 0 0 0 0 0 0 0 547 0 0 0 2 0 7 0 1 209 0 40 0 0 0 0 12 0 0 3 0 45 0 205 66 2 1 0 0 268 0 0 12 64 0 0 0 0 0 0 0 1 0 0 9 0 204 156 7 2 10 0 26 23 0 3 0 40 0 40 41
 0 0 0 0 235 0 0 0 0 21 0 0 0 6 91 0 21 0 0 0 0 0 0 0 7 1 0 0 25 3 0 0 3 123 87 126 0 0 0 0 0 21 0 0 13 0 0 0 0 0 0 0 0 0 0 0 0 0 41 0 0 0 0 126 23 0 0 0 0 0 411 0 0 0 17 18 0 0 0 180 1 0 1 0 0 13 0 0 0 0 11 1 38 0 0 35 0 0 11 16 17 0 9 86 0 0 6 1 9 0 2 0 7 0 37 0 160 24 0 7 10 0 0 0 0 0 0 0 0 0 6 0 0 0 0 0 0 0 0 0 0 6 0 0 7 0 0 0 0 0
 0 0 0 0 3 23 10 19 0 0 156 0 6 3 0 0 22 0 20 28 0 0 0 0 0 0 2 0 0 0 0 0 0 126 0 78 27 2 63 0 0 1 0 21 0 23 0 2 0 0 37 0 2 0 3 0 7 45 0 0 0 0 27 0 0 12 0 0 0 0 0 69 0 0 0 0 17 2 39 0 0 1 6 2 0 0 20 17 0 18 0 0 0 0 0 0 0 2272 106 53 79 0 0 0 19 0 0 0 2 0 2 0 15 24 0 0 2 0 18 0 0 0 0 0 113 2 42 79 0 0 34 16 10 0 0 0 0 0 0 0 0 0 37 113 52 0 0 0 8 247
 0 0 20 0 21 3 1 0 0 20 2 0 18 0 0 1 0 0 0 0 0 29 5 191 0 29 10 0 0 16 0 0 17 0 0 2 0 0 1 2 0 0 0 13 0 0 0 0 0 0 0 0 0 0 0 50 0 1 0 0 0 0 4 0 15 2 0 0 2 0 0 7 0 0 2 0 0 0 0 0 0 13 0 0 2 10 0 0 148 62 0 27 11 0 2 0 0 0 0 2 0 0 0 62 0 0 0 0 0 0 1 0 35 5 5 0 0 0 0 0 0 0 0 10 0 0 0 0 13 0 0 0 0 0 0 0 0 0 0 106 0 13 38 122 25 0 0 0 8 6
 0 0 0 0 0 0 15 0 0 0 29 0 27 0 3 0 0 1 0 0 0 4 5 32 58 0 0 0 0 537 0 12 5 0 5 0 21 2 8 0 7 149 11 17 8 0 0 0 0 0 0 9 10 0 0 0 0 2 555 2 44 0 0 21 0 0 0 0 0 0 0 0 0 23 0 17 1 0 23 0 39 0 0 2 0 0 0 0 0 0 3 8 0 5 81 0 0 1 15 21 5 0 0 4 0 0 0 0 4 0 111 0 0 0 0 1586 0 0 0 0 0 60 107 0 0 0 10 0 99 8 12 218 0 44 0 0 0 0 0 0 18 0 0 0 0 0 0 0 0 0
 737 0 8 7 0 0 23 2 2 0 0 0 0 0 0 0 6 0 0 66 0 0 0 0 0 8 1 0 4 0 42 2 25 0 6 0 0 8 0 22 0 0 0 83 0 47 1 3 0 0 0 30 0 0 0 42 0 0 1 0 3 0 0 8 0 0 0 42 99 0 0 0 0 0 0 0 0 39 0 0 0 5 3 0 0 0 0 0 0 247 0 0 0 3 6 15 0 0 0 0 0 0 83 67 0 48 0 0 0 0 0 133 13 0 36 0 0 24 0 0 6 97 550 1 0 0 0 0 50 0 0 0 0 26 5 0 0 0 0 56 2 13 2 0 1 0 14 242 0 0
 0 0 0 0 8 4 0 33 0 0 0 0 0 0 25 3 31 0 43 0 3 0 0 30 0 79 12 0 0 14 0 0 0 44 11 0 22 0 0 0 16 46 0 0 16 0 0 0 14 0 1 0 34 6 2 2 259 0 130 0 1 0 0 0 0 0 5 0 8 0 0 0 0 0 32 0 77 0 11 0 0 129 3 0 24 0 53 0 46 113 0 0 8 0 16 0 26 3 171 22 0 7 0 2 12 7 87 0 0 2 0 0 0 0 33 0 0 0 0 17 5 3 1 8 0 21 0 16 23 0 13 0 0 0 0 4 0 0 6 0 72 8 0 0 68 10 0 0 16 240
 0 0 0 4 0 0 0 0 29 0 181 0 0 0 0 0 0 0 45 0 0 71 0 50 0 0 129 0 7 0 7 7 0 0 0 0 0 0 0 0 0 0 0 55 0 0 0 6 21 0 0 30 0 3 35 0 0 0 18 0 0 0 68 50 0 0 1976 0 0 0 13 0 0 8 99 0 0 0 11 0 213 1 0 0 0 0 0 0 0 0 0 0 4 0 29 0 0 0 2 1 0 0 11 0 24 0 0 0 0 0 0 41 0 0 253 17 6 0 0 0 3 0 0 0 0 13 0 0 1 0 0 17 2 34 0 0 0 0 0 0 0 19 0 0 24 0 0 0 9 20
 0 259 35 10 60 0 0 0 0 0 0 1 7 100 0 0 0 0 35 6 85 5 0 0 38 7 12 0 0 0 3 8 16 0 0 61 1 0 1 0 0 0 97 1 0 0 0 18 0 15 0 0 1 0 0 0 0 0 0 0 0 0 0 0 4 0 0 0 0 14 10 0 0 0 123 1 0 1 0 7 4 0 13 0 0 0 0 0 9 83 203 5 0 0 0 0 57 3 19 2 0 15 0 5 0 0 0 0 58 0 1 1 0 0 0 16 0 0 0 250 0 0 96 5 0 0 0 0 77 0 0 0 0 0 0 0 0 18 0 0 0 0 0 0 0 0 0 0 74 0
 0 0 0 2 0 0 0 84 0 0 0 45 82 0 48 0 0 0 0 0 0 0 2 0 16 0 0 2 0 10 248 0 12 0 22 0 0 1 9 0 0 0 6 8 3 0 39 0 0 0 0 0 0 0 253 0 0 0 5 25 24 20 0 0 3 18 0 0 259 53 44 17 1 0 136 3 0 0 2 2 0 0 0 36 5 0 0 21 37 0 0 0 2 8 0 0 33 0 0 0 6 0 26 0 0 0 0 0 0 0 0 0 1 5 0 0 0 1 0 0 7 0 0 0 16 113 2 21 12 0 0 77 0 0 218 0 0 4 280 64 11 11 0 11 0 0 97 0 0 0
 0 34 13 18 0 0 10 0 0 9 21 0 0 0 0 0 6 0 10 0 0 5 0 1 0 0 0 10 0 0 0 0 0 0 0 0 0 47 0 0 16 0 7 0 2 0 0 2 25 0 30 0 0 0 0 8 101 8 0 156 8 8 0 6 0 8 0 0 1 0 97 0 0 11 0 20 9 0 34 0 0 20 0 0 0 0 12 0 1976 0 0 255 7 134 0 23 22 85 0 58 2 2 23 0 0 0 15 0 0 0 0 29 0 72 89 1100 3 0 0 0 23 0 0 23 235 0 0 0 0 23 0 0 0 0 0 0 0 0 0 0 0 9 1 0 0 15 0 0 6 0
 1049 2 0 0 129 218 32 0 268 54 0 5 127 14 16 0 0 0 0 0 0 0 0 0 0 0 0 0 0 0 0 3 0 0 0 0 0 0 6 4 0 0 21 0 0 8 0 0 4 466 7 0 0 12 0 0 0 55 42 6 23 0 0 271 429 68 0 0 0 31 0 0 0 0 0 10 2 68 0 0 0 0 0 4 0 0 18 0 0 7 0 0 0 0 0 0 0 0 0 0 315 1 37 87 0 38 0 0 0 15 47 1 6 15 0 0 5 66 26 1 36 0 32 0 0 1 0 0 23 410 0 0 0 0 0 0 3 189 0 0 1 0 0 0 0 0 21 18 0 19
 0 0 228 0 1 8 0 0 0 0 57 0 0 176 0 0 0 11 0 0 5 0 0 0 0 4 10 0 0 0 2 354 0 0 35 0 0 0 0 100 0 96 0 10 156 0 0 0 4 0 0 7 3 4 0 0 0 0 123 0 0 0 0 5 0 2 59 0 0 7 0 1 24 0 433 0 126 24 0 0 0 0 14 0 0 0 0 35 0 156 0 0 19 0 0 0 56 0 0 0 0 1 7 0 0 0 0 0 0 553 0 4 6 0 4 61 0 237 0 354 0 0 0 0 1 0 93 0 0 5 17 0 0 2 13 0 156 25 27 1 0 3 0 0 0 0 0 0 0 5
 0 27 23 32 46 0 2 0 0 0 72 0 0 20 0 0 101 0 0 1 0 0 105 0 0 57 27 13 50 0 23 24 0 0 19 8 0 4 48 1 0 0 12 0 95 0 99 0 0 15 0 0 77 0 15 2 0 0 0 209 1 17 1 0 0 0 19 0 0 8 0 0 2 0 0 0 23 0 0 6 0 61 0 0 0 0 0 0 0 0 9 4 216 0 6 2 36 138 286 0 92 7 0 0 0 0 0 1 0 0 124 0 0 11 0 6 2 0 0 0 0 285 4 1 0 0 0 0 0 0 8 0 45 0 0 17 1564 21 0 61 0 0 15 16 1 0 0 0 0 21
 0 4 0 0 0 0 0 19 0 0 0 0 3 38 0 0 248 7 56 0 0 0 0 0 32 0 0 0 18 0 6 0 0 0 0 0 26 2 8 21 12 2 18 3 0 0 113 0 0 12 0 0 31 0 0 0 0 0 0 1597 0 2128 2296 0 0 0 15 0 317 0 19 21 21 0 0 0 0 0 0 0 0 0 0 11 0 0 0 0 0 0 15 0 0 7 0 61 0 0 0 0 0 38 0 0 0 8 0 0 18 0 53 23 0 15 0 15 59 733 71 0 81 24 33 1 0 0 3 3 0 10 0 0 0 66 285 1 0 0 0 0 0 0 0 66 0 3 0 0 99 0
 0 0 14 0 0 56 0 0 0 2 0 0 7 81 9 0 62 0 0 0 14 0 0 0 0 10 0 2 7 0 0 0 9 0 0 1 12 14 0 0 0 0 0 0 14 2 0 13 0 2 0 32 0 0 31 0 0 0 23 0 0 0 0 0 0 123 5 2 1 5 0 0 0 0 115 29 0 0 0 18 33 16 43 1 0 0 3 0 1 0 0 0 0 0 0 35 0 0 0 2 10 23 0 0 0 222 0 0 66 0 0 0 0 0 0 0 0 15 0 0 5 0 0 1059 16 0 0 86 0 1 0 0 30 0 57 3216 0 1 30 11 12 0 0 0 17 0 25 4 0 0
 5 0 84 0 0 233 33 8 0 0 1 146 5 0 0 31 10 0 0 0 22 0 0 33 0 15 61 0 0 0 2 14 178 0 94 5 14 0 0 0 145 20 7 23 0 2 0 0 0 0 12 0 0 3 0 44 0 0 0 0 0 0 24 0 0 12 0 0 0 0 548 233 0 0 0 0 0 2 0 0 0 0 1598 0 0 0 0 0 15 0 777 0 3 3 0 216 0 0 0 0 0 18 1100 0 91 87 10 21 172 0 0 0 0 26 0 0 0 0 0 0 0 0 0 0 0 22 25 19 0 32 6 197 0 20 4 0 1 0 0 0 0 11 0 0 0 6 0 0 11 1993
 0 0 0 0 0 0 12 0 9 0 0 17 0 0 7 0 0 0 1 3 0 0 0 253 62 0 0 0 1 20 0 0 0 21 1 0 20 0 0 0 0 18 0 178 0 0 0 0 0 3 0 4 84 0 0 14 22 4 6 0 0 38 0 0 0 0 0 0 71 0 0 156 49 39 0 0 2 0 9 1 0 0 0 0 0 0 16 0 0 0 57 20 552 3 0 0 15 6 1 0 0 5 14 10 0 2 0 0 0 0 0 0 0 0 0 0 0 0 157 0 23 0 7 24 33 0 0 87 0 0 0 12 1 0 0 0 33 1 9 12 0 510 0 45 0 0 0 0 0 0
 0 0 0 1 0 0 0 0 0 14 0 0 10 187 47 0 0 0 2 5 0 15 0 0 0 29 6 0 4 9 125 0 0 24 12 0 131 0 0 7 0 0 0 0 0 0 5 0 0 0 6 26 0 54 0 0 0 5 0 2 0 0 0 0 0 0 0 4 0 0 0 0 17 0 0 1 0 5 0 22 0 0 0 0 0 0 0 0 0 0 0 0 39 0 5 17 0 0 0 0 2 0 0 31 0 0 0 4 0 0 2 5 0 1 0 49 0 6 40 0 0 0 0 0 255 0 2 0 0 0 0 0 0 98 0 0 0 41 0 0 0 6 0 0 0 0 17 0 0 0
 26 62 0 0 0 0 0 0 0 0 0 11 0 0 6 0 0 0 4 30 0 0 0 0 0 1 0 0 12 33 0 0 81 1598 32 2298 39 2459 0 23 777 0 0 0 18 1 0 19 77 0 0 0 0 36 68 0 9 101 0 0 0 0 0 0 0 20 0 0 0 3 0 0 0 0 1 0 24 0 442 0 0 0 0 0 33 0 50 93 21 0 0 0 0 0 0 87 0 4 733 0 7 37 0 215 0 156 6 0 6 27 60 0 0 0 0 0 3 0 0 0 0 0 2 0 1 0 1 0 0 0 0 0 16 0 0 72 27 0 40 18 17 0 0 0 29 0 0 20 14 0
 31 6 0 253 0 0 0 0 0 38 0 0 0 0 0 1 0 35 0 0 0 3 0 20 5 0 0 0 8 0 4 9 0 17 0 28 0 53 0 0 0 8 62 11 0 0 0 0 1 7 0 1 0 19 0 4 0 95 0 0 0 0 73 15 0 8 1 0 14 0 4 0 20 29 0 0 0 2 0 0 0 3 0 7 17 15 0 0 0 0 24 0 0 0 0 0 0 0 0 0 0 41 0 1 3 0 0 0 0 413 0 1597 1 1 0 42 0 0 0 0 1 3 0 0 377 0 3 0 5 0 0 1 1 0 4 7 0 0 37 2 0 0 77 287 415 0 0 0 0 0
 7 0 100 15 0 0 0 4 0 264 0 0 0 0 0 0 0 4 62 0 0 0 0 32 0 0 0 0 0 443 0 0 0 434 26 0 281 1013 133 0 0 5 0 123 8 5 8 60 0 253 0 0 21 0 0 41 0 177 0 2167 737 0 13 13 0 0 0 160 0 0 0 67 0 0 0 0 25 0 0 125 240 15 0 22 0 10 0 10 0 61 0 0 0 0 0 3 0 0 0 0 24 113 16 0 0 1 11 0 0 9 0 0 1 40 0 6 0 0 0 0 0 0 0 0 0 0 6 218 0 0 0 0 0 294 65 0 3 28 0 94 24 0 0 0 0 0 0 1 0 287
 0 0 0 0 0 0 0 0 2 0 1 0 0 0 1059 0 0 4 40 0 48 0 4 0 0 0 0 36 90 11 5 0 36 0 1 2 52 9 62 0 0 13 302 0 6 0 0 0 44 0 0 0 4 0 25 78 0 0 0 2 43 0 0 0 0 47 0 0 3 0 0 0 0 0 49 0 0 8 0 0 2 0 0 0 0 0 0 0 24 0 18 34 0 26 242 0 2 4 0 0 0 0 23 7 0 1 0 6 0 42 0 0 0 18 20 0 0 0 0 16 0 35 0 0 19 2143 41 2 0 5 62 3 0 1 0 0 0 15 5 0 4 0 0 0 81 0 15 0 0 5
 2184 39 0 1 0 25 0 0 218 2 3 83 0 0 0 88 0 21 121 0 0 0 0 0 64 18 23 0 6 0 22 0 41 17 0 21 0 67 86 14 2 0 0 0 0 27 0 0 13 0 17 9 5 0 1 0 1 38 0 38 0 0 0 0 0 0 0 0 0 0 0 9 2 0 30 0 214 0 9 13 0 0 6 0 2 0 11 0 0 1 13 0 31 8 0 47 185 0 0 0 0 0 0 6 5 27 1 0 0 35 0 3 0 0 0 2 0 57 0 41 1 0 2 130 0 30 0 0 0 13 0 0 2 0 0 0 23 39 6 0 0 2 0 0 0 29 0 84 0 0
 0 42 0 0 1 0 0 20 2 0 10 2 42 0 4 0 0 0 42 0 0 0 0 0 0 0 6 0 23 0 0 2 0 0 12 0 0 29 0 11 0 0 0 0 3 0 1 0 14 7 0 13 0 0 0 2 0 36 0 2 0 132 49 0 12 49 0 0 37 34 1566 0 53 0 0 48 0 0 0 0 0 0 1 14 70 0 0 0 54 0 0 29 0 7 6 0 0 0 0 8 0 10 0 0 0 1 0 0 0 156 0 0 0 0 0 0 12 0 0 2 2 28 0 0 0 0 10 62 8 25 0 0 0 0 0 0 13 45 0 2 0 5 12 13 9 8 0 0 22 0
 0 0 0 32 0 0 0 5 10 0 18 6 0 0 0 35 0 0 16 0 0 0 0 11 0 0 0 0 0 23 0 0 0 0 36 0 66 0 0 5 0 1 44 0 1 0 6 0 0 0 0 0 0 3 0 0 0 1 0 0 0 7 0 0 0 156 0 0 0 1 0 18 0 14 18 0 6 2 1 5 0 0 0 0 0 735 13 0 18 1 81 0 0 11 5 21 22 0 0 505 0 37 0 0 0 24 31 0 0 107 11 17 32 0 0 0 57 0 50 0 0 0 0 0 0 3 0 16 3 12 0 4 19 0 0 0 0 0 0 0 0 0 0 0 53 48 0 0 0 21
 0 0 0 0 106 347 1 1 0 0 0 26 0 0 0 735 5 0 0 0 14 142 0 0 0 0 0 13 0 80 0 39 0 0 0 0 0 0 4 0 268 0 0 0 0 25 0 141 0 0 155 0 0 106 8 0 0 1 13 0 47 0 6 0 460 51 35 99 32 2 0 0 0 0 0 1 0 0 0 195 0 34 0 1 8 0 38 9 0 0 0 0 0 0 0 0 4 0 92 0 0 22 247 0 7 84 45 0 0 16 0 0 2 0 0 0 0 0 1 5 0 0 7 0 0 16 0 0 0 0 0 0 4 0 0 0 30 11 0 1 0 65 0 0 0 16 0 0 15 345
 0 0 0 0 0 9 0 0 203 0 0 19 0 0 0 0 0 0 24 0 203 13 173 8 0 15 0 377 0 806 0 0 0 41 0 3 0 0 0 1 0 0 21 8 5 0 0 0 0 30 0 0 1 17 0 0 3 0 0 15 27 0 4 0 130 15 2 0 0 1 0 12 0 52 0 0 126 0 0 0 81 0 0 0 16 0 0 0 86 0 0 1 6 16 0 0 0 0 0 1 0 9 8 1199 28 5 3 1 0 0 0 0 0 0 0 0 2 255 15 5 2 27 0 34 0 0 0 0 0 0 0 0 0 0 3 3 144 0 0 0 0 0 0 176 19 0 11 0 8 0
 0 5 0 1 1 0 0 35 0 4 0 0 0 127 14 0 0 0 10 0 0 0 0 0 0 123 43 0 0 0 0 0 0 0 1993 0 0 0 0 0 0 0 0 0 0 34 5 241 11 0 0 0 0 0 0 2 0 21 0 0 66 11 0 0 22 182 0 6 0 0 0 6 0 0 0 0 139 2 0 0 3 1 2 0 1 6 2 0 3 0 8 22 0 0 0 7 21 47 0 132 0 0 0 0 0 0 0 0 10 0 1 26 0 0 0 0 0 218 10 13 0 5 0 158 23 7 0 0 14 0 35 0 253 6 11 48 2 13 7 6 6 0 0 0 0 0 0 1 0 0
 0 2 0 0 45 7 0 30 0 16 25 0 0 0 0 0 0 0 0 0 0 0 0 0 0 0 0 0 10 1598 2 0 1 3 51 0 0 4 2 2 0 0 0 0 0 0 0 0 0 87 2 7 0 0 0 0 0 0 0 21 0 351 57 0 62 25 19 18 4 0 21 39 2 0 16 0 14 0 36 0 0 0 0 0 0 0 2 0 2 0 47 7 0 6 0 0 0 16 0 0 0 5 33 0 0 24 0 132 0 0 0 0 0 3 0 13 0 1014 91 1 0 0 5 0 0 0 0 21 0 0 0 1 0 1 0 0 0 0 0 21 0 0 0 0 0 2 0 0 94 0
 19 0 0 21 0 0 0 0 0 0 9 0 0 0 0 0 52 0 0 0 12 0 725 0 0 10 0 26 0 0 0 0 12 0 72 0 0 0 4 0 0 0 0 0 17 89 0 0 0 0 0 15 0 4 10 6 0 235 0 0 0 0 21 20 0 0 14 0 0 0 0 243 0 0 0 99 0 0 0 0 0 0 16 45 0 4 0 2228 0 0 0 0 0 0 0 0 31 21 48 0 3 0 0 27 0 9 0 50 0 0 5 33 0 56 0 0 6 7 0 0 18 0 0 71 16 336 0 3 0 0 0 181 0 0 1 0 6 0 0 0 0 8 0 0 10 0 462 44 0 0
 0 0 0 4 57 0 0 0 46 0 0 10 2 0 0 0 49 30 0 0 1 0 7 8 11 0 0 0 22 0 0 0 909 0 5 0 2 0 6 32 101 0 0 0 0 1 47 6 10 0 1 235 41 0 0 41 14 0 3 20 0 0 156 255 49 0 0 12 0 0 0 7 0 2 0 0 0 77 0 0 0 0 0 0 0 1 0 5 0 0 0 36 0 0 2 266 3 24 2 0 2 0 0 271 0 1 0 0 0 5 4 24 0 12 0 0 0 22 0 0 24 0 6 0 0 0 33 0 0 11 0 6 0 1 1 0 12 0 0 0 38 0 0 0 0 6 0 23 2 32
 0 0 0 9 0 15 1 3 238 2 0 0 0 0 0 0 0 0 8 1 0 0 23 5 0 0 16 0 0 12 1 0 0 21 0 35 0 0 0 0 165 14 11 29 0 0 7 0 6 0 26 8 227 0 8 0 43 0 7 0 5 1 5 0 0 2 10 1 6 0 10 0 0 1 377 0 0 20 0 0 36 0 0 0 0 22 0 0 777 14 0 0 0 14 0 0 5 0 43 0 1 0 0 0 0 1 0 16 334 0 0 0 0 0 5 29 0 0 0 35 8 0 0 11 0 0 0 0 0 4 17 0 0 10 0 0 18 0 28 0 0 0 47 0 32 0 302 2 0 32
 1914 0 0 0 6 9 83 0 109 0 5 0 1 1 0 0 0 0 26 0 5 0 0 0 1 0 0 0 0 2 20 0 0 0 5 0 0 3 0 0 0 0 0 0 0 0 0 9 0 0 0 1 3 0 1046 0 4 60 0 0 0 0 156 0 0 0 0 0 0 0 0 0 0 0 0 20 0 0 0 117 0 0 0 18 0 0 0 0 0 10 441 0 25 0 23 12 0 32 0 3 9 50 0 0 47 24 11 1 1 129 26 1 6 0 0 0 3 4 0 0 0 1 0 0 1 0 0 2 548 0 19 0 0 0 127 0 19 84 0 5 21 0 35 0 53 0 0 0 3 5
 2 0 13 0 4 0 3 0 0 0 0 2 0 88 2 20 0 0 61 0 17 8 0 0 15 154 0 0 0 2 0 0 0 14 3 0 296 49 0 35 1 0 1 65 0 0 0 21 0 0 39 0 0 4 0 0 24 0 26 0 0 0 0 39 24 1437 0 1 0 0 0 0 0 0 0 0 0 36 0 0 10 0 3 0 48 0 40 1 0 0 0 0 2 0 0 0 0 2 2457 0 39 0 0 0 0 0 0 0 18 0 0 1 4 0 0 15 3 0 0 294 0 0 0 0 0 0 3 0 2 0 0 14 0 24 13 0 6 0 16 0 0 0 0 4 130 0 0 1437 0 20
 0 35 15 218 0 32 0 0 3 0 0 0 0 0 0 10 0 88 0 0 13 3 0 59 2129 36 0 0 0 0 0 0 3 117 18 16 12 0 0 11 0 0 2 0 0 0 0 20 0 0 0 0 19 0 0 0 0 16 9 0 0 7 0 37 41 3 0 134 0 0 0 0 0 43 2 0 156 21 0 0 0 24 0 0 0 27 9 85 0 0 24 0 0 25 0 0 26 1 135 19 0 17 0 8 14 0 0 0 0 5 2 0 84 0 0 0 14 19 13 434 9 37 0 0 6 0 0 15 0 2129 0 0 5 25 0 0 13 0 17 0 0 12 0 18 0 2 0 0 3 0
 8 7 2 0 0 0 0 0 18 234 0 1 0 16 0 0 1 0 0 2 0 0 0 3215 0 0 0 0 0 0 0 0 0 48 0 0 0 2 0 0 0 0 0 0 0 0 0 19 0 0 0 0 0 24 0 42 10 0 0 0 0 0 0 0 0 18 0 0 0 132 0 0 2 0 0 7 0 19 0 3 2 0 0 10 8 0 0 7 4 0 0 0 0 0 0 0 0 148 0 0 0 57 0 0 0 7 8 33 0 0 0 0 0 24 0 6 0 0 0 0 10 72 55 0 33 26 35 0 23 0 107 2 0 0 0 9 0 0 0 0 0 17 0 17 9 0 0 0 0 0
 0 0 0 0 1 0 0 25 0 0 10 49 23 0 1 0 0 33 0 0 94 0 0 2 0 24 0 0 0 0 0 2 0 0 41 5 0 0 0 0 0 0 7 1014 0 0 0 1 0 42 0 14 0 0 1 0 0 0 0 0 0 0 3 156 0 6 84 0 5 7 0 0 0 37 0 45 15 0 0 142 0 0 0 0 24 5 28 1 0 2 0 14 0 0 0 0 9 2 0 0 1 21 76 79 37 0 0 0 0 0 0 0 2 443 2 0 0 0 0 0 0 63 66 0 0 0 0 58 236 0 0 0 0 0 5 0 21 0 0 0 13 9 0 0 40 3 0 0 0 0
 0 15 1 0 85 0 0 0 0 2 91 0 1 3 0 20 15 0 0 88 0 0 35 0 19 0 0 39 0 0 1 9 132 5 16 33 0 0 0 0 0 24 0 0 16 0 1 0 0 9 0 6 1 0 0 3 10 0 26 1 0 0 0 19 0 0 13 35 6 6 0 0 0 22 0 13 12 0 0 3 0 28 0 1594 2 16 0 0 7 0 7 55 0 0 0 2182 7 0 0 3 0 0 4 0 0 0 40 0 0 0 0 2 22 0 29 0 0 20 0 0 0 23 0 0 0 0 0 1 0 12 0 14 0 0 8 0 16 0 0 0 97 0 0 0 0 0 6 0 0 0
 0 0 0 0 8 0 0 0 5 0 135 0 0 0 0 13 0 0 208 0 0 1968 14 0 44 0 0 0 21 8 0 0 1 0 5 9 0 1 14 315 2 84 15 0 0 34 0 0 16 26 0 8 0 10 49 0 0 0 0 34 2 0 25 26 0 0 0 91 1 0 0 0 0 359 0 5 0 0 0 14 0 13 0 0 551 23 0 0 0 0 0 0 0 12 1014 0 0 0 0 0 4 0 1 8 0 0 0 65 0 0 1 0 0 0 0 6 0 0 52 0 20 0 0 6 0 0 0 19 0 5 0 1 0 0 0 0 0 0 0 6 0 0 0 14 0 6 0 3 15 92
 17 0 5 0 0 0 0 0 40 33 0 1 0 0 2 0 1 0 0 0 4 0 0 0 0 0 0 0 56 16 0 0 0 0 0 0 1 0 0 0 0 0 9 0 0 14 3 26 0 273 0 0 0 0 0 163 0 0 3 279 54 0 20 377 93 0 0 10 0 0 0 20 0 0 0 0 0 13 0 55 57 0 0 9 2 0 0 0 0 0 12 30 4 23 0 0 0 0 14 3 0 0 25 0 8 0 13 0 0 0 0 0 0 0 0 9 0 0 0 0 0 0 0 0 0 0 0 0 0 0 23 0 23 77 0 0 76 0 0 0 0 0 0 17 0 43 0 0 2 6
 84 0 102 0 9 24 0 0 0 0 0 2 0 250 0 4 0 0 0 2 16 0 8 0 0 11 36 0 0 13 0 0 13 0 0 0 0 6 0 0 8 0 0 28 0 0 0 0 104 12 31 97 18 0 36 113 287 1 2 0 1 0 12 0 0 0 43 0 0 0 0 5 5 0 0 0 0 0 0 12 0 0 1 13 4 0 0 0 0 0 6 2 0 0 0 0 93 0 0 16 0 737 247 72 0 106 0 0 3 1061 0 2 0 0 6 12 0 0 0 0 0 1044 14 0 0 0 0 0 0 0 26 18 0 44 0 0 0 0 0 0 0 0 0 0 0 32 0 33 0 0
 0 0 0 0 0 0 0 5 15 0 0 0 0 0 0 0 23 1 0 156 0 0 0 0 26 7 0 19 1 0 0 41 0 0 15 10 0 228 3 0 7 17 4 0 0 0 0 33 0 0 11 0 30 2 0 0 0 90 0 0 374 0 0 7 14 0 0 0 0 0 0 18 41 27 0 1014 0 0 20 0 0 16 12 20 0 10 0 0 0 0 19 0 0 99 0 0 0 5 0 0 5 3 54 0 0 9 16 0 0 0 21 0 32 0 48 0 22 8 0 0 0 0 22 0 0 0 25 0 1 2 0 3 33 0 5 36 0 0 16 0 6 0 6 24 0 0 0 25 0 87
 0 26 134 97 0 1421 0 0 0 0 1 2 15 33 29 0 0 0 0 48 35 0 0 0 0 72 0 154 2 0 0 9 0 0 0 2 3 2 6 0 0 0 0 43 9 0 248 0 0 0 0 0 0 31 0 1 0 0 0 0 7 6 0 0 10 0 7 41 0 0 9 40 0 94 0 0 0 0 245 0 0 12 37 0 7 33 6 8 1 8 0 0 0 0 27 52 0 543 0 0 0 0 564 0 0 113 1 0 0 0 0 0 0 17 0 1974 0 0 17 8 47 0 7 0 25 0 0 45 0 0 0 6 0 242 0 0 14 0 0 0 0 0 47 0 0 0 0 0 16 0
 0 13 0 0 0 0 11 0 0 0 0 15 0 0 4 395 0 0 48 47 0 0 0 0 26 0 0 0 0 0 0 0 0 25 0 0 0 0 0 0 11 59 2 7 0 0 0 0 0 0 0 29 19 0 2459 0 0 3 0 9 0 66 0 0 2 0 0 0 0 22 0 0 0 0 0 0 0 0 0 0 0 0 3 0 0 2 0 0 0 14 0 0 0 0 4 15 2 0 40 4 3185 0 7 0 0 8 0 0 0 0 1 0 2 3 61 27 1 0 19 105 0 0 40 14 17 0 0 67 0 0 2 0 0 12 0 24 0 2 0 11 6 0 1 38 0 0 0 2 10 0
 5 0 0 0 0 0 0 0 0 1 0 0 16 4 0 0 54 0 0 0 3 0 0 32 0 22 32 17 0 2 12 0 0 0 0 2 0 0 1 0 2 5 0 246 13 0 0 3 23 4 0 92 0 0 0 15 0 0 4 1 8 0 0 0 71 2 777 69 0 0 56 1 0 0 0 0 66 8 0 0 0 256 48 0 51 0 1 34 6 0 0 9 6 0 90 0 0 0 8 0 0 0 0 0 5 0 38 0 6 1 9 6 0 5 23 0 6 0 2 0 48 6 5 0 1 0 12 0 0 547 0 22 96 29 107 0 0 0 3 0 0 0 0 0 0 0 377 29 0 0
 11 0 0 240 19 57 0 0 0 0 0 0 0 2 0 0 1 0 0 0 0 0 0 0 0 77 0 0 0 10 0 16 0 0 44 2 0 24 0 0 6 0 0 0 48 0 0 126 0 0 28 0 1 49 23 7 0 8 0 6 0 0 0 0 0 0 0 6 0 47 0 0 2 3 61 0 0 2 0 0 235 3 9 0 0 0 33 0 154 10 0 0 7 0 20 0 0 0 0 10 0 23 0 0 3 0 0 10 1014 4 0 0 10 2 0 0 0 0 0 0 0 0 8 0 0 0 0 3 33 31 0 1 5 0 0 6 0 11 0 0 0 0 10 0 0 0 218 1 0 158
 27 0 0 0 0 0 0 1 2 0 2 0 0 0 0 0 38 29 0 0 0 0 0 0 6 0 0 0 0 1901 0 0 0 48 0 40 0 0 1 10 0 123 0 0 0 0 0 0 22 1 11 13 12 0 4 0 174 52 0 0 0 0 0 85 0 3 0 0 359 2 0 0 0 14 14 0 0 0 3 0 4 9 6 1 0 0 0 0 0 0 0 8 0 0 0 134 60 266 6 5 33 0 0 28 41 0 0 10 0 0 4 210 0 0 0 0 49 0 0 0 7 35 3 0 2 18 21 0 1 0 0 8 39 0 0 0 0 1 0 33 0 0 0 0 0 0 0 31 0 0
 0 0 0 27 112 2 14 19 0 23 0 0 0 3 0 0 33 174 0 0 0 2 0 18 0 0 0 0 0 0 1 0 0 0 9 0 0 0 0 0 0 34 0 0 0 0 0 0 0 25 0 0 0 0 0 273 0 0 0 0 0 12 0 2 2 0 0 0 5 0 35 0 0 0 0 0 0 0 0 0 0 1 0 29 0 0 0 0 3 1 12 0 0 0 0 0 0 0 1 8 0 0 23 0 0 0 0 71 2 2 0 15 0 0 0 8 0 0 0 0 0 0 5 0 0 2 0 0 0 1 15 0 0 4 0 0 0 65 0 0 3 17 0 0 208 0 0 8 9 0
 415 0 0 0 57 0 1 131 2 0 0 0 2 0 2 0 0 0 0 9 2 47 0 20 0 0 1 0 0 12 3 0 0 0 0 4 0 0 5 0 0 0 0 0 0 0 0 59 0 0 49 0 0 0 11 248 0 2 24 20 0 0 39 0 8 0 0 0 0 3 3 0 32 0 0 45 0 0 0 0 0 0 0 0 7 0 14 0 2 0 0 0 0 0 0 15 0 0 131 3 0 0 24 0 0 0 15 1 3 0 0 6 0 0 0 0 59 0 1 1 0 0 0 15 0 0 10 24 0 0 0 67 0 8 0 0 21 0 3 49 1437 6 0 7 0 16 0 36 0 0
 0 4 27 4 0 38 6 0 0 2 0 0 16 105 0 49 0 0 0 0 0 0 0 0 0 0 0 0 0 0 0 26 37 3 79 0 0 0 0 0 0 0 0 0 81 97 45 1 0 0 285 0 0 0 0 0 1 0 0 16 0 0 0 0 1 1 8 0 0 0 16 0 3 0 0 1 0 3 0 0 2 0 0 0 0 0 26 0 0 42 0 2 0 0 0 0 16 0 0 23 16 0 15 0 0 0 0 256 0 0 0 0 0 505 0 0 14 0 10 0 0 0 0 0 0 3 0 0 0 1 0 23 0 0 0 0 54 0 0 7 0 0 40 0 0 25 3 0 0 1
 1 0 0 0 0 0 0 6 0 20 0 7 0 0 0 85 0 0 0 8 7 0 3 0 0 25 24 133 0 0 0 0 1 78 6 0 0 0 0 9 23 0 0 0 0 0 235 0 0 0 0 13 0 150 0 0 20 0 0 0 0 0 0 0 13 0 0 0 27 0 113 0 0 0 0 16 0 0 6 0 8 2 0 0 0 5 6 0 0 0 372 75 36 3 0 91 0 0 0 0 0 0 1 4 0 6 0 0 0 0 0 22 4 0 0 0 0 88 32 0 13 0 6 0 13 4 0 0 0 23 7 42 0 0 25 273 0 774 43 0 0 0 21 0 9 0 1 0 17 0
 0 24 4 0 0 235 20 20 0 0 10 0 0 0 10 22 0 3 0 0 553 27 0 0 0 1 0 2 0 0 1598 79 14 0 12 0 0 0 0 15 0 0 16 0 16 0 0 7 2 0 0 0 79 19 0 0 14 225 0 10 42 0 1 16 0 0 11 48 0 19 0 5 240 4 6 0 2 21 0 0 113 0 3 2 41 0 0 86 0 13 0 1 47 0 0 0 279 0 2459 0 0 5 0 0 48 415 0 9 0 0 0 0 0 0 0 0 0 12 16 0 3 0 0 4 0 0 0 0 0 0 0 1 5 49 0 0 0 0 1 0 0 0 0 4 0 130 0 0 12 2
 0 127 0 0 6 22 0 0 0 0 0 0 0 70 0 0 0 0 24 7 0 0 0 3 1 161 0 0 3 13 0 9 50 0 0 0 0 2 0 10 0 0 34 0 0 1 0 0 0 9 0 0 0 28 0 0 0 0 0 0 0 19 1 0 0 16 148 7 0 1 0 2 15 0 0 0 0 0 0 0 0 0 45 0 544 30 0 0 12 55 0 0 4 0 0 0 0 0 5 0 0 0 0 3 0 0 8 0 0 0 23 0 0 0 0 0 17 0 0 0 0 6 0 0 0 0 0 0 0 0 161 36 0 21 0 0 14 72 0 5 0 0 0 2 0 2 0 0 4 126
 0 737 14 1 13 0 0 0 1 49 0 0 0 0 9 5 0 2 2 0 42 0 0 0 0 9 0 1 2 1 0 38 0 0 0 0 11 0 3 0 0 2 0 0 3 0 0 1 0 0 0 2 26 0 18 10 0 29 2 0 0 12 0 0 7 0 9 0 8 0 0 18 0 0 3 0 0 0 0 2142 0 0 0 13 3 0 7 0 0 5 4 0 1 0 0 0 0 20 45 91 0 0 8 3 0 53 0 2 0 0 130 0 38 0 748 38 20 0 15 3 10 22 3 0 0 0 0 0 77 85 6 0 0 17 253 4 6 0 0 22 0 0 8 40 0 0 1 65 0 0
 0 0 5 0 0 0 49 13 0 0 0 7 0 0 0 2 0 0 0 15 0 0 13 0 0 0 92 0 2 37 0 0 23 0 0 0 0 0 0 0 0 0 0 0 0 0 1 0 1 0 256 0 0 41 0 3 0 41 2 0 0 29 0 0 0 0 0 0 0 0 2 0 0 0 50 0 0 737 0 0 0 0 0 16 1 49 142 4 1 56 0 170 0 0 0 0 4 0 0 4 0 0 0 48 0 0 0 0 0 0 2122 0 0 0 0 0 0 0 0 0 29 0 772 1 0 0 0 0 24 14 0 0 8 4 0 0 0 0 0 1 0 0 0 62 0 21 0 0 0 2
 4 0 11 0 16 0 0 47 90 0 104 0 241 0 6 8 0 0 0 14 93 0 0 29 0 0 0 0 0 18 0 0 0 30 0 0 0 13 2 1 79 0 4 16 0 0 1 0 0 0 0 0 0 0 0 0 0 0 44 5 0 0 0 23 115 0 0 0 0 0 10 0 0 23 53 0 0 35 0 0 0 0 26 0 16 18 92 206 1 0 0 23 0 0 0 2 0 0 0 0 0 7 0 0 0 0 23 0 0 0 0 50 74 19 0 3 0 35 47 2 76 0 25 1 1 0 1 0 0 0 130 0 0 0 0 20 0 0 8 1 0 0 0 0 0 0 6 0 0 0
 0 1 0 17 0 2 0 0 0 0 4 10 0 0 3 3 0 1598 15 0 0 0 21 126 195 0 10 0 57 49 0 1 0 12 0 0 58 0 10 1993 0 0 0 6 0 8 0 7 50 0 0 54 1 0 0 1 0 0 165 41 135 0 1 0 3 10 0 0 0 0 0 10 0 0 0 0 0 0 0 0 0 0 0 50 0 7 698 0 35 29 0 1 0 0 4 0 0 40 0 2 0 0 19 0 0 76 12 0 0 0 37 0 0 0 0 0 0 0 1 0 777 40 0 0 17 34 0 8 2 35 0 60 0 0 2 22 0 0 0 23 0 0 0 0 0 215 0 0 47 0
 0 0 0 0 0 5 0 14 88 17 123 16 2 0 15 0 0 0 0 10 4 0 48 97 229 0 0 68 41 41 0 0 2 2 7 0 0 29 4 0 0 0 0 33 15 0 0 2 0 0 0 0 38 41 72 0 1429 0 0 3 0 0 0 0 0 208 2 0 0 2 0 0 0 31 0 0 0 0 0 0 0 0 135 8 0 0 0 14 0 0 0 0 16 0 0 0 0 3 0 0 0 0 0 0 0 0 9 0 0 0 0 1 5 1 0 9 0 14 16 0 0 0 10 1 2 0 1 0 0 0 0 0 1983 502 0 0 0 0 0 0 2 0 30 0 0 12 0 17 0 0
 1 2438 33 0 0 0 0 19 2 57 723 0 8 1 26 11 51 0 133 0 5 0 24 0 0 32 0 0 0 0 0 0 0 1 9 19 0 0 0 15 0 15 1 70 2 6 0 35 0 7 0 7 0 6 0 0 209 0 100 0 0 0 0 2 0 0 0 218 0 0 0 0 1 0 35 0 0 0 3 0 0 61 27 24 0 0 0 0 156 0 0 3 0 8 120 2 0 0 70 0 0 0 0 0 2 0 0 8 58 0 0 55 0 3 0 1 6 0 0 0 3 39 31 0 0 0 5 23 13 0 0 0 96 0 15 12 76 0 0 0 1 0 0 0 0 0 2 0 76 0
 41 8 8 18 2 0 0 0 0 0 0 0 8 4 20 0 0 1 16 0 157 2 425 7 0 0 1 0 9 11 0 0 0 0 0 0 0 0 0 0 112 0 29 0 42 67 0 0 0 0 0 0 0 0 0 18 0 27 0 0 0 50 24 23 0 0 0 0 0 0 0 0 34 5 0 200 0 0 0 0 0 0 0 203 0 0 0 0 0 4 0 0 0 0 32 0 213 0 0 0 5 32 18 23 0 0 0 0 0 22 268 0 0 0 99 0 0 0 0 7 0 0 2 17 4 8 1 0 45 0 0 0 14 16 0 0 0 0 27 5 0 6 0 64 0 0 0 49 0 0
 4 5 0 0 1 0 0 0 0 0 0 0 91 2 0 0 21 0 0 0 10 54 33 0 7 0 18 41 1939 0 33 0 0 9 23 1 4 0 0 5 0 37 0 253 0 35 0 0 0 0 0 0 0 26 0 66 0 0 0 0 165 28 0 0 0 3 0 12 0 30 4 73 0 0 33 0 0 0 0 82 0 0 0 0 0 0 0 10 23 0 32 0 8 0 0 2 0 1 0 0 3 0 0 0 0 0 0 0 60 40 1 4 29 0 0 9 0 0 0 0 88 7 11 0 0 0 412 0 0 0 16 0 0 2 0 0 1 13 8 0 8 224 94 16 7 0 0 8 15 0
 0 5 0 0 0 10 270 0 113 28 0 27 0 6 1 18 0 0 240 0 0 5 3 0 0 188 0 3 0 8 19 0 0 29 0 0 0 0 0 0 0 0 35 3 0 3 0 0 11 0 4 15 0 0 0 15 6 0 0 0 5 4 7 0 6 0 0 0 4 0 98 47 0 84 51 140 48 2 0 5 17 499 0 0 0 0 0 6 67 0 0 33 8 572 0 0 0 113 0 0 0 0 36 0 10 0 26 0 0 0 15 0 13 155 2 0 0 0 777 0 0 0 0 0 10 0 34 0 0 11 0 19 0 0 0 0 0 0 37 25 0 0 0 33 0 2 17 0 0 1
 1 0 7 38 0 0 572 0 14 0 0 0 6 14 0 538 0 0 0 12 0 0 2 0 0 0 9 0 6 0 0 0 12 5 9 0 0 0 0 5 1 0 0 777 24 0 3 0 0 5 44 0 0 0 7 0 24 0 0 9 0 2 0 16 0 60 0 0 4 0 2 0 0 0 0 0 0 20 2 1 48 0 0 0 0 0 0 0 0 0 15 10 0 5 0 0 0 0 0 22 0 0 1 0 0 0 0 79 0 0 14 0 248 0 0 0 21 0 0 6 3 0 0 15 4 0 2 9 0 0 0 3 0 3 0 2 11 12 0 15 14 25 0 0 26 0 0 906 0 33
 0 0 0 14 0 0 0 23 0 97 8 0 0 0 0 84 0 0 0 48 64 0 0 0 0 0 0 547 0 166 0 0 0 0 0 0 0 0 0 0 0 0 0 0 6 0 33 23 55 0 0 0 39 1 62 0 0 5 0 11 32 0 0 0 0 0 0 0 11 0 0 32 0 49 0 0 0 7 55 0 0 29 5 39 0 0 218 0 0 1 10 0 3 4 0 0 66 0 3 0 8 0 0 12 0 0 0 0 0 0 0 0 0 0 39 2 0 0 0 0 0 0 0 0 4 0 62 0 1 9 0 0 1 0 0 36 0 7 0 0 8 0 3 0 6 0 0 0 0 0
 0 0 37 0 0 4 25 10 2 19 15 0 0 4 0 0 0 0 7 0 0 0 15 0 3 2129 0 0 40 0 0 50 0 0 80 0 8 0 0 0 0 0 29 12 0 0 0 0 2 0 0 0 0 0 0 0 0 0 8 0 0 377 0 0 8 24 0 38 3 0 0 0 48 0 1 0 0 0 0 0 0 0 0 84 1 23 0 37 6 9 0 0 0 6 1 6 0 0 23 0 2 29 42 0 0 0 4 9 0 324 1 0 50 0 0 0 72 0 0 0 4 0 42 265 6 909 0 0 0 0 105 0 0 2 0 0 0 0 0 6 0 18 47 0 0 5 20 8 34 0
 0 0 0 0 0 6 0 0 1 32 0 5 0 26 0 2 6 0 0 30 5 0 10 0 0 0 0 18 44 0 896 0 92 0 1100 0 31 0 0 0 0 0 0 0 0 0 124 0 0 0 2 0 0 0 0 2 0 0 0 0 0 0 0 909 0 0 0 0 0 0 0 0 45 0 0 10 0 126 0 71 256 29 30 0 23 2 0 9 0 0 0 107 0 8 5 0 0 0 9 12 0 3 0 44 0 18 30 4 14 0 16 0 0 0 15 0 0 0 1 15 0 0 0 0 0 0 0 0 0 0 0 65 60 0 0 0 885 12 0 0 11 0 0 0 0 0 0 3 0 32
 1 0 4 0 6 46 14 0 0 10 0 0 41 0 0 0 0 0 18 8 24 6 8 0 0 1 1 0 7 0 19 1 0 0 1 0 0 15 0 0 0 23 14 0 21 0 1 1 0 0 1 0 5 1993 0 5 0 0 0 4 0 0 0 0 232 47 0 47 5 0 0 0 0 15 8 0 0 0 0 18 4 0 5 0 0 22 80 0 0 0 16 0 0 2 32 0 0 0 8 13 0 0 75 0 0 0 94 0 0 0 0 0 0 413 0 1 0 10 0 2 0 0 0 0 0 0 45 2 13 0 58 5 0 0 0 0 131 0 0 221 0 0 0 44 1 48 0 0 0 0
 0 0 0 0 0 0 0 765 160 0 0 0 0 0 0 0 0 0 5 35 8 0 151 0 0 0 0 3 0 0 0 0 0 0 0 1 5 0 0 0 201 0 1 6 0 35 0 0 0 0 0 0 3 0 0 0 0 0 0 0 0 0 0 0 2 8 5 193 7 30 0 0 101 1 0 0 0 32 1 0 8 0 0 0 0 134 20 0 0 0 9 0 0 0 0 0 42 0 4 443 0 0 0 0 0 14 0 0 42 0 0 7 0 0 0 0 0 0 0 106 0 0 54 0 2 0 18 0 24 0 1 0 10 0 0 2 0 0 1 7 61 23 0 0 0 2401 0 0 12 0
