150
 1577 0 0 0 0 0 13 0 0 1 0 7329 0 0 0 0 1186 0 0 2 75 550 0 0 0 0 0 790 0 307 0 116 0 0 0 0 0 0 0 0 0 162 0 0 46 80 0 673 7329 0 0 0 0 0 0 1396 708 0 318 0 0 0 0 19424 3852 0 47 0 0 5 87 22 562 0 0 0 0 148 0 724 0 0 0 754 0 0 0 922 10 0 0 207 0 0 0 0 0 0 0 8 51 0 0 0 0 0 0 527 5 85 0 289 0 0 0 0 689 0 1828 0 0 0 437 1386 66 0 0 0 0 0 0 9 0 0 0 4720 0 0 0 0 117 0 0 0 8 161 0 77 0 87
 0 0 0 0 0 0 0 0 0 0 7 5190 0 0 0 0 49 0 119 136 702 0 595 0 0 196 0 677 0 5203 0 0 0 0 0 0 2725 0 296 0 0 0 0 0 908 0 0 0 0 0 0 0 210 0 169 89 0 17558 2283 0 0 0 0 0 0 5521 0 2430 0 0 0 2419 0 0 211 812 0 9 0 0 0 2058 0 0 0 0 660 0 182 0 1925 13 96 2393 0 140 4703 196 2393 105 0 0 0 3961 0 0 51 277 4 0 0 14 0 0 0 0 0 0 0 1479 689 4 0 0 0 0 0 314 0 461 8 15 2204 222 0 0 0 0 0 4 0 0 0 0 630 2641 0 0 0 87
 676 0 42304 56 0 40 0 0 0 10 66 0 0 138 157 0 50381 1026 0 2 0 0 0 0 0 647 8 0 255 0 0 118 46 473 0 0 0 13 115 0 0 525 0 958 0 0 0 0 148 0 47 0 388 0 0 0 459 419 0 0 0 0 0 0 10 0 0 1122 0 157 0 0 0 0 666 0 0 0 0 0 0 292 1450 19 0 0 0 0 367 0 0 0 0 0 0 4811 11 0 0 0 91 180 0 0 897 0 0 281 708 0 0 0 676 86 124 3972 0 0 524 0 135 0 0 1 0 0 614 440 0 132 0 917 0 0 0 0 0 0 5 0 0 0 2922 0 0 31 0 0 30 43694
 0 0 0 1396 151 96 2 0 0 46 0 3 0 0 0 0 0 831 0 12 699 0 2285 0 0 0 0 361 0 0 51 0 4 98 0 0 0 0 0 0 0 0 0 0 25 0 0 0 178 2958 0 61 482 0 675 410 0 0 0 0 11032 2345 0 4084 1487 507 187 0 0 0 0 0 58 0 0 132 0 2722 0 0 0 81 0 0 121 165 0 0 0 0 86 0 0 0 0 0 366 648 6143 0 2836 0 0 178 0 8 0 0 39 0 89 0 0 0 0 0 0 13 3 0 0 0 177 0 0 272 0 0 0 0 0 0 22 1738 3 28 32 0 0 20 0 408 0 565 0 125 0 0 51 2558
 0 454 3 0 399 36 0 0 0 20026 70 0 0 0 0 20 0 0 0 0 0 18 4 0 383 3 0 0 0 0 0 0 0 0 0 0 0 178 0 0 0 0 0 447 0 157 0 1196 0 0 1 0 22 0 0 61 0 0 0 1251 7 0 2220 0 1168 5268 0 0 0 6272 0 0 634 0 0 0 0 160 0 0 0 0 0 0 0 58 0 0 0 125 0 0 0 0 0 0 0 0 881 0 22 0 1577 22 0 0 0 221 0 0 233 0 0 2983 0 0 533 2625 0 136 795 115 0 0 0 58 0 910 0 382 0 51063 930 0 0 0 0 0 0 150 62 243 0 503 0 0 0 42127 0 0
 0 0 0 0 0 0 411 0 406 586 49 0 0 112 0 0 0 0 62 0 0 0 2 0 69 140 0 0 0 33 0 0 0 0 0 629 0 0 0 216 0 0 8 0 226 0 64 1129 634 0 0 0 0 0 355 5 112 0 122 0 0 0 0 8 0 0 0 0 196 69 1 0 0 0 11953 0 0 0 320 0 0 0 106 0 259 475 0 13816 659 99 0 0 0 0 0 271 0 0 2 26 496 15448 1196 0 0 0 3 0 74 1152 0 1350 0 0 98 2528 0 0 1165 0 0 381 73 59 0 1567 455 0 87 0 0 26 0 0 122 1 9306 119 0 0 96 0 446 0 35 505 0 0 0 0
 0 812 0 0 496 0 0 221 0 2365 56 0 222 0 1100 2015 0 0 0 0 0 0 0 53 0 0 178 86 0 0 0 20 10 0 0 0 0 0 0 0 0 0 0 4651 0 0 60 11953 0 423 0 0 0 0 2 0 0 0 1514 0 0 0 0 2107 0 0 0 0 3 0 36 154 18 0 689 28 102 83 603 0 0 0 165 0 0 0 0 67 0 61 0 0 22 0 0 8 87 0 0 235 0 4049 0 0 4 0 0 0 0 0 648 0 0 0 51 2646 144 271 1351 424 64 0 0 0 0 0 69 0 73 500 0 139 154 0 947 0 0 101 0 18 0 0 0 739 0 0 0 6573 0 0
 88 8768 1 45 0 0 0 0 0 0 0 0 0 0 49 1 128 5 16 25 193 0 50746 76 2922 40 0 0 0 6 0 470 0 0 695 0 236 0 0 76 0 4 0 0 0 6984 0 0 0 0 27 0 4278 0 0 0 1475 0 0 0 0 6 0 0 0 0 0 0 0 0 0 3223 10 520 0 46 20 82 0 0 0 0 21 0 5693 1343 0 0 0 1950 0 0 0 0 944 1326 0 5612 447 675 0 360 0 0 225 0 0 0 866 0 105 0 0 0 0 0 0 0 0 0 0 96 0 0 0 90 3964 0 0 0 0 0 0 0 0 0 0 0 0 0 0 208 14 0 0 0 0 78 621 0
 161 0 1330 112 0 0 0 428 1455 0 614 6577 1 0 512 1 0 326 190 0 1685 0 0 0 511 0 603 0 36 0 0 3661 0 0 0 490 132 1130 0 53 806 15 0 16 0 1046 0 179 2 0 0 0 0 0 0 1088 0 0 594 0 0 0 0 0 0 30 179 0 0 42 0 0 0 0 0 0 0 155 0 0 0 0 0 673 221 11095 0 4 0 679 678 0 0 950 21 176 679 470 10 35 237 0 0 0 0 0 0 0 0 4 0 0 49 0 0 796 29 0 0 19 0 0 1990 0 570 112 7329 0 0 0 0 0 0 5268 0 0 18914 0 0 0 129 447 4 0 0 0 0 0 18 0
 0 4849 0 0 0 0 0 589 0 0 7 0 0 120 0 0 0 0 0 759 0 0 26 700 253 2 0 1185 0 0 0 0 115 0 2 0 0 0 0 0 0 0 88 0 25 0 421 0 2 42 0 0 41 0 0 0 2558 13816 0 19 196 27049 0 0 0 0 0 0 34 0 0 1959 260 318 0 0 48 0 0 0 7 0 366 0 0 48 1581 0 0 0 0 647 615 4 2 0 65 0 7329 0 55 4864 0 506 0 0 65 255 6272 0 0 0 0 0 0 0 0 0 93 0 812 0 0 0 86 117 0 0 0 0 206 0 0 0 0 0 944 780 703 0 968 3 0 0 1802 0 0 0 0 0
 1968 0 0 702 0 0 0 27 0 0 659 0 6 0 284 0 0 99 0 9 0 3964 0 132 0 0 0 0 0 0 0 177 58 2 0 976 260 0 61 28 17558 0 0 0 0 4084 0 0 6 80 312 2501 0 592 0 12 0 0 0 0 0 0 58167 0 0 0 121 0 0 0 0 12 0 0 587 0 672 0 6564 0 0 0 0 0 0 0 0 0 0 0 0 0 0 0 562 0 0 79 0 15825 178 10 13624 6 0 0 0 1330 41 6545 0 0 0 42108 0 0 87 0 0 387 0 0 0 0 0 626 120 283 0 0 0 2706 0 0 0 0 16 0 629 0 0 0 0 0 0 0 0 162 178 8
 0 0 5 0 0 0 1567 0 0 564 11089 0 58 0 0 94 962 329 72 132 0 0 0 43 96 0 567 161 0 0 6 324 0 639 0 0 191 0 0 0 26 95 42 6 17326 0 0 0 3 0 132 0 1 0 0 186 0 58186 0 0 0 119 0 0 0 243 2 0 0 0 129 43 0 0 0 0 0 0 130 0 0 162 0 0 43 0 0 128 0 0 0 75 1 0 0 0 0 0 0 0 187 372 0 118 53 0 0 668 0 0 5554 5677 0 0 0 0 0 0 0 11373 420 0 0 0 0 0 377 177 0 0 0 124 0 0 0 0 0 0 0 0 676 624 0 0 1186 0 2 0 382 0
 0 700 1212 0 242 0 0 43698 0 292 0 0 0 0 0 20 0 0 5644 0 0 0 0 0 0 946 0 0 118 0 0 0 283 0 82 0 602 165 355 0 0 0 0 1 0 232 0 0 0 0 1144 922 1477 130 0 6984 565 14 0 0 0 1182 0 0 0 0 0 0 0 0 0 0 27 0 0 0 52 98 0 1386 210 243 0 0 0 0 77 2446 126 0 0 559 0 23 1163 0 0 0 259 0 293 0 0 434 0 0 0 0 435 0 13624 3550 0 0 0 19 0 0 0 0 1167 0 165 0 0 0 0 0 0 0 0 0 124 0 676 0 151 0 375 0 0 0 0 265 0 0 96 0 0 0
 0 36996 0 0 4028 0 314 1828 1734 0 0 0 0 106 12 0 1600 0 0 0 0 0 0 0 0 0 119 113 3627 51 1032 66 0 2213 0 0 0 0 83 225 0 0 1 0 0 18471 322 0 0 5 0 322 4 0 265 0 0 0 0 0 11383 0 0 0 0 0 575 0 0 0 33 0 0 0 112 0 0 15 0 0 0 0 0 59 0 0 0 98 596 93 534 10 0 1539 709 0 0 237 0 0 0 673 99 42304 142 0 0 0 2294 0 169 0 284 0 0 0 0 0 0 0 35 0 0 193 0 0 0 0 0 99 616 0 81 0 0 1854 0 0 0 0 0 0 50 0 0 5 243 0 798 139
 565 2416 0 78 4702 89 0 0 0 475 0 0 0 0 0 0 31 0 0 61 8 0 1396 0 655 3 0 177 334 0 0 27 0 0 39 0 139 851 37 5468 0 0 196 59 0 262 0 40 28851 4 0 31 190 0 1 0 0 0 20 4820 0 194 0 162 0 174 0 368 0 58 41 340 124 0 160 0 0 0 0 0 0 196 0 74 0 0 0 0 0 469 0 0 0 0 0 0 0 34 340 0 0 0 0 0 70 0 27 676 1086 0 0 0 0 0 596 0 0 256 0 140 0 0 0 83 0 0 12 3 0 218 0 0 0 0 186 0 498 0 0 0 27 0 1733 13 795 58 0 0 0 27
 21 0 1008 116 0 175 0 0 0 10 0 0 0 3 1652 0 0 0 0 0 0 0 0 0 0 69 0 0 0 0 0 47 702 0 355 221 0 2 0 4 0 1120 34 6580 0 0 27 0 0 0 0 0 271 0 0 195 1343 0 10 0 3 80 0 0 5 0 0 0 0 40 601 0 0 0 0 0 7 4 0 0 4578 1251 0 371 0 0 155 0 0 80 15 221 191 0 0 6857 0 0 1733 0 226 891 0 46 0 0 0 0 0 0 0 596 0 674 1141 0 0 136 1 0 0 0 0 124 33 0 72 0 0 0 22 0 0 0 0 0 0 0 0 0 0 0 0 670 0 0 42132 0 16260 0
 0 0 0 1167 37 0 197 0 0 4 1330 0 0 0 0 0 0 0 0 3964 0 0 0 0 288 1046 0 37 0 0 157 0 0 321 705 14 16701 447 0 0 0 0 1 0 0 173 210 0 3 0 0 0 1103 43 51 56 129 0 0 0 0 436 0 0 0 1 0 0 0 0 0 125 273 0 0 2731 3 1082 1569 0 0 128 0 0 0 0 16 0 367 233 0 0 0 1143 22 0 157 0 296 143 43 0 0 0 0 1 148 0 1567 0 0 37 0 0 0 2082 410 0 0 0 0 0 41 0 16260 0 0 0 0 0 400 0 78 0 2446 0 4702 0 0 0 209 0 0 58 243 0 165 0 0 47
 18 113 0 0 1415 0 5336 0 0 5 0 0 1465 227 16701 0 183 0 1755 0 14 0 114 0 0 806 0 977 0 0 0 0 0 0 0 0 0 0 0 0 605 0 2 701 312 0 0 0 648 0 242 0 0 701 0 0 0 20 5 0 0 0 0 0 0 367 0 0 0 0 0 296 0 0 128 2775 13 5203 0 0 0 0 176 0 1081 0 58186 0 0 26 1465 0 972 0 0 0 0 0 19 371 0 0 0 0 0 15 3353 335 4702 0 229 0 0 0 7 0 0 2 0 2062 976 0 4368 0 0 754 0 0 0 0 1052 29 191 6849 3 0 50 0 0 0 106 0 1100 0 0 144 0 0 0 5006
 0 0 0 10 2 0 19 0 0 5 0 0 0 7 0 447 51 0 2221 46 179 2780 0 0 591 5268 162 0 425 0 0 0 30 1577 0 0 0 0 0 0 332 0 1144 0 27 329 0 0 39 0 6 157 475 0 0 0 0 24 0 0 0 0 0 0 0 0 20 0 0 186 193 0 0 0 0 0 0 15 171 221 45 0 19 0 439 0 0 0 0 0 587 0 6857 90 0 0 0 50 103 0 0 4846 0 0 0 15 0 96 110 0 0 2 295 204 0 144 0 38 3682 0 0 0 0 0 4 0 0 0 0 0 0 0 3212 0 0 0 659 0 29 0 0 0 0 0 0 539 0 0 0 1
 0 0 0 0 1059 409 86 0 2511 0 0 0 0 78 0 0 0 74 0 0 10 158 0 0 0 0 0 0 543 0 0 28813 0 0 0 0 106 180 0 157 0 0 2922 0 19 4162 422 0 400 0 0 0 0 41673 9 0 891 0 0 0 0 0 0 796 0 0 2970 0 0 0 0 0 0 332 0 296 0 0 0 0 3 170 226 0 0 4278 0 89 0 0 21 0 0 0 0 0 119 2217 0 0 8 944 76 0 0 303 0 1734 43 0 326 428 0 0 70 2706 0 0 0 44 854 0 0 0 0 0 0 530 979 0 0 0 0 0 0 0 0 65 33 0 0 156 6 99 0 0 4 726 403 0
 0 0 0 0 449 1 0 0 0 0 0 0 897 0 0 0 0 0 0 0 424 0 248 0 156 7091 37 0 5 47 0 0 0 2100 116683 0 21 8 29 283 165 0 7179 0 0 134 0 0 3251 6564 20 0 0 169 1 113 140 0 0 211 0 0 0 0 0 0 0 120 0 0 104 6984 0 11 1113 0 0 1586 0 0 591 0 0 1386 23 0 0 0 0 0 0 0 0 0 0 13524 0 104 0 4 1600 0 700 5 0 0 0 0 0 796 0 82 0 0 0 0 0 0 0 600 9369 0 0 0 0 38 0 438 24 0 0 426 0 0 1100 0 666 289 118 0 69 0 0 1186 210 0 112 0 0 0
 0 0 296 61 0 225 1820 2044 0 2 0 0 0 0 156 0 0 410 0 0 0 25 0 574 27 744 292 0 200 1 1854 0 513 0 0 0 237 0 0 48 232 22 51 34 0 0 0 0 0 0 596 21 0 123 2388 193 0 1715 1130 0 7130 0 0 0 2 0 0 0 7 0 0 0 0 0 180 0 0 0 0 0 0 0 9 326 197 0 170 0 0 0 0 0 0 0 20 74 0 36938 614 644 371 13 207 100 1558 224 0 0 29 0 0 0 29 0 0 0 80 0 0 288 0 0 0 0 0 1469 0 371 0 0 0 0 1487 45 0 0 51 615 4278 333 0 0 0 0 10989 0 2063 0 0 600
 5612 0 80 0 0 0 1161 0 1 0 0 45 1475 157 0 221 162 0 396 67 0 854 0 6267 0 0 0 1251 0 1043 1202 0 1755 3206 62 0 0 0 297 23 129 0 0 0 0 44 132 0 17 35 574 19 0 0 0 626 0 14 614 0 2 1027 43 0 0 0 3 7 679 0 0 0 0 0 138 469 854 0 0 0 211 198 1134 0 0 0 210 0 0 10 0 0 0 0 197 0 61 51 262 0 0 0 136 0 80 0 0 881 0 388 1824 0 32 0 0 0 0 0 0 0 0 0 5 0 0 621 61 196 120 669 360 0 0 118 85 0 0 0 0 0 0 0 0 0 42 0 0 0 0 0
 0 0 0 0 0 187 0 0 157 0 0 0 0 0 1600 198 144 0 0 0 2922 0 0 0 0 15 0 176 0 5521 0 95 0 0 0 0 0 0 0 0 0 19 3 448 0 0 0 11 0 424 1 0 213 1129 0 0 29 0 0 0 0 0 0 577 0 0 0 0 1141 0 365 0 0 0 3 9 2922 0 51 0 433 0 113 0 0 41 0 0 0 0 0 0 356 0 20026 78 4703 0 0 420 23 198 158 0 20 133 101 0 0 482 0 0 0 0 5 14 0 0 0 0 6 128 105 0 313 0 0 0 0 0 0 0 2385 195 0 854 116683 0 2 0 0 0 340 0 0 25 10 0 0 13
 0 0 655 0 0 0 0 0 0 0 37 0 0 0 0 0 0 0 0 0 0 0 17 6857 1 0 4544 6146 0 130 57 34 0 0 121 111 2015 503 1141 0 16 0 0 0 3661 87 1 5 460 157 0 1253 962 3 8 0 0 0 258 0 0 100 0 193 233 524 4084 6309 0 14 137 0 0 0 0 0 0 12980 55 479 600 0 0 0 104 0 623 0 0 126 0 0 0 7 200 0 0 0 35 1251 2 0 0 9 19 0 275 0 0 17 3251 7 0 155 0 6549 0 7329 117 0 0 0 3 0 4 0 210 0 0 38 703 0 0 0 0 58 0 0 0 4 176 0 0 0 9302 0 0 0 0 0
 374 0 0 207 0 0 10 0 5 0 19 166 0 0 0 0 0 0 0 0 0 0 0 0 0 788 286 0 878 692 0 0 0 5507 0 0 0 0 6271 0 0 0 0 0 136 0 0 0 0 972 0 0 0 0 3382 0 30 1130 0 1165 0 0 37013 2558 0 0 356 0 0 0 0 0 0 0 0 0 0 0 0 47 631 85 96 0 0 0 0 0 281 0 1633 0 0 0 0 0 0 0 18 15464 673 0 0 2393 0 0 9 399 533 0 0 132 0 0 14 0 0 0 0 0 0 156 0 0 0 0 0 0 155 89 0 0 0 34 0 0 72 0 1062 70 0 90 0 0 0 0 0 0 0 44
 1165 5 0 3 570 0 0 0 0 174 0 0 0 0 0 0 591 2216 0 0 0 0 214 23 0 0 53 0 0 678 0 867 3 237 17 0 396 0 0 1 9 0 0 0 0 0 0 0 211 0 381 0 0 535 0 566 708 0 65 0 7121 0 702 26 0 0 0 0 0 0 0 0 7 0 0 0 0 0 0 107 952 0 6103 47 0 0 0 0 0 0 365 4 177 0 299 0 0 1517 0 0 144 0 0 0 0 0 49 0 1 0 0 0 111 0 0 41 2419 27 565 2706 12 226 0 0 50 0 0 0 0 82 0 0 0 3 0 0 0 692 0 0 0 117 0 1000 0 156 161 602 14 96
 0 0 258 0 0 115 0 0 0 0 1407 0 540 0 0 61 0 0 160 0 23 566 0 0 0 4 165 0 1772 1 74 50 19 0 18 0 1070 0 0 0 0 3 0 0 0 327 0 0 6271 0 944 0 0 28 0 0 0 0 0 0 1046 399 0 55 22 0 0 2703 1 56 394 0 0 0 1032 0 2 0 257 0 158 176 35 64 0 284 140 3382 82 0 0 0 512 0 0 64 0 0 3547 0 7329 0 18 0 0 0 621 0 0 0 0 0 627 0 53 506 359 140 1600 17 0 1 0 0 0 0 0 64 151 0 0 0 0 28 0 61 0 162 0 0 409 0 0 0 697 0 0 0 0 0
 0 333 0 12954 64 17 3 0 0 4084 85 0 0 0 0 3 0 21 0 0 0 0 61 630 0 0 581 0 161 0 132 406 78 9 0 0 0 401 1959 0 106 0 0 0 9311 0 26 0 520 0 0 0 0 35 0 0 0 0 103 50364 0 0 2169 73 7 0 0 313 0 6 0 0 0 5 0 27532 0 0 473 0 0 0 0 6 0 0 0 1984 0 87 0 0 121 3 0 0 0 0 11 0 0 0 24 0 0 0 0 13 0 61 0 316 0 0 0 9 0 626 0 0 0 0 0 0 0 0 0 1300 0 55 210 28 17 0 0 0 0 1027 0 1 0 365 0 0 0 75 0 0 0 0
 0 0 335 2127 0 0 2722 0 7 2 0 506 2 0 17 422 1567 0 0 0 0 0 0 0 0 0 0 0 2207 0 0 531 0 0 0 6857 0 2722 0 0 221 0 555 0 0 0 4 4864 0 0 0 660 0 169 50981 0 0 0 0 0 0 0 0 57 0 0 0 0 4631 4982 534 0 0 0 0 0 0 233 146 2 0 0 0 0 0 0 80 11 1007 0 0 689 83 0 13624 8 100 51 0 346 0 0 0 0 0 117 0 0 0 329 0 177 0 72 0 405 0 0 1141 0 0 11 0 0 0 0 1958 0 0 0 0 0 1350 0 0 0 0 86 0 0 0 17 0 0 0 0 0 16701 2 0
 1469 0 2358 0 1351 965 0 0 13 456 61 0 16 0 6098 134 0 132 0 130 0 0 0 0 0 80 564 0 0 0 0 430 0 444 51 492 0 0 0 0 0 1091 8 62 5203 0 0 0 0 0 0 186 0 2015 0 0 0 0 13 757 0 35 7329 0 139 0 0 0 0 0 69 0 59 2641 0 162 1070 428 4730 31 1186 0 0 0 118 0 0 942 0 0 0 0 0 0 0 162 0 0 64 0 1072 0 15972 0 0 0 5275 0 17 18 0 0 0 0 0 0 51 0 10 2 0 0 0 806 0 1935 0 135 0 0 0 55 0 0 591 166 0 0 676 165 0 0 0 0 0 11592 0 0 0 0
 0 0 0 0 372 0 0 0 0 213 0 0 0 0 0 0 0 0 114 0 0 0 451 0 0 0 0 0 0 0 0 624 375 0 439 0 0 0 0 18 0 0 671 0 61 0 0 0 0 565 0 296 434 0 0 0 0 0 0 0 0 0 0 0 65 796 0 0 670 0 136 670 136 0 169 0 0 247 0 0 7164 0 1 5518 0 0 144 0 274 0 0 124 0 0 0 0 0 0 32 0 0 0 0 0 293 5 0 83 0 0 0 3 0 99 0 383 0 2 18789 0 0 0 215 0 0 0 0 9 0 0 87 0 0 0 1668 0 6339 3 6222 0 0 0 681 0 193 0 0 1 0 0
 109 0 0 0 0 19 0 0 0 0 0 9 0 255 0 0 88 0 0 64 0 0 0 157 0 0 0 0 0 312 3 0 78 4498 0 0 0 77 0 0 3 0 1175 0 0 0 0 2202 596 0 0 727 0 0 0 6 0 0 166 436 78 0 0 0 0 1785 86 9 0 0 0 0 28695 0 4 0 0 0 0 326 405 0 1015 1 0 0 0 1959 4 0 0 2944 0 0 4703 0 0 0 0 1913 0 4256 38 0 0 15 6 59 110 0 0 157 0 9 0 0 0 0 0 0 0 16 0 512 0 0 29 0 0 0 0 0 0 0 775 0 0 0 0 0 38 997 1 62 0 0 496 0 0 831
 0 0 0 0 0 0 45 315 51 100 0 0 0 0 3868 0 0 57 0 2838 0 8 0 0 95 0 0 0 0 6564 0 4278 0 0 0 0 0 0 0 0 0 0 178 4703 0 0 0 18 0 0 0 0 58 0 0 0 1854 0 15 0 0 90 0 601 0 0 533 16 0 943 0 0 0 0 107 368 163 0 135 0 1958 0 0 0 0 878 0 0 26 2641 4864 0 1008 48 279 0 0 14 0 0 0 117 0 0 0 0 7 13 3206 441 0 0 10 0 132 183 187 0 0 0 0 675 121 1740 0 0 29 229 0 1600 104 0 0 0 0 0 0 0 0 0 0 0 35 0 0 701 0 118 265 0
 0 0 0 4578 0 0 8374 0 5 0 0 5294 0 788 0 0 0 5612 149 579 0 621 0 353 0 0 0 0 10817 0 0 0 0 8 29 0 0 0 3 0 1032 0 9864 0 0 0 0 0 0 0 0 0 0 0 0 260 1 41 1567 0 51 0 0 2 0 4 20 0 0 169 5202 0 406 0 980 409 3379 0 0 0 0 14 0 2443 0 0 175 0 134 241 0 0 0 0 0 0 13624 0 0 0 0 0 0 0 0 0 0 0 162 0 0 0 0 126 0 0 0 157 0 0 0 1100 1350 0 10 0 2145 0 0 0 0 0 0 0 0 0 15 0 673 0 0 0 0 162 0 0 56 0 0 98
 2393 578 26 0 371 0 0 0 0 648 0 24 0 304 0 0 0 1828 1 53 0 0 4260 2 0 0 0 626 1348 0 0 1802 2 600 0 0 0 0 3 7 0 660 1963 18 1113 0 455 0 49 162 1048 0 0 0 82 555 0 0 0 20 0 76 0 0 0 0 0 0 0 0 0 0 6186 0 0 0 0 0 284 780 572 17558 0 0 0 1165 5202 520 0 14 0 48 174 0 0 2641 0 0 699 0 0 144 93 0 0 26 0 87 0 0 0 5 0 0 0 475 0 238 0 132 0 1577 9369 40 0 106 0 0 0 0 715 0 6983 631 0 3636 0 177 0 292 179 0 0 22 420 0 0 0 20 128
 2494 0 0 0 312 132 0 0 0 0 0 0 0 85 0 422 0 0 161 0 0 0 0 0 0 128 0 0 0 18471 143 61 248 27 0 2154 100 21 349 0 283 0 0 0 0 2452 17 136 0 0 0 0 0 0 0 0 0 0 94 0 0 23 0 0 0 9 0 34 0 0 0 1251 0 0 185 96 0 6103 0 0 1807 2943 22 0 0 0 432 434 2287 0 0 845 0 0 415 0 0 0 0 0 0 0 0 0 83 356 0 89 0 0 0 340 0 0 194 148 296 0 0 0 0 0 0 61 0 207 11412 28851 0 191 0 0 318 0 0 0 174 0 0 552 74 1386 0 0 106 0 0 0 0 1420
 305 388 0 409 0 4 0 0 0 333 327 0 0 25 0 0 0 410 403 0 0 210 0 221 0 0 2014 190 0 0 4 4260 0 0 531 1600 0 716 47 0 720 5 0 0 0 0 0 1062 2432 0 0 0 0 0 4575 342 0 0 0 0 1 0 0 0 0 0 0 0 0 0 0 0 177 156 123 294 0 6 27 360 0 0 0 0 426 0 0 1 153 0 83 25 16662 0 0 0 40 6085 0 258 0 0 0 0 0 0 0 0 0 0 0 0 325 199 413 148 470 0 0 0 0 0 0 0 0 1008 0 0 48 0 3 0 0 0 0 0 15 0 16260 0 135 15832 59 0 22 0 11 0 699 0
 0 0 0 0 0 0 0 335 0 3547 0 46 0 0 0 0 232 229 348 61 0 0 0 0 0 0 5 6 0 2565 0 0 0 1550 0 0 0 0 0 124 233 0 0 0 0 93 3924 83 32 0 0 1734 0 1561 0 0 111 1075 0 27533 0 193 0 0 0 0 0 0 0 346 368 0 0 944 0 0 0 61 98 6143 0 0 209 0 0 26 0 7 0 0 0 1549 0 5 0 0 0 0 265 0 0 125 0 0 0 6329 4529 0 177 404 0 10 0 103 19 0 0 0 8 0 0 470 455 0 0 3 0 0 0 125 0 0 5 0 1547 0 615 0 3 21 187 4 0 371 0 0 3 0 111 0
 0 0 0 0 167 0 409 0 0 100 0 0 403 0 0 0 96 0 6 0 0 0 0 19 225 0 0 0 665 47 2385 0 405 46 30 0 84 0 0 492 0 0 0 4 0 88 0 1 0 0 61 0 0 0 0 3636 51 0 0 0 47 311 0 0 301 0 7179 1560 623 0 0 650 0 0 0 0 0 233 676 296 1 70 0 5521 0 90 0 0 3 623 0 0 0 0 0 0 0 198 0 1 237 512 0 0 382 0 0 0 0 175 0 552 0 319 627 0 146 0 0 64 0 74 0 0 3964 4864 0 179 0 271 0 0 0 0 0 0 31 0 0 951 0 26 0 0 872 142 117 0 0 58186
 0 0 7329 0 0 373 0 0 0 26 0 0 470 0 0 195 132 0 0 0 0 0 0 144 0 0 0 0 0 0 18 0 0 58 0 0 0 0 0 39613 0 0 0 2 0 0 4982 0 5091 0 0 186 0 410 0 0 0 700 0 0 0 360 0 0 15 0 0 98 0 5517 135 0 0 0 0 0 0 61 0 0 0 72 0 45 56 0 0 0 105 11597 0 0 53 23 0 0 0 0 144 0 0 58 0 1 0 812 11953 0 1264 0 47 0 0 86 9 0 0 0 227 0 0 327 1 0 1807 0 0 0 1509 143 796 3382 0 0 591 630 77 0 126 1348 331 0 0 17 0 0 2 1487 15 0
 0 0 0 794 0 2641 22 0 0 0 498 0 0 1163 2 0 0 11094 3 6 1113 0 10 0 98 19 2218 0 0 1110 0 449 0 0 257 0 0 0 426 0 21 0 0 122 3824 943 0 797 0 0 0 0 0 0 0 483 2708 48 16 0 18914 128 0 239 0 0 501 0 0 0 0 0 0 0 35 11 0 146 2 0 0 0 0 0 0 0 0 0 0 0 845 6 0 0 0 0 572 0 0 0 3540 96 0 0 73 1968 0 0 0 0 327 66 66 0 0 0 2419 593 129 216 0 0 16701 0 72 0 922 0 0 0 5 601 0 0 897 0 0 0 0 0 0 50 0 0 0 512 10 0 41 19
 0 394 0 0 0 0 0 1479 61 0 0 0 0 0 0 0 0 0 0 0 0 0 0 0 2 340 0 164 0 0 0 0 0 0 0 0 140 26 0 0 0 145 178 0 0 115 0 0 0 2897 0 470 333 57 0 0 0 26 0 0 0 0 0 2 0 0 1167 2 281 0 0 676 0 39613 972 0 0 0 0 254 0 0 1129 259 0 0 0 0 0 0 0 0 0 0 698 0 0 0 0 0 0 0 1072 0 112 65 0 0 0 0 0 107 0 0 0 0 4 69 0 37 0 1072 1 0 0 0 0 0 0 0 43 0 53 0 29 0 4607 0 158 0 18 0 0 571 401 0 0 0 0 0
 0 0 0 0 0 70 0 3013 0 38 1 0 0 0 0 0 0 0 4131 0 213 0 0 0 113 1755 4644 0 21 0 0 0 32 0 225 0 144 0 19 0 0 0 771 0 0 280 0 0 107 0 0 25 380 0 0 0 1854 49 0 1103 0 720 0 0 0 1641 0 0 2328 0 0 0 0 0 0 0 0 0 0 134 0 31 0 16678 166 430 329 0 0 0 0 0 494 0 0 0 0 0 0 0 0 0 1371 0 2010 87 0 0 2 0 0 332 1046 0 0 0 162 0 0 32047 0 27518 13 0 0 0 0 0 2 676 0 19 0 0 0 51 0 0 124 375 0 410 0 33 0 5 0 788 81 0
 0 0 382 0 8 0 222 0 0 0 1828 0 0 0 0 40 10 0 0 0 0 0 60 591 0 0 0 537 0 692 0 0 0 28 152 0 0 171 0 45 0 0 0 115 0 689 0 0 0 0 3 0 0 98 1959 0 1036 26 0 61 0 0 31 0 6 0 0 15 371 724 0 65 98 6115 0 0 0 0 0 0 0 160 0 329 199 0 0 0 0 0 10 85 1 0 0 0 0 0 0 196 0 0 0 0 255 0 2430 119 0 0 0 0 0 0 700 0 0 42132 157 0 0 22 177 359 103 0 492 0 53 207 32 3610 0 0 140 158 0 0 343 0 0 99 42 0 3 0 5 0 0 0
 0 0 944 1795 0 0 3 0 0 23 0 87 0 0 0 0 0 2610 0 0 0 213 0 0 0 0 0 0 27526 326 0 0 0 0 0 7124 0 6 0 0 194 0 0 0 0 179 0 0 0 242 0 0 0 0 0 0 0 0 6316 0 1070 1024 0 360 0 16 0 0 1350 0 0 50 0 0 116669 0 0 0 2285 46 0 207 0 158 0 607 0 293 651 51 826 0 0 49 1113 0 0 0 20026 0 0 0 0 0 0 0 0 0 0 0 0 0 0 0 0 0 7130 0 673 0 0 5598 0 0 4 0 0 265 1534 0 0 0 41 69 0 2 1886 2221 0 0 0 0 0 47 0 0 700 0 0 0
 137 2838 4 10 0 0 0 0 43 0 788 0 98 0 17546 0 0 0 5496 0 52 0 0 38 0 0 0 58 0 0 13399 0 0 177 0 0 0 162 0 549 0 979 2176 15832 195 1 0 10 0 0 27 0 0 0 1186 0 85 0 0 0 15 0 0 0 0 0 0 0 1481 64 0 678 0 1339 0 0 0 0 50381 355 0 0 549 0 43682 0 0 0 3627 405 0 0 156 0 0 0 0 9369 0 0 0 0 0 0 0 0 0 0 0 0 0 262 0 0 1600 49 0 0 596 0 47 59 689 233 0 0 0 83 0 0 0 0 0 1341 0 106 0 0 100 0 87 0 78 340 0 0 0 0 0 854
 0 0 0 0 0 0 0 86 0 0 7 483 0 0 0 0 4 233 0 0 0 0 1699 0 0 9 48 3648 0 0 0 676 0 0 192 483 0 0 0 0 125 0 0 0 1024 685 0 0 18914 10 0 924 58 76 0 0 111 2613 0 0 0 0 0 0 338 0 3090 0 0 0 0 0 28 0 0 458 0 431 0 0 0 0 0 0 42304 1996 0 0 0 0 0 0 0 0 0 43 3 0 0 0 406 690 0 0 0 20 0 0 2446 0 0 570 0 0 13 0 0 0 1 58 197 0 99 0 28 0 0 0 8 0 677 0 0 0 0 0 1196 0 30 0 0 0 0 0 30 0 166 962 0 0
 0 0 0 0 1103 0 0 195 0 0 0 0 0 0 0 142 0 0 0 0 0 0 0 314 0 7 0 0 0 1 154 1773 0 0 0 0 3 0 0 0 0 46 0 0 1156 0 0 0 9 4571 0 0 28 0 0 13624 0 126 643 0 0 0 0 0 0 113 0 7 0 0 0 1567 0 82 218 0 1755 36 0 1584 76 0 3509 562 0 0 0 0 0 0 318 0 0 0 177 0 0 0 1623 0 0 19 0 0 0 1 139 961 0 0 0 0 0 15 375 0 0 2176 123 227 0 130 0 355 45 140 0 0 0 0 383 0 0 0 0 0 19 0 0 0 1577 262 181 0 0 0 0 0 472 0
 3 281 660 0 162 4 0 113 616 0 0 0 0 0 0 0 3 1 0 0 0 15506 0 0 0 0 14 196 3 2814 3 0 0 0 107 0 258 58 10 0 0 0 0 0 0 0 3960 0 0 0 0 0 621 0 2539 0 75 0 0 0 0 0 0 0 32 0 2 0 3636 207 3 0 0 360 0 0 0 0 0 0 498 1537 0 1836 30 39 600 0 83 0 5740 0 0 0 0 610 0 51063 0 0 251 0 0 15 664 0 28 0 0 0 0 17 0 495 455 0 0 0 0 0 0 604 64 0 1475 22 0 0 0 0 845 52 0 0 0 0 0 18461 944 0 0 0 0 0 0 0 0 115 0 0
 3223 30 0 4792 0 83 0 0 259 118 0 0 0 0 139 752 152 0 0 1151 0 0 0 0 1807 0 0 0 962 0 0 0 0 4703 0 0 0 40 0 0 1773 43 0 0 0 0 0 0 326 0 0 0 0 0 0 0 5268 0 1 0 0 0 0 0 533 0 0 0 0 0 0 0 0 1 34 2 98 1389 0 0 0 0 0 0 0 4 0 978 269 10 0 0 0 0 0 0 0 0 0 86 0 222 158 11373 0 134 119 77 15 0 0 0 0 0 0 0 0 0 0 256 1479 0 0 42 0 0 0 0 264 0 0 0 0 0 0 313 0 214 881 77 0 6103 0 54 132 234 0 1099 0 0
 0 0 549 0 2969 0 0 322 0 7329 0 31 0 0 0 5647 2 0 0 0 51 0 0 0 0 0 134 10 0 0 0 0 0 1218 4278 26 121 158 0 615 0 0 0 0 0 4402 274 0 1487 214 26 62 0 0 0 0 0 0 0 0 0 0 0 0 630 0 0 0 0 0 0 1567 724 196 0 2 219 108 504 0 0 31 0 59 177 758 512 796 0 40 0 7 115 0 0 0 0 0 0 0 15 0 676 170 0 0 0 0 77 0 0 64 0 0 0 0 0 0 0 0 0 0 0 10 136 0 0 0 0 8 8 4366 10 98 0 0 139 0 0 0 34 0 587 2834 0 37 0 0 0 0
 0 0 0 0 0 601 716 0 0 0 85 0 0 0 0 0 0 170 0 18 127 0 0 0 0 0 0 4 0 0 16 0 0 0 963 9369 0 0 225 1773 6329 0 0 0 464 0 428 0 0 0 168 420 0 0 0 995 0 0 0 0 164 0 0 703 569 0 0 0 0 0 0 40 0 0 2838 0 13 0 199 0 0 0 0 0 10 0 626 17 0 24 0 49067 0 60 0 0 72 7 0 45 573 0 281 0 0 0 0 0 0 0 0 0 9 0 0 3636 0 154 23 0 401 0 0 0 0 0 0 0 0 0 0 144 0 0 0 0 58073 28818 0 0 0 0 0 0 0 0 0 0 78 0
 0 0 331 53 15 1740 0 38551 31 0 0 676 0 426 831 288 0 0 2386 0 0 0 602 0 0 1687 0 0 0 0 0 0 754 95 401 1105 0 0 0 37013 0 0 0 106 0 8 4650 0 5 0 15663 520 22 140 0 6709 3 30 0 0 0 4 0 197 2388 531 241 0 0 0 1322 118 0 0 0 115 3636 0 90 1 2530 0 58 0 930 1404 106 0 0 45 0 0 0 80 0 1628 0 0 26 0 0 0 0 224 0 0 0 0 0 0 0 0 0 0 232 0 0 0 0 70 0 0 0 0 0 0 0 0 759 0 0 699 0 111 0 0 0 23 0 559 0 0 0 49929 278 0 17 0 0 2176
 0 0 0 0 87 0 0 0 0 82 1807 0 808 0 0 6725 0 0 0 0 0 0 6271 0 0 0 0 0 250 0 129 0 0 80 0 0 0 0 2 16 6103 0 165 0 0 0 0 37013 1149 0 0 13 0 0 0 0 0 106 0 209 0 0 235 0 0 0 0 0 0 2 0 0 0 11373 0 0 12 0 1314 140 0 473 0 187 18 10353 0 0 0 0 0 51 0 0 61 0 0 0 359 840 244 0 1013 0 0 0 0 0 281 4 0 0 0 0 0 0 12 578 0 0 0 0 0 0 61 0 0 0 0 1 0 470 51 0 2818 0 109 0 26 0 475 0 470 0 0 0 128 0 0 0
 0 0 72 0 0 0 5 6 0 1 0 0 0 68 0 0 0 0 0 274 0 0 0 132 21 84 0 15 27 312 30 3 0 0 0 0 42 0 25 0 0 0 0 0 1733 51 0 237 0 55 1958 23 0 0 0 0 0 0 86 0 0 0 470 10 0 0 0 165 0 0 256 1042 24 0 0 0 634 17 0 0 780 0 4575 0 0 99 0 572 0 0 578 0 0 0 0 0 0 0 0 1343 0 0 0 878 0 0 0 958 0 0 0 0 0 565 1348 4 1495 0 0 35 0 0 0 0 0 7164 0 0 0 0 0 1129 0 3212 0 1451 0 0 0 2311 5612 0 0 0 6 6984 0 506 0 0
 0 0 0 4084 0 0 359 0 5696 0 183 0 0 532 460 0 0 42 183 0 0 1165 0 0 6143 0 0 0 21 1795 166 0 447 0 0 116 4 109 0 0 0 0 0 0 0 136 0 0 5513 0 0 52 11872 0 2 0 724 0 3192 0 0 585 162 0 0 2844 0 0 0 0 0 0 0 0 0 0 0 0 0 0 0 0 143 0 0 0 0 0 0 0 0 0 0 0 178 183 14 132 2430 0 43 2072 451 154 670 1832 1241 0 0 1522 12 447 0 0 0 0 0 0 7329 0 12 157 0 124 0 0 0 32 0 0 0 0 0 0 134 145 195 87 0 0 0 85 0 0 0 0 0 43693 0 0
 470 0 0 0 121 34 0 673 2917 0 0 0 0 0 0 0 642 0 0 67 0 0 0 0 0 0 485 0 225 4982 23 0 0 435 0 0 0 95 0 0 0 0 0 0 0 1968 0 0 0 0 2 0 0 0 0 470 0 469 1 0 1 694 0 0 0 10 0 389 222 12 0 681 124 0 0 0 4537 0 0 0 0 0 0 0 0 0 0 1577 4951 0 2328 54 0 0 37 1687 0 1498 0 0 535 0 20 0 0 0 124 0 4 0 273 0 0 2 0 25 6 0 0 255 3 355 0 0 0 0 117 0 0 455 0 0 0 0 145 312 0 0 0 780 51 0 0 0 7 0 0 5934 0 0
 0 0 426 3636 6857 0 0 489 0 47 0 0 621 691 0 0 799 0 0 63 634 0 0 0 0 2374 0 0 0 795 0 1 0 0 0 2 0 17 962 0 337 0 0 333 0 0 0 17558 0 0 0 28 0 180 32 0 0 0 38 0 122 3395 0 9369 0 793 0 0 0 161 0 0 597 0 0 2558 0 29 2369 156 0 0 0 0 0 0 0 0 293 0 0 0 0 0 0 317 106 0 0 147 705 425 60 11034 5 0 0 0 0 277 0 0 0 0 7 0 0 4278 0 0 689 0 0 42132 0 0 0 29 0 723 0 958 0 26 0 0 9 0 0 0 0 0 0 1 0 157 0 125 77 675
 3819 0 17558 157 0 1263 19 100 0 0 0 0 0 0 0 0 109 0 87 525 0 5268 1 47 6857 0 514 0 0 512 0 18 0 0 22 0 0 1 0 394 528 574 0 0 0 0 2206 0 0 1 0 47 1616 262 0 971 486 470 0 53 436 0 0 0 46 0 0 0 0 7 0 0 0 0 1405 154 0 0 99 0 716 0 86 118 0 0 0 0 1167 1567 0 0 0 32 3206 0 87 4 162 0 0 13816 0 0 233 679 0 10 0 1733 0 21 0 4 0 0 165 0 470 0 0 0 0 0 4703 0 0 0 0 2 0 0 123 0 0 0 105 75 0 0 0 0 0 0 0 0 0 62 0 503
 475 0 261 0 0 0 0 0 396 0 75 2432 47 0 0 0 191 0 1167 0 0 0 0 559 447 98 0 0 39613 22 0 420 0 1475 0 0 124 0 0 0 0 0 601 0 0 0 0 22 433 472 0 0 0 0 3 41 68 0 0 0 238 2176 0 0 0 0 0 38 99 0 0 0 1 0 6 0 109 4 0 231 0 0 0 0 27 0 0 0 102 34 0 0 0 18 166 39 0 191 0 22 1206 565 0 0 455 191 65 0 522 0 0 1445 552 0 230 0 0 0 0 226 0 0 0 46 0 0 5 0 0 213 1314 21 0 0 333 1070 0 38 0 5268 145 0 0 0 42 790 0 117 32 0
 0 0 0 0 0 0 402 0 61 0 684 0 0 3 0 0 0 0 0 115 37 698 0 0 0 0 0 0 14 15 0 252 944 0 0 0 0 51062 0 0 0 0 0 0 86 0 0 2217 0 4 0 0 0 0 21 1 0 0 0 0 0 0 403 21 0 0 0 0 382 0 754 0 0 33 0 148 2145 127 0 0 0 0 21 0 37 1 0 0 0 0 0 35 0 199 0 0 0 0 0 600 28668 0 0 7 0 0 0 3661 0 0 0 2430 0 0 0 13 0 0 0 1251 0 0 4 10 0 0 410 42186 0 5 0 678 0 235 0 0 0 28851 0 0 47 0 0 0 0 0 0 4703 0 0
 1134 6 601 0 0 676 0 1062 0 225 0 630 32 0 7 0 1 0 6 2098 0 5693 0 98 1 0 0 0 0 0 0 531 0 0 488 1 0 13 0 265 16 139 178 7179 0 0 51 64 38937 0 166 632 3223 0 0 0 0 479 19 2221 19 0 0 66 4730 6230 127 0 0 0 515 1386 1 0 0 776 447 0 0 0 0 80 84 502 0 703 15128 2891 0 0 0 0 0 0 0 0 48 128 0 0 142 140 0 0 0 0 0 1004 0 37228 0 0 0 0 0 0 0 0 0 5221 0 0 0 0 0 0 221 505 0 4730 0 0 724 154 0 0 18 221 0 0 87 0 67 0 689 812 3329 51063 262 776
 0 679 0 0 0 0 0 124 0 527 46 0 225 28 0 38 2928 63 124 0 10 151 703 0 0 0 0 0 0 0 0 105 428 0 0 0 371 0 18727 0 1393 0 0 0 0 0 4 0 523 0 115 1733 0 0 3 0 1 0 0 233 0 0 0 38 0 177 876 962 0 0 4 812 1600 0 804 0 0 0 0 0 1009 0 0 0 16680 0 0 592 0 296 38 13 0 0 0 0 0 2 0 221 5203 0 0 0 0 186 0 1 0 2646 0 0 0 0 0 17 30 0 0 0 0 0 0 33 0 9 0 1561 0 0 868 72 428 0 0 233 134 721 0 272 0 0 0 107 383 0 0 0 607 345
 0 4575 0 0 0 0 177 252 442 460 796 15670 0 39 0 0 0 6745 0 475 0 0 1828 700 0 0 25 0 0 0 0 0 127 2731 1330 7 187 80 0 0 0 678 0 317 0 30 32 0 1371 0 0 0 0 0 0 463 0 235 0 0 972 0 0 0 0 0 138 0 0 0 0 0 58186 0 3 0 0 117 0 0 0 81 0 0 58 0 176 162 0 0 0 0 0 0 262 574 337 0 957 64 83 0 902 0 489 0 313 0 0 0 0 4571 0 0 0 0 0 0 0 0 379 0 0 0 0 0 0 0 0 0 0 0 0 34 0 0 45 0 0 3 18914 30 0 0 0 962 0 0 0 0
 1734 0 0 0 0 3 676 0 0 0 466 0 0 0 0 98 0 0 121 600 11597 3 158 0 0 117 0 0 298 0 455 0 0 0 0 86 0 514 392 1 327 0 0 0 0 0 108 621 0 53 88 33 0 0 0 65 0 0 0 0 110 1952 0 0 0 574 28851 0 23 0 0 447 0 0 61 0 0 53 0 1850 1381 11 0 0 0 3955 0 107 354 23 0 0 0 1009 6857 0 0 0 0 0 0 0 1 0 0 0 675 0 0 404 0 0 35 45 0 0 2145 0 0 0 0 0 0 0 2897 83 0 708 0 0 2 0 0 0 0 0 63 0 679 0 235 0 0 0 0 0 0 0 0 0
 0 5006 0 0 139 293 0 28 0 0 0 0 0 0 701 0 272 99 0 0 39 0 0 0 0 0 154 0 13816 100 0 0 0 0 0 22 587 128 605 0 0 0 0 0 0 4131 0 0 15832 0 0 0 0 0 0 0 0 0 124 18 42 0 0 0 0 0 337 0 0 0 0 0 16 139 0 0 685 33 0 63 0 116680 26 0 1499 0 204 0 0 0 3 0 0 0 0 0 0 0 0 0 0 0 0 0 0 0 644 0 0 112 0 0 0 7 0 0 0 259 0 0 2287 0 0 0 0 0 0 0 1163 48 2176 0 2208 0 0 6095 0 103 0 0 0 0 0 49 552 0 103 0 118 110
 0 0 0 14 0 2 28 12 21 0 3 19 2902 10 0 42304 196 0 225 503 0 0 0 0 0 8 172 0 0 381 0 86 0 0 6956 39286 0 405 8 0 0 103 0 5073 0 3836 6 1162 0 0 410 392 0 356 124 0 26 0 103 0 0 0 0 0 0 0 0 0 0 0 1167 0 0 607 135 15 0 0 132 0 0 99 0 0 261 4084 0 0 0 149 5521 0 0 29 27 37013 0 0 15825 0 0 0 0 0 0 0 12 0 0 0 0 0 0 0 0 39 0 0 3 0 0 0 9 177 0 0 0 0 48 0 247 0 0 0 0 2217 0 2744 0 0 0 0 0 0 42304 401 0 0 0 0
 0 293 0 492 0 0 0 41 124 0 0 3 251 2820 0 49 0 3661 0 0 1633 0 0 0 46 0 78 0 0 0 130 0 317 10 7303 2151 53 293 174 0 138 4 0 0 0 0 0 303 589 0 3 237 4625 0 115 0 84 0 161 0 0 0 0 0 592 0 3 0 0 372 0 389 0 0 3924 381 0 0 0 0 0 0 1169 1683 0 0 678 0 469 1350 0 0 0 831 0 0 0 0 1915 0 0 0 124 0 0 0 43698 0 924 8 0 1 0 100 233 6098 0 0 0 0 5 0 0 11941 0 0 284 0 0 0 429 38 0 51063 0 0 186 689 0 0 3206 0 91 0 0 0 0 27533 53 0
 0 25 0 58 0 0 0 0 0 0 80 181 0 0 0 0 0 58 0 196 0 591 8 22 0 0 247 0 0 0 13624 368 1373 0 0 3 382 4589 0 18 0 2582 0 0 0 86 0 0 100 0 6271 644 0 572 0 34 0 0 0 0 0 0 0 0 293 0 549 0 0 0 1190 0 3040 59 0 447 0 0 3 0 0 0 0 0 0 0 0 124 651 0 0 0 0 0 0 0 0 0 177 28 0 3 0 0 470 0 0 542 0 0 0 3 2221 96 383 0 0 0 0 92 0 0 0 1343 0 0 0 0 0 0 0 0 0 0 8 0 139 0 705 0 0 0 0 24 390 1 0 0 0 12
 0 77 166 0 0 0 0 322 0 0 286 0 0 0 0 0 29 1070 0 0 0 326 2500 0 0 2 87 0 1571 0 0 0 0 2221 0 7 483 0 0 2477 0 2 35 51 13816 125 0 0 0 0 90 0 0 0 0 0 1267 87 0 16 25 0 0 0 0 3212 225 0 0 0 0 0 1165 0 0 3141 0 0 5 0 0 3547 0 0 0 0 18 191 0 0 0 0 0 16701 520 0 0 0 1 0 0 126 1144 27 137 0 11373 47 0 0 0 1186 1032 0 0 0 492 85 644 0 409 0 0 0 15 4 0 600 0 0 0 0 0 258 0 1163 0 3 33 0 676 0 220 0 0 0 1182 0 0 0
 0 0 5693 38 83 0 0 0 0 0 0 0 0 0 0 0 0 0 19 724 0 0 0 0 95 118 0 10 2588 4 296 0 18914 625 595 0 0 0 119 0 159 475 0 0 0 0 0 604 0 0 0 0 0 0 0 0 1 0 0 1 56 90 0 0 1103 0 0 71 0 0 200 10 0 0 0 0 0 0 0 0 1996 0 568 0 0 0 0 0 99 0 0 16 0 0 0 0 0 0 0 0 0 2 0 0 472 2 0 2 0 1113 0 0 5480 0 796 0 0 0 0 614 572 0 926 86 0 0 6 0 4 0 0 0 0 0 0 660 0 6 0 0 0 0 4 251 23 0 0 0 0 0
 0 85 0 0 0 12 0 0 673 0 0 0 0 1285 0 0 0 0 0 28 0 58 355 514 133 0 0 0 40 88 0 0 0 0 0 0 543 0 0 0 0 0 3 0 0 11597 0 0 276 0 134 0 2432 232 158 0 5693 0 0 422 0 0 0 0 0 0 0 365 0 0 0 337 64 0 30 0 0 0 0 0 565 0 0 0 0 47 11 0 596 0 0 1330 0 0 0 0 0 6050 0 0 2 0 0 0 0 0 0 0 116410 0 854 26 0 1386 0 0 0 1 0 0 20 0 0 0 0 27 0 0 0 91 0 0 806 0 0 12 9 0 0 0 0 0 366 530 0 0 0 0 0 0
 86 196 25 0 0 1784 2558 0 679 0 140 48 74 41925 0 0 0 176 0 0 0 166 37 0 145 28851 0 4 0 0 0 0 0 455 80 0 788 0 0 562 6 0 0 0 0 103 0 11412 0 0 0 0 100 110 0 4 0 0 264 0 221 0 0 2722 2429 0 0 0 15 0 0 469 0 0 724 0 0 0 0 0 498 0 293 0 0 0 50 46 0 165 689 0 0 0 0 2 0 1196 0 4278 1933 0 144 0 0 0 0 374 0 0 296 0 0 0 0 543 0 0 0 0 0 0 0 2 0 4084 23 0 0 0 46 0 0 0 881 1350 1957 0 186 0 336 0 0 0 0 0 0 878 0 2
 0 0 0 153 0 0 0 0 516 0 0 424 720 0 0 187 116 0 506 61 0 0 0 0 111 233 0 0 0 607 1351 0 0 0 0 0 0 0 1032 5612 633 0 0 0 979 0 2 0 0 0 0 0 0 45 436 2641 587 15 4 0 0 838 24 0 0 0 367 0 0 231 0 2706 0 0 96 200 0 41 255 0 0 0 0 878 0 0 52 0 0 0 0 0 1828 0 1330 0 0 16 0 0 0 0 45 0 0 317 2821 0 0 0 0 3 207 0 0 0 0 0 57462 177 3 0 583 0 37 812 0 0 0 0 0 0 19 0 0 0 0 0 0 157 0 0 0 0 4 5 115 0 0 6
 0 0 1793 0 10 1752 0 0 774 944 6 0 70 0 0 0 0 0 0 0 251 20016 0 0 0 0 3 15 0 69 0 227 110 0 0 1600 0 0 361 366 0 0 213 88 4834 161 227 0 0 2194 0 0 0 0 95 436 124 757 0 0 0 0 0 1491 15832 1007 0 0 0 0 0 1955 318 147 0 0 0 0 0 0 30 76 0 831 381 0 51 0 0 0 0 0 0 0 0 0 549 0 0 0 62 513 997 0 0 0 19 1361 269 0 685 0 76 0 0 0 51 501 0 0 0 0 0 0 0 86 0 0 0 381 0 0 0 0 0 0 85 1 0 0 0 1082 10 31 0 15 44 0 11 2430
 4 144 177 0 1 0 0 0 18914 0 0 155 0 0 33 0 0 0 0 0 0 0 0 0 75 0 616 0 3 459 0 0 9369 0 0 50 7 6098 0 16701 156 47 0 121 1 0 15 17 0 0 0 0 0 0 0 0 195 0 600 7 0 0 0 1391 0 25 0 169 53 0 0 1900 122 602 1120 51 24 0 0 0 0 0 3636 185 262 0 15 0 42 21 4131 0 0 0 0 1120 0 0 0 7 0 0 0 2218 0 0 0 0 0 0 0 0 233 724 111 119 0 0 3994 0 1487 0 7130 0 0 0 161 0 0 425 0 24 0 0 113 0 460 2328 0 854 1455 0 258 0 7164 26 0 1036 0 0
 0 0 45 0 0 0 0 0 0 729 3251 0 0 0 22 0 0 0 0 173 0 42132 685 10 0 0 451 0 0 0 0 0 0 428 175 0 0 0 0 0 0 0 26 0 0 324 0 0 0 0 0 0 360 51 4702 0 6767 42 0 857 0 0 134 0 0 0 0 0 17 0 0 235 4575 394 0 0 0 0 14 0 0 0 4278 0 256 0 0 78 0 0 0 4260 0 9 2332 207 0 0 0 0 105 0 0 0 165 0 0 0 0 0 0 0 0 0 0 0 0 0 0 106 0 3 2446 31 11585 1989 0 0 0 0 1139 0 0 0 0 359 0 0 0 41029 260 0 169 0 0 0 0 0 0 0
 0 0 15 340 19 0 0 505 0 5006 0 0 0 7 7 0 0 0 0 447 2 1983 779 0 0 170 455 0 0 0 0 1371 742 0 0 0 124 0 0 0 692 0 0 2 93 0 0 1734 129 596 174 0 0 0 0 0 14 0 0 0 21 647 2331 649 0 140 0 0 0 0 0 3251 0 0 0 0 312 0 115 0 0 0 0 0 0 0 0 0 353 0 0 1586 403 312 0 0 1139 0 0 0 0 0 0 0 0 0 16 0 218 0 0 0 679 3 441 43698 0 70 11597 65 0 1 0 0 0 0 0 0 0 0 5203 0 0 0 0 0 11095 0 0 0 66 22 478 0 0 0 37013 0 0 0
 0 0 0 0 0 627 842 0 401 0 420 5890 0 8 0 0 0 0 0 0 2 0 210 39613 0 0 0 10 377 0 0 296 0 5 0 0 0 0 0 0 157 6849 0 0 0 0 0 434 0 247 0 230 0 0 0 0 0 219 0 113 0 145 1251 0 16253 0 0 1141 61 4 171 16 725 0 0 0 0 119 601 55 0 0 0 0 0 0 0 0 0 0 0 0 58 2249 0 25 85 0 0 0 634 4260 0 0 796 0 0 0 6 0 0 58186 1957 0 0 0 0 0 0 0 0 0 0 0 14 4 11373 91 1141 0 232 0 0 0 1171 0 0 0 0 4130 1600 3 0 96 0 0 0 0 0 0
 492 0 2 22 0 221 0 0 0 0 23 47 0 107 61 0 0 91 0 0 0 0 0 0 0 0 0 0 3 0 0 0 0 0 0 0 0 497 28 0 0 180 123 317 1 0 126 51 0 0 140 164 0 0 0 0 0 4589 100 0 47 0 0 0 0 0 766 39702 0 693 0 0 0 0 0 0 0 388 0 4 58 327 0 0 1017 22 2 71 0 0 1253 1109 0 0 41 140 0 0 65 115 0 0 0 0 1851 0 0 0 0 0 0 0 0 15 675 0 0 0 0 1 631 0 0 6848 999 0 0 0 0 0 106 0 284 0 0 272 155 10 0 0 61 232 75 869 0 0 128 0 0 0
 165 0 0 0 1139 0 0 0 0 0 108 0 0 0 0 0 0 0 1113 0 0 1687 0 99 0 0 147 0 0 100 199 215 0 0 0 0 0 139 0 0 0 5 3 0 0 0 2650 16 0 0 530 0 0 236 0 43 0 0 460 0 650 665 0 0 0 0 0 0 0 0 0 382 0 0 17 0 195 0 2429 0 0 0 0 0 0 0 0 0 25 4702 34 0 9 0 0 365 438 19 0 0 3 834 0 80 0 2806 0 6 0 0 29 0 26931 39 1 0 31 0 2722 2180 0 0 531 15 0 0 0 0 0 0 6 0 0 859 0 3929 574 0 962 2285 0 0 63 0 0 616 1070 0 1070 0
 396 359 0 0 505 0 0 0 0 0 0 0 30 360 13769 0 447 0 0 0 0 0 0 0 36 0 0 0 420 228 3 0 0 1698 0 1996 0 20 0 334 0 426 0 6 128 0 0 0 0 0 15601 0 191 0 11 0 0 624 979 0 191 0 0 0 110 0 0 1029 0 33 18471 0 0 0 1032 701 0 0 0 28 0 6 103 27 0 33 0 0 0 667 0 0 702 1 0 1469 0 0 89 8 592 0 31 0 0 0 525 0 944 0 78 0 0 0 2127 0 313 5465 0 643 27 1 0 0 0 0 0 0 0 0 122 96 0 0 120 0 0 0 0 0 0 614 0 0 0 0 0 0 28 0
 0 0 0 0 4 1 533 421 0 0 11412 0 0 0 0 0 1062 0 2706 2373 0 0 0 0 87 0 0 0 0 18 0 0 0 1996 0 2298 12 0 505 0 0 50 0 0 0 0 0 49 0 0 0 0 225 85 0 0 365 578 0 0 58 0 0 0 0 32 0 0 0 0 0 1962 26 0 0 0 0 15 447 559 0 49 0 854 0 0 154 0 0 0 0 0 829 4 0 0 124 43613 0 58 78 0 0 0 0 0 0 0 118 0 203 96 520 997 0 0 83 0 31 0 724 0 0 0 0 0 41 0 291 0 0 0 4 221 0 0 23 0 0 16 0 0 81 4278 2807 0 0 0 0 531
 0 0 565 0 1167 0 0 0 0 110 0 0 290 256 0 7 134 0 0 0 0 0 0 58185 0 699 322 10 0 5 0 0 10997 614 0 162 3154 0 128 225 0 0 0 0 0 1 0 0 0 0 0 0 0 0 0 38 0 0 0 0 0 0 381 0 0 0 0 0 446 678 0 641 198 0 0 0 0 0 0 0 0 602 0 0 15 6 4589 0 880 0 0 0 0 0 0 0 21 5 0 2 0 0 0 0 0 0 0 0 0 0 59 0 4864 0 17 0 3 0 0 29 0 0 0 0 0 0 0 0 2312 0 0 0 20 0 0 0 0 0 0 626 0 329 141 0 162 0 0 0 28 43
 0 1 0 0 0 0 19 0 0 0 796 0 420 438 95 2388 0 116 18 0 0 434 213 0 463 359 10 0 1088 4169 0 90 703 0 238 0 426 0 0 0 179 356 61 0 0 0 19 0 0 0 0 0 0 0 0 0 20 3 3539 169 133 0 0 0 0 0 0 0 0 208 0 157 0 201 0 660 15 0 58 18209 0 59 0 118 0 0 2 0 17 0 221 50 105 142 2015 0 0 0 0 0 22 0 0 0 0 0 0 0 78 51 1042 0 0 0 0 14720 0 0 0 1330 0 0 0 0 0 0 984 0 5693 57 784 0 0 0 0 0 0 1432 0 1773 0 0 0 10 0 0 0 483 0 0
 5006 0 96 0 0 1371 0 21 38 0 0 0 0 0 134 0 0 0 382 135 0 0 0 0 0 0 0 0 260 0 367 0 2446 156 0 0 0 89 396 0 0 408 37 0 19 539 49 1 0 0 0 0 0 0 0 0 0 0 62 0 139 0 0 267 0 0 0 498 0 0 0 3 0 0 0 0 0 0 0 139 0 117 74 0 0 0 99 5168 0 531 0 0 41 154 0 0 0 0 0 0 0 0 460 39 0 0 0 0 0 111 0 4575 0 0 13 0 0 331 591 0 0 972 2501 0 0 0 0 0 596 0 58 0 0 134 0 0 0 0 0 0 3 33 73 0 37 0 679 4260 0 0
 0 100 231 86 47 0 0 98 0 0 329 0 0 0 2446 140 1571 27 58 0 50 0 0 53 0 7329 1196 0 0 0 0 0 0 1098 428 0 0 0 0 0 58 6143 33 919 469 0 0 0 596 207 0 0 0 2 2 0 6577 0 271 2646 224 0 0 0 0 0 51 0 647 0 0 0 34 0 1113 16 549 0 10 0 0 3212 0 16 54 0 0 562 6143 0 0 0 0 104 0 0 0 47 3661 447 0 0 0 4 0 0 0 0 0 0 0 0 0 0 596 0 0 1 0 149 0 178 117 51 0 2558 0 0 0 673 207 3 2646 169 0 29 0 0 0 0 16701 38 0 0 2099 2285 0 15 30 7130
 0 0 0 170 0 0 18914 0 48 0 2218 0 0 0 366 0 0 0 623 2 37 3379 0 596 0 0 3212 0 179 0 330 0 0 0 0 321 0 0 0 0 0 0 0 58 388 0 0 271 20 0 0 0 0 46 235 127 125 0 0 0 0 0 14 531 0 0 42132 4 0 0 0 0 0 93 5693 22 0 0 0 700 58185 0 0 0 0 0 0 0 0 0 0 0 170 0 0 0 0 0 92 0 0 0 10 0 570 0 0 0 0 1 0 0 0 0 1828 183 15 0 0 0 237 0 0 0 0 0 0 0 25 0 0 609 0 48 0 0 0 0 0 396 0 9 0 12 796 0 46 0 174 1330
 0 6560 170 27 0 0 0 0 0 0 0 0 3 0 0 0 0 0 4864 0 475 35 0 0 0 0 123 3206 0 0 0 19 0 0 0 0 32 0 0 0 0 0 85 0 0 0 0 1130 30 681 0 0 0 0 0 0 0 366 331 0 0 0 675 0 142 0 0 0 0 697 23 66 0 0 1802 3 0 16260 47 4966 496 0 0 513 0 366 0 0 1734 0 108 5 0 0 0 0 165 0 196 210 0 3 0 1 7 0 0 0 11095 0 0 154 0 0 0 0 1008 15 42 4730 0 0 1386 22 64 0 0 0 0 110 0 0 0 27 0 0 193 31 0 0 0 0 1 0 0 27 0 0 0 0
 0 0 0 0 0 0 0 58 0 729 156 464 460 0 944 0 1290 0 0 0 0 0 410 128 5366 0 0 0 0 0 716 0 742 0 0 0 0 0 105 0 0 0 0 0 0 0 4 0 0 0 0 1348 0 0 2499 0 0 0 0 2446 5521 2680 283 0 4 31 0 0 6577 0 630 0 0 0 569 0 0 0 0 0 0 0 0 1469 0 0 32 2558 0 0 0 0 3 0 0 0 1586 0 0 0 0 0 701 0 531 3 0 0 2 0 4578 0 178 69 0 156 91 0 2 0 333 0 0 225 291 0 0 359 503 1091 0 1343 0 0 27533 0 0 312 3636 0 0 82 0 0 4 469 165 0 0 0
 0 0 134 0 0 0 187 271 0 0 110 0 0 0 0 0 296 0 533 0 19 70 508 57 157 160 0 162 0 0 0 0 0 0 0 0 0 0 0 0 30 0 700 0 0 422 33 11 22 1 258 0 0 0 0 331 0 0 126 503 2328 0 13 0 0 0 0 216 83 113 85 0 0 197 483 6502 8 0 0 0 0 0 764 0 157 0 0 0 42132 0 0 4730 365 4575 0 780 368 151 0 2332 203 62 174 2 0 0 742 0 0 0 0 0 0 1919 0 13624 0 26 28 0 0 0 0 0 1490 0 0 0 33 780 0 0 0 0 0 0 0 0 0 0 0 1141 25 0 0 2136 75 0 225 0
 16963 0 520 0 1852 1959 0 108 2597 0 396 0 403 0 6 0 0 0 0 0 0 0 0 0 45 0 0 0 0 0 0 0 0 0 45 0 0 0 506 2 0 11 265 0 0 0 0 0 235 2969 89 0 0 96 138 0 0 262 10 600 174 0 4875 2729 2604 0 1455 115 0 721 18863 0 0 6849 0 26 0 17 0 0 0 0 0 0 0 0 0 7 0 684 0 0 0 0 0 0 0 0 0 0 6272 0 368 218 0 0 0 0 0 0 655 118 187 742 0 0 3 131 0 0 0 0 271 123 0 29 0 18 110 18466 0 230 0 0 0 0 345 3748 0 0 0 75 0 133 0 0 426 0 651 21
 207 0 531 0 117 155 17 0 0 0 1687 55 0 0 176 0 0 0 0 1 51 5 0 6 0 6 31 283 0 80 0 1592 255 0 12 0 0 0 0 1755 0 897 0 174 689 0 7 235 128 0 0 0 0 0 233 0 920 489 1802 0 0 0 0 43 670 0 0 0 0 4966 0 0 59 209 3964 0 0 0 0 0 33 0 0 0 0 0 0 0 0 11412 8 0 1996 396 0 0 140 0 0 0 4 0 0 0 0 61 0 0 0 5203 0 48 0 2546 409 51 0 0 0 6506 27 0 0 0 2 0 23 186 0 35 100 0 0 92 247 0 0 2446 0 170 0 4 0 0 0 0 0 0 0 22
 9 5 1330 729 702 0 0 0 0 0 0 0 0 0 46 337 0 0 520 0 213 0 0 0 0 165 0 958 772 0 62 992 0 0 111 19 0 0 1314 163 0 199 0 0 165 0 0 0 0 9 1952 0 1680 145 0 1 0 0 2 0 0 0 0 0 0 0 21 0 0 0 0 14 3 0 0 0 160 0 0 10 0 512 38 0 0 0 1 0 0 0 31 170 27375 0 312 169 0 1335 344 0 0 0 670 0 0 1455 0 1 0 0 877 0 0 0 0 29 2 0 0 0 0 3636 0 144 0 0 0 0 0 0 0 0 705 134 0 124 17558 0 0 175 0 0 0 41 0 0 0 0 0 812
 0 0 0 106 298 0 0 0 0 2959 0 0 2 4 132 0 4598 0 0 309 0 0 2844 0 143 0 0 0 273 0 0 80 0 0 0 0 134 2 38 67 0 854 56 0 0 0 0 0 0 0 0 29 0 0 56 31 0 0 0 17558 0 6926 43683 1479 0 422 19 0 990 1636 21 475 0 0 0 51 0 0 0 0 0 0 0 2115 8 12 0 0 0 0 0 0 0 371 0 0 130 0 0 5 0 0 0 1 0 0 0 0 5 0 393 0 2530 0 0 757 177 11949 3382 0 0 0 0 0 0 0 0 409 0 77 0 0 0 559 2782 2 0 0 0 0 103 0 674 292 0 66 0 0 5693 0
 96 0 0 0 0 1684 0 5356 0 0 0 0 365 0 878 0 0 25 0 0 595 0 0 0 156 2285 213 225 96 0 922 283 164 75 0 765 96 0 0 0 891 0 0 0 247 15 0 0 1008 2 0 631 0 34 572 0 0 0 0 0 0 98 0 0 0 1802 389 92 3 15 139 898 514 0 6448 0 0 0 0 0 676 0 581 0 0 0 115 0 59 0 0 0 0 0 676 0 0 0 0 0 0 0 0 0 0 530 0 0 631 0 0 0 0 0 0 0 0 95 0 574 35 0 0 18149 30 28 0 189 0 2 0 0 0 0 165 51063 0 0 776 136 788 0 0 0 0 2096 5 0 7 0
 69 0 58 0 0 3668 98 0 0 45 0 0 213 0 0 136 193 9 0 0 0 0 0 98 0 21 0 14 64 0 17 644 371 0 978 3627 0 0 0 0 689 293 2 676 0 169 0 0 0 0 1062 0 0 291 0 588 0 0 0 0 0 99 0 0 253 189 0 0 0 0 2839 2722 0 0 0 548 21 0 0 0 450 0 17558 0 0 68 0 0 673 0 11373 0 18 221 0 6767 25 3 139 0 0 592 13624 0 8 0 1137 512 701 73 0 474 0 552 1485 17 6 43 4 0 70 0 0 0 0 1046 5 0 0 0 0 0 0 506 19 0 0 0 0 460 0 0 792 0 110 0 0 0 0 20026
 0 0 10 0 0 0 62 0 0 0 205 145 0 0 0 0 0 0 0 178 95 0 0 1828 0 0 0 0 0 679 0 0 0 265 191 0 0 0 0 0 0 600 7 310 0 0 0 0 0 0 296 82 58 0 0 2221 0 72 140 0 16 368 0 0 0 324 0 0 0 0 0 11412 272 170 0 0 84 0 6 15 0 19 0 0 0 0 319 0 0 0 473 679 5203 675 0 256 1330 0 0 0 0 143 86 3 125 0 0 0 0 0 0 0 0 0 0 0 0 207 2415 0 63 0 129 0 676 3 2493 218 0 0 0 0 0 0 0 387 676 128 503 0 665 4253 0 246 124 0 0 151 0 0
 0 0 0 70 6 0 0 0 0 2219 0 0 72 1197 703 0 0 0 124 69 0 0 0 0 0 0 0 562 72 0 1908 22 0 313 65 283 6329 0 0 0 0 0 0 0 0 0 5 20 0 0 0 552 0 478 0 0 0 143 0 0 0 0 0 0 0 574 0 72 70 0 0 0 266 0 64 57 0 1097 234 0 0 0 0 0 0 0 891 0 2943 0 0 0 0 0 470 0 177 0 670 0 3 0 0 0 0 0 0 868 0 0 221 213 0 0 0 0 0 0 91 0 0 0 0 1 6505 191 169 0 0 0 0 359 0 144 6849 0 0 15 1 0 0 0 0 0 0 0 797 515 0 0
 0 1033 0 0 0 0 0 0 0 0 0 0 0 0 10 0 0 0 0 0 0 0 0 0 0 0 0 0 519 1129 0 79 6 17558 1314 43698 2176 116683 0 0 11373 0 6271 0 890 196 0 0 549 0 1 0 0 332 0 0 0 0 0 0 0 0 0 0 0 506 0 0 0 18 0 177 0 0 0 0 0 0 2872 0 2 0 0 0 136 0 2922 151 67 0 1487 0 0 0 0 218 0 260 11949 0 96 224 0 6767 0 1567 0 0 214 132 11095 0 0 0 0 0 0 9 0 0 0 0 0 0 53 0 3 0 0 0 0 0 0 0 0 16701 4 0 0 273 0 0 0 0 331 0 0 1330 0 0
 335 29 0 1809 46 0 0 0 173 0 0 0 0 0 116 0 0 0 0 0 0 0 0 0 389 0 1008 614 0 430 0 26 0 0 0 0 0 2697 0 0 0 0 0 0 0 0 0 0 0 0 0 243 0 221 581 10 0 13800 0 0 0 0 0 396 0 284 854 0 4084 0 0 0 1620 6857 0 0 0 475 0 0 0 0 0 591 1028 48 0 501 0 0 0 0 1 10 0 12 0 0 0 32 0 1561 1934 0 61 0 0 0 0 18471 0 17488 3 16260 0 472 0 0 676 0 59 496 0 0 0 0 0 0 58 0 0 117 0 0 122 0 151 29 449 140 0 272 1733 3615 18471 139 616 0 0 0
 0 0 1755 351 0 0 125 265 322 4255 0 161 0 0 0 0 587 211 0 0 0 0 0 0 0 0 0 0 0 2897 0 1 0 3964 14 0 3607 37013 403 0 0 1 0 0 647 138 853 512 118 1828 0 0 0 0 0 1561 0 0 0 39613 5006 0 926 229 0 0 0 5268 0 157 0 2641 259 0 0 0 0 1 28 1362 7114 116 0 447 0 26 0 0 0 0 0 0 0 137 0 571 0 0 0 0 701 0 41 0 0 0 0 0 0 0 0 34 36 0 0 312 0 0 0 0 0 0 0 1181 0 0 0 1959 0 0 0 0 0 0 0 0 0 0 0 1212 845 0 0 0 562 0 0 0 0 3636
 1363 0 0 0 0 0 87 0 35 0 0 0 0 0 17963 0 0 51 121 0 0 0 0 0 0 0 0 80 2641 22 586 0 772 26 111 0 2217 4 0 36 0 207 0 0 55 130 0 0 133 0 0 0 306 0 1 0 0 1 0 17 0 0 4 629 451 539 0 0 52 0 0 0 48 0 0 0 0 0 0 368 208 0 979 0 0 0 0 0 331 0 232 0 0 383 0 0 73 5 0 0 0 0 62 700 0 15 0 2225 0 15 0 0 0 272 381 0 0 0 259 5 0 0 0 0 21 42072 0 854 0 178 0 260 0 141 0 0 0 1032 51 0 496 0 0 0 2281 0 2 1958 0 0
 39613 0 0 0 0 5 0 0 1798 0 675 0 0 0 0 615 0 4 3162 0 0 0 0 0 0 227 0 9 0 0 1062 0 1 513 934 4 0 39 2 0 13 0 0 0 0 388 0 10 193 0 183 0 238 0 59 0 0 0 0 0 0 0 61 0 0 0 0 0 427 0 0 0 15 0 761 0 0 0 934 0 0 221 3659 1177 3 35 194 0 0 0 0 0 394 109 0 592 2378 0 0 0 0 0 0 609 0 0 21 0 174 0 0 0 0 134 0 0 0 1687 177 1 0 135 73 6558 0 59 0 1 0 0 0 0 40 0 2 0 0 559 6 0 86 0 0 0 0 699 0 0 0 0
 0 41 0 0 0 0 2430 381 40 0 470 40 41 0 0 0 0 0 0 0 139 0 0 0 0 0 0 0 910 0 0 0 0 0 2323 0 0 699 0 61 0 0 0 0 3 0 0 0 0 3 0 0 0 207 0 208 0 485 34 0 0 1854 280 0 26 739 0 0 0 700 17551 0 256 2388 0 0 0 0 0 0 0 0 0 247 634 0 0 61 592 25 0 0 0 0 0 0 0 19 0 83 0 5 0 0 109 37 0 0 77 1567 1479 1 0 0 0 0 82 0 0 0 0 5 0 0 0 0 4 0 340 0 0 0 216 0 0 61 0 0 0 62 283 0 123 2530 226 70 4 14 40 5
 209 0 0 10 0 0 43 0 763 0 0 10 2430 0 0 170 0 0 8 0 0 0 0 0 0 0 0 0 514 1133 0 16 0 0 565 121 466 0 0 58 0 46 447 9 0 0 0 80 0 0 0 0 0 0 0 88 0 0 1 0 0 371 0 0 0 0 0 0 0 0 0 20 0 4084 0 0 0 4 0 0 139 139 0 0 0 11953 4029 0 273 0 435 0 0 0 600 20 170 0 1008 2969 0 0 0 670 0 0 360 0 7 2 0 0 104 0 0 113 177 0 38 0 0 47 0 0 0 759 0 708 401 0 0 0 21 0 0 0 0 0 0 0 0 0 0 122 0 0 6614 2 0 174
 0 0 0 0 0 4546 5 161 0 0 0 0 0 0 0 9010 703 0 0 0 4576 1100 0 110 3 0 0 4 0 1100 0 0 0 0 0 0 0 0 14 514 2717 0 25 1310 0 6857 0 1099 0 5 0 0 0 626 2285 0 1131 30 329 0 0 0 0 0 11597 655 169 3223 2145 0 0 0 90 0 4 0 0 0 0 1803 0 0 0 0 0 0 38 0 0 0 922 0 2 0 0 0 26 0 0 0 0 1062 20 0 179 58 623 0 0 95 0 0 2 0 0 0 0 0 9 22 0 0 0 0 0 0 0 0 0 0 503 0 0 0 0 0 565 0 0 0 0 1730 0 0 0 0 0 0 0 4703
 0 0 0 0 0 0 0 0 108 0 0 0 0 0 0 0 0 0 0 0 108 0 80 28 0 0 0 0 0 50377 0 0 0 0 0 0 0 0 0 3 0 0 679 0 22 0 0 0 0 0 0 0 15 493 0 49 46 0 9 65 0 342 128 0 201 757 0 0 0 0 0 0 0 1253 121 0 0 3 0 0 0 96 0 0 7 0 0 337 798 0 0 0 0 6103 0 0 0 0 0 61 0 878 28 30759 0 0 0 196 0 0 0 0 0 0 0 2 0 4730 0 105 16 4 0 48 0 0 0 0 0 0 0 0 0 0 0 3 0 0 0 396 0 0 6103 3661 21 0 0 0 284 0
 0 70 104 0 6 0 0 235 0 496 0 511 0 689 780 0 675 0 70 0 0 0 0 0 0 1509 364 124 0 0 0 56 0 0 20026 22 293 66 0 0 336 0 720 0 0 195 388 0 44 0 0 941 679 0 0 34 0 359 0 0 135 0 0 0 1046 0 0 0 0 0 232 0 0 60 0 82 1384 126 0 0 52 0 0 0 0 0 0 0 0 2943 23 447 401 0 31 30 1167 0 0 1854 0 0 8 0 15 0 0 0 533 0 0 85 0 0 0 0 6636 418 469 0 0 58 0 2155 1330 0 0 0 247 0 0 1465 1683 0 194 0 17 4 310 117 586 0 0 0 0 0 0 0 1455 0
 0 330 296 0 0 591 0 0 0 8 0 0 0 0 0 0 0 0 0 0 65 6 0 222 0 0 134 651 3587 17558 125 2 997 1144 600 0 562 591 0 28 0 0 0 0 835 0 40 0 0 218 0 0 0 0 19 0 0 0 99 66 364 17940 58 0 269 2411 196 920 0 0 1167 1319 0 0 23 0 2221 0 1885 921 0 0 0 0 0 0 0 0 83 0 0 0 0 58 0 0 0 0 0 0 0 8 89 0 0 0 65 980 0 19 0 0 0 235 0 386 0 36827 1820 3 0 0 0 0 0 0 0 679 298 0 0 0 0 8 595 0 0 242 0 812 0 0 0 0 0 225 0 0 1061 0
 0 0 0 2558 0 0 268 0 0 1138 0 0 0 132 64 0 0 100 0 0 0 0 11631 610 0 0 0 13 0 0 0 0 0 0 541 0 0 0 0 0 8 0 0 0 1 3146 0 0 0 0 58 0 106 40 59 704 0 390 0 0 0 0 37 381 0 510 0 0 0 0 0 1358 0 0 0 5693 49 0 0 0 76 0 257 0 26 433 0 43064 4710 0 0 607 0 0 0 208 64 0 0 0 2 0 0 47 151 0 0 0 115 0 17 3 0 0 0 0 0 0 104 0 269 0 4184 610 1560 1120 1744 1 0 232 0 298 0 0 67 1 148 0 0 0 0 0 0 0 72 0 11597 0 0 0
 0 647 0 380 165 0 0 5 0 0 0 3 0 0 0 0 702 39 0 0 1 0 0 31 194 0 0 0 0 6849 317 0 15410 0 53 0 68 0 3 2145 2 0 0 0 0 0 0 0 86 134 0 528 0 1103 85 1475 21 0 69 162 0 0 689 4730 1027 0 670 90 0 0 0 0 0 40 0 0 0 2 0 0 0 0 94 0 0 157 0 255 0 2428 0 0 0 0 84 0 260 0 3 0 63 0 0 2731 790 0 0 0 0 232 0 0 0 412 23 0 0 0 0 0 0 3 105 0 31 390 0 0 0 0 565 214 0 0 55 37 600 0 0 0 498 0 0 2646 0 0 0 0 3896 7
 0 3 0 559 0 464 0 0 3479 158 0 0 0 0 18912 0 0 0 0 0 0 221 14 389 0 621 58 0 0 0 41 0 0 0 0 12 0 0 0 0 0 0 10 6857 0 0 333 125 0 0 552 135 9369 0 1163 0 262 0 399 0 370 55 470 0 0 0 0 5 0 0 10 0 0 0 0 0 0 2706 0 0 0 0 0 0 0 1046 0 0 11373 0 0 0 0 0 0 0 388 0 0 0 0 0 0 0 0 111 261 166 637 0 0 124 0 177 51 1163 0 2 0 353 221 0 0 60 0 0 0 0 156 0 853 0 0 2285 0 0 501 0 5 0 0 0 699 0 47 0 0 10 0 0
 42132 0 0 4037 43 0 0 0 4018 0 133 0 191 0 0 0 33 0 531 0 213 0 0 0 79 0 0 0 0 0 3261 583 0 0 117 0 0 0 0 0 0 1 0 0 0 0 0 0 0 0 6549 0 69 0 18149 0 0 341 0 52 0 9 1567 0 0 0 520 13 0 0 0 0 0 0 0 601 0 0 0 215 0 0 0 273 0 0 0 0 0 7 2882 513 410 0 62 788 0 0 0 0 1131 596 0 0 1687 708 0 0 3 3212 107 0 0 0 0 0 659 0 128 0 0 5 0 0 142 106 0 124 4131 75 993 19 0 0 244 0 86 2390 0 368 0 0 182 0 0 0 118 0 759 35
 1 0 0 70 0 0 0 0 0 96 0 15 0 1018 64 1043 0 0 0 0 5 0 0 0 0 0 0 0 0 0 0 0 0 0 26 0 0 0 0 0 3 2378 91 415 0 1 0 359 1 0 0 0 0 691 0 0 331 0 107 200 8 0 0 0 0 28851 124 0 0 891 0 2 88 0 0 0 0 565 0 0 10 0 0 0 38 0 46 70 0 676 0 0 193 0 0 0 0 0 116683 30 0 0 0 0 1 0 0 648 0 0 0 0 90 0 0 742 8 0 0 0 0 51 0 17 0 1726 0 0 32 0 0 94 0 0 665 51 10 1479 251 0 0 0 0 0 6562 0 0 28851 1047 506
 0 235 86 27533 0 626 0 0 0 284 0 0 221 0 891 3924 0 1820 87 0 207 0 0 460 42057 0 0 0 96 0 0 0 69 0 890 251 0 0 0 0 0 0 0 0 0 0 0 293 104 0 0 0 196 0 0 0 0 0 2285 0 19 586 0 0 1 0 0 4575 32 3 0 514 891 0 84 0 1567 0 0 0 1427 0 0 0 0 388 569 1577 0 0 0 253 0 845 0 0 13 0 6329 110 1 0 0 58 0 0 0 0 185 0 84 0 58 6 0 0 14 21 337 3961 0 0 0 0 0 0 0 6063 0 6984 0 0 0 2528 0 0 1807 0 0 0 0 0 0 1130 0 0 0 0 333 0
 155 302 0 0 0 0 0 0 1130 1577 18 0 1 41 0 0 111 0 0 162 3 0 0 51018 0 0 0 0 0 0 0 0 0 1253 0 0 0 11 0 0 1633 0 0 0 0 0 360 21 0 0 0 0 0 5521 0 0 9 0 0 0 0 0 0 70 0 58 0 75 0 1854 0 0 0 0 0 0 6033 2706 0 659 0 0 0 479 83 14 0 0 0 0 0 0 0 19 2646 0 0 0 0 0 0 1687 0 0 0 0 607 254 0 0 0 2 16197 0 0 96 0 0 0 112 0 0 0 0 1004 0 153 0 0 0 0 0 0 0 0 58 0 243 0 0 0 0 16 570 22 0 0 3 665 4601
 0 0 0 0 55 0 0 5 60 0 668 0 15 4 0 0 0 179 0 0 1082 0 0 0 0 708 0 0 0 0 0 0 0 0 15 51 21 235 0 0 0 0 0 37013 0 0 0 0 0 0 724 137 0 45 49 0 0 6 891 0 0 0 0 689 434 312 2015 0 132 129 0 16 0 702 0 367 0 222 0 881 0 0 0 0 5521 12 0 144 0 0 0 0 496 181 0 0 9 0 0 0 51 0 376 0 0 0 0 0 0 0 0 0 34 2897 0 670 0 0 0 207 0 2033 262 0 0 0 549 473 6750 9 1447 0 0 0 388 0 702 293 0 0 0 0 63 0 3 17 0 0 0 0
 132 0 182 0 0 0 0 0 0 62 0 0 161 50 0 381 9 0 0 0 0 0 0 0 37 0 0 0 1 149 0 31 13 1 6103 0 0 0 0 0 0 0 0 0 8 0 0 0 0 51 0 3 0 0 0 0 700 0 2498 0 0 0 0 21 2 0 428 0 187 0 0 0 25 925 0 4084 96 0 0 0 0 0 0 17558 0 0 71 0 132 0 26 0 0 0 20 39613 0 0 0 185 0 0 409 0 0 139 1113 0 0 0 0 3 1370 0 1165 0 0 0 0 0 144 0 0 0 0 0 0 10 0 23 0 0 0 0 51 0 174 0 0 0 1350 0 4589 0 0 0 53 0 0 557
 0 0 0 0 0 0 0 0 0 0 6329 0 0 0 0 93 134 0 27373 0 0 17580 1343 0 216 19 0 1365 6738 28 0 0 161 0 47 37 0 2 1807 6265 77 2015 19 48 0 48 0 0 156 383 0 89 0 382 117 601 0 0 0 0 0 0 641 14 0 0 0 0 0 0 0 0 0 1600 0 0 0 0 0 14 0 424 0 0 5120 1165 0 0 0 0 0 125 0 0 37013 1348 0 0 0 0 0 0 25 0 0 0 0 1386 0 0 117 0 1058 0 0 0 67 43 941 0 0 0 0 121 0 0 0 0 0 0 0 0 135 88 186 0 616 0 0 2 0 0 0 0 0 0 0 1 0 2378
 227 0 0 0 0 0 0 0 85 676 0 40 0 0 0 0 114 0 929 47 0 0 80 0 0 0 0 0 355 0 1 0 0 0 0 0 80 1343 0 0 0 0 0 0 0 0 0 14 0 0 21 6 0 452 157 3332 0 0 1 5090 583 0 2706 0 2287 0 0 77 0 0 0 549 0 19 0 0 230 0 0 262 29 256 0 634 475 0 0 0 0 0 366 53 0 997 0 0 0 1633 4084 117 0 0 0 0 0 0 0 0 0 0 0 0 0 0 0 0 0 0 0 0 0 0 0 0 0 0 0 0 0 15 62 233 174 549 0 0 2432 0 792 0 0 0 0 130 0 98 0 0 3 22
 0 47 1386 0 0 0 0 47 0 93 0 96 0 4228 0 409 0 0 56 203 6103 0 0 0 0 5 1553 0 9 4571 0 0 569 0 0 0 12 0 0 0 0 0 0 0 0 789 0 0 124 0 1396 85 868 0 0 4278 3636 8 225 386 15 0 3 0 160 0 0 0 0 6053 60 0 45 2 0 678 0 0 676 3 0 0 0 428 22 137 0 0 1455 0 365 80 0 754 32 51 196 0 0 6103 0 5006 531 2610 0 0 0 0 26 13177 0 0 0 0 225 0 0 0 0 0 0 18038 0 0 0 0 0 0 0 0 344 132 0 0 0 0 0 1129 0 0 0 0 0 0 0 0 0 98 10 0
 0 0 0 0 0 0 0 35 757 790 0 1 30 0 0 0 0 0 41 1567 0 0 0 0 0 0 15 5441 58 0 0 136 0 0 742 0 0 1178 76 25 36 642 51 0 0 0 0 1328 0 0 0 0 777 432 378 0 0 2641 0 14 0 0 0 0 596 0 0 0 0 0 1181 0 74 0 0 37013 0 0 7 0 0 0 82 381 101 0 0 0 514 0 0 20 0 3223 0 0 0 47 0 0 570 0 0 51 0 8 233 0 0 0 497 0 1341 0 271 0 1046 5 0 0 0 0 1062 0 0 2141 2446 0 59 107 228 0 0 0 703 596 0 0 6097 0 0 0 0 5521 0 0 0 22 0 190
 0 166 689 165 1487 28781 0 3753 0 0 196 1 111 3 4862 0 0 0 0 0 375 139 0 0 0 0 0 0 0 0 0 614 0 0 0 879 0 2 187 0 0 0 474 98 0 0 4568 0 0 0 0 0 0 64 0 105 0 0 0 0 253 29 6 0 533 0 958 136 0 0 0 72 0 6564 0 0 51 0 1392 0 0 99 1129 558 371 1020 391 0 26 0 0 0 91 0 266 1687 0 4296 0 0 0 0 3547 0 0 0 170 0 0 0 0 0 0 10 0 41974 0 0 747 0 944 0 82 0 0 0 0 534 0 0 1522 0 0 0 0 0 14 0 0 0 0 0 1396 0 5612 0 0 31 0 0
 45 6 0 0 0 0 0 0 0 0 0 1958 296 0 40 3251 0 0 100 539 0 0 0 0 14 0 51 324 0 82 0 0 0 0 253 0 0 0 0 0 0 292 124 2 352 6 0 1163 0 0 0 0 125 0 116683 0 0 139 75 0 0 269 0 0 197 0 199 1 508 780 0 0 0 0 0 0 1 0 0 0 489 0 76 0 0 1 0 0 90 12 27 0 0 0 1124 1009 0 0 0 0 50999 678 4966 0 0 1724 0 0 0 0 144 0 0 0 0 0 45 570 650 435 0 0 1070 0 63 0 0 39 0 0 0 830 0 2838 0 14 0 0 0 0 0 0 0 0 0 0 0 69 455 0
 570 724 0 88 0 0 0 0 0 0 0 0 0 96 0 0 159 118 0 0 759 724 0 147 0 62 729 9 0 0 62 0 0 0 0 133 0 0 103 0 962 0 0 1242 0 0 208 1 460 80 0 1342 0 0 0 0 0 0 55 0 0 0 0 0 3382 40 11373 3299 0 0 601 0 0 0 140 0 0 0 12 0 174 4260 100 0 600 0 0 56 225 0 1223 0 10 0 2641 179 0 0 0 0 0 66 211 185 4 0 170 0 0 0 619 0 0 0 460 0 105 0 0 0 0 490 17 0 195 0 0 0 0 4131 0 0 897 127 0 0 0 0 0 0 0 0 0 0 0 0 0 331 0 0
 44 0 0 7130 0 1687 0 19 1 0 0 0 0 158 0 0 25 0 134 0 0 0 0 0 232 1219 0 0 0 174 0 0 0 0 0 10 0 587 671 0 293 0 84 0 1310 0 0 0 0 0 360 52 0 196 1 371 0 0 0 3877 0 0 0 0 0 0 0 585 0 1025 0 1 265 95 0 111 0 854 601 0 1577 0 51 234 0 0 0 0 0 162 0 0 0 0 293 0 0 470 0 1419 0 0 0 0 0 0 0 556 36591 40 0 0 0 78 0 0 0 0 0 0 25 0 0 0 0 0 0 2 136 367 26 0 380 0 0 29 0 0 0 480 0 0 0 0 0 0 27533 94 0 5268
 4 0 0 0 0 0 0 40 21 591 10 0 0 0 2424 0 0 699 139 0 0 0 0 0 3 0 5 0 80 42304 0 0 104 776 0 1 9 0 166 58 0 1802 0 0 0 0 0 0 455 700 0 428 2838 0 21 335 265 1253 0 43 124 679 78 2633 0 0 0 0 1600 99 0 0 0 118 5521 0 0 0 8 0 434 1734 219 0 0 0 0 1355 0 381 0 0 0 0 38 1100 0 2469 10 214 30 0 672 4490 127 0 0 0 0 0 0 1577 0 0 0 0 272 221 0 112 0 5654 237 0 475 0 0 0 0 0 0 0 0 0 0 0 0 26 1 0 0 0 0 0 0 0 0 0 0 0
 0 0 0 131 0 115 0 369 0 238 0 2 0 0 0 0 1586 3661 0 256 0 89 0 1196 0 0 0 20 0 0 0 0 157 0 0 0 0 0 0 0 0 86 19 0 0 0 0 0 61 222 0 0 186 832 0 20 0 0 0 0 0 0 0 242 169 80 0 0 35 0 11 0 0 0 9 0 0 0 10 0 0 0 24 4577 0 0 0 0 237 0 0 0 0 0 0 0 0 365 157 0 0 0 460 0 2844 1209 51 3382 106 92 0 0 409 1682 0 17 0 0 0 0 0 0 17 0 0 11 0 0 0 0 65 11 0 0 0 0 0 514 339 0 38 379 0 0 0 0 0 3714 51 3
 18315 0 0 0 1687 0 117 392 0 0 5 0 118 0 0 0 0 0 0 226 0 979 0 2706 0 1 0 2 0 0 69 0 0 0 259 0 37 0 388 0 0 0 0 0 0 53 0 0 0 0 702 0 78 1 10 4598 0 0 0 595 0 0 2143 0 692 0 0 0 0 0 675 0 271 0 790 367 0 0 0 0 0 0 0 0 36 0 0 0 33 33 0 930 676 0 5 111 0 10 1851 243 0 422 996 520 0 0 862 0 106 0 201 0 0 0 0 26 177 0 0 0 0 0 0 0 0 0 317 0 0 0 0 512 157 340 700 0 400 0 1 702 28851 296 0 51 2 0 88 368 0 2
 0 0 0 221 0 0 0 0 0 2 0 0 319 435 0 820 0 0 15 0 0 99 0 0 0 0 0 118 0 0 0 607 1733 0 2432 337 0 0 0 0 0 0 0 0 0 972 367 0 0 0 3636 0 0 0 0 0 0 63 0 1167 0 0 0 0 61 74 0 0 0 100 8 7 237 0 0 58 0 38 487 1162 210 0 0 0 0 984 14 0 0 299 0 96 0 0 0 0 1168 341 1461 0 469 0 48 0 0 0 0 4260 0 0 5 0 0 2969 0 0 53 647 193 0 0 0 0 0 0 0 0 142 50 0 0 110 0 6271 120 0 0 30 0 599 130 0 91 0 0 0 76 0 386 0
 4 0 19 0 0 0 0 0 8 152 2 0 0 0 0 1577 0 0 0 45 39 0 1 0 0 0 153 4421 0 0 0 7 0 7322 0 0 0 0 0 105 1330 0 0 0 0 0 1577 161 47 0 4148 0 0 795 0 0 1620 0 0 0 0 0 0 0 45 0 0 0 420 10 11314 0 0 0 0 233 10 654 10 188 0 0 0 0 0 570 36 0 42 112 18471 0 0 0 0 1805 155 0 14 0 21 0 4 433 0 0 0 0 0 0 0 113 689 0 157 3206 151 615 336 0 0 0 0 132 602 903 0 0 0 292 0 41 0 0 2446 0 0 11373 78 0 0 2 0 0 4 0 195 0 660 0
 0 0 433 0 0 1577 0 0 0 0 3 199 930 1479 0 191 0 0 0 0 5203 0 0 0 0 0 0 0 0 0 17558 78 0 0 0 0 0 0 159 0 0 10 0 0 8 0 0 0 73 59 0 0 2432 0 0 0 0 1044 0 533 41 0 0 8 0 132 61 0 0 130 0 70 7130 0 0 0 92 359 0 0 0 0 8 0 1 0 0 0 0 0 2 0 539 0 0 0 5707 0 116683 0 0 57 0 0 979 18471 0 878 0 6820 0 891 16 0 0 98 0 65 2553 118 0 0 84 1733 0 0 0 0 0 2024 0 0 213 197 0 0 0 0 40 0 0 0 0 365 0 6564 0 0 177 225
 0 6458 1162 0 345 0 0 0 49 978 0 0 0 7076 0 0 0 0 708 361 0 0 0 25 56 6767 0 0 249 1134 0 0 0 4 802 21 198 192 0 160 0 0 0 0 0 0 0 1004 0 635 0 676 0 1070 0 18914 0 0 0 0 0 288 55 0 0 0 11072 316 0 0 0 0 691 0 0 0 0 0 0 0 0 0 0 0 5199 402 0 15 0 17 0 0 0 0 0 0 0 0 140 0 5 0 1072 8 0 2 647 0 22 0 0 0 0 0 0 0 1156 0 0 0 0 0 0 0 0 0 0 0 0 574 0 0 0 0 0 0 4084 0 0 3 0 0 405 225 0 1666 6 0 7 1030
 0 5006 99 0 33 0 1 0 0 888 0 624 0 0 0 180 0 0 210 0 10 0 46 0 0 0 31 0 0 161 0 0 0 0 12 0 61 0 237 0 0 10 0 0 0 0 0 0 0 0 0 2 134 0 42 0 0 0 0 0 0 2 0 0 591 0 0 0 0 15 0 0 0 0 0 0 0 0 177 32286 0 0 157 4 18 0 65 0 0 29 7 0 5 0 0 0 0 7 0 5648 0 24 51 759 0 0 0 0 0 5612 422 0 0 0 11042 0 2706 0 0 237 0 447 659 0 0 0 0 0 1343 1577 1734 0 594 53 1828 0 148 864 1186 0 0 0 0 0 0 0 0 135 0 0
 0 27 180 0 0 0 1027 67 0 0 0 0 0 0 0 16 0 0 0 6 0 0 4 0 0 0 872 0 11 0 0 0 33 0 0 222 0 0 0 0 0 0 0 445 0 0 15 0 0 0 4260 0 0 0 0 69 0 1 0 0 3 6857 0 0 0 0 0 0 0 0 208 0 0 0 776 0 0 5006 0 0 0 0 0 0 0 375 0 0 46 0 0 19 0 4 0 0 47 27 0 380 0 0 1103 672 10 1217 0 0 106 0 39613 0 0 0 0 0 0 0 0 0 0 0 11373 0 0 0 4 0 587 0 0 42 64 6 0 0 0 0 0 50 0 0 0 13718 404 512 479 0 0 10
 211 0 788 0 0 0 0 703 2641 0 1386 0 224 2802 0 17 0 0 0 0 0 0 0 699 0 290 0 0 0 0 0 0 0 366 0 0 0 4 410 59 2432 0 81 156 0 0 0 0 47 0 0 0 0 0 0 6845 0 35 175 0 0 0 0 0 0 2430 0 0 0 0 0 0 0 0 0 0 0 10 0 0 0 0 134 0 273 0 151 27471 195 0 0 0 0 0 0 34 0 0 0 0 0 0 44 0 0 783 1330 130 0 0 0 596 634 221 0 0 0 0 0 210 382 0 0 21 46 0 0 69 0 0 6564 0 0 32 0 0 0 63 27 24 0 0 0 0 0 0 424 0 0 0
 10 154 0 0 0 96 0 0 0 0 0 77 0 0 0 140 0 17558 0 0 0 0 107 0 0 0 66 273 1653 197 0 0 0 0 0 0 473 0 0 20026 0 0 0 0 0 0 0 0 38 0 0 0 111 0 0 0 0 0 0 133 6329 0 0 18 759 0 3382 0 0 0 0 0 0 0 0 0 0 7 104 0 77 0 0 0 0 955 50381 0 12 0 0 0 0 2838 339 59 0 136 0 0 0 0 288 0 0 1338 0 0 0 0 565 0 0 0 0 0 0 1522 0 0 11373 0 383 0 19 419 42 232 0 0 0 601 0 0 0 0 0 0 29 174 0 0 0 3 0 6767 0 0 0 0
 0 0 383 0 0 35 0 8 554 806 1802 652 0 0 428 0 0 6271 0 3924 591 0 0 165 0 0 0 2217 0 74 0 0 208 0 211 0 0 3056 0 0 0 176 0 0 9 26 0 854 0 0 0 0 91 0 16701 0 28055 0 19 4 0 0 0 0 0 0 506 0 0 1 0 0 0 572 0 0 0 0 0 0 0 0 6329 0 0 0 3 14 0 651 7 0 251 0 0 930 0 0 26 0 0 0 0 8 0 0 226 5 0 0 0 0 1 0 0 543 86 14 680 678 0 156 160 0 28 0 675 0 622 0 0 0 19907 2968 0 52 0 0 0 9 3 0 2145 0 0 26 43 0 0 0
 0 116418 1580 1 0 0 0 130 0 0 11950 0 45 142 0 477 0 0 403 221 0 0 997 0 0 271 0 0 0 0 46 0 0 49 83 0 0 0 0 396 0 3 0 1733 0 64 0 4864 0 157 0 0 6857 225 0 0 27533 0 422 1422 0 0 0 410 0 0 0 1283 0 177 0 183 19 0 170 0 0 0 0 0 0 5 0 136 0 14 0 0 1567 283 588 89 0 28 6320 0 0 296 0 795 6100 0 0 0 0 0 0 19 0 0 198 211 0 659 0 0 929 0 10 0 4 2176 360 533 0 556 58 174 33 0 0 0 859 0 0 177 2641 0 0 0 6 0 0 0 23 0 0 0 382 0
 0 46 0 0 0 0 0 0 0 0 0 0 607 72 0 177 0 16235 0 0 2065 106 2759 576 946 0 0 161 0 0 460 0 0 82 142 0 0 0 0 0 4275 0 0 0 0 39 0 0 0 45 0 0 0 0 697 23 0 132 0 659 0 2332 708 0 0 0 0 0 157 0 0 0 61 368 0 0 258 0 0 0 0 26 0 83 0 0 0 0 0 170 0 0 0 0 7 0 27206 0 0 1 3 0 1348 0 52 16 0 0 0 447 2722 0 0 0 3223 0 71 18 2 157 0 0 0 97 14 19 0 0 1351 0 0 0 0 0 0 0 0 0 388 178 0 3 0 531 0 0 0 272 0 0
 235 360 0 0 142 0 0 0 0 31 0 0 626 0 0 0 679 0 0 0 1186 96 1 0 4966 0 272 1475 42132 29 1586 0 0 0 174 37 1141 0 254 3 0 0 521 4260 0 86 0 0 0 132 0 0 0 561 0 1795 6 470 0 130 2412 476 0 0 1465 0 146 192 0 64 0 0 0 31 1586 0 0 0 0 460 0 0 1204 0 0 0 0 322 2320 0 170 0 126 0 0 0 0 0 21 4 178 0 61 0 0 0 0 0 0 15 21 163 0 0 0 543 0 0 0 0 82 0 22 189 0 0 2773 20 1487 0 70 0 106 483 0 0 382 85 692 0 38 6342 2287 0 0 0 0 0 0 0
 187 8 126 0 0 0 0 3 4278 490 0 420 0 174 0 0 0 0 7130 0 0 470 66 5 0 1906 0 0 0 51 288 540 0 229 0 0 0 0 0 0 0 1 0 0 600 0 0 0 0 59 0 0 0 0 0 742 3 0 0 1 124 243 79 0 31 0 0 476 82 0 1386 0 0 2011 0 0 1314 0 0 0 0 2848 0 0 689 0 0 70 0 0 0 3 0 3547 0 0 3 4278 0 0 0 0 67 0 0 0 0 0 0 0 111 0 0 689 0 0 0 0 11373 0 0 0 0 0 623 0 0 0 0 0 0 0 1 0 0 631 0 0 0 0 0 0 0 98 0 0 1 0 166 0
 0 0 0 170 0 0 3547 83 596 0 0 0 0 0 0 4775 0 0 337 3 0 0 0 0 0 0 1141 0 0 490 0 0 88 0 51 0 0 0 0 0 74 118 0 11373 0 562 1 0 0 82 0 70 0 0 207 0 957 0 0 7 0 854 0 0 2923 601 0 0 689 0 0 0 15 0 0 10 0 415 0 0 0 0 0 0 0 0 0 0 0 0 0 160 0 5 124 0 0 0 0 447 0 0 0 0 5612 0 58 365 0 0 596 0 2429 0 118 0 0 0 0 302 47 0 0 19 0 2 84 20 0 0 0 470 0 52 0 78 0 0 0 592 0 607 628 75 107 36 1773 15831 63 0
 0 0 0 0 19 0 111 637 0 165 126 0 61 0 0 218 0 0 0 0 531 113 0 0 787 49 0 4054 0 2407 0 0 0 0 0 0 877 175 0 0 0 0 255 0 10 0 136 460 2556 718 0 0 2176 21 0 0 0 58 0 194 0 0 0 1003 0 0 0 0 3 0 651 2145 0 0 0 0 0 4947 2193 85 0 0 0 447 0 678 27533 0 0 0 0 0 96 35 0 0 0 5612 0 0 0 0 113 62 0 0 41 124 0 0 0 0 0 0 2176 3 0 0 0 0 0 0 51 0 2 0 0 0 0 878 0 26 0 0 0 1129 0 177 0 0 19 1455 675 0 0 0 0 0 0 0
 0 1375 0 0 0 0 0 322 73 0 65 0 0 0 0 0 0 4589 958 0 0 0 86 0 8 6984 0 0 1467 924 385 596 0 0 0 145 17 0 0 0 0 0 699 335 0 0 0 0 41 0 0 0 113 0 0 17 38 0 0 0 0 0 0 0 0 6892 0 170 38 0 0 0 655 18 0 0 0 0 0 232 0 0 0 1691 3 845 0 449 0 513 0 0 0 0 8 121 0 15 0 0 32 0 0 0 0 0 0 4 0 751 0 0 596 0 0 0 0 0 0 0 0 0 15 2610 64 15832 0 0 0 0 0 0 0 0 0 0 0 0 0 0 647 670 703 0 0 327 506 0 700 108
 0 199 0 675 0 10 0 0 13 98 0 50 0 335 19 210 2 0 0 0 22 121 4 0 0 0 0 0 133 0 15625 0 2083 0 13624 0 192 0 0 0 0 0 0 0 0 0 1735 0 0 0 0 0 0 0 0 0 0 0 0 0 0 0 0 15832 0 61 0 115 0 8 155 0 0 0 232 0 0 3212 0 16701 4260 447 686 0 0 0 0 0 0 0 0 2 124 0 0 0 362 10 0 0 0 221 0 0 61 0 0 230 644 0 8 0 0 0 4832 0 1 0 0 312 0 127 0 0 0 0 0 0 26 0 0 3070 0 0 1 0 14835 86 0 179 60 0 683 0 0 6849 0 106 1455 7
 0 207 0 0 3 806 0 0 0 173 0 0 1 0 235 0 0 0 31 0 0 45 58 0 20 25 0 150 0 0 598 46 104 0 0 0 0 0 0 0 0 0 6 0 20 0 2 0 0 0 0 0 0 20026 0 187 0 0 0 80 0 33 0 0 661 1236 0 610 0 0 0 0 42 111 1348 0 0 0 0 91 243 0 0 0 0 0 505 0 0 853 214 0 0 4 1469 0 0 0 18 374 26 0 1795 569 35 0 89 0 0 0 0 0 0 17509 0 0 0 0 0 0 31 0 0 0 1425 0 572 10 2167 0 473 0 0 0 0 0 1854 0 21 446 0 0 0 0 0 379 0 0 0 230
 0 0 0 0 0 105 0 8535 5268 510 0 112 13 0 0 0 0 0 0 0 0 0 2190 0 14 0 0 0 0 0 0 0 0 0 0 0 0 4 0 0 0 0 154 0 230 375 0 0 1487 153 232 0 169 0 64 0 0 68 0 0 489 43 0 0 0 317 0 1562 96 0 2898 1671 943 0 0 0 0 0 64 0 2284 0 4589 0 0 4575 1620 0 0 0 0 2 0 0 0 0 10 0 97 2897 3 0 0 14 19 0 0 0 129 0 0 331 0 187 0 0 0 0 0 0 0 0 3381 0 147 0 0 0 5521 0 0 0 72 0 0 2811 0 614 19 700 175 62 0 111 0 116210 0 0 0 0
