150
 0 17 0 0 0 0 5 0 0 0 0 124 0 0 0 0 0 8 0 90 0 0 0 0 0 62 0 0 0 0 0 9 0 0 0 0 0 0 0 0 0 0 0 0 0 0 0 0 124 0 0 0 0 0 0 18 668 0 0 0 0 0 0 0 119 0 16 0 0 0 14 0 0 0 0 0 0 0 0 0 6 6 0 0 0 0 0 0 0 0 0 3 0 0 0 0 0 0 0 0 1 0 0 9 0 0 0 0 60 4 0 0 0 0 0 0 0 0 1 0 0 0 9 0 0 0 0 0 0 0 0 2 5 0 0 4 0 0 0 0 0 0 0 8 0 0 0 19 0 0
 0 0 0 0 0 0 0 0 0 0 0 327 0 10 0 0 0 0 0 2 0 0 22 0 0 2 0 0 0 331 0 0 0 0 0 0 89 0 0 0 0 0 0 0 0 0 0 0 0 0 0 0 0 0 0 0 0 253 0 0 0 0 0 13 0 0 0 0 0 0 0 27 0 0 31 161 0 0 0 0 0 25 0 0 0 0 0 0 5 0 0 0 0 0 0 0 52 11 0 0 0 0 0 132 0 0 0 0 13 0 0 0 55 4 0 0 0 8 0 0 3 0 0 0 2 0 0 0 0 0 0 0 11 0 0 0 0 0 0 1 0 0 0 0 70 0 0 0 0 14
 0 0 810 0 0 2 0 0 0 0 0 0 0 6 0 0 862 17 0 0 0 0 0 0 0 6 0 0 0 0 0 0 21 7 0 0 0 0 0 0 0 7 0 0 0 0 0 0 0 0 0 0 1 0 0 0 2 0 0 0 5 0 0 0 0 0 0 0 4 0 0 0 0 0 31 0 0 0 55 5 0 6 0 0 0 0 0 0 0 0 0 0 0 0 0 101 0 0 0 0 19 0 0 0 13 0 0 0 0 0 0 0 0 0 0 4 0 0 13 0 3 0 1 0 0 0 0 0 0 0 0 0 0 0 0 0 0 0 60 0 0 0 5 0 0 1 0 0 0 488
 0 0 0 18 0 0 0 0 0 0 0 2 0 0 0 0 0 0 0 1 3 0 0 0 0 0 0 1 0 0 0 0 0 0 0 0 0 0 0 0 0 0 0 0 0 0 0 0 0 123 0 12 0 0 6 20 0 0 0 0 0 0 0 4 0 17 0 0 0 1 0 0 14 0 4 18 0 219 0 0 0 0 0 0 0 0 0 0 0 0 0 0 0 0 0 0 0 0 0 0 11 0 0 0 0 0 0 0 0 0 0 0 0 8 0 0 0 4 2 0 0 0 0 0 0 0 0 0 0 0 0 0 0 65 0 0 0 0 0 11 0 0 0 0 0 0 0 0 0 0
 0 23 0 6 0 7 0 0 0 0 0 0 0 0 0 0 0 0 0 0 0 4 0 0 0 0 0 0 2 0 0 3 0 0 0 0 0 0 0 0 0 0 0 0 0 0 0 0 0 0 0 0 0 0 0 0 0 0 0 0 14 0 15 0 14 56 0 0 0 0 0 0 0 0 0 0 0 0 0 0 0 0 0 0 0 0 0 0 0 0 30 0 0 0 0 0 2 0 0 0 3 0 20 4 32 0 0 0 0 0 0 0 0 123 0 0 0 37 0 2 0 0 0 0 0 14 0 0 0 0 0 308 0 0 0 0 0 0 0 75 0 0 0 0 0 0 0 377 0 0
 0 0 0 0 0 0 1 0 0 7 0 0 0 0 0 0 0 0 0 0 0 0 0 0 11 11 0 0 0 80 9 0 0 0 0 0 0 0 99 3 0 0 0 9 0 2 0 0 0 0 0 0 0 0 2 14 0 0 0 4 0 0 0 0 0 0 0 0 0 11 0 0 0 0 422 0 0 0 0 0 0 0 0 0 406 0 0 17 36 0 0 0 0 0 0 406 0 0 0 0 5 0 0 0 0 0 17 0 0 0 0 18 0 0 25 0 0 0 0 0 0 1 5 15 0 2 7 0 14 0 0 0 0 0 11 0 270 0 0 0 0 0 0 0 0 0 0 0 0 0
 0 161 0 0 5 0 0 0 0 0 0 0 0 0 0 28 0 1 0 0 0 0 36 0 0 1 0 0 0 0 0 0 0 0 38 0 0 0 0 0 0 0 0 0 17 0 0 422 0 0 0 0 0 0 0 0 0 0 0 0 0 1 0 0 0 0 0 0 17 0 11 0 0 0 3 0 24 1 5 0 0 0 0 0 0 0 0 0 0 68 0 0 0 0 0 0 14 0 0 8 0 0 0 0 0 0 10 0 0 0 0 0 0 0 0 0 0 416 31 20 1 0 0 0 0 0 11 0 0 6 0 0 0 0 1 0 0 13 0 0 0 0 0 0 0 0 0 0 0 0
 0 268 0 0 0 0 0 0 0 7 0 0 0 0 0 0 5 0 0 0 0 0 300 0 5 0 0 0 0 0 0 3 0 0 22 0 0 0 0 0 0 0 0 0 0 2646 0 0 0 0 0 0 127 0 0 0 0 0 0 0 0 0 0 0 0 0 0 0 3 0 0 38 0 0 0 21 0 0 0 0 0 0 0 0 1149 5 0 0 0 0 0 0 0 0 32 0 0 0 7 6 0 1 0 0 0 0 0 0 13 0 0 0 14 0 0 0 0 0 0 0 0 7 0 0 0 0 132 0 0 0 0 0 0 0 0 0 0 0 0 0 0 0 0 0 0 0 0 20 0 0
 0 0 3 0 0 0 0 2 0 0 0 0 14 0 4 8 0 0 0 16 11 0 0 0 0 0 0 0 7 0 0 123 0 0 0 2 0 23 0 0 14 0 0 0 0 1 0 0 2 0 2 0 0 0 0 0 0 9 0 0 0 0 0 0 627 0 0 0 2 0 0 0 0 0 0 1 0 0 0 0 0 0 0 0 0 0 0 0 0 0 0 0 0 5 0 0 0 3 0 0 5 0 0 0 0 0 0 0 0 0 0 0 0 0 0 0 0 0 0 0 0 0 3 0 13 0 124 0 0 0 0 0 0 56 0 0 0 0 0 0 13 5 0 0 0 0 0 0 0 0
 0 0 0 0 0 0 0 0 0 0 0 1 0 0 0 0 0 0 0 0 0 0 0 0 0 2 0 0 0 0 0 0 0 0 2 0 0 0 0 0 0 0 0 0 0 0 0 0 0 0 0 0 0 0 0 0 0 17 0 0 2 688 8 0 0 0 0 0 0 0 0 0 0 0 0 0 0 15 0 0 0 0 0 0 0 0 2 0 0 0 0 0 0 0 3 99 0 0 124 0 0 101 0 0 0 0 3 0 0 0 0 0 0 0 0 0 0 0 0 0 144 0 0 0 28 0 0 0 0 0 0 0 60 0 0 0 9 29 49 0 0 4622 0 0 66 0 0 0 0 0
 3 0 0 0 0 0 6 0 0 0 36 0 0 0 0 0 0 0 0 0 0 132 0 18 0 0 0 0 0 0 0 0 16 0 0 0 0 0 6 0 253 0 0 0 0 4 0 0 0 5 0 0 0 20 0 0 0 0 0 0 0 0 134 0 0 0 0 0 0 0 0 12 0 0 27 0 0 5 133 0 0 0 0 0 0 0 0 0 0 0 0 0 0 0 0 0 0 0 2 30 0 0 22 0 0 0 0 3 0 0 0 0 0 437 0 0 0 0 0 0 0 0 0 0 0 0 2 0 0 0 18 1 0 0 0 0 0 0 0 0 4200 0 0 0 0 0 0 0 0 0
 0 0 0 0 0 0 2 0 0 0 0 0 0 0 0 5 0 3 0 0 0 0 0 2 7 0 0 0 0 0 0 0 0 0 1 0 0 0 0 0 0 99 0 0 251 0 0 0 0 0 0 0 0 0 0 0 0 134 0 0 0 20 20 0 0 0 0 0 0 0 0 0 0 0 0 0 0 0 0 1 0 0 0 0 4 0 0 2 0 0 0 0 0 0 0 0 0 0 0 0 0 0 0 0 0 0 0 0 0 4 1149 1149 0 0 0 1 0 0 0 345 0 0 0 0 0 0 5 0 0 0 0 0 0 0 0 0 0 0 0 0 0 0 0 0 0 0 0 0 1 0
 0 0 35 0 0 0 0 488 0 4 0 0 0 0 0 0 0 0 1149 0 0 0 0 0 0 15 0 13 0 0 1 0 0 0 5 0 9 0 0 0 0 0 0 0 0 2 0 0 0 0 0 0 0 5 0 2646 3 0 0 0 0 131 0 0 0 0 0 0 0 0 0 0 0 0 0 0 0 8 0 0 0 0 6 0 0 0 0 0 0 0 0 3 0 0 78 0 0 0 0 0 0 0 0 6 0 0 0 0 6 0 22 86 0 0 0 0 0 4 0 0 15 0 0 16 0 0 0 0 0 0 0 0 13 20 0 0 4 0 1 0 0 0 0 0 0 0 0 18 0 99
 0 0 0 0 0 0 0 1 2 0 0 0 0 5 0 0 0 0 0 0 0 0 0 0 0 0 20 98 0 15 0 0 0 0 0 0 0 0 0 0 0 0 0 0 0 141 9 0 0 0 0 0 11 0 0 0 0 0 0 0 100 0 0 0 0 0 0 0 0 0 80 0 0 0 0 0 0 9 0 0 0 0 0 68 9 0 0 1 5 0 31 0 0 10 0 0 0 5 0 5 0 0 0 810 6 0 0 0 199 0 0 0 0 0 0 0 0 0 0 0 25 0 0 1 0 0 0 0 0 3 0 0 0 0 0 12 0 0 0 0 0 0 0 0 0 0 0 0 13 0
 0 10 0 53 0 0 0 25 0 0 0 0 0 0 0 0 0 0 0 0 0 9 18 0 1 0 0 0 0 0 0 0 0 0 0 0 0 0 0 1149 0 0 11 0 0 9 0 14 754 0 0 0 0 0 2 0 0 0 0 0 0 7 0 0 0 0 0 0 0 0 0 0 0 0 0 0 0 0 0 0 0 0 0 0 0 0 0 0 0 0 0 0 0 0 0 0 0 0 5 0 0 0 0 0 0 0 0 0 0 0 0 0 0 0 22 0 0 0 0 24 0 0 0 0 0 0 10 0 0 0 0 0 2 0 0 0 0 0 0 0 0 0 0 0 0 0 0 0 0 0
 0 0 0 0 0 0 0 0 0 0 0 0 0 0 26 0 0 0 0 0 0 0 0 0 0 11 0 0 0 0 0 0 0 0 2 0 0 0 0 0 0 4 0 230 0 0 0 0 0 0 0 0 416 0 0 3 5 0 0 0 0 9 0 0 0 0 0 0 0 3 2 0 0 0 0 0 0 11 0 0 34 4 0 0 0 0 0 0 0 11 0 0 0 0 0 84 0 0 0 0 99 0 0 21 0 0 0 0 0 0 0 22 0 0 17 0 0 2 1 0 0 0 0 0 0 0 0 0 0 0 3 0 0 0 0 0 0 0 0 0 0 3 0 0 0 0 437 0 47 0
 0 0 0 15 9 0 75 0 13 13 3 0 0 0 0 0 0 0 0 132 0 0 0 0 0 1 0 0 0 0 0 0 0 31 16 0 0 0 0 0 0 0 20 0 0 0 0 0 0 0 0 0 0 0 15 0 0 0 0 0 0 1 0 0 0 8 0 0 0 0 0 0 0 0 0 89 2 54 20 0 0 0 0 0 0 0 0 9 1 0 75 0 10 0 0 0 0 0 6 0 14 0 0 0 0 14 0 0 2 93 0 2 0 0 0 4 0 0 0 0 1 0 0 0 47 0 0 0 0 0 11 0 20 0 0 0 0 0 0 0 0 0 0 16 0 0 0 0 0 16
 0 0 0 0 0 0 0 0 3 0 80 0 0 99 0 0 0 0 37 14 0 0 99 0 0 14 0 18 12 0 0 0 0 0 0 1 0 0 0 0 0 0 0 0 0 123 0 0 0 0 0 0 0 0 0 0 0 11 2 0 0 0 0 1 0 42 0 0 0 0 0 6 0 0 1 0 0 331 0 0 0 0 0 0 40 0 134 0 0 0 0 0 5 0 0 0 1 0 0 0 0 0 0 0 0 0 0 1 0 0 0 0 0 0 0 0 0 0 0 0 0 0 34 0 0 0 0 0 0 0 4 0 0 0 0 0 0 0 0 0 5 0 0 0 0 0 0 18 0 0
 0 0 0 0 2 0 0 0 1 0 0 0 0 3 0 0 0 0 15 0 0 14 0 0 0 56 0 0 2 2 0 0 0 0 0 0 0 0 0 0 0 0 0 0 0 0 0 0 2 0 0 0 0 0 0 0 0 0 0 11 0 0 0 0 0 0 11 0 0 0 1 0 0 0 0 0 0 0 0 0 0 0 1 0 8 0 1 0 0 0 27 0 84 5 0 0 0 0 0 0 0 0 13 0 0 0 0 0 0 0 0 2 0 0 0 0 0 0 56 0 0 0 0 5 2 0 0 0 0 0 0 0 28 0 0 0 0 0 0 0 0 0 0 0 0 219 0 5 0 20
 0 0 0 0 0 0 0 0 0 0 0 0 0 20 0 0 0 0 0 0 0 0 0 0 0 0 0 0 7 0 0 754 14 0 0 0 0 0 0 0 0 0 5 0 0 0 0 0 0 0 0 0 0 804 0 0 0 0 0 0 0 0 44 0 0 0 0 0 0 0 0 0 0 20 0 6 0 1 0 0 0 0 0 0 0 127 0 4 0 0 0 0 0 0 0 0 20 0 0 0 0 9 0 0 0 1 0 2 0 0 62 2 0 0 0 1 0 0 0 12 0 0 0 0 0 0 0 5 18 0 0 0 0 0 0 0 0 0 0 0 0 0 50 0 0 0 0 0 0 0
 0 0 0 0 0 0 0 0 0 0 0 0 18 0 0 0 0 0 0 0 0 0 0 0 0 1 0 0 60 0 0 0 0 0 676 0 0 0 23 0 0 0 112 0 0 0 0 0 0 133 0 0 0 11 1 0 0 0 0 0 0 0 0 0 0 0 0 3 0 0 0 2646 0 0 0 0 0 0 0 0 0 0 0 0 0 0 5 9 0 0 0 0 0 0 0 11 0 0 0 0 0 0 0 0 0 0 0 0 0 0 0 0 0 0 0 0 0 0 0 0 270 0 0 0 0 0 0 1 0 0 0 8 0 0 0 0 0 0 0 0 11 0 0 0 0 0 0 0 0 0
 10 0 6 0 0 0 0 2 0 2 0 0 0 0 0 0 0 0 0 15 0 0 0 0 0 0 6 0 0 2 12 0 1 0 0 0 5 4622 0 0 5 3 0 0 0 0 0 0 0 0 22 0 0 0 0 1 32 23 23 0 7 0 0 0 0 0 0 0 0 0 0 0 0 0 0 0 0 0 0 0 0 0 0 0 3 0 0 0 0 0 0 0 0 0 11 0 0 0 0 0 0 0 0 0 33 0 0 0 0 0 0 0 0 0 0 0 0 0 0 0 0 0 0 0 0 0 0 0 0 0 0 2 0 0 0 0 15 58 127 9 0 0 11 0 0 0 0 0 0 28
 0 0 0 0 0 0 0 0 0 0 0 0 0 0 0 0 0 0 0 0 0 0 0 0 0 0 0 0 0 9 0 0 37 0 0 0 0 0 0 0 0 0 0 0 0 12 18 7 0 0 0 0 0 204 0 0 0 0 0 0 0 23 0 0 0 0 10 3 31 0 6 0 0 0 1 6 0 36 0 0 0 0 0 0 0 0 0 0 0 0 0 0 0 0 75 0 68 0 9 0 0 0 2 0 0 0 0 0 0 26 0 0 0 0 0 0 0 0 0 0 18 0 0 0 0 0 68 11 627 0 1 0 0 99 0 0 0 0 0 0 0 0 0 0 0 0 0 0 0 0
 0 0 0 0 0 0 0 0 0 0 0 0 0 0 0 0 0 0 0 0 5 0 0 0 0 0 25 0 0 0 0 0 0 0 0 0 0 0 0 0 0 0 0 54 0 0 0 0 0 20 0 0 0 0 0 0 0 79 0 0 0 0 0 0 0 0 0 0 17 0 0 0 0 0 0 0 5 14 0 0 5 6 1 0 0 0 0 0 0 0 0 0 0 0 0 20 52 0 0 0 0 0 9 0 66 0 0 0 0 0 0 9 0 0 60 0 0 0 0 0 0 2 0 0 0 0 0 0 0 0 0 0 33 3 0 0 676 0 0 0 0 61 5 0 0 0 0 0 0 4
 0 0 1 0 0 0 0 0 0 0 0 0 0 0 0 0 0 0 0 0 0 1 10 84 8 0 15 153 0 0 6 0 0 0 0 0 28 0 17 0 0 0 0 31 123 14 0 0 204 0 0 0 0 0 0 0 0 0 4 0 0 0 0 0 0 0 4 133 0 0 0 0 0 0 0 0 99 219 5 2 28 0 0 0 0 0 0 0 0 0 0 0 0 22 0 0 0 0 0 4 0 0 0 0 0 0 6 0 0 10 0 0 0 0 0 0 0 124 0 0 11 0 0 32 0 0 0 0 0 0 0 0 0 0 0 0 0 0 0 13 0 0 0 0 270 0 25 0 0 0
 0 0 0 3 0 0 0 0 9 0 0 0 0 0 0 0 0 0 0 0 0 0 0 0 0 0 6 0 3 12 0 0 0 0 0 0 0 0 0 0 0 0 0 0 2 0 0 7 51 5 0 0 0 0 0 0 0 23 0 0 0 0 0 0 0 0 0 0 0 0 0 0 0 0 0 0 0 0 0 0 6 4 0 0 0 0 0 0 0 0 0 0 0 0 0 0 0 0 0 47 0 0 0 0 0 0 0 0 0 0 0 0 0 3 0 0 0 0 0 0 0 0 0 0 0 0 0 0 0 0 0 0 0 0 0 0 20 0 0 0 0 5 0 0 5 0 0 0 0 5
 0 0 0 2 8 0 0 0 0 0 0 22 0 0 0 0 0 11 0 0 0 0 0 0 0 0 0 0 0 0 0 0 0 5 0 0 0 0 0 2 36 0 0 0 0 0 0 0 31 0 1 0 0 0 0 0 0 0 13 0 0 0 0 0 0 0 0 0 0 0 0 0 0 0 0 0 0 0 0 0 0 0 21 4 0 0 0 79 0 0 8 0 0 0 0 0 0 0 0 0 0 0 0 0 0 0 0 0 0 0 0 0 0 0 0 0 27 0 3 1 10 0 0 30 0 0 0 0 0 5 0 0 0 0 0 0 0 12 0 0 0 0 0 0 0 0 0 9 0 7
 0 0 0 0 0 0 0 0 0 3 0 0 0 0 0 0 0 0 0 0 0 4 0 0 0 0 0 0 15 0 0 0 0 0 0 0 1 0 0 0 0 0 0 0 0 0 0 0 0 0 9 0 0 0 0 0 0 0 0 0 1 0 0 0 0 0 0 219 10 14 5 0 0 0 0 0 9 0 0 0 9 0 0 1 0 3 0 0 0 0 0 9 0 0 0 0 0 0 0 0 124 0 0 4 0 0 0 0 0 0 0 0 70 0 0 0 97 0 0 0 0 0 0 9 0 0 0 1 4 0 0 0 0 0 0 68 0 0 0 0 16 0 0 0 50 0 0 0 0 0
 0 9 0 22 0 0 2 0 0 4 4 0 2 0 62 17 0 0 0 0 0 0 0 70 0 0 13 0 0 0 0 0 53 0 29 0 0 11 0 0 6 0 0 0 270 0 0 0 0 0 0 0 0 25 4 0 0 0 20 862 0 0 11 0 0 0 0 0 0 0 0 0 0 14 8 0 0 0 7 0 0 0 0 6 0 0 0 28 0 0 0 0 0 0 0 0 0 0 9 0 62 0 0 0 0 0 0 3 0 0 0 2 0 0 0 0 4 0 0 0 0 92 0 0 0 0 0 18 0 0 0 0 1 0 12 0 0 23 0 1 0 0 0 0 0 0 0 0 0 0
 0 0 1 0 0 0 219 0 22 2 0 0 9 0 0 9 2 0 0 0 0 0 0 0 0 0 30 0 11 0 0 7 14 0 0 84 0 219 0 0 0 0 58 0 0 5 1 101 0 0 0 0 0 11 303 0 0 0 0 0 0 0 0 0 0 0 0 0 4 0 1 0 0 0 0 4 6 5 74 2 0 21 0 0 0 0 0 4 54 0 0 0 1 16 0 17 0 0 0 5 0 0 0 0 0 0 0 0 0 3 0 0 0 0 0 0 0 0 17 0 0 0 0 0 0 0 7 0 0 0 0 0 18 0 0 0 0 0 0 0 0 0 0 0 9 0 0 0 90 0
 0 0 0 0 31 0 0 0 4 0 0 0 0 0 0 1 0 0 0 0 0 0 73 0 0 0 0 0 0 0 0 1 0 204 11 0 0 0 0 0 0 0 0 51 331 0 0 0 0 0 0 0 0 28 0 0 0 12 4 0 0 0 124 0 13 0 0 0 0 0 11 0 0 0 0 2 1 10 4 0 0 0 0 0 99 0 0 31 0 0 0 0 0 0 0 0 0 0 0 0 0 0 0 5 0 0 0 0 10 0 0 0 0 0 0 0 0 0 0 9 0 0 0 14 0 3 0 2 0 0 0 0 0 0 2 0 0 0 0 0 0 0 0 0 0 0 0 0 369 0
 0 0 0 0 0 0 0 0 0 0 0 0 0 0 0 0 0 0 4 0 0 0 0 0 0 0 51 0 0 0 0 0 1 0 7 0 0 0 0 0 0 0 3 0 12 0 99 0 0 0 0 6 16 0 0 0 0 0 0 0 0 0 0 0 6 0 0 0 0 0 0 0 2 0 0 1 0 99 0 0 0 0 1 132 0 0 0 0 0 0 0 0 0 0 66 0 0 0 1 627 0 0 0 0 1 0 0 0 0 0 0 0 0 0 4622 0 0 0 0 0 0 0 2 0 15 0 0 5 0 0 0 0 0 0 0 61 210 0 0 0 0 0 0 2 1 0 0 1 0 0
 8 0 0 0 0 0 0 0 0 0 0 0 2 0 79 0 0 0 0 0 0 0 0 0 0 0 0 22 0 0 16 0 53 315 0 0 7 16 0 0 0 0 0 0 0 0 0 33 5 0 0 0 0 0 0 0 0 0 0 0 53 0 0 0 0 66 0 0 0 4 0 0 754 0 0 0 0 0 0 62 0 0 0 2 8 0 17 0 0 0 0 74 0 0 52 0 0 0 0 27 0 126 0 0 0 9 0 0 9 0 0 0 0 0 0 0 0 0 0 4 0 0 0 16 0 0 20 0 0 0 0 0 0 0 0 0 0 0 0 0 0 26 0 51 0 0 70 0 0 0
 0 0 0 0 0 0 0 8 0 1 47 51 0 0 132 0 0 0 0 11 0 0 0 0 0 0 0 0 0 133 0 127 0 0 0 0 0 0 10 0 5 0 0 52 0 0 1 0 0 0 0 0 0 0 0 0 12 0 0 0 0 7 0 2 0 0 0 0 0 14 0 1 0 0 2 241 0 0 0 0 7 0 0 0 0 3 0 0 0 0 101 0 0 0 123 0 11 0 0 0 0 0 0 0 0 0 22 0 0 0 0 0 0 0 18 0 0 0 0 0 0 6 0 15 0 0 23 0 0 0 0 0 0 0 0 0 0 0 0 0 0 0 2 0 0 0 0 99 0 0
 0 0 0 34 0 0 0 0 4 0 0 0 0 0 0 0 0 0 5 2 0 0 0 97 14 0 0 0 0 0 0 0 0 0 23 0 0 0 5 0 0 0 0 0 0 0 0 0 0 0 18 0 0 0 0 0 0 0 2 0 0 0 0 0 0 0 66 0 0 0 331 0 0 0 17 0 0 0 0 0 0 0 0 0 0 0 0 0 1 0 0 0 0 0 0 0 22 0 0 0 0 0 0 0 1 14 0 30 2 0 0 12 0 0 0 0 0 0 0 0 0 0 18 0 0 0 5 0 0 0 0 0 0 0 0 5 0 0 6 0 0 95 0 0 0 0 0 0 0 8
 0 0 0 0 0 0 0 0 0 0 0 14 0 0 0 0 0 0 20 0 0 0 0 2 0 0 0 0 31 0 5 66 2 28 0 0 0 0 0 0 0 0 24 0 0 0 7 0 0 0 0 0 0 19 0 13 0 0 0 0 0 0 10 0 0 0 6 0 0 0 13 0 31 0 0 0 0 0 0 29 2 253 0 0 0 0 331 0 0 0 0 0 3 0 0 0 0 0 3 13 0 0 0 0 0 0 0 14 0 4 0 60 0 0 0 0 0 0 0 0 4 0 270 0 0 6 0 0 0 0 0 0 2646 6 0 86 0 0 0 6 0 0 0 0 0 14 0 0 0 2
 0 0 0 0 0 18 0 6 0 0 0 0 0 0 0 5 0 0 0 56 0 0 0 0 0 1 0 0 0 141 0 0 0 0 0 15 0 0 0 0 0 0 0 0 5 0 0 2 0 0 0 0 1 0 0 0 0 0 0 0 0 0 0 0 0 0 0 0 0 0 0 4 0 0 0 0 0 21 0 0 0 0 0 0 0 0 0 2 0 0 0 0 0 0 7 0 0 0 0 0 0 0 0 0 1 0 0 0 0 8 0 5 0 0 0 0 0 0 0 0 0 0 0 0 0 0 100 754 0 0 21 0 1 0 0 0 11 0 0 0 0 0 0 0 5 0 0 2 0 0
 0 26 4 0 2 0 0 0 0 9 8 0 0 0 2 0 0 0 39 0 0 0 0 0 19 0 28 0 0 0 0 0 0 0 7 0 0 26 0 0 0 14 0 0 20 0 0 0 2 0 0 0 0 0 15 7 0 0 0 0 0 0 0 0 0 0 0 0 0 0 0 0 0 2 0 0 0 0 14 1 0 0 1 0 2 0 0 0 0 0 0 0 0 0 0 10 0 0 0 6 0 0 0 0 0 0 0 0 0 0 0 0 9 2 0 0 7 0 0 0 0 0 0 0 0 0 0 0 0 0 0 0 0 0 0 0 0 0 47 0 2 30 15 0 0 0 0 0 0 0
 0 32 0 0 0 0 0 1 0 0 0 0 0 0 0 0 2 1 0 0 0 0 0 0 0 0 0 0 0 219 0 0 0 0 0 0 0 0 0 5 0 0 0 0 0 0 43 4 21 0 0 2 0 0 0 0 0 4 0 0 0 0 0 0 0 0 0 0 0 0 241 8 0 32 0 0 10 0 13 0 0 0 0 0 0 0 0 0 0 0 0 0 0 0 0 0 0 0 0 0 0 3 0 0 0 31 0 0 0 0 0 0 0 0 0 0 0 0 0 0 0 3 0 0 0 5 0 0 0 0 0 0 60 22 3 0 58 0 5 0 0 11 0 0 0 0 5 0 0 0
 0 0 0 0 0 0 0 0 0 0 0 0 39 0 0 0 0 0 50 0 0 0 0 9 0 0 0 0 0 0 33 0 0 21 0 0 0 0 0 0 0 0 0 0 0 0 99 1 0 0 0 0 0 0 0 86 0 0 0 0 0 0 0 0 0 0 112 33 1 0 0 0 0 0 0 0 0 0 0 6 0 0 0 0 0 5 0 0 17 0 0 0 0 0 0 0 0 0 0 0 5 16 0 2 0 0 0 0 0 0 0 0 0 0 0 0 0 0 0 0 0 0 0 0 132 101 0 0 68 416 0 0 0 32 0 0 0 0 0 0 0 0 0 0 0 6 0 0 0 134
 0 0 124 0 0 0 0 0 0 0 0 0 6 0 0 3 0 0 53 0 0 0 1 0 0 0 0 0 0 0 0 0 0 0 0 0 0 0 0 86 0 0 0 0 0 0 0 0 56 0 0 0 0 0 0 0 5 0 0 0 0 1 0 0 0 0 0 0 0 0 2 0 0 0 9 0 0 0 0 0 0 0 0 0 0 0 0 7 0 0 0 0 0 55 0 0 0 0 0 0 0 0 0 0 0 161 422 0 0 0 4 6 0 0 0 0 0 0 1 0 0 9 0 0 0 0 0 0 0 0 0 0 0 0 1 70 16 0 0 37 5 0 0 2 0 0 0 0 0 0
 0 0 0 4 0 0 7 0 0 0 0 0 0 78 0 0 0 0 0 0 0 0 0 0 8 5 11 0 0 14 0 0 0 0 7 0 0 0 8 0 0 0 0 34 108 9 0 0 0 0 0 0 0 0 0 0 34 0 0 0 0 2 0 8 0 0 0 0 0 0 0 0 0 0 0 0 0 0 0 0 0 0 0 0 0 0 385 0 0 0 0 0 0 0 0 0 13 0 0 0 79 0 0 0 0 3 0 0 0 0 9 0 0 0 0 0 27 0 0 0 0 0 0 0 0 0 0 0 0 0 0 2 0 0 13 0 0 0 0 1 0 0 0 0 0 16 0 0 0 0
 0 5 0 0 0 0 0 0 0 0 0 0 0 0 0 0 0 0 0 0 0 0 0 0 2 5 0 6 0 0 0 0 20 0 0 0 24 0 0 0 0 0 0 0 0 1 0 0 0 37 0 0 9 0 0 0 0 0 0 0 15 0 60 3 0 0 12 0 0 0 0 0 14 86 5 0 0 0 0 4 0 0 0 0 0 0 3 0 0 0 0 0 0 0 0 0 0 0 2 0 0 0 0 0 0 3 0 16 0 0 0 0 0 0 0 0 0 0 0 9 0 0 2 0 13 0 0 2 0 0 2 0 0 0 0 0 52 0 0 0 0 0 4 0 11 0 0 0 14 0
 0 0 0 0 0 0 0 0 0 0 2 0 0 0 0 0 0 0 0 0 8 0 0 0 0 37 0 0 513 0 0 0 0 0 0 0 0 0 0 11 0 0 0 0 0 241 0 0 0 0 0 0 0 0 0 0 12 0 0 0 0 0 0 0 0 1 0 1 0 0 0 0 0 0 0 0 25 0 0 0 0 0 0 0 0 4 0 6 0 0 0 0 13 0 10 0 0 0 68 0 0 0 0 0 0 14 0 0 0 0 0 4 1 0 0 0 0 0 0 0 0 0 4 0 0 0 0 0 0 0 0 0 0 0 0 0 0 0 0 0 0 12 0 0 0 0 0 0 0 0
 0 12 0 10 0 0 0 0 0 0 1 0 0 0 0 0 0 0 0 0 0 0 0 2 0 0 0 0 0 12 0 0 0 0 0 0 0 0 0 0 0 0 0 0 0 0 0 0 0 0 0 0 0 22 0 0 0 0 0 6 0 0 0 0 0 0 0 0 0 0 0 3 8 0 0 28 0 0 0 0 0 0 0 5 0 0 0 0 10 0 0 0 2 0 0 0 0 0 1 0 0 0 0 0 0 0 0 20 0 0 0 0 0 0 0 0 0 437 0 0 0 3 0 0 0 4622 0 0 0 0 0 0 0 0 0 0 0 0 89 0 0 0 0 9 4622 0 2 0 0 0
 0 0 9 1 0 0 0 0 0 55 0 14 0 0 0 0 2 0 0 13 0 8 0 0 0 0 0 20 0 0 0 0 0 0 0 7 0 0 0 0 0 0 0 0 0 0 0 1 0 0 0 0 0 0 0 0 0 0 230 0 1 1 0 1 0 0 0 0 18 0 0 0 0 0 676 0 0 0 0 21 0 0 0 9 9 0 0 0 0 15 0 0 0 0 0 0 0 0 0 0 0 0 0 0 0 2 0 0 0 0 0 0 0 0 0 0 7 1 0 0 0 0 2 0 11 0 0 73 18 0 0 0 0 0 0 2 28 15 0 0 0 0 0 0 0 0 0 0 0 0
 0 11 0 0 0 0 0 0 0 12 0 0 13 0 243 1 0 0 0 0 0 0 0 0 0 0 0 0 0 0 22 0 0 0 0 0 0 6 0 0 0 18 9 30 1 0 0 0 0 0 0 0 0 0 0 0 0 0 0 0 0 0 0 0 0 0 0 0 0 1 0 0 0 5 0 0 0 0 862 0 0 0 50 0 488 0 0 0 0 0 0 0 0 0 0 0 0 270 0 0 0 0 0 0 0 0 0 0 0 0 0 9 0 0 0 0 0 0 22 0 0 20 3 0 0 0 0 0 0 0 0 0 0 31 0 5 0 0 0 0 14 0 20 5 0 0 0 8 0 0
 0 0 0 0 0 0 0 5 0 0 0 0 0 0 0 0 0 0 0 0 0 0 0 0 0 0 0 119 0 0 0 0 0 0 0 0 0 0 0 0 0 0 0 0 0 0 0 0 0 0 0 23 16 0 0 0 0 0 0 0 4 0 0 0 1 0 0 0 16 0 0 1 0 0 0 0 0 20 0 0 0 0 0 0 810 3 0 0 0 0 0 0 0 0 0 0 0 0 0 0 0 10 0 0 0 66 0 0 0 0 2 13 0 4 4 0 0 0 0 14 75 0 0 4 0 0 0 0 0 0 0 0 0 0 5 0 0 0 0 0 0 0 0 0 0 0 0 0 0 0
 0 0 0 0 0 0 0 0 0 0 0 0 0 0 0 6 0 0 0 0 0 0 0 0 0 0 0 0 0 0 0 0 0 0 0 0 17 0 0 0 0 0 0 0 0 0 0 0 0 15 0 0 7 0 0 22 0 7 3 0 0 0 0 0 0 1 0 0 9 0 0 2 9 0 0 0 37 7 0 0 0 0 0 0 0 0 0 0 0 0 0 0 0 0 0 0 0 0 0 0 0 0 0 0 0 0 0 5 0 0 0 0 0 0 1 18 7 9 627 5 0 0 0 2 0 0 0 0 0 0 0 0 0 0 0 0 0 0 0 0 0 9 0 0 0 0 0 0 9 0
 0 0 0 0 0 0 0 0 0 0 0 0 0 0 0 0 17 0 0 0 0 47 0 0 0 0 0 11 0 0 17 0 0 0 385 0 0 0 0 0 0 0 0 0 0 0 132 0 0 0 0 0 0 0 0 0 0 0 0 88 7 0 0 0 1 0 2 0 86 3 5 0 0 1 0 0 0 0 0 0 70 0 0 0 0 6 28 0 0 7 207 0 0 0 0 29 0 308 0 0 5 0 0 0 4 0 0 0 0 0 0 0 0 5 7 0 0 0 0 0 13 0 20 0 0 0 0 0 0 0 0 0 0 0 0 0 0 141 9 0 0 0 0 0 0 0 0 0 0 0
 38 0 0 0 0 0 0 0 0 0 0 0 0 0 0 0 0 0 0 0 0 0 0 0 0 0 0 0 0 0 0 0 0 52 0 0 0 0 0 0 0 12 0 0 0 0 0 0 60 0 0 0 0 0 0 0 56 0 0 0 0 0 0 0 0 0 0 0 0 0 0 0 0 0 0 0 0 18 0 0 0 0 0 0 0 0 0 0 0 0 0 0 0 0 0 0 0 0 0 0 0 2 9 345 0 1 20 16 0 0 0 0 25 0 58 0 0 0 0 44 0 0 0 0 0 0 0 0 0 0 0 0 0 0 0 0 0 34 0 16 0 21 0 0 0 3 0 0 0 0
 0 0 5 0 0 0 0 8 0 124 0 1 0 2 0 1149 2 0 0 0 0 0 0 0 0 0 0 0 0 0 0 0 0 45 127 0 0 0 0 58 0 4 123 1 0 0 0 0 0 34 0 0 0 0 0 1 2 0 0 9 0 0 0 0 70 0 0 13 0 0 0 0 0 0 0 0 0 0 13 0 0 1 0 0 0 0 14 0 0 14 0 0 0 0 0 0 0 0 0 0 4 0 0 0 0 0 0 0 0 0 13 0 4613 0 0 0 0 0 0 0 0 0 0 0 2 0 0 0 0 0 0 15 0 8 0 0 0 0 0 0 0 0 27 11 0 9 0 0 0 0
 0 0 0 0 0 2 0 0 0 0 4 0 6 0 0 0 0 0 0 0 0 0 0 0 0 0 0 11 0 0 0 0 0 0 18 270 0 0 0 0 31 0 0 0 0 0 10 0 0 0 0 0 0 0 0 0 0 0 0 2 6 0 0 49 8 17 0 0 1 0 0 0 0 0 11 0 4 0 0 0 0 0 0 0 0 0 0 0 0 0 0 305 0 54 0 0 0 513 0 0 0 0 0 0 0 0 0 0 0 0 0 0 0 0 0 86 0 0 0 0 11 0 0 0 0 0 0 0 0 0 0 0 0 0 0 0 133 674 0 0 0 0 0 0 0 0 0 0 20 0
 0 0 5 0 0 31 0 86 0 0 0 0 0 8 0 0 5 0 0 0 0 58 0 0 0 51 0 0 0 0 0 0 0 0 11 0 0 30 0 0 0 0 0 5 0 0 4 0 4 0 30 0 0 24 0 230 0 0 0 0 0 0 0 75 0 7 0 6 0 0 0 0 11 0 0 0 86 0 0 0 0 0 0 12 0 0 0 0 0 0 0 0 0 0 0 0 0 0 0 0 0 0 0 0 0 0 0 0 60 0 18 0 0 0 2 0 0 0 0 0 0 12 0 0 0 0 0 0 0 5 0 3 0 0 0 0 0 0 0 0 0 0 0 308 1 0 21 0 0 9
 0 3 0 0 20 0 0 0 0 0 0 0 3 0 0 66 0 0 0 0 0 0 0 0 0 0 0 0 0 0 0 0 0 0 0 0 0 0 0 15 21 0 0 0 0 0 0 0 15 0 0 0 0 0 0 0 0 5 0 0 51 0 0 0 0 0 0 0 0 0 0 0 0 345 0 0 1 0 0 0 0 7 0 0 0 0 0 0 0 0 0 1 0 0 0 3 0 0 97 0 0 0 18 0 0 0 0 1 0 0 0 0 5 0 0 0 10 0 0 0 0 0 0 0 0 0 0 0 0 0 0 3 0 0 0 0 0 0 0 0 0 0 6 0 0 0 1 0 0 0
 0 0 0 0 0 0 2 6 36 0 2 0 0 0 0 0 0 0 0 32 0 0 0 18 0 9 0 0 0 0 0 0 0 0 0 0 0 0 0 0 0 0 0 0 0 15 0 5 0 2 7 0 99 0 0 17 0 0 7 0 0 0 3 0 0 0 0 0 0 0 0 0 0 0 0 0 0 2 0 0 29 0 15 0 0 0 0 0 0 0 0 0 0 0 0 0 0 0 0 5 0 0 0 3 0 0 0 0 0 0 0 0 0 3 37 11 0 0 0 25 0 0 0 0 0 0 0 0 0 0 0 0 0 28 0 0 0 0 0 33 0 0 1 0 0 2646 0 0 0 0
 0 0 0 4 0 1 97 0 0 0 0 0 0 219 2 0 0 1 0 0 0 0 0 0 0 0 0 0 0 1 0 0 5 0 0 10 11 0 0 10 0 0 0 0 7 2 0 0 0 0 0 0 422 0 90 0 0 0 0 0 0 0 2 0 0 0 0 0 0 0 0 0 0 0 0 0 0 0 0 0 0 0 0 0 0 0 0 0 0 0 0 0 0 0 0 0 0 0 0 0 0 9 0 0 0 0 0 0 0 0 0 17 0 0 0 0 0 1 92 0 1 0 0 0 0 0 0 0 5 0 0 0 0 0 3 0 3 0 0 0 0 0 0 0 0 0 0 488 0 0
 3 0 1 0 0 0 0 0 0 0 0 0 0 0 0 0 0 0 0 0 0 0 0 0 0 0 0 0 0 0 0 0 0 17 9 0 0 0 0 0 0 0 0 0 0 27 0 0 0 0 0 0 0 0 0 6 0 6 2 0 0 0 0 0 68 0 0 4 0 4 0 26 0 0 0 0 0 0 0 0 0 0 0 0 0 0 0 0 0 0 0 13 0 0 0 51 0 0 0 0 0 0 0 0 0 0 0 0 0 0 0 36 0 0 0 0 0 0 0 0 6 2 0 0 0 0 0 0 0 7 0 0 0 0 0 0 0 0 0 29 1 0 93 0 0 4 0 10 0 7
 6 0 8 86 84 0 0 0 0 0 0 0 68 0 0 0 0 0 0 0 0 0 0 0 0 0 0 0 0 0 0 0 0 0 0 0 2 10 0 0 0 0 0 9 0 0 0 253 0 0 0 0 0 0 0 0 38 0 0 0 0 4 0 270 0 0 0 0 0 0 0 0 0 0 0 0 0 0 0 0 0 0 0 0 0 0 0 0 0 0 0 0 0 0 0 3 0 0 0 9 16 2 0 0 0 0 0 0 0 0 0 0 2 0 0 0 0 127 0 1 0 0 0 437 0 0 0 0 0 32 0 0 0 0 0 0 0 0 0 0 0 0 0 0 0 0 0 0 16 0
 43 0 253 0 62 0 0 0 0 0 0 0 0 0 0 0 12 0 0 7 9 56 1 0 84 0 0 0 0 0 0 0 0 0 4 0 0 0 0 5 7 0 0 0 0 0 15 0 0 0 0 0 0 9 0 1 5 6 0 0 0 8 0 0 21 0 0 0 0 0 0 2 0 0 0 0 0 0 0 0 26 0 0 99 0 0 0 0 15 2 0 0 0 0 0 0 0 0 0 0 0 17 0 0 0 0 0 0 0 0 0 0 0 4 0 0 0 0 6 0 0 131 0 0 52 0 0 0 0 0 0 0 9 0 0 0 0 0 0 0 0 0 0 0 0 0 0 0 0 0
 0 0 0 0 0 0 0 0 0 0 0 2 0 0 0 0 0 0 15 0 0 0 0 3 0 3 2 0 86 3 0 0 0 0 78 0 13 0 0 0 0 0 0 0 0 0 0 0 0 0 0 0 0 0 0 0 11 0 0 0 0 9 0 0 0 0 0 0 0 0 0 0 8 0 6 0 12 1 14 5 0 10 0 0 0 0 0 0 0 0 0 0 0 11 0 6 0 0 4 0 0 0 0 0 7 0 0 0 12 0 1 1 0 0 0 0 0 0 0 0 0 0 0 0 0 79 0 0 0 8 0 513 0 0 0 1 0 0 0 56 0 0 0 0 0 0 0 20 1 79
 0 0 0 0 0 0 0 0 12 0 0 0 0 0 0 0 0 0 0 0 1 0 0 0 0 0 0 0 0 0 0 3 9 0 0 0 0 307 0 2 0 0 0 0 0 0 0 0 0 0 0 0 0 0 513 0 5 0 0 0 0 0 39 0 0 9 0 0 1 0 0 0 0 0 0 0 0 0 0 0 0 0 0 0 0 2 0 0 0 0 0 0 0 0 0 0 0 0 0 0 754 0 0 0 0 0 0 123 0 0 0 0 0 0 0 0 0 0 0 4 0 0 0 0 0 0 0 711 0 0 0 0 0 0 0 0 0 754 0 0 0 0 0 0 0 0 0 52 0 0
 0 0 2 0 0 0 0 0 0 0 0 0 0 0 0 0 1 0 0 0 0 1149 0 8 20 0 0 18 0 0 0 7 0 0 20 0 0 55 0 0 0 0 0 112 0 0 0 0 86 0 0 42 38 0 0 0 0 0 0 15 0 0 0 0 4 2646 0 0 0 0 3 0 0 0 21 12 0 0 0 0 0 9 0 15 0 0 253 37 0 0 0 0 5 0 0 0 0 0 0 0 0 0 1 0 0 0 0 0 0 53 0 0 0 0 0 0 0 2 0 105 0 0 0 0 0 0 8 0 0 4 71 0 0 0 0 0 0 0 0 0 0 0 0 66 0 161 0 308 9 12
 9 0 0 0 0 0 0 0 0 9 0 0 0 0 0 0 47 0 0 0 0 0 49 0 0 0 0 0 0 5 0 0 10 0 0 0 0 0 0 0 0 0 0 0 0 0 5 0 31 0 0 0 0 0 51 0 1 0 0 5 0 0 0 0 0 0 3 0 0 0 0 161 0 0 0 0 0 0 14 0 0 0 0 0 0 0 0 20 0 0 0 0 0 0 0 0 0 9 0 3 331 0 0 0 0 0 0 2 0 0 10 0 0 0 0 0 0 0 0 0 0 0 0 0 0 0 0 33 17 0 4 0 10 0 0 0 0 14 0 0 0 0 0 0 0 0 0 0 0 0
 0 15 0 0 0 0 0 9 0 2 0 28 0 0 0 0 0 229 0 218 0 0 1 0 0 10 0 0 0 0 0 0 0 89 3 0 0 5 0 1 0 0 0 8 0 0 0 0 0 0 0 0 0 0 0 3 0 0 0 0 5 0 0 0 0 0 5 0 0 0 0 0 134 0 0 0 0 0 0 0 0 0 0 0 0 0 0 0 0 11 0 0 0 0 9 0 0 0 51 1 0 0 0 0 20 0 0 0 0 0 0 34 0 0 0 0 0 0 12 0 25 0 12 0 0 0 0 0 0 0 0 0 0 0 0 0 0 0 0 0 0 0 0 0 66 0 0 0 14 0
 2 0 0 0 0 6 0 0 0 0 3 0 0 0 0 0 0 0 0 28 0 5 0 0 0 1 0 0 2 0 7 0 0 0 0 0 0 0 0 8 0 0 0 0 0 0 7 0 0 0 0 80 0 0 0 0 0 0 0 0 9 0 0 0 0 0 754 0 0 0 0 5 0 0 0 7 0 0 0 5 0 0 0 0 0 84 0 385 4 0 0 0 0 0 84 0 0 0 0 0 0 0 2 0 0 0 1 0 0 9 0 55 25 4 0 0 5 0 0 0 0 0 0 0 37 0 0 668 0 0 0 0 0 0 0 0 0 0 31 0 0 0 0 0 0 0 0 0 2 0
 0 0 0 0 0 0 0 5 0 0 0 0 0 0 654 0 0 0 0 0 6 0 0 0 0 0 0 0 17 0 0 0 0 0 0 0 0 2 0 0 0 6 0 0 0 0 13 0 30 0 0 0 0 0 0 0 0 0 13 0 0 0 0 0 0 0 0 0 1 0 0 0 0 0 0 0 0 0 0 0 0 676 0 0 0 0 9 0 0 0 0 0 0 0 0 0 0 0 0 0 0 0 0 0 0 0 7 0 0 0 0 0 13 0 0 0 0 0 0 0 0 0 0 0 0 0 0 0 78 0 9 0 0 0 0 0 0 0 0 9 0 0 0 12 0 0 0 0 0 9
 0 0 22 0 0 2 0 0 0 0 0 0 0 0 0 810 2 0 0 0 0 0 0 0 0 0 239 0 0 3 0 0 0 0 2646 862 0 0 0 0 0 0 0 0 0 43 0 120 0 0 0 0 0 0 0 0 0 0 0 0 0 0 0 0 0 0 0 0 0 0 15 0 0 0 0 9 0 14 0 0 0 0 0 0 0 4 0 0 0 5 0 0 0 23 0 0 0 0 30 0 0 0 0 0 0 0 10 0 0 0 0 0 0 0 0 0 0 0 0 0 0 0 0 0 0 0 1 0 0 0 99 0 0 0 0 0 0 0 0 0 0 0 0 0 810 11 0 0 507 0
 0 1 0 0 0 6 0 0 0 0 0 0 5 11 0 0 0 123 0 0 0 0 0 0 21 0 53 0 0 0 0 0 8 0 124 9 0 0 0 0 1 0 4 0 0 0 0 0 0 0 0 6 0 0 0 0 0 0 0 1 0 0 0 0 20 0 0 0 0 1 0 4 0 0 43 1 0 0 0 0 0 0 131 0 0 0 0 0 0 18 0 0 0 0 0 1 0 0 3 0 0 0 13 0 0 0 456 0 89 0 0 0 0 0 5 7 0 0 0 0 0 0 0 421 0 6 0 0 0 0 7 0 0 308 0 0 0 0 0 0 0 0 0 0 0 0 0 0 62 0
 0 0 0 0 79 0 0 0 0 0 0 3 0 0 0 0 0 14 0 11 0 0 0 3 36 0 99 0 0 0 22 241 0 0 0 6 0 0 0 0 13 195 0 0 0 0 0 0 3 0 0 7 0 2 0 0 0 0 0 0 0 0 0 0 0 0 5 0 0 0 33 0 81 15 0 5 0 0 0 0 0 0 10 0 30 0 32 0 0 0 0 0 0 0 0 11 0 0 0 0 0 0 0 0 6 0 0 28 0 0 0 5 15 0 0 0 0 0 0 4 0 0 0 5 0 0 0 0 0 0 0 2 10 0 0 0 0 2 16 0 0 0 0 0 0 8 0 0 0 0
 0 16 0 0 0 0 0 9 0 0 6 0 0 0 0 0 0 1 0 0 0 62 0 68 0 0 1 0 0 0 0 0 0 15 0 0 0 0 0 37 0 0 0 1 17 3 0 0 0 0 5 0 0 0 0 0 0 0 0 0 0 0 0 0 0 28 0 0 0 0 0 0 131 0 0 38 0 0 2 5 0 0 0 0 0 0 0 1 0 0 0 0 0 0 0 0 7 668 0 0 0 0 0 0 6 0 345 0 0 0 0 0 0 0 0 0 0 4 0 0 0 0 1 9 9 6 0 28 0 0 0 0 0 4 0 14 0 0 80 0 0 0 0 0 0 0 131 0 0 0
 416 0 1149 0 1 0 0 0 0 32 0 0 0 0 0 0 0 0 24 0 0 0 0 0 0 99 0 0 1 13 6 0 0 0 8 0 0 0 0 0 11 0 0 0 0 0 0 0 0 0 0 0 0 0 0 0 0 0 0 0 385 19 0 0 0 0 0 1 0 0 0 0 0 0 0 0 0 0 0 0 3 16 0 4 0 0 0 0 0 0 0 0 0 0 0 0 1 0 0 0 0 1 0 0 0 0 0 0 0 0 0 5 0 0 0 0 0 0 0 0 2 0 0 0 0 0 50 0 0 0 0 0 0 0 0 0 0 0 0 0 36 0 0 0 6 0 0 30 0 4
 0 9 0 0 0 0 0 0 0 2 0 0 0 0 0 5 0 0 0 23 0 14 0 0 0 0 0 0 2 0 0 0 0 0 0 0 7 0 0 0 0 0 0 0 0 0 0 0 0 0 0 0 2 0 9 0 1149 0 0 0 0 0 0 0 0 0 0 8 0 0 0 0 0 0 0 0 0 0 0 0 0 0 0 0 0 0 11 0 5 0 0 3 0 0 0 0 0 112 0 0 90 0 0 0 0 0 0 13 676 0 0 0 0 0 0 0 0 0 0 0 0 0 0 0 0 1 0 0 0 0 0 0 23 0 0 1 0 0 0 0 0 0 0 5 0 0 0 32 0 0
 0 11 0 2 0 12 0 0 31 1 0 0 0 437 0 0 0 0 0 0 0 0 0 0 0 754 0 2 0 0 0 0 0 7 0 0 0 0 0 0 0 0 0 0 0 0 0 100 0 0 0 0 0 0 0 2 0 0 0 0 3 0 0 219 0 0 0 0 0 0 0 6 0 0 0 0 0 0 0 0 0 0 1 0 0 0 0 0 47 0 0 0 0 0 0 0 0 0 0 127 28 0 0 0 0 0 0 22 0 0 0 0 0 0 0 3 0 0 0 0 0 0 0 0 0 4 55 0 0 0 0 0 0 0 0 18 0 0 0 0 20 0 20 0 0 0 0 3 0 0
 0 0 0 0 0 0 0 0 0 0 0 6 0 0 0 0 13 0 0 12 0 0 0 0 0 0 1 0 0 0 0 0 0 0 0 0 0 0 0 0 0 11 0 0 18 0 9 0 0 0 0 0 0 0 0 0 0 0 0 2 0 4 0 0 0 0 42 0 0 9 0 1 0 0 0 0 0 0 0 0 0 0 0 32 0 0 0 0 0 0 9 30 1 0 3 0 0 0 0 0 0 0 0 0 0 3 0 0 0 0 0 0 0 0 0 0 0 0 134 0 17 0 9 0 0 161 0 0 0 0 0 0 0 0 0 0 0 0 0 0 0 0 0 1 0 0 0 0 0 0
 0 0 64 0 0 21 0 0 0 32 0 0 0 0 0 0 0 0 0 0 5 0 0 0 0 0 0 51 0 0 0 0 0 0 0 0 0 0 0 241 0 10 0 0 0 0 0 0 0 1 0 0 0 0 0 0 0 73 0 0 0 0 0 20 30 0 0 0 0 0 0 3 22 0 0 0 0 0 0 0 0 0 0 0 1 0 15 2 0 0 0 0 0 0 0 0 5 204 0 0 0 1 26 0 0 0 0 0 1 0 0 0 16 0 0 0 15 0 0 0 0 0 0 0 0 0 0 3 0 0 0 0 0 0 0 0 0 2 0 0 0 54 0 0 0 0 12 0 0 0
 0 0 0 0 0 0 0 0 0 0 2 0 0 0 80 0 0 0 0 0 0 0 0 0 0 0 0 0 0 0 0 0 270 0 12 0 0 21 0 0 0 0 0 0 0 0 0 0 0 0 0 0 0 0 0 0 3 6 28 0 0 73 0 33 0 0 0 11 0 0 0 89 0 9 4 15 0 0 0 0 0 0 86 0 9 0 0 0 21 0 0 0 0 0 0 4 0 0 0 0 0 0 0 11 0 0 0 0 0 0 0 1 0 0 0 20 0 0 0 0 0 0 7 0 0 0 0 0 0 10 0 0 0 0 0 0 204 0 0 0 0 0 4 17 0 0 0 1 0 0
 0 0 0 0 0 0 0 0 0 0 0 0 0 0 4 0 0 0 0 0 0 437 0 0 0 0 0 0 0 0 0 0 0 10 0 0 0 0 0 0 0 0 0 0 0 0 0 0 0 0 0 3 1 0 0 0 230 0 0 3 0 0 0 0 0 0 0 0 2 0 0 8 15 5 0 0 0 30 4 0 0 0 127 0 0 0 0 53 0 0 0 0 0 0 0 0 0 0 0 0 0 0 0 0 0 0 0 0 0 0 0 0 0 0 0 0 0 0 0 6 0 0 0 0 0 0 0 0 5 0 78 0 1 0 0 97 0 0 0 437 0 0 11 0 0 0 0 0 0 0
 0 0 0 0 0 29 0 0 0 0 0 0 0 0 5 0 0 0 4611 7 0 27 0 0 0 0 7 0 0 0 0 0 0 0 0 0 0 0 0 0 12 0 0 9 0 0 0 2 0 0 0 0 0 14 6 0 0 0 0 0 0 1 120 0 0 24 0 0 0 0 0 0 0 0 0 0 0 0 0 0 0 8 0 0 0 0 0 0 5 0 0 2 0 93 0 0 0 0 0 4 0 0 0 0 0 0 0 0 0 0 5 0 0 0 0 488 0 0 0 0 0 0 0 0 0 0 0 0 0 0 331 0 0 0 0 0 0 0 0 0 0 4 0 0 0 0 0 0 0 0
 1 0 0 0 0 0 0 0 1 0 0 0 0 17 0 0 0 0 0 0 0 0 0 86 0 0 2 0 3 0 0 6 0 60 0 0 0 0 0 0 0 0 0 0 0 0 0 6 0 99 0 6 0 0 191 0 0 0 0 0 0 0 4 0 130 0 0 17 0 0 0 16 0 0 0 0 0 3 2 0 0 0 0 0 0 16 0 0 0 0 0 0 0 0 0 0 0 0 0 0 7 0 0 0 0 0 0 0 0 0 1 134 7 0 0 0 0 0 0 0 0 0 0 0 0 0 345 19 12 0 0 0 5 0 0 0 0 0 0 0 0 0 0 0 0 0 0 0 1 0
 0 0 0 3 0 0 0 0 0 0 55 0 0 385 0 0 0 0 14 0 0 0 0 0 0 0 0 0 5 0 0 0 0 0 0 0 0 6 0 0 0 0 627 3 0 0 10 1 0 0 24 0 0 0 0 0 0 0 0 0 0 0 0 0 0 14 12 437 0 0 0 0 0 0 0 0 0 26 0 0 16 8 0 0 0 4 9 0 0 0 0 0 0 0 0 24 0 2 0 0 5 0 0 0 0 32 0 0 0 0 0 0 14 0 31 0 0 0 0 0 6 0 0 0 4 6 0 0 0 0 0 0 0 0 0 0 0 0 0 0 6 2 0 0 0 0 2 0 0 0
 0 0 0 0 15 0 0 0 0 0 7 0 0 0 9 0 0 0 0 0 0 51 28 0 0 0 0 0 0 0 0 0 0 0 0 0 0 0 0 0 0 2 0 0 0 2 219 0 0 0 9 0 0 0 0 0 0 0 2 0 0 0 0 0 0 14 0 0 0 0 0 0 0 0 0 0 3 0 0 0 0 0 0 0 0 0 0 0 0 0 0 0 0 0 0 8 0 0 0 0 0 0 0 0 0 11 0 0 0 0 0 0 0 6 2 0 0 0 219 15 0 0 7 0 0 0 0 0 0 0 0 0 0 3 25 219 3 0 0 0 0 4 1 0 0 0 1 0 1 32
 0 1 0 0 0 0 0 0 0 0 0 0 0 26 17 0 5 0 0 0 0 0 0 0 7 0 0 0 0 8 51 0 8 66 0 3 13 0 0 42 0 8 0 0 0 0 0 0 0 0 11 0 0 0 15 0 0 0 18 0 0 0 0 0 0 0 0 0 0 0 141 0 0 0 0 0 0 0 0 0 0 0 0 0 0 0 0 0 0 0 0 0 50 2 0 0 0 0 3 0 20 0 0 0 0 0 0 0 9 0 20 0 0 0 9 0 9 0 0 12 0 0 0 0 0 0 0 0 0 0 0 0 0 0 0 0 0 0 0 0 0 0 0 0 0 0 0 0 0 0
 0 0 0 0 0 0 0 5 0 0 100 0 0 0 0 0 0 0 1 0 0 2 0 0 0 0 0 0 0 0 0 0 0 3 0 0 1 0 0 0 0 0 0 55 0 0 0 0 0 0 0 0 0 0 0 0 8 0 0 0 0 0 0 0 0 0 0 0 17 0 0 0 0 0 0 0 10 9 0 0 0 0 50 0 0 0 27 0 0 1 0 0 0 0 0 0 0 484 0 14 53 0 0 0 0 0 0 0 99 0 0 4 0 26 0 0 1 0 1 0 0 10 0 0 0 0 0 53 0 0 0 0 0 0 0 0 1 0 0 0 0 0 15 127 5 0 0 0 0 9
 0 0 0 0 15 0 0 0 0 0 0 0 1 0 0 0 0 0 0 0 9 0 0 134 0 3 9 0 0 5 0 0 0 0 0 0 0 0 1 0 0 0 0 0 0 0 0 0 0 0 0 0 0 0 0 0 0 0 0 0 0 2 0 0 0 0 5 4 0 0 0 12 0 0 0 0 0 0 0 0 0 9 0 0 0 0 0 0 0 0 0 0 0 0 0 0 0 0 0 0 0 0 0 0 0 0 0 0 0 0 15 0 101 0 2 0 0 8 0 0 0 0 8 0 0 0 0 0 0 0 0 0 0 0 0 0 0 0 0 0 0 3 15 0 0 0 0 0 0 2
 0 0 0 0 0 0 0 0 0 0 0 0 0 73 0 0 0 0 0 0 0 6 0 0 7 0 0 0 0 0 0 5 0 0 0 0 8 0 9 0 0 0 6 0 0 0 0 0 0 0 0 6 14 0 0 0 0 0 0 11 0 0 0 0 0 0 0 0 0 0 0 0 0 416 0 0 0 0 0 0 0 0 0 99 0 0 2 0 66 0 0 0 0 0 28 0 0 0 0 0 0 0 0 0 0 0 0 0 0 0 0 0 0 0 0 242 0 0 0 3 0 0 77 0 0 0 2 0 1149 0 0 0 0 18 0 0 0 0 0 0 0 0 0 0 0 0 0 0 0 0
 0 0 20 14 0 0 0 0 0 0 0 0 0 0 1 0 0 0 0 2 0 0 0 0 0 0 0 0 0 0 22 0 0 0 0 0 99 0 0 0 0 0 0 90 0 219 0 2 0 0 0 0 0 0 0 0 0 0 0 0 0 0 0 0 0 0 0 0 0 0 0 0 0 0 11 0 0 0 0 13 0 0 0 0 0 0 0 0 0 9 0 0 6 0 0 0 0 0 0 0 0 0 2 6 0 0 0 0 0 0 0 15 0 0 0 0 0 0 0 0 0 5 0 0 8 0 0 0 22 0 0 0 0 1 0 0 0 0 0 0 6 0 0 0 0 0 31 0 0 0
 0 0 0 0 0 0 10 13 0 0 0 0 0 0 0 0 0 0 14 0 0 0 0 0 0 124 0 0 0 0 0 0 0 0 20 0 0 0 0 0 0 0 80 0 6 0 0 0 5 0 0 0 0 0 0 0 0 0 0 0 0 0 0 0 0 0 1 0 0 0 0 0 0 0 0 0 5 0 0 0 0 28 0 0 0 0 3 0 0 0 0 0 0 0 0 0 4 0 123 5 0 2 0 0 0 0 0 0 0 0 0 0 0 0 22 0 0 0 0 5 0 0 0 0 0 0 0 0 0 0 3 0 0 0 0 0 0 51 0 0 0 0 0 0 0 0 0 0 1 7
 0 0 10 0 0 0 0 0 0 0 11 0 0 0 0 0 0 0 1 0 0 0 0 22 0 0 28 0 0 0 0 34 0 0 0 9 0 0 0 0 0 0 0 14 0 0 0 42 11 0 0 0 0 0 8 0 0 1 1 0 0 0 56 5 0 0 437 11 7 0 0 0 0 0 1149 0 0 0 0 0 124 0 0 0 2 0 0 0 0 0 0 0 0 0 0 0 0 0 0 0 0 0 0 0 13 0 0 0 0 0 0 33 0 0 1 0 23 0 0 0 5 0 0 0 0 1 0 0 0 0 0 0 0 0 0 0 0 0 0 0 0 2 0 0 0 0 0 0 0 3
 0 0 0 0 0 0 0 0 0 0 0 0 0 6 42 0 0 0 101 0 26 25 0 0 0 0 627 0 0 0 0 0 0 0 0 1 1 0 0 0 0 0 0 0 0 0 0 23 0 0 0 0 0 0 0 0 0 0 5 0 0 0 0 0 0 0 0 0 0 29 0 0 0 0 66 2 0 47 16 14 5 0 627 0 0 0 0 0 2 0 7 0 0 0 0 0 0 0 11 0 0 17 0 0 3 0 0 0 0 0 0 0 0 0 0 0 0 0 0 4 0 0 0 0 0 0 0 0 5 9 0 0 0 0 0 0 0 1 0 0 0 0 0 0 0 0 0 0 0 0
 0 0 0 0 0 0 0 0 0 1 0 20 2 0 9 0 0 0 0 17 0 0 0 0 0 0 0 0 0 0 26 0 0 0 0 0 0 1 0 0 0 0 0 0 0 0 1 0 0 0 0 37 0 0 87 0 0 0 0 0 0 1 204 0 0 1 0 0 0 0 70 0 0 0 0 0 0 0 0 0 0 0 0 0 0 0 0 0 0 0 0 0 0 0 0 0 0 0 0 0 0 0 0 0 0 0 0 0 0 0 34 0 0 0 0 0 0 0 9 0 9 0 0 0 1 0 0 97 0 0 0 5 0 0 0 0 0 8 86 0 17 5 0 0 0 4 0 0 0 0
 0 26 1 0 0 0 7 416 0 0 0 0 0 0 0 0 6 0 0 0 0 8 0 0 0 0 0 0 0 0 0 0 0 0 0 0 0 0 0 0 1 0 0 0 0 0 5 0 0 1 0 0 0 0 0 7 0 0 0 3 0 0 0 0 0 0 0 0 0 0 0 0 0 75 0 84 0 0 0 0 0 0 0 0 0 0 0 0 437 0 0 4 8 15 0 29 241 0 0 0 0 0 11 0 0 0 0 0 0 0 0 0 0 28 0 22 0 0 0 0 0 0 0 0 0 0 0 0 0 29 0 0 0 0 0 0 161 0 0 0 0 17 0 0 0 0 0 0 0 0
 73 0 0 0 12 0 5 9 219 0 0 2 39 0 6 0 0 0 0 0 0 0 0 0 0 0 0 0 0 0 0 0 0 0 0 0 0 0 0 0 0 0 0 0 0 0 0 0 0 0 0 0 0 0 0 0 0 9 0 28 11 0 0 80 37 0 0 0 0 0 0 0 0 0 0 0 0 47 5 0 0 0 0 0 0 0 0 0 0 0 0 0 0 0 9 0 0 0 0 0 0 0 241 0 0 0 0 0 0 0 1 99 0 0 0 0 0 2 0 0 0 79 416 0 99 0 0 0 0 141 0 0 0 0 0 0 0 0 0 0 0 0 0 0 0 0 8 0 0 513
 0 0 9 0 0 0 0 0 0 0 51 20 0 0 0 0 0 0 0 1 1 0 0 50 0 9 1 0 0 0 0 0 0 0 10 0 0 0 0 37 0 13 0 0 3 12 0 0 2 0 0 0 0 6 0 0 0 20 66 0 0 0 0 2 0 0 0 0 0 14 0 0 0 0 132 0 0 0 0 7 0 0 0 0 0 1 0 8 0 100 0 0 3 0 0 0 0 0 0 0 0 0 0 0 0 0 0 0 0 331 0 15 10 0 0 0 0 0 0 112 0 0 0 0 0 0 55 0 0 25 12 0 0 0 99 0 0 0 0 1 0 0 0 0 0 25 0 0 0 0
 0 2 3 0 48 0 5 0 0 0 0 0 0 8 0 0 0 0 0 0 0 0 0 0 0 0 4 0 12 77 0 0 0 0 0 0 0 0 0 11 0 0 9 0 0 0 0 0 0 2 0 0 1 0 0 10 0 0 0 0 0 0 0 0 0 0 513 0 0 0 0 0 0 0 0 0 11 0 0 0 0 0 0 0 0 0 2 0 0 0 0 0 0 0 0 11 0 0 0 0 0 0 0 0 0 0 0 10 0 0 0 0 0 0 0 23 0 0 0 0 0 86 0 0 0 66 0 0 0 0 0 0 16 0 0 0 253 0 0 0 0 0 0 0 0 0 0 0 0 161
 0 0 0 0 7 0 0 11 0 0 0 0 2 1 0 0 105 0 0 0 0 0 0 0 0 0 0 0 0 0 12 3 0 0 0 0 1 0 0 0 0 0 385 0 0 0 0 0 0 0 0 0 0 0 0 0 0 0 0 253 0 2646 479 0 0 0 0 0 0 0 513 13 0 0 0 0 0 0 0 0 0 0 0 9 0 0 0 0 0 0 0 0 0 0 0 30 0 0 0 0 0 0 0 0 0 0 0 0 1 0 0 0 0 0 0 73 0 422 0 0 0 0 0 0 0 0 0 0 0 16 0 0 0 3 86 3 0 0 0 0 0 0 0 6 0 0 0 0 1149 0
 0 0 6 0 0 35 0 0 0 9 0 0 8 0 3 0 0 0 0 0 8 0 0 0 0 0 0 0 0 0 0 0 6 0 0 0 0 2 0 0 0 0 0 0 99 9 0 0 0 0 0 6 0 0 2 0 0 0 0 10 0 0 0 0 0 66 4 4 2 0 0 0 0 0 124 0 0 0 0 1 0 0 70 0 0 0 0 0 15 0 0 0 0 25 0 3 0 0 0 0 0 0 0 0 0 9 0 0 6 0 0 0 0 0 0 0 0 0 0 0 25 0 0 73 1 0 0 0 0 0 0 0 0 0 0 308 0 0 0 3 0 8 0 0 0 0 60 0 0 0
 0 0 0 0 0 4 13 0 0 0 0 0 0 0 11 2 0 0 0 0 354 0 0 13 0 513 4 0 0 0 10 7 0 0 54 0 0 0 0 0 3 1 0 0 0 11 0 0 0 0 9 0 0 42 0 16 0 0 0 0 0 0 1 0 0 0 0 0 0 0 0 219 0 0 0 0 0 0 0 0 0 0 253 0 0 0 0 0 0 0 345 0 0 0 0 230 0 51 0 0 0 20 22 0 55 0 2 16 0 0 0 7 1 0 0 0 0 2 0 0 0 0 0 0 0 1 60 0 0 0 0 0 0 0 0 0 10 0 0 0 0 0 0 0 9 0 0 0 0 0
 0 0 0 0 0 0 51 0 0 0 0 5 0 0 0 0 0 0 0 0 0 0 0 1 0 0 0 0 0 31 0 0 0 0 0 0 0 0 0 0 0 29 0 0 0 10 0 0 0 0 0 0 0 0 0 15 0 0 24 2 0 241 0 0 0 0 0 0 0 0 0 100 0 75 0 0 0 0 6 36 1 0 0 0 0 0 0 0 0 0 7 31 331 6 8 0 3 0 0 0 0 0 0 6 0 0 0 0 0 0 0 0 0 0 0 0 0 0 23 0 1 0 0 0 0 0 0 0 0 11 0 0 0 0 0 0 0 1 0 0 0 0 0 22 0 0 0 0 0 0
 0 0 0 3 0 0 0 0 0 15 0 0 0 0 49 0 0 0 13 0 0 78 0 0 0 0 0 0 0 0 3 0 0 0 3 0 31 0 0 0 0 0 0 0 0 0 0 0 0 0 0 0 0 0 13 0 0 0 0 0 0 0 0 0 0 0 0 0 0 0 0 0 2 0 0 6 0 15 0 0 0 0 0 0 0 0 0 0 0 0 0 0 0 0 3 5 0 0 0 0 0 0 17 0 0 0 0 4 0 0 3 0 0 0 0 0 0 0 19 0 0 5 0 1 0 0 11 0 0 0 0 0 0 0 0 0 0 0 1 0 0 0 0 0 0 0 14 0 0 0
 0 27 0 0 0 0 0 0 0 0 0 0 0 0 0 0 0 0 0 0 0 0 0 0 0 0 0 0 0 0 0 0 22 253 0 488 9 676 0 0 345 0 0 0 4 2 0 0 5 0 0 0 0 0 17 0 0 32 0 0 16 0 0 0 0 0 13 0 0 0 0 0 0 0 0 0 0 0 37 0 0 0 0 0 0 0 5 4 0 0 0 2 0 0 0 0 0 0 422 0 0 241 0 230 0 2 0 0 34 18 0 0 0 0 0 0 0 0 0 0 0 0 0 0 0 0 2 0 0 0 0 0 0 0 0 0 0 0 0 0 0 0 0 0 5 0 0 3 0 0
 1 21 0 1 0 34 0 0 0 0 0 24 0 0 6 0 0 0 2 0 0 0 0 0 4 0 0 0 0 0 0 0 0 0 0 0 0 5 0 0 0 0 0 0 0 0 0 0 0 0 0 0 0 3 0 0 0 17 0 0 0 0 5 0 0 0 0 0 4 0 0 0 2 84 0 0 0 0 0 0 0 0 0 2 0 0 0 0 0 0 0 0 1 0 0 40 0 0 0 0 0 33 28 0 0 0 0 0 0 141 0 253 0 47 0 0 0 0 0 0 15 5 0 0 0 0 0 0 16 0 0 0 0 14 0 0 0 0 0 0 0 0 0 86 141 13 0 0 0 0
 0 0 37 1 0 0 0 0 9 0 0 0 0 0 0 0 0 31 0 0 0 2 0 0 0 0 0 0 0 37 0 0 0 132 0 0 65 0 39 0 0 0 0 0 0 0 3 0 0 1 0 0 0 0 0 33 0 0 0 86 0 0 0 5 0 0 0 56 0 0 0 0 0 0 0 0 0 2 0 12 7 9 0 5 0 0 0 0 0 30 0 0 0 0 0 18 0 0 0 0 0 0 0 0 0 0 0 0 0 0 0 0 13 0 0 0 0 0 0 0 0 0 0 0 0 0 12 0 0 0 0 0 3 0 0 25 0 0 0 0 0 0 0 0 0 0 0 0 0 86
 0 0 0 0 0 0 11 0 0 0 9 0 0 0 73 0 0 15 2 0 0 0 0 0 0 0 0 0 0 1 0 0 0 0 0 0 0 4 0 0 0 3 0 0 0 0 0 0 0 0 0 0 0 0 0 0 0 1 68 2 5 0 0 0 0 219 0 0 0 0 0 0 21 0 0 0 0 0 0 0 0 0 0 0 0 0 0 0 0 0 2 0 0 1 0 0 0 0 0 0 0 0 0 0 0 0 0 0 0 0 0 0 0 0 1 0 0 0 0 0 0 0 1 0 0 810 0 0 0 0 0 0 0 0 0 0 0 0 1 0 5 0 0 0 0 0 0 7 0 0
 86 0 0 0 0 60 0 0 0 0 0 0 0 0 0 58 0 2 28 0 0 0 0 0 0 1 0 0 79 0 0 0 8 1 0 2 0 6 0 0 0 0 0 0 0 1 0 0 1 0 0 0 0 0 15 0 0 0 0 0 0 0 0 0 0 0 0 0 1 0 0 0 9 0 0 0 0 0 1 5 31 0 43 0 0 0 7 0 0 0 0 0 5 0 0 20 33 0 0 0 0 0 0 7 0 0 0 0 22 4 0 0 0 0 0 0 0 51 0 8 0 0 0 133 0 0 0 0 0 0 0 0 2 0 0 0 0 0 0 0 9 0 0 0 0 10 0 0 0 0
 0 0 0 0 0 0 0 1 2 0 6 2 0 0 0 0 0 0 0 0 13 221 0 0 0 0 79 0 0 0 0 2 0 0 0 0 0 3 0 6 0 0 0 0 0 0 0 0 0 0 0 2 0 0 0 0 0 0 0 0 0 12 0 0 0 12 0 0 0 0 253 0 0 0 0 0 0 0 0 0 0 0 0 99 0 0 0 0 20 0 0 0 0 0 0 0 0 0 0 2 0 0 0 0 12 0 0 0 0 2 0 0 0 0 0 0 5 0 0 10 1 0 0 0 0 0 0 0 5 0 0 0 0 0 0 68 0 0 0 0 0 0 627 0 0 0 0 0 0 0
 0 0 0 0 0 0 0 0 0 0 0 0 0 0 0 0 0 7 0 0 0 0 0 0 0 0 0 0 0 0 4 0 0 0 0 0 0 0 6 16 0 0 7 0 0 0 79 5 0 0 0 0 0 0 0 0 0 0 0 0 1 0 0 0 0 0 0 0 0 0 0 11 0 4 0 0 79 0 0 0 13 13 8 0 0 422 4 0 0 0 17 0 0 2 28 11 15 0 0 0 0 0 0 0 0 0 1 0 0 90 1 0 20 0 0 0 0 0 0 0 0 9 0 0 0 0 0 0 11 5 0 0 0 0 0 0 0 0 0 0 0 0 0 0 30 0 0 0 0 11
 0 20 0 0 0 52 0 0 0 0 0 0 0 0 0 422 0 0 0 0 34 0 0 9 0 0 0 0 0 0 0 0 0 2 0 0 0 0 0 0 219 0 0 3 0 84 0 0 0 60 0 0 0 0 0 0 17 0 3 0 0 0 5 0 0 1 0 38 5 0 0 0 0 0 0 0 0 0 0 27 0 32 0 0 0 0 0 0 0 0 0 0 0 0 0 0 0 0 0 0 0 0 0 3 0 0 1 0 0 0 25 0 0 0 0 0 0 0 0 0 0 0 0 0 0 0 0 0 0 0 0 0 0 0 0 0 0 6 0 0 0 1 0 0 0 0 0 0 0 52
 0 0 0 0 0 1 0 0 7 0 0 0 0 0 0 0 0 0 0 0 7 0 0 0 0 0 0 0 0 851 0 0 0 0 0 0 0 0 8 2 9 0 0 0 0 0 0 0 0 0 0 50 36 0 0 0 0 0 0 0 0 0 2 0 9 73 0 0 0 0 0 0 0 0 0 0 0 0 0 0 0 0 0 0 0 0 0 0 54 0 0 0 0 21 0 0 0 5 0 6 0 3 0 92 0 3 0 2 0 0 0 0 0 0 0 0 0 4 0 0 0 0 16 0 0 0 0 0 0 0 0 0 0 0 0 0 0 0 0 0 0 0 21 123 0 0 0 0 0 0
 0 8 0 0 0 12 0 8 0 5 0 0 0 3 29 0 0 0 0 0 9 0 0 2 0 66 22 0 0 0 0 0 0 50 0 0 0 0 0 32 8 0 0 0 0 3 26 0 12 0 0 18 31 0 0 0 0 97 0 0 2 2 0 0 1 0 0 0 0 0 0 0 0 0 0 0 2 0 0 0 0 0 5 0 0 0 0 0 0 0 0 5 0 0 0 1 15 0 0 12 0 0 7 0 0 0 0 0 0 0 0 4 0 0 0 0 0 8 6 0 0 16 0 10 3 0 0 0 99 0 4 0 1 21 7 0 0 13 12 20 0 0 0 0 0 0 11 0 0 0
 0 0 0 0 25 2 0 20 0 0 0 0 0 0 0 0 0 6 0 0 3 6 12 0 0 0 0 0 43 253 3 0 26 0 13 0 0 0 0 0 0 0 0 0 0 0 0 0 0 0 0 0 0 0 1 0 0 0 0 1 0 134 14 0 2 0 11 23 0 0 2 2 0 0 0 0 15 0 0 0 0 0 0 50 0 149 0 0 1 0 0 0 0 0 54 2 0 0 0 0 0 17 0 0 0 99 0 0 0 0 0 0 0 8 0 6 0 0 0 16 0 0 0 0 0 0 0 0 0 0 0 14 0 0 8 0 0 0 0 161 0 0 0 0 0 0 0 0 54 0
 0 0 0 0 0 0 32 0 0 0 0 0 0 0 0 0 0 0 0 0 0 0 413 0 0 0 0 4 0 0 0 0 0 0 0 0 0 0 0 0 0 0 0 0 0 22 0 0 0 0 16 0 0 3 0 0 0 0 0 0 0 0 9 1 0 0 10 0 0 0 0 0 0 0 0 1149 0 0 0 0 0 0 0 0 0 0 0 488 0 0 0 0 0 0 0 0 0 0 0 0 2 0 0 16 0 0 0 0 0 0 0 5 0 30 0 0 0 0 0 0 0 0 29 49 33 4 0 14 0 0 0 0 0 0 99 0 0 0 0 0 0 0 0 0 0 0 0 18 0 0
 0 0 0 0 0 0 0 0 32 0 0 0 0 0 0 0 0 6 2 0 0 0 4597 0 7 0 0 0 0 0 3 0 30 0 0 0 13 0 0 5 80 0 0 0 0 0 32 0 0 13 0 0 2 0 0 0 513 0 0 2 0 0 3 4 23 0 0 5 0 0 0 0 0 2 0 0 0 0 0 0 0 9 0 0 0 0 0 0 0 0 0 0 0 0 0 0 0 0 0 0 0 0 0 89 0 0 0 0 0 2 0 0 0 0 0 0 0 0 0 5 0 0 0 2 0 0 0 0 0 0 0 34 0 0 0 0 13 0 0 0 0 0 0 0 0 0 0 0 43 0
 0 0 0 0 0 1 0 0 0 9 0 0 0 0 0 0 0 0 2 0 0 0 0 4 146 0 4 0 0 0 0 0 0 0 0 10 0 0 0 0 0 0 0 84 0 0 9 0 0 0 0 0 270 0 15 0 0 0 0 0 26 0 3 0 0 0 7 0 0 0 0 0 0 0 0 0 0 1 0 0 0 0 0 0 0 1 0 0 345 0 0 0 0 10 0 0 26 0 5 0 0 0 0 0 0 0 11 8 4 0 0 0 0 0 1 78 0 0 0 0 0 0 0 0 2 0 0 0 0 0 0 0 0 0 0 0 0 0 0 0 0 0 0 0 0 0 0 0 0 0
 437 0 0 0 2 0 0 25 127 0 3 0 0 0 0 0 0 0 0 0 0 0 0 0 5 0 0 2 0 0 1147 0 0 0 0 0 0 36 0 0 0 0 0 0 0 0 0 0 0 0 0 0 11 0 73 0 0 1 0 0 10 0 2 0 0 0 0 0 0 0 0 0 0 0 0 2 0 0 0 6 0 0 0 0 0 0 0 0 0 0 37 1 0 0 0 0 0 9 0 0 0 22 0 0 51 668 0 0 2 28 385 0 0 0 0 0 36 0 13 0 0 0 0 0 6 5 0 0 0 0 0 0 0 0 9 0 0 0 0 0 0 0 0 0 0 0 0 0 0 25
 0 0 0 0 0 0 0 0 0 7 0 0 0 53 0 1 0 0 0 0 9 0 0 0 58 0 0 0 0 1 0 0 0 0 0 0 0 0 0 0 2 0 0 3 0 0 0 97 0 0 0 0 0 2 0 0 0 0 385 0 0 0 0 1 99 754 0 17 0 0 0 0 0 0 0 0 0 0 0 0 0 0 0 0 0 0 19 0 0 0 0 0 0 0 0 0 0 0 676 0 0 0 0 0 0 0 0 0 0 0 0 0 21 0 0 0 0 0 0 0 0 0 0 0 0 0 0 0 1 0 0 0 0 0 0 0 0 0 5 0 0 0 0 0 133 0 0 754 0 0
 3 8 0 0 0 0 0 0 11 62 0 0 0 0 0 43 0 0 0 0 3 0 0 2 711 0 0 0 0 0 0 0 11 0 4 5 0 0 0 1 0 0 0 0 0 0 0 1 0 0 0 0 11 0 0 0 0 0 0 0 0 0 0 0 8 0 25 15 0 0 0 0 0 5 0 0 2 0 0 0 0 0 0 0 0 1 0 20 0 0 27 0 0 0 0 0 4 0 31 2 0 0 0 0 0 0 0 0 4 0 0 0 0 0 0 0 0 513 1 132 1 0 0 0 0 0 0 7 0 2646 0 0 0 0 14 0 0 0 0 0 0 0 0 23 0 0 0 0 9 0
 0 0 0 0 0 0 0 0 23 0 0 0 0 0 0 0 0 0 0 0 0 0 0 308 0 13 0 0 0 0 0 0 0 0 0 0 0 0 0 0 0 0 0 0 0 0 0 513 0 0 0 0 0 0 0 0 0 0 0 0 0 0 0 0 0 14 0 0 0 12 0 0 0 0 0 0 21 1 0 36 0 0 0 20 0 0 0 0 0 0 0 0 0 1 0 0 0 0 0 0 0 51 0 0 0 0 5 0 0 0 0 0 46 0 0 0 0 0 0 0 0 0 0 80 131 0 0 0 4 0 0 0 0 0 0 51 0 0 0 0 0 0 0 13 4 0 0 51 0 6
 0 0 0 0 0 0 0 60 0 0 0 0 0 0 0 0 0 3 0 0 54 0 0 0 0 668 0 0 0 0 0 3 0 0 0 1 0 0 0 0 0 0 0 0 0 0 0 14 0 0 0 0 0 0 0 0 0 0 0 0 0 0 0 3 0 0 28 0 0 0 6 0 0 50 0 22 8 0 0 0 0 0 0 0 0 0 0 0 0 0 0 0 5 0 0 0 2 0 0 0 0 0 1 53 0 0 0 0 0 0 0 0 0 37 0 0 0 0 0 0 0 0 6 0 0 0 0 7 7 0 0 0 0 0 26 0 50 0 0 0 0 0 0 0 0 2 0 0 0 0
 0 0 2 0 0 0 0 0 0 0 55 0 0 31 0 1 2 6 0 0 0 0 0 0 9 0 0 1 0 5 0 0 0 0 21 0 0 0 0 0 0 2 0 14 0 0 0 0 0 5 0 0 0 0 0 0 0 0 0 0 0 0 0 0 9 0 10 4 0 0 0 0 0 5 0 4 0 0 0 0 0 0 0 253 0 0 0 0 0 0 0 0 0 0 0 86 0 0 0 2 0 0 0 51 0 0 0 0 0 0 0 0 0 4 0 0 0 60 0 0 0 0 0 0 0 0 0 0 0 0 0 0 0 0 0 0 0 0 0 0 18 0 0 0 0 0 0 42 0 0
 0 0 0 0 0 0 0 0 0 0 31 0 0 0 0 0 0 0 0 0 0 0 0 0 0 0 0 0 64 0 0 0 0 0 4 0 0 3 0 0 5 28 0 0 0 0 0 0 0 0 0 0 0 2 75 2 0 0 0 0 0 0 1 0 0 0 0 0 0 0 0 0 0 0 0 0 0 0 0 0 0 0 0 0 330 0 0 0 0 0 0 0 0 0 0 37 0 0 0 0 0 0 0 0 0 0 0 0 0 0 0 51 0 7 0 0 0 0 0 0 0 0 0 0 0 0 0 0 0 0 0 0 0 0 0 0 0 0 0 0 0 0 0 2 0 10 0 2 0 0
 1 0 0 0 11 0 0 0 19 0 0 14 0 0 0 0 0 0 0 0 0 0 0 0 0 0 0 0 0 0 2 0 0 0 0 0 9 37 0 0 0 0 0 0 0 0 0 0 0 0 0 0 0 0 0 120 10 0 14 0 20 0 1 0 0 0 0 16 0 0 0 31 0 0 0 0 0 94 0 9 6 0 0 0 0 0 0 0 0 0 0 0 0 26 0 0 0 0 4 0 0 0 0 0 196 0 0 0 0 0 0 0 0 0 0 0 0 0 1 0 0 0 0 0 25 0 0 0 20 0 0 0 11 5 0 0 2 0 0 0 0 0 0 4 0 8 0 0 0 3
 0 0 0 0 0 0 0 4 0 1 0 4 0 0 0 0 0 0 0 0 21 0 0 0 0 9 16 0 0 34 0 0 0 0 0 0 0 0 72 0 0 0 0 0 0 0 0 0 0 0 18 0 4 0 0 127 86 0 0 0 0 0 4622 0 0 0 5 0 0 0 0 7 0 9 0 0 0 0 0 4622 0 0 0 10 0 0 1 0 0 0 5 1 0 0 0 0 0 0 0 21 0 0 9 0 0 0 0 0 0 22 0 0 0 0 0 0 0 0 0 0 0 73 2 0 0 0 0 0 0 0 1 3 0 0 0 0 0 0 0 0 0 0 0 0 0 0 0 13 0 0
 0 0 0 0 0 0 0 25 73 0 0 0 0 0 0 0 0 0 0 2 0 0 0 0 0 0 0 0 0 0 0 2 0 0 0 0 0 0 0 0 7 0 15 0 1 0 0 0 0 0 0 0 0 6 0 0 0 0 0 0 0 0 0 0 5 0 0 0 0 0 0 0 0 2 0 0 0 0 14 0 0 0 5 1 0 14 0 0 0 0 0 0 0 38 0 0 0 4 0 0 25 0 20 0 0 0 5 0 0 0 15 0 0 0 0 0 1 0 0 25 0 0 0 0 0 0 0 0 15 0 0 0 0 0 0 12 0 0 21 0 0 0 0 0 0 0 0 0 0 0
 0 0 3 0 0 754 0 4 0 0 2 0 0 5 101 0 0 0 0 0 1 13 0 0 0 0 0 0 0 0 0 0 0 0 0 15 0 3 0 0 0 0 0 8 0 0 105 0 0 0 0 0 0 0 25 0 0 0 0 0 8 23 0 0 0 0 0 2 0 0 0 0 0 133 0 0 1 0 216 0 0 0 0 0 0 23 0 0 0 0 0 0 0 0 3 51 0 0 0 0 0 0 0 0 0 0 0 0 0 0 0 0 0 0 0 428 0 0 14 0 9 0 0 0 0 0 0 1 0 0 0 0 0 0 0 0 0 0 0 0 0 0 18 0 0 0 0 0 0 0
 0 0 0 0 0 0 0 0 0 0 0 7 6 0 3 0 0 0 0 219 0 0 0 0 0 0 0 0 0 0 0 0 0 0 11 0 0 0 0 0 0 6 13 0 0 0 0 78 0 0 0 0 3 0 676 0 0 0 0 0 0 6 0 0 0 0 0 0 0 29 0 0 0 0 0 0 0 0 0 0 0 0 0 0 0 2 0 0 0 1 0 0 0 0 0 33 2 0 0 0 308 0 14 0 14 2 0 0 0 0 0 0 0 0 0 16 0 25 31 17 0 0 1 99 0 0 0 6 0 0 0 0 0 11 0 0 0 0 0 0 2 0 0 0 0 0 0 0 7 0
 25 0 0 0 0 0 0 0 0 0 0 0 0 7 0 0 9 0 0 0 0 0 0 8 0 0 0 1 0 0 51 0 0 0 0 0 0 0 0 0 0 0 0 1 0 0 0 14 204 5 0 1 0 0 0 0 0 0 14 0 0 0 0 0 0 2 345 0 0 0 2 0 0 0 0 0 2 0 0 0 0 0 0 0 13 0 0 0 0 0 0 0 0 0 0 0 0 0 0 0 0 0 0 0 11 0 15 0 0 0 3 21 0 0 204 0 0 0 0 0 0 19 2 0 1 0 0 0 0 0 0 0 13 0 0 0 0 0 0 0 0 0 0 0 0 0 0 5 0 0
 12 0 64 7 0 51 0 0 0 0 1 0 0 9 0 0 0 0 0 0 0 0 0 0 0 0 0 0 0 0 0 0 0 0 18 0 0 27 0 0 0 0 0 0 0 0 0 0 0 0 1 0 0 74 0 0 0 0 0 43 0 0 0 0 0 0 0 0 0 23 0 0 56 0 0 0 0 0 2 0 0 0 5 0 0 0 0 0 0 0 0 0 0 0 1 0 0 3 0 0 0 0 0 0 0 0 398 9 0 3 0 0 14 20 0 0 0 0 0 0 0 0 0 0 0 0 0 0 0 22 0 0 5 0 0 23 0 6 0 0 0 0 0 0 50 0 0 0 0 56
 0 0 0 0 0 0 0 14 0 0 0 0 0 0 0 0 0 3 13 0 0 0 0 0 0 0 0 0 0 810 0 0 0 12 0 0 0 0 0 0 16 66 0 0 0 0 0 0 204 0 9 10 11 0 0 7 0 0 0 0 0 31 0 0 0 0 0 0 0 0 0 0 0 5 0 0 0 0 0 0 6 2 0 21 0 0 0 0 0 0 0 0 0 0 0 0 0 71 0 34 9 0 0 34 2 0 0 0 0 0 0 0 0 0 0 0 0 0 0 0 0 0 5 0 0 0 0 0 8 0 0 0 0 0 0 0 0 0 0 13 0 0 0 0 0 0 0 5 0 0
 0 5 0 18 0 0 0 1 0 204 0 0 0 0 0 0 0 123 0 0 0 0 0 0 0 0 0 0 0 0 0 0 0 0 0 0 8 0 0 0 0 0 0 0 0 0 0 0 0 7 0 0 0 0 0 0 0 0 0 0 0 0 0 0 11 5 0 0 25 0 0 0 0 0 0 0 0 0 0 0 0 0 0 34 0 0 0 0 5 0 0 0 0 0 0 0 0 8 0 0 0 0 204 0 0 0 0 0 0 0 0 0 0 47 0 0 0 0 0 51 0 0 2 0 0 0 8 0 0 0 0 0 0 0 0 0 0 6 0 0 0 1 0 0 0 0 0 43 5 17
 141 0 0 0 51 0 0 39 0 0 0 0 99 0 0 0 0 0 0 0 0 18 0 1 0 0 0 0 0 0 11 0 0 0 0 1 0 0 26 0 0 0 0 0 0 0 0 55 0 0 0 0 20 2 0 105 0 0 0 2 0 0 0 0 12 0 0 0 0 0 0 0 416 0 0 22 0 0 0 0 0 0 0 0 7 0 17 0 0 80 0 0 0 0 14 0 0 0 10 0 0 0 25 0 0 0 0 0 6 0 0 0 0 635 11 0 0 0 0 0 0 0 0 0 0 0 8 0 0 0 0 0 0 5 0 0 8 0 0 0 754 6 0 0 0 0 0 241 0 0
 0 0 4 0 0 0 3 0 0 0 0 0 0 4 0 23 0 1 9 0 0 0 0 0 0 0 0 0 0 0 0 0 0 0 2 0 0 0 0 0 0 0 0 0 0 5 22 0 0 0 86 0 0 0 0 0 0 0 0 14 0 0 0 0 0 0 0 0 0 0 0 0 5 0 0 0 2 0 25 70 0 0 0 0 0 0 0 0 2 0 0 4 0 0 0 0 14 0 0 1 6 0 0 0 0 0 0 0 0 0 0 0 0 0 0 0 5 0 0 0 0 0 0 0 0 0 0 6 0 0 0 0 0 0 12 0 0 0 0 0 0 0 19 0 0 0 0 0 0 0
 0 0 0 0 0 0 0 0 0 0 0 0 0 0 0 20 0 0 0 0 0 0 0 0 0 0 0 15 0 0 0 0 0 124 0 0 0 0 0 0 3 0 0 0 0 0 0 0 0 0 75 0 0 0 0 0 2 0 0 0 0 0 0 0 0 0 2 0 0 0 92 0 0 0 0 5 0 0 0 0 5 0 0 0 0 25 7 0 0 0 136 0 0 0 0 0 0 0 0 0 0 0 0 0 0 4 0 0 0 0 0 1 0 0 0 0 1 58 241 0 0 0 0 0 9 17 0 0 10 0 0 0 0 0 0 0 0 345 0 0 0 0 0 0 4 0 1 0 0 0
 0 0 0 0 0 0 0 0 0 0 0 0 0 0 0 3 0 0 0 0 331 18 0 0 0 0 0 0 0 0 253 53 99 0 0 0 0 0 0 0 0 0 0 0 0 0 0 0 0 0 0 0 2 0 0 0 0 0 0 0 0 0 0 0 0 0 6 0 0 5 0 8 7 0 0 0 0 97 0 0 0 0 0 0 8 0 0 0 0 13 0 0 219 0 0 0 0 0 676 0 0 0 0 0 18 141 0 3 17 0 0 0 0 0 0 3 2 3 0 0 0 0 0 0 0 0 2 0 0 0 0 0 0 75 0 0 0 0 2 2 0 0 0 42 0 133 0 0 0 0
 0 127 0 0 2 0 0 0 0 0 0 0 0 0 0 0 0 0 668 0 0 0 10 0 0 230 0 0 0 0 0 0 22 0 4 0 0 0 0 0 0 0 0 0 0 0 0 0 0 161 0 0 0 1 0 0 0 0 0 0 0 0 0 0 0 0 95 9 0 0 0 0 0 0 0 0 0 0 0 0 0 0 3 5 327 0 0 0 0 14 0 0 0 0 0 0 0 0 8 0 0 0 0 17 0 0 0 0 0 0 0 0 0 0 0 0 0 0 0 0 0 0 0 0 0 0 0 0 0 0 0 0 0 0 0 0 4 0 0 0 0 0 0 0 0 0 50 0 3 0
 0 0 0 16 0 0 0 0 0 23 0 0 0 0 0 0 0 0 0 0 0 0 0 94 0 0 0 0 0 0 0 0 0 0 0 0 6 0 5 0 0 0 0 0 0 0 0 0 0 0 0 0 1 0 0 0 0 4 0 0 0 3 0 13 2 0 0 0 0 0 0 0 0 0 0 0 0 0 5 388 0 0 0 0 0 0 0 5 0 21 3 0 14 0 0 0 0 14 22 1149 0 0 0 0 0 0 0 0 0 0 9 0 241 0 340 15 1 0 0 5 0 5 36 0 0 0 0 0 5 20 2 0 0 0 1 0 0 0 0 14 0 0 0 0 0 0 0 2 0 0
 0 0 0 0 0 0 23 627 0 0 0 0 0 0 0 0 0 0 0 6 0 0 0 0 0 0 54 0 0 0 0 0 1 0 0 0 0 0 0 0 0 0 0 7 0 0 36 0 0 0 0 0 0 0 0 11 0 8 0 0 2 84 0 0 0 0 0 0 0 0 0 0 0 0 12 0 0 0 0 0 0 0 0 0 0 13 0 0 0 0 0 0 0 4 0 0 0 0 0 0 0 0 0 0 0 0 0 10 0 0 86 0 0 0 0 0 0 0 0 0 0 0 345 0 0 0 0 0 27 0 0 0 0 0 0 0 0 0 0 0 0 0 0 4 0 16 0 0 0 0
 31 0 0 0 0 0 0 49 0 0 0 0 26 0 0 0 0 0 0 0 55 0 0 3 0 1 0 0 0 0 0 0 0 20 0 0 0 0 0 15 2 0 0 0 0 0 0 0 0 0 0 0 0 0 0 0 0 0 0 0 0 0 0 0 0 0 0 0 0 0 0 0 0 0 0 0 0 10 0 0 0 0 1 0 0 0 4 0 1 0 0 0 0 0 0 0 0 0 0 0 0 4 15 1 0 18 3 0 0 0 1 22 0 3 6 0 0 0 32 0 1 0 0 0 0 0 0 0 0 0 133 0 0 0 0 2 0 0 0 0 0 0 0 0 0 3 0 0 0 0
 0 0 0 0 0 4 0 0 0 0 0 16 0 0 0 0 0 253 0 0 0 0 385 0 0 10 6 8 51 75 0 0 0 0 0 0 7 0 0 0 0 0 0 0 0 0 0 16 0 0 0 0 0 0 0 0 0 0 0 2 31 0 0 0 0 0 0 0 0 0 0 0 0 0 0 0 0 3 0 0 0 0 0 0 0 2 862 0 10 0 0 0 0 11 5 0 0 2 0 0 0 0 0 0 0 5 0 0 0 0 1 0 0 0 0 0 0 0 0 0 345 0 0 0 0 0 0 2 0 8 0 2 0 0 0 0 0 0 0 11 0 0 0 2 0 230 0 0 0 0
 0 0 0 0 0 25 0 5 58 14 66 0 0 0 2 0 0 0 0 43 0 0 0 0 0 0 0 0 0 0 0 0 0 79 92 0 0 34 0 0 0 0 0 0 2 0 0 0 0 0 0 0 19 7 0 0 754 0 0 0 0 0 0 0 0 0 0 0 0 2 0 0 0 2 0 0 15 0 0 0 0 0 31 0 0 0 0 0 0 0 0 0 5 0 0 0 0 2 0 0 0 0 0 0 0 0 0 14 0 0 0 0 0 0 0 7 0 0 668 0 0 0 0 0 0 0 0 0 0 0 0 0 0 0 0 0 0 50 0 0 0 0 5 0 0 0 12 0 0 0
 0 676 0 0 0 0 0 5 0 52 0 0 0 6 0 13 0 0 39 0 0 0 26 0 1 416 0 0 0 0 0 0 0 0 0 0 2 0 0 0 0 17 0 0 0 1 0 101 0 0 0 0 84 0 0 0 0 0 9 0 46 0 13 0 0 16 0 0 0 0 0 0 0 0 0 0 0 0 3 0 0 4 0 0 0 0 0 0 2 0 0 7 0 0 29 0 0 0 0 0 16 0 0 0 0 0 0 0 0 0 0 9 0 36 0 0 15 0 4 0 0 9 1 0 0 0 16 11 0 0 0 0 13 0 0 0 0 0 0 0 0 0 0 0 0 0 0 0 1 0
 0 0 0 6 0 0 0 0 0 0 0 0 5 0 0 0 0 47 0 0 11 0 36 0 0 0 14 0 0 6 204 0 0 0 0 0 0 0 0 0 125 0 0 0 0 6 0 0 0 0 0 0 0 0 0 0 21 18 0 36 0 0 668 0 0 0 0 0 0 0 0 0 12 0 0 0 4 0 0 0 0 0 0 7 0 0 0 0 0 0 0 0 0 0 0 0 0 0 0 20 0 0 37 0 13 0 0 0 0 5 219 0 0 0 38 0 0 0 0 0 0 0 0 0 0 0 0 0 31 0 0 0 10 0 0 17 0 0 1 0 0 0 8 7 0 0 0 0 0 0
 0 42 0 0 6 16 0 0 0 0 0 0 0 58 0 0 0 0 0 0 0 0 8 0 14 0 0 0 437 0 0 1 0 0 11 0 17 0 0 0 0 0 0 0 0 0 0 0 0 0 0 0 0 0 0 0 0 0 0 0 27 2 0 0 0 0 6 11 0 0 0 0 0 0 0 0 0 0 0 2 0 0 0 0 0 0 0 9 0 0 0 0 10 0 0 0 0 2 0 0 0 0 68 0 0 0 0 0 0 0 0 0 0 0 0 7 0 0 0 0 4 0 1 0 0 0 0 0 0 0 0 0 6 0 0 0 0 0 12 0 0 0 0 0 0 0 0 0 0 0
 0 17 0 0 0 0 0 0 127 13 0 0 0 0 0 0 0 0 7 0 0 3 0 0 0 0 0 0 0 0 0 0 0 1 0 0 0 0 0 0 0 0 0 0 0 0 0 0 0 0 0 0 0 0 0 0 0 0 0 0 0 0 0 0 0 0 0 7 0 0 0 219 0 28 0 0 0 0 0 0 0 0 0 0 0 0 0 0 6 0 0 5 0 0 0 0 0 127 0 0 0 0 0 0 0 0 1 0 0 0 0 0 0 3 0 0 0 0 345 0 0 0 0 0 0 0 0 0 0 0 0 0 0 0 0 6 0 0 0 0 0 0 0 13 0 1 0 0 0 0
 36 0 0 15 0 0 0 0 5 0 0 0 0 0 0 329 0 0 0 4622 0 5 0 0 0 0 17 0 79 0 0 0 3 0 5 0 0 0 0 1 0 94 0 345 0 0 0 0 0 0 18 8 0 0 9 0 0 0 0 0 0 0 0 0 0 2 0 0 0 8 0 0 36 0 0 0 0 4 0 0 0 0 0 0 0 0 0 0 0 0 6 0 0 0 13 0 0 0 0 5 0 0 0 0 0 0 0 2 0 0 5 0 218 0 0 0 0 0 0 0 0 0 0 0 0 0 0 0 0 0 0 3 0 0 0 20 0 0 0 0 0 0 0 0 385 12 0 16 1 0
 0 0 0 0 0 0 0 0 0 0 10 0 0 0 0 0 0 0 0 0 7 0 0 0 0 0 0 0 0 27 0 0 0 0 0 0 0 0 0 0 0 0 0 0 0 0 0 204 5 0 0 0 9 0 0 0 0 0 0 7 0 0 0 0 0 0 0 0 5 0 0 5 0 0 0 0 0 14 0 9 0 0 0 0 0 0 0 0 0 0 0 24 0 0 0 0 6 0 0 0 0 0 0 51 0 0 0 0 0 0 0 0 0 0 9 0 0 0 0 0 0 0 0 0 0 0 0 25 0 3 0 0 0 0 29 0 0 0 0 0 0 0 0 0 0 0 0 0 0 0
 0 0 0 0 0 0 0 9 0 0 0 0 0 0 0 0 0 0 0 0 0 0 0 0 0 2646 0 0 0 0 86 22 0 0 1 0 0 0 0 3 0 0 3 1 0 0 0 0 0 0 0 0 0 0 0 2 0 0 0 0 0 0 0 0 0 0 0 15 0 0 0 0 1 0 0 0 0 0 0 0 0 0 0 0 0 0 0 0 0 1 0 0 0 0 0 0 0 0 0 0 1 0 0 0 0 0 0 4 0 0 0 0 22 0 0 0 0 0 0 0 0 0 0 89 1 30 0 0 0 0 0 0 0 0 0 0 0 0 0 0 0 0 49 0 0 8 0 0 0 0
 0 0 0 6 0 0 0 0 199 13 0 0 0 1 0 0 0 0 0 0 0 0 0 0 0 0 0 0 0 0 27 0 28 0 22 0 0 0 0 0 0 0 0 0 0 0 0 0 0 0 0 0 0 0 0 0 0 0 0 0 0 0 0 30 0 68 0 0 0 0 0 0 0 0 0 0 0 28 0 0 0 7 16 0 0 0 0 0 0 0 0 90 0 0 0 0 0 0 0 12 0 0 0 0 0 0 0 0 7 0 0 0 0 0 0 0 10 0 0 0 0 0 0 0 0 0 0 0 0 0 0 0 0 0 0 0 4 12 0 0 0 0 0 0 0 0 0 6 0 0
 0 0 0 0 0 23 0 0 0 0 4 0 8 0 0 0 0 0 1 0 0 1 0 0 0 0 0 6 0 0 0 0 0 0 0 0 0 15 0 0 0 3 0 0 11 0 0 0 0 0 0 0 0 0 0 0 0 0 0 0 0 0 0 0 0 0 0 0 0 0 0 0 0 0 37 0 0 0 0 0 0 0 25 0 0 0 0 0 0 26 5 0 0 0 0 0 0 0 0 0 0 0 1 5 0 0 0 0 0 0 0 0 0 141 0 0 0 0 0 0 0 0 0 0 15 0 0 0 0 0 7 8 0 0 0 0 12 0 0 5 0 0 0 0 0 13 0 0 0 0
 0 0 0 0 0 9 0 334 56 0 0 0 0 0 0 0 0 0 0 0 0 0 30 0 0 0 0 0 0 0 0 0 0 0 0 0 25 0 0 0 0 0 0 0 31 1 0 0 0 0 0 0 3 0 0 0 0 0 0 0 0 0 0 0 0 3 0 0 0 20 0 0 32 0 0 0 0 0 0 0 0 0 0 0 0 15 2 0 0 0 0 0 0 0 0 0 0 0 6 37 0 0 0 0 0 2 0 0 0 0 0 5 0 0 0 0 0 0 0 0 0 0 0 0 0 0 0 0 0 0 0 0 0 0 0 11 0 0 0 0 0 0 0 0 0 669 0 0 6 0
