150
 135 145 0 36 0 0 90 42 0 36 5 696 1 0 0 0 86 425 0 723 4 1328 0 0 0 0 0 10 0 6 0 113 0 0 35 0 1 39 33 126 49 0 0 131 81 0 61 0 683 0 0 0 13 0 563 377 481 0 112 0 0 4 0 5568 306 0 165 0 0 148 31 0 0 0 0 0 0 511 0 0 0 0 0 0 0 0 0 4 50 0 0 108 0 0 0 0 0 0 61 0 10 0 0 175 0 0 0 316 171 80 0 0 0 0 0 0 2 0 1159 0 0 0 0 60 0 0 0 0 0 0 0 0 0 0 164 428 166 0 0 21 51 0 0 261 0 14 0 13 0 0
 0 27 99 9 0 0 0 0 0 0 4 1452 0 0 0 0 0 0 0 231 41 665 0 39 0 14 33 480 0 1616 32 0 0 0 0 0 1168 0 0 0 0 36 0 0 1081 0 0 0 4 0 0 137 3 15 91 11 0 5386 91 0 0 39 0 0 0 1246 0 63 0 0 0 537 0 0 163 191 69 14 0 0 0 521 0 0 6 0 234 0 187 0 725 0 0 38 0 51 2012 90 36 8 0 0 0 3529 0 0 0 47 130 0 0 22 381 105 0 6 0 0 0 0 1346 1 13 0 0 0 0 0 0 272 0 0 1567 0 0 0 0 0 0 397 0 0 0 0 213 210 0 0 0 31
 0 0 9026 0 104 0 0 0 0 0 0 0 0 146 0 0 18078 854 0 83 0 0 0 0 0 37 0 0 67 0 0 0 81 201 5 0 0 0 27 0 0 287 0 221 0 0 290 0 511 0 5 0 87 0 0 0 128 0 38 0 200 0 0 0 16 0 0 123 356 6 0 0 0 0 108 0 11 117 585 148 0 141 37 2 1 0 0 0 222 0 0 0 230 0 0 713 0 0 366 0 59 22 0 60 245 11 11 13 107 0 0 0 104 314 910 76 0 11 298 8 0 0 0 2 0 0 2 347 0 13 0 0 133 0 35 0 0 306 150 0 0 0 178 1948 18 128 0 1 10 3744
 0 0 0 377 0 0 65 0 46 27 0 0 0 0 0 0 0 795 0 202 331 10 403 0 92 0 13 17 0 0 0 10 4 100 2445 0 0 302 134 190 20 0 0 0 0 0 0 0 0 1055 0 71 13 0 22 290 0 0 0 23 2014 54 0 188 83 0 52 0 0 57 0 0 277 0 3 248 0 3619 113 0 0 172 0 0 74 1144 0 0 0 0 1 0 3 34 0 150 0 30 614 0 172 0 0 71 0 0 0 0 0 0 50 0 0 0 465 0 0 164 0 0 0 0 0 10 0 180 0 0 0 0 17 0 33 222 0 0 7 0 0 56 1 395 1263 0 0 0 0 2190 0 9
 1431 387 0 326 199 880 0 116 0 5605 27 0 0 0 0 25 0 536 0 84 0 153 0 0 0 3 0 241 157 1276 0 225 0 101 237 0 0 534 0 0 0 5 0 829 0 22 0 0 0 0 23 3074 8 13 0 2 0 37 0 55 19 0 167 0 434 663 0 166 0 0 2 49 897 17 0 0 1 175 0 0 0 0 0 2 0 311 0 0 61 0 305 0 0 0 0 351 55 0 1226 10 4 0 318 203 0 0 0 0 10 0 0 38 0 1082 0 0 127 1417 1 0 19 0 0 0 0 277 0 0 1 0 0 8451 0 0 0 0 0 0 0 500 29 0 0 111 0 0 1 5985 0 0
 0 0 77 3 0 0 0 0 0 63 11 0 0 112 0 0 0 1874 26 0 0 0 0 121 54 90 0 58 35 21 0 0 0 0 25 0 0 192 191 543 0 0 98 114 0 55 9 237 0 51 0 0 105 0 104 6 0 0 19 0 209 6 0 93 0 0 45 0 35 54 2 3504 0 0 4738 0 5 0 541 0 0 0 16 0 146 30 0 376 74 346 0 0 0 0 0 252 0 0 6 1 28 4369 3 0 0 0 79 0 0 0 0 320 44 0 0 68 0 9 57 14 432 191 0 0 0 465 25 0 31 119 0 0 0 0 0 0 2000 41 0 0 75 0 240 0 2 270 0 0 0 0
 0 152 0 0 28 60 2 0 0 0 12 0 0 0 743 906 0 0 0 0 130 0 0 0 0 130 71 1 0 0 0 0 0 0 0 0 12 0 57 0 0 0 0 4655 68 0 27 4738 0 57 0 22 90 3 65 0 117 218 0 64 0 64 69 118 21 0 0 0 82 0 240 174 23 8 1347 0 85 0 32 34 0 0 1143 0 0 6 0 0 0 50 0 0 0 27 0 723 12 0 0 261 0 2050 0 0 0 0 144 9 13 0 30 0 95 0 0 0 547 293 39 294 3 0 0 0 0 0 54 8 320 0 0 259 2 0 295 132 0 35 289 26 0 6 9 153 0 0 0 31 47 0
 0 1640 100 14 0 0 0 0 0 0 0 10 0 0 41 21 187 225 1 0 74 0 8377 0 177 0 0 0 4 0 0 80 0 0 17 51 177 0 0 13 13 0 0 171 2 15913 22 0 13 0 0 105 0 0 0 0 606 0 0 0 2 0 0 93 0 0 0 0 0 0 0 570 35 0 23 81 5 2 0 3425 0 0 11 0 2569 670 0 0 0 654 0 107 0 9 427 0 0 0 250 37 757 178 0 11 14 0 0 0 204 0 0 0 122 83 0 3 1431 0 0 0 0 16 316 0 178 74 3593 0 0 0 0 9 0 0 0 79 0 0 129 0 1011 19 0 2487 37 0 0 37 32 0
 105 9 66 0 0 28 0 91 16 0 2 36 123 0 1246 449 0 0 44 182 1307 0 0 0 339 0 0 0 880 0 0 1094 0 0 0 323 56 387 0 82 42 0 0 0 0 246 0 0 0 0 0 0 738 211 4 82 1190 0 0 0 0 0 22 0 1159 242 121 0 0 0 0 0 0 0 65 0 21 0 6 0 0 2 0 0 0 1515 0 195 0 248 12 1 0 1469 0 20 181 0 0 0 0 0 17 0 0 0 0 0 0 5 171 683 25 0 0 129 0 0 0 8 0 0 75 0 442 120 679 0 0 0 0 0 5 663 0 0 46 0 5 0 0 311 10 0 0 0 0 143 0 0
 0 4733 3 0 0 0 966 57 0 0 0 0 0 0 0 0 0 0 0 214 0 0 0 478 111 80 0 0 0 0 1105 0 0 88 80 0 0 0 0 159 0 652 4 226 16 0 37 0 38 0 0 0 234 2 0 0 7 797 0 17 0 9344 0 0 0 237 0 3 0 51 0 704 0 81 36 0 0 0 0 24 13 0 0 0 0 711 291 0 0 0 280 0 0 19 17 66 0 0 696 0 13 708 0 0 0 0 91 62 225 0 0 4 0 0 0 0 0 0 101 0 68 0 58 0 10 51 49 69 0 0 0 0 0 0 19 0 269 229 1038 0 0 145 61 0 225 0 40 0 0 5
 0 0 38 31 0 0 0 86 0 2 84 0 23 0 124 0 0 222 2 0 51 3593 0 263 0 0 0 695 0 4 0 0 267 291 0 0 0 0 68 6 4771 0 0 22 0 187 0 0 28 0 87 6 0 78 0 0 0 0 334 0 0 0 420 0 0 0 74 0 0 0 0 60 0 0 706 0 27 124 2684 0 0 0 13 0 0 0 0 0 0 0 0 0 0 0 0 1 0 228 26 3532 71 7 2756 11 0 108 0 80 234 32 0 0 15 6161 90 0 11 0 0 0 0 0 0 6 0 475 284 0 0 0 187 75 0 5 0 6 0 0 0 0 0 0 0 0 0 0 85 77 106 15
 0 0 1 9 0 0 465 0 0 493 1512 0 46 0 0 0 2 125 0 13 4 0 0 42 8 0 0 14 0 101 28 0 0 1086 0 0 4 0 0 27 28 19 0 24 5220 0 9 0 64 11 13 0 25 0 0 0 0 410 28 0 0 114 0 3370 0 16 83 0 185 123 118 4 32 26 0 5 0 0 0 140 0 4 0 2 97 245 3 44 0 0 0 4 0 0 0 1642 0 0 0 0 0 274 0 2 0 46 0 171 0 0 2537 2618 0 5 0 0 0 23 128 4236 167 0 0 985 0 0 139 0 0 0 757 31 0 0 0 0 0 0 0 0 99 11 0 0 86 0 0 13 0 13
 0 226 246 619 4 28 0 3749 0 23 0 0 0 0 0 61 0 0 2617 0 0 0 0 0 0 59 0 0 39 573 0 0 82 0 68 119 0 1141 84 0 0 190 0 62 0 99 0 0 3 0 7 0 0 39 86 15913 184 59 0 0 0 94 0 3626 0 0 21 226 0 80 0 19 68 0 0 0 0 193 0 0 3 20 9 0 0 0 0 8 279 0 0 138 0 0 1786 0 0 0 0 0 42 0 17 30 0 0 0 0 102 95 2756 1496 0 0 0 17 0 86 0 0 59 0 351 263 0 41 0 126 1 1363 0 0 35 37 91 0 588 0 141 0 0 0 0 124 0 0 0 196 0 46
 0 9850 0 129 2232 0 4 1159 59 2 0 0 1603 197 8 0 1104 0 0 0 33 33 15 22 0 0 114 0 117 64 775 1 0 0 0 160 0 0 40 14 0 0 29 0 0 2764 133 20 0 149 6 3 63 0 124 4 0 0 0 0 3315 0 0 0 0 47 447 0 0 0 21 0 64 0 120 1315 0 3 0 0 0 1 0 9 41 9 0 397 143 0 114 30 0 0 0 0 0 47 0 0 13 108 13 9026 30 0 289 1 3306 0 20 0 73 0 0 0 7 0 0 0 14 757 0 108 0 1 0 0 0 0 470 0 343 0 0 224 0 0 0 0 0 0 31 0 0 0 11 0 233 81
 22 460 0 637 41 50 0 0 0 29 0 424 0 0 424 0 0 0 0 0 0 0 0 0 142 6 0 21 154 0 0 0 0 0 16 5 0 36 26 2577 0 0 86 0 0 533 0 5 9403 0 0 42 0 0 42 0 0 0 61 73 0 430 0 313 189 87 0 242 0 301 228 84 18 0 176 0 0 0 0 0 0 0 0 100 0 0 0 0 0 3753 0 0 0 10 0 10 0 0 0 0 0 0 0 0 71 0 44 98 618 195 7 0 0 0 36 0 0 0 0 88 0 0 33 107 0 0 147 5 0 539 0 0 0 0 0 0 2077 0 0 0 44 0 591 6 17 28 0 0 0 0
 0 0 0 49 0 150 0 0 0 0 23 12 0 14 1648 0 0 49 0 1866 0 0 0 0 0 41 0 0 0 0 0 47 21 0 104 5 0 83 0 9 50 0 4 1580 0 5 0 0 0 0 1223 0 293 0 0 29 670 0 4 0 64 47 0 0 1 58 0 0 11 0 351 1 24 0 0 39 0 61 0 0 1062 0 0 179 0 0 509 0 0 3 311 13 99 0 0 455 0 0 591 18 33 0 27 64 0 0 0 0 0 0 0 36 0 34 866 0 0 218 0 0 0 0 0 80 39 0 118 14 85 0 37 0 0 0 0 2 0 0 0 0 0 92 10 207 0 0 6066 0 13 3
 0 284 0 59 357 0 573 0 0 130 80 0 249 0 18 43 218 0 0 3593 0 0 0 0 111 295 90 26 13 0 23 0 22 256 514 59 0 639 0 0 0 8 644 0 0 0 0 0 60 0 0 0 81 0 64 0 62 0 0 0 0 367 0 0 0 449 0 0 19 0 0 0 0 0 688 1162 93 1720 316 0 0 0 0 0 0 0 0 0 2 3 490 0 38 24 0 0 0 0 34 10 0 0 0 3 0 124 511 0 476 154 0 5 0 1 0 2220 21 3 129 0 0 0 231 0 13 0 0 0 0 0 52 0 37 9 19 0 344 0 206 0 58 207 0 257 20 73 831 6 0 191
 0 0 0 0 0 0 2174 0 0 149 0 0 112 6 0 0 107 0 666 82 0 0 0 0 0 41 0 84 3 51 0 0 49 0 20 0 0 0 30 0 18 0 1 1141 87 1043 0 0 25 0 0 0 0 31 0 21 0 56 181 0 8 0 1 47 0 86 0 0 0 0 0 0 0 0 27 0 6 1610 0 207 0 0 0 0 1591 643 428 4 0 0 117 0 1502 0 196 0 128 0 2 383 0 0 0 0 0 307 476 104 41 72 96 0 3218 35 200 0 0 0 0 54 690 0 1252 0 0 0 8 0 0 0 73 101 99 376 0 0 156 105 0 11 197 20 770 0 0 547 0 196 0 4739
 0 22 0 26 3 0 25 0 0 9 0 602 0 28 0 829 12 0 167 0 0 403 0 0 0 663 77 0 67 55 0 9 2 43 0 0 0 0 12 1 0 19 7 0 0 374 0 14 23 1 0 6 30 0 0 2 0 0 0 32 0 987 0 0 0 19 56 0 0 0 69 0 0 0 218 0 4 2 0 13 35 149 87 0 14 15 36 0 0 0 707 0 455 40 70 0 0 145 0 0 0 1393 0 0 0 2 0 3 0 0 22 0 0 0 0 11 14 0 316 0 0 36 48 842 11 0 99 0 4 0 0 0 350 0 0 0 0 0 23 0 0 0 0 0 0 1187 0 871 568 414
 0 0 0 0 0 30 67 161 0 0 13 0 0 37 0 0 0 0 149 0 0 0 186 0 0 0 0 149 26 0 0 9546 7 0 0 0 48 2 0 0 6 0 178 0 24 1935 0 38 974 0 108 0 0 8976 0 0 0 0 0 0 0 0 602 128 0 0 729 0 0 0 0 0 0 313 0 33 0 0 0 0 6 1086 27 0 0 384 0 109 0 0 0 8 2 0 0 410 114 43 0 1000 0 269 0 0 7 60 313 52 142 85 80 87 0 4 71 93 0 0 24 0 36 0 0 0 0 0 0 252 21 0 0 0 0 0 0 2 0 0 0 0 0 22 0 346 0 324 1 0 0 0
 0 0 0 0 252 132 0 0 0 0 0 0 165 0 217 4 0 24 0 0 121 0 38 0 23 445 26 0 176 56 0 0 0 26 15022 0 5 0 304 0 1144 48 2705 0 12 0 0 5 733 2538 25 0 2 0 3 0 50 0 0 186 0 0 19 0 10 0 0 26 0 0 183 15913 0 48 0 3321 0 347 0 6 25 0 0 59 0 0 829 0 0 51 0 11 0 3 0 649 112 33 0 10 1104 3 226 3 0 0 0 0 0 82 17 0 0 0 0 0 0 0 0 470 1999 0 0 0 0 52 0 367 0 0 0 78 0 0 0 0 152 0 0 1025 28 0 0 83 155 0 0 0 0 0
 0 0 28 0 0 14 79 92 0 72 0 0 0 0 659 0 40 21 0 6 0 58 0 0 482 0 148 0 89 0 224 0 400 0 0 0 0 0 0 20 50 37 0 0 36 0 0 0 9 0 0 34 0 0 96 0 0 661 387 0 731 110 0 0 3 0 0 0 131 0 0 2 0 0 22 0 15 0 0 0 1 0 0 17 82 0 46 149 0 2 1 0 0 0 56 100 313 9913 2 0 126 0 57 1509 384 0 0 0 0 2 0 401 49 0 0 0 0 0 0 109 0 324 0 0 0 1020 0 126 0 0 0 134 83 0 0 0 64 464 384 155 615 0 0 0 1318 0 4731 0 21 10
 2 9 0 0 81 79 38 0 36 584 0 14 441 0 319 12 75 150 49 0 0 36 0 298 0 0 5 119 24 688 625 34 645 1 1 0 1 0 30 1 169 45 1883 0 0 13 52 952 3 0 0 0 12 0 0 475 0 0 57 0 5 247 0 0 0 0 13 28 114 0 456 3 0 0 3 477 36 0 0 0 457 67 462 0 0 0 1 149 0 8 27 21 121 0 0 9 50 826 471 0 0 17 218 0 0 47 1 1213 0 65 1029 0 0 0 0 0 0 0 0 0 0 0 97 0 10 39 50 90 1168 2 188 0 0 45 116 0 0 0 0 0 0 0 0 0 0 51 0 0 0 0
 0 0 0 0 0 0 20 12 22 0 0 0 9 0 1104 0 547 0 0 2 176 15 0 192 0 311 9 20 0 1244 0 36 0 0 0 0 0 0 0 28 123 0 0 823 0 0 0 48 0 293 11 95 150 231 0 0 55 782 3 48 0 373 0 1093 0 18 0 0 849 0 0 0 0 0 0 0 155 4 0 0 30 323 392 0 0 14 0 0 0 32 1 0 3 432 5624 33 2028 0 0 165 0 307 53 630 0 16 12 0 0 0 0 0 0 0 175 19 0 0 0 188 28 44 0 20 68 0 0 24 206 0 0 228 558 13 0 1457 14875 0 0 0 0 0 109 0 40 0 0 0 0 164
 28 0 152 0 227 0 0 0 0 0 26 0 218 0 0 2 0 5 3 0 0 0 67 349 449 0 659 2033 0 530 0 74 0 0 9 0 906 185 879 0 0 0 0 0 0 31 0 0 168 0 0 141 7 6 0 0 0 0 0 0 0 7 0 161 0 0 163 2617 0 178 0 0 0 0 0 0 187 4131 195 334 10 146 0 0 0 0 238 0 4 0 0 0 45 91 89 0 0 0 0 86 31 0 0 14 1 0 0 0 0 66 750 99 0 296 21 2869 0 696 51 0 0 0 2 20 20 0 131 0 0 0 39 0 0 83 0 311 0 0 0 24 25 100 0 14 1979 0 0 0 0 0
 398 0 0 108 0 0 0 0 211 0 26 17 0 24 0 0 0 0 0 0 0 39 0 0 0 28 22 0 86 19 0 0 83 1246 0 1 0 0 0 173 0 482 0 0 231 0 0 850 44 1464 0 0 9 0 430 0 2 387 0 57 242 33 9878 0 0 21 3 46 0 0 368 0 34 0 0 0 0 0 0 22 50 88 0 0 0 89 48 0 21 0 3 0 1 0 0 0 0 0 23 0 0 575 3 14 0 0 16 26 153 0 0 483 0 99 22 0 1 17 0 0 97 67 0 0 0 0 0 0 504 50 0 0 0 0 0 0 109 0 220 123 0 109 0 91 874 0 0 0 0 81
 57 0 5 0 439 0 0 0 23 74 0 114 0 0 0 0 0 1626 0 0 0 0 0 0 0 0 82 0 0 0 5 0 0 57 0 46 48 0 0 0 0 0 0 0 22 0 10 0 234 0 191 0 0 537 10 30 69 0 262 0 3291 0 37 5 0 32 0 0 0 13 0 0 0 0 0 166 0 0 0 386 259 0 94 53 0 414 0 779 0 0 61 10 26 0 0 0 0 0 0 0 547 0 0 150 0 0 16 0 23 0 13 0 0 0 0 32 542 0 185 100 138 27 0 305 156 6 0 0 0 68 0 0 0 9 0 137 0 23 0 8 0 0 0 0 0 67 285 56 52 16
 0 0 1767 0 0 0 0 0 15 579 0 0 461 49 0 0 0 0 147 0 25 40 0 0 0 195 351 38 0 9 1 9 0 0 0 0 282 0 0 0 0 3 0 0 0 0 0 0 48 0 269 0 0 0 0 0 0 0 0 0 158 199 0 54 0 128 0 3617 20 212 374 0 0 21 128 0 12 0 1805 1 53 20 0 3 0 112 42 431 0 0 0 0 361 0 0 2 0 0 884 0 694 0 0 186 0 0 39 0 0 0 0 11 184 0 19 0 75 0 1104 0 0 0 0 0 0 0 0 0 596 0 35 0 0 0 0 50 0 21 225 16 135 691 0 4 305 0 0 0 120 0
 0 124 0 2549 0 0 0 0 0 43 88 26 0 0 0 82 0 0 0 0 0 0 0 243 0 0 286 85 296 0 243 32 586 0 0 0 0 0 729 0 7 0 0 0 1946 0 64 0 0 0 0 0 0 14 33 0 0 0 113 18083 0 0 1625 0 0 0 0 407 0 3 0 0 34 6 0 3120 504 16 201 0 0 0 0 325 0 229 0 864 0 12 0 0 74 5 0 0 0 0 2 0 76 0 0 0 0 25 0 83 0 13 0 336 0 0 0 14 32 388 0 0 0 0 987 0 0 0 1 190 0 35 154 0 82 39 26 0 0 247 0 16 0 0 0 0 0 93 0 0 4 0
 0 0 149 210 0 0 3619 173 114 3 0 0 0 0 3 315 476 0 0 0 0 1303 0 0 0 0 293 0 1578 3 0 294 0 0 0 455 0 3618 0 0 13 0 435 0 0 0 397 696 10 486 5 234 0 4 8383 0 0 0 0 0 0 3 0 0 1050 672 0 0 478 1621 122 0 36 0 0 0 68 69 563 0 1119 0 0 0 0 0 0 0 1716 0 8 25 0 82 2565 84 311 0 17 1027 0 0 0 0 0 51 0 0 0 126 0 29 0 95 0 0 0 0 876 0 18 152 0 3 6 0 75 0 0 414 0 0 346 400 0 0 0 4 0 0 0 0 3 0 23 0 826 0 723 0
 1004 0 94 49 6 32 0 0 31 0 30 0 61 0 600 116 0 205 0 696 0 0 0 0 124 197 0 0 0 0 8 0 0 168 2 305 0 222 0 0 1 185 4 87 1616 0 0 1 0 0 0 0 0 906 0 44 20 72 164 0 0 2 696 2 19 0 0 0 0 0 0 0 0 210 0 0 282 124 478 95 82 0 917 51 31 49 0 7 0 0 0 1883 82 0 3 13 1 0 28 0 0 0 0 0 0 0 486 7 67 23 0 630 0 0 0 72 0 0 30 9 0 0 0 42 1 74 0 311 0 373 19 0 0 0 334 18 0 0 103 337 0 0 0 0 0 1887 0 0 0 0
 0 0 3 0 0 0 232 0 0 150 0 63 8 0 51 0 5 0 0 0 0 0 0 0 0 32 411 0 0 0 0 11 140 0 246 0 29 0 0 0 0 0 1321 5 84 0 191 0 0 22 0 34 923 0 69 10 0 0 0 0 0 389 0 0 0 232 0 82 207 0 57 207 207 44 0 10 0 0 0 0 3331 0 3 2389 25 0 0 0 0 1049 0 76 0 0 36 0 33 0 0 1181 3 0 0 0 57 9 0 40 0 3 0 122 0 0 0 10 78 83 34 0 0 0 323 399 35 0 0 0 938 72 12 0 188 0 0 586 1287 38 1 0 159 196 139 127 108 0 37 3 0 0
 25 3 0 0 25 22 144 73 0 2 0 16 0 67 782 0 0 0 0 0 137 0 0 22 14 0 13 114 0 94 12 0 637 1102 0 16 1071 200 9 757 0 0 104 0 0 0 0 438 143 13 0 297 400 1 0 7 0 0 0 76 634 0 192 0 0 222 1 17 24 0 39 85 9547 0 12 2 0 0 0 80 0 54 0 2 0 114 126 729 2 0 0 1477 0 0 2028 1883 0 0 258 542 0 340 52 0 0 3 7 0 41 0 0 6 0 3 0 4 0 0 62 0 0 0 0 137 0 0 13 126 27 0 4 1901 0 0 0 0 0 3 5 0 52 150 2 87 0 0 244 0 0 795
 51 8 0 0 0 9 30 41 11 0 0 0 0 152 3593 0 0 14 0 163 0 162 0 0 38 0 0 0 9 2684 0 363 0 0 0 62 1839 0 0 0 0 24 0 1980 0 0 0 26 0 0 0 0 46 0 2 0 175 0 311 0 0 5 5 351 0 0 319 1 0 428 0 0 45 125 30 748 0 0 255 0 88 0 0 0 3 64 0 368 0 206 693 0 0 20 663 3 43 0 0 0 0 0 0 0 0 0 114 30 0 829 44 0 0 0 263 120 0 0 45 0 0 37 74 138 0 0 304 65 0 1098 0 0 0 0 0 0 432 0 0 0 0 4 0 0 0 1172 282 45 49 0
 0 0 0 0 0 0 1466 0 340 0 0 1192 0 28 0 0 0 0 204 326 0 30 0 64 0 0 0 0 1807 0 0 0 4 98 304 92 0 0 0 0 775 0 1445 0 5 13 6 0 33 0 196 0 0 29 0 21 72 0 476 0 0 0 0 0 0 453 0 0 0 5 1604 0 59 0 585 32 0 142 0 5 0 0 0 0 0 19 0 0 116 4 0 0 585 0 291 289 2756 0 0 0 0 18 0 18 0 0 0 305 0 0 0 0 0 100 0 0 0 0 0 0 0 678 231 0 16 448 2351 0 3084 0 0 0 0 0 166 315 21 0 34 813 0 0 0 21 0 0 0 0 5 184
 39 974 0 544 126 296 0 0 0 20 0 5 0 0 0 0 0 1104 644 820 4 0 2236 3 121 0 0 475 15 0 0 225 0 0 0 0 0 0 0 11 2947 4 243 0 0 0 25 0 301 0 238 0 0 56 2 311 0 7 0 61 0 13 19 0 0 0 239 0 23 0 176 0 797 2 1 0 0 0 90 229 0 5385 0 0 0 52 1571 0 0 0 0 20 0 0 0 210 14 0 328 19 0 0 107 0 0 0 615 31 27 340 87 134 0 0 13 30 0 176 0 243 0 133 1941 8 52 9 0 0 4 0 178 0 15868 50 0 0 0 27 0 148 0 0 0 19 166 83 0 0 5 10
 0 0 17 3096 84 263 0 0 0 48 40 0 247 1 0 292 211 2 296 0 0 74 0 0 0 27 0 0 0 2755 18 0 0 0 0 146 313 34 0 0 0 0 0 329 0 431 0 231 0 0 12 3430 35 0 0 0 0 0 330 0 0 0 5 0 0 0 0 74 0 0 0 86 0 1403 214 0 0 94 0 26 111 0 19 0 48 0 413 0 658 0 40 4 127 0 147 0 0 0 0 0 0 9 0 85 0 3 0 50 0 67 0 109 0 0 17 0 0 0 0 0 0 0 17 0 0 0 3353 9551 30 4 0 0 146 0 0 0 97 0 0 473 0 47 0 17 197 59 0 0 5 2
 0 32 213 0 0 0 108 0 0 155 37 0 0 37 0 0 0 21 1219 0 0 5 9 0 0 0 861 63 167 0 0 2230 0 205 214 1104 0 898 56 207 45 6 0 0 0 0 83 272 366 80 0 0 0 0 754 25 10 0 0 0 0 0 0 0 0 0 0 0 0 0 148 0 0 0 0 101 0 0 182 124 0 0 0 7 26 324 0 0 303 0 43 12 0 0 0 0 0 560 0 74 0 0 0 0 0 0 5 0 0 0 0 0 151 82 0 0 163 0 0 0 0 0 9 64 0 0 0 0 626 0 5 1 0 0 25 0 2 7 13 0 289 3528 14 0 33 0 48 0 135 0
 0 25 0 0 0 0 0 144 0 906 0 39 0 0 0 0 166 0 0 15 0 0 0 0 0 170 9 28 0 3597 5 62 0 21 293 0 48 0 0 39 0 4 0 0 0 107 90 83 282 0 0 59 0 77 0 0 5 748 0 3044 58 167 0 0 0 5 0 0 0 166 755 0 0 428 0 0 41 0 301 614 0 0 58 0 0 0 0 8 0 5 2 1092 0 134 0 0 2 33 49 0 0 12 0 0 0 807 673 0 0 58 0 0 0 2 24 0 0 0 98 0 0 73 0 0 29 383 7 0 175 0 0 0 176 71 0 0 151 0 46 0 20 63 30 126 563 0 172 0 37 0
 0 33 2 0 537 0 32 0 0 0 0 0 1152 0 0 0 0 0 0 0 39 0 0 0 14 0 8 35 10 51 558 1 0 81 19 0 12 0 0 69 0 0 2 35 0 229 0 10 0 0 0 0 0 0 0 1500 0 75 0 0 56 17 0 33 0 0 2705 406 172 10 0 772 0 0 5 0 0 5 104 34 0 172 0 1246 0 92 0 0 82 480 0 0 0 0 3 0 133 0 1 19 26 137 0 1 0 0 0 32 0 185 0 473 0 113 212 0 0 0 207 28 0 1 0 0 3579 705 0 121 9 293 0 3 19 25 0 0 94 108 0 31 0 64 4 0 0 30 41 5 0 428
 0 1 696 0 0 828 0 0 0 2 0 0 98 0 0 0 243 0 484 0 0 0 0 0 0 1 11 115 0 0 0 0 13 308 0 0 9 0 93 12376 0 0 0 0 0 0 1532 3 635 0 38 62 0 18 0 0 0 226 0 0 0 188 29 100 311 0 0 214 0 1116 311 0 0 0 0 0 1861 3 0 0 59 118 0 30 0 0 0 0 0 2036 0 0 0 569 0 0 0 0 547 0 0 291 21 0 0 203 4738 0 214 28 105 213 0 0 44 0 13 0 54 0 38 155 45 0 0 0 0 0 147 0 232 430 0 0 142 244 183 0 97 477 111 0 0 50 0 207 0 0 0 0
 78 0 0 127 0 205 880 13 9 0 974 0 0 1775 5 218 0 1383 0 7 0 0 0 0 193 0 1626 0 0 456 0 252 1119 0 25 0 10 0 0 0 0 -14 0 0 3505 246 0 721 0 0 0 0 0 0 31 24 587 7 0 0 46 44 0 78 0 0 924 650 0 0 0 0 28 0 0 0 0 0 1 0 0 0 0 0 22 0 179 0 163 5 0 0 0 0 0 0 311 0 0 0 1484 20 0 29 0 0 0 166 0 36 148 1 1 0 0 0 491 479 118 0 0 21 0 0 118 0 0 0 0 0 9 360 1223 128 246 0 0 0 0 128 0 3 0 0 829 137 0 7 0 24
 20 374 16 2 1 0 17 0 16 0 0 1 0 0 0 0 0 0 0 0 0 10 0 88 3 109 87 0 3700 0 0 0 0 22 0 0 82 5 0 0 32 0 0 0 0 54 63 16 0 1804 150 958 0 31 0 0 0 26 150 0 0 0 56 18 289 0 427 0 0 0 0 0 19 12481 1502 0 28 0 11 0 0 34 237 9 0 0 126 0 49 0 0 0 0 2 0 0 13 14 80 0 0 0 0 0 120 83 0 73 0 30 230 23 0 0 2 3 1 33 0 357 17 0 0 0 243 45 0 43 0 36 42 31 82 0 34 0 2028 19 18 0 0 0 356 226 63 0 0 0 9 0
 0 2 0 64 0 0 0 0 0 0 0 0 0 0 3 0 966 0 2052 0 67 127 0 0 372 666 331 0 448 0 0 0 0 0 14 0 0 0 17 0 142 38 71 0 0 526 0 0 16 0 188 0 51 0 0 0 224 24 0 82 0 35 0 82 0 349 0 0 33 87 16 9 8 0 0 0 9 0 0 542 0 440 54 0 8 19 0 12 0 4 0 0 295 0 0 0 0 0 0 0 13 0 0 0 0 26 6 0 34 0 209 206 294 0 0 0 77 0 0 9725 0 2828 142 0 0 0 0 0 22 0 0 2 3504 0 1 0 104 0 0 444 0 111 0 38 0 8 0 18 217 1050
 0 0 3 15 3 1507 0 0 0 0 1159 0 7 0 0 319 2 0 0 0 0 0 29 334 337 0 0 524 0 4 0 0 0 87 0 1 1 114 683 15 7 0 72 27 0 36 16 0 316 0 0 0 2070 0 728 0 0 1 0 68 0 0 0 0 0 0 0 0 374 0 0 45 153 614 0 521 0 0 0 0 0 185 0 110 13 112 38 0 67 0 7 0 0 0 0 0 0 0 39 66 0 0 0 13 61 9 63 114 0 0 0 0 0 36 226 0 0 6161 23 0 0 37 29 149 0 61 0 0 2 0 29 0 163 0 50 0 14 5 1079 21 0 0 0 126 0 8 168 0 0 138
 0 6 268 351 0 0 121 0 0 188 0 31 0 0 0 0 181 0 0 0 1 67 0 0 0 0 0 37 2939 59 0 0 0 0 0 720 0 14 0 0 383 0 0 0 0 121 41 361 0 4 0 12 0 45 0 0 0 0 1576 0 282 276 0 188 0 4 0 0 346 11 0 0 0 1 14984 0 0 0 411 81 324 0 0 51 357 933 0 0 2 64 208 3504 0 39 0 0 2 0 5583 0 0 0 4 0 0 52 0 0 0 0 221 0 0 0 0 0 731 39 262 16 0 0 97 149 4 0 0 35 278 0 0 0 234 50 0 0 625 165 0 3 0 0 0 0 0 6 478 0 0 0
 0 172 0 0 22 0 0 0 166 0 28 0 301 0 5239 48 146 0 1188 115 49 90 0 23 0 32 0 46 0 0 2682 0 0 28 0 0 0 0 0 62 0 167 0 3543 0 0 0 0 0 0 67 0 0 0 86 0 9 0 2 0 0 4 0 0 0 0 0 3 1063 3 0 8 0 669 0 2 0 39 18093 84 0 0 2 0 3748 0 0 5 117 0 0 218 0 0 0 0 0 1834 0 0 5 0 0 0 6 0 0 3 0 0 9 374 0 0 1104 0 0 0 36 0 51 85 1343 0 0 0 0 39 0 210 32 0 0 32 0 197 0 0 0 0 31 0 36 107 0 0 1 0 10 36
 62 0 0 0 43 0 0 107 10 57 102 24 1 0 0 708 195 0 0 0 0 32 0 0 0 0 15 930 0 0 0 104 0 0 5 24 0 0 0 0 0 0 0 0 52 0 0 5 22 0 0 245 254 13 0 0 5 4700 0 13 6 0 0 0 190 0 454 0 149 6 424 177 39 0 0 99 0 66 0 0 0 0 0 0 9026 79 0 0 0 0 0 0 0 189 0 166 0 0 0 0 0 138 0 0 698 0 683 0 19 0 52 440 0 0 0 0 0 0 0 277 573 0 346 0 0 0 0 0 0 61 0 1 0 0 0 0 2 0 0 0 0 0 0 24 19 0 0 6 0 2
 0 0 0 1 80 2200 0 0 19 0 0 0 0 0 0 30 0 0 0 0 0 0 0 357 0 0 0 0 0 0 1 0 0 2 0 0 77 0 0 0 0 39 0 0 0 0 23 0 14 746 0 0 1074 0 0 2756 0 353 331 211 0 0 0 0 0 397 0 102 0 21 35 415 52 0 539 0 666 816 0 0 0 13 854 0 0 0 0 0 0 85 0 0 0 0 28 20 218 0 0 1 0 24 0 0 0 0 81 667 59 0 0 0 0 0 141 173 829 12 1181 109 0 696 0 104 30 51 0 0 0 0 10 99 0 0 0 303 0 51 0 6 135 584 0 0 2 0 0 20 0 0
 5 21 234 0 77 0 0 536 56 0 17 0 0 0 8 48 82 0 0 0 0 13 0 0 0 0 0 82 60 0 31 0 0 0 211 125 20 0 4 2 0 2 0 3 0 0 3585 35 0 0 0 5 39 0 8 0 0 0 216 723 0 6 0 0 0 2 0 0 1498 108 380 0 0 188 0 262 0 0 0 0 38 69 0 49 2 286 10 0 40 0 1353 0 409 51 0 0 0 8451 0 0 183 0 0 0 150 0 59 137 0 0 0 9 130 36 25 0 2 21 0 0 0 0 0 0 0 19 1 25 0 0 0 49 0 0 0 0 0 2748 269 0 0 0 0 5 0 0 55 0 0 4
 542 49 0 884 0 38 0 4 21 2 0 0 0 0 0 0 471 611 0 0 0 15 334 0 122 0 0 0 2 0 83 0 683 2010 0 0 0 297 0 3 0 32 0 0 566 0 0 0 28 0 39 3 0 0 0 0 663 0 0 0 0 5 0 0 0 0 0 0 0 0 0 0 303 36 0 3 0 369 0 4 0 0 71 42 188 6 0 0 80 0 0 0 0 0 12 17 0 0 0 6 0 116 53 4948 0 114 114 0 311 0 0 699 0 0 0 0 49 48 0 727 0 454 0 0 0 2 0 0 0 85 0 0 185 0 0 0 0 17 1162 181 0 94 0 0 0 0 0 14 0 0
 0 0 492 0 0 0 0 0 0 696 0 128 8 0 0 2454 3 60 0 2 8 0 2227 0 0 2 1725 0 0 0 32 0 0 1183 375 64 0 110 0 464 0 356 0 3 0 0 13 0 83 0 0 21 0 0 0 130 0 0 10 0 0 0 0 0 244 0 0 435 0 0 0 87 6 0 0 0 0 0 311 0 0 128 15 0 0 7 0 14 0 5 0 185 13 1 14 0 0 0 1 0 105 0 104 46 32 0 0 0 40 0 0 28 0 0 0 0 98 0 25 0 0 37 0 50 231 0 0 160 0 708 0 696 0 1 0 0 81 105 0 0 1 0 707 162 0 357 57 0 0 72
 0 0 0 0 0 0 0 1843 0 0 65 0 34 0 107 0 0 46 0 0 0 10 0 0 0 0 0 60 0 0 3 0 0 0 167 1874 0 0 41 0 732 210 86 0 0 18 151 0 0 0 266 167 0 0 0 0 0 0 6 0 0 465 0 1029 78 145 0 0 0 28 0 268 0 119 172 92 164 0 0 9 0 0 138 5 35 0 475 0 0 0 0 8369 0 0 0 16 0 465 0 0 859 0 8 0 0 0 3647 0 0 0 64 0 0 0 0 1500 0 2 0 0 58 0 0 0 0 7 0 0 0 173 0 11 0 0 6 0 31 9548 0 70 302 0 1 20 0 0 0 0 0 59
 0 0 111 819 0 799 0 12223 0 0 0 104 0 78 795 111 610 0 93 0 11 132 90 0 0 1662 0 63 0 0 0 49 0 98 0 0 73 179 0 9915 0 0 0 197 2041 0 478 0 340 0 3523 0 30 88 0 1546 0 2 199 0 75 185 0 573 96 148 55 0 5 0 68 2 27 0 0 2 1500 0 0 132 69 124 0 0 0 14 0 0 0 13 0 8 0 0 0 9 0 0 1 0 0 0 24 238 36 6 0 0 0 0 196 188 0 64 144 137 39 0 0 71 0 0 83 0 8 0 4 0 214 32 148 331 0 37 0 0 0 0 15 574 0 0 0 7989 57 13 19 0 0 35
 0 0 5 0 114 0 0 0 0 66 114 302 0 0 0 192 0 19 0 25 0 0 34 0 0 0 0 0 0 0 206 0 0 0 4 0 1050 0 716 64 48 0 351 0 0 166 0 9877 167 0 4 74 0 0 23 0 0 197 0 58 38 0 84 0 0 0 0 0 60 0 0 0 0 4950 0 0 234 0 1082 143 9 201 2 3 26 1244 0 2 0 0 0 5 0 1 0 91 0 0 75 1239 69 0 342 0 0 55 5 0 16 0 481 0 0 0 0 3 134 974 5 0 0 2 46 7 396 0 0 0 0 19 0 80 14 218 8 4 24 0 63 126 30 0 102 0 0 0 27 0 0 0
 0 0 118 0 0 0 181 326 0 100 96 0 0 0 84 0 23 0 0 428 16 8 0 250 85 38 0 311 0 16 0 0 0 6 0 0 0 0 33 0 8 0 0 0 591 49 0 57 0 63 88 0 45 0 0 145 3700 0 48 0 0 0 80 14 0 0 0 1144 22 0 0 543 0 574 0 0 897 50 0 2 229 0 706 134 0 0 0 0 55 221 913 55 7 0 353 60 0 0 0 670 115 0 0 0 0 0 45 221 60 0 0 0 0 185 451 63 135 38 0 0 25 0 0 23 0 3333 0 0 42 0 0 87 0 376 0 14 0 0 0 557 5 0 0 0 11 14863 0 0 0 5
 0 60 0 196 0 57 0 0 0 0 118 170 0 993 347 0 0 117 18 8 0 32 11 0 614 0 0 0 0 351 0 0 311 0 0 132 63 0 0 48 145 0 0 0 1067 231 0 0 1242 18 0 3 4395 1 696 0 6 0 451 22 0 0 0 79 1 0 0 0 0 0 0 0 0 0 0 0 0 0 0 0 0 0 10 0 311 0 401 0 0 0 0 0 0 15 0 112 61 13 46 0 166 35 21 2 0 0 60 0 0 18 57 0 0 0 0 0 0 0 671 0 223 20 0 56 16 0 15 15 0 424 0 0 0 0 13 0 29 0 0 0 0 79 0 0 22 0 13 3740 0 17
 79 0 149 10 0 4 0 262 172 0 0 0 0 0 35 0 468 0 13 21 4 0 166 0 33 0 245 0 74 1624 0 0 4 926 50 0 0 38 0 0 0 0 0 0 0 518 0 0 0 0 1 0 37 0 0 93 80 479 0 0 0 0 0 0 50 7 0 230 0 63 60 898 80 1 0 1 4260 9 7 13 0 83 0 0 0 0 21 129 1496 2 117 0 0 0 26 1662 0 18 0 0 0 0 0 0 0 0 0 0 20 0 44 0 8 1 0 58 0 0 0 65 0 21 0 0 0 0 48 0 0 25 0 5 9 184 0 0 0 16 0 228 10 0 89 6 11 0 8 90 0 880
 0 0 0 1500 455 0 732 66 368 73 0 0 241 310 0 0 23 0 0 0 897 0 0 0 8 47 0 4 0 19 0 12 4 0 0 41 0 39 7 13 4 15 0 155 2 0 0 5386 0 0 191 0 0 0 0 0 0 71 0 13 0 160 15 2000 0 14 0 190 0 296 0 0 39 0 4 0 3 4 0 22 0 26 0 0 1 0 313 0 0 0 0 0 0 0 36 27 14 0 0 584 513 27 16 1465 0 0 0 0 26 319 0 0 0 0 141 0 0 336 615 0 36 0 0 6161 0 5 0 0 0 428 0 221 0 0 0 0 11 0 0 107 0 0 0 2 0 0 0 0 200 14
 88 0 5386 0 0 615 0 313 0 0 83 80 9 0 0 0 47 0 0 48 0 662 0 0 455 0 0 0 0 362 5 22 0 3 213 0 14 132 0 374 3840 0 1 0 0 0 167 0 0 0 0 182 302 584 0 282 0 100 0 0 0 0 0 0 68 19 0 0 0 0 0 50 0 8 88 0 0 0 338 0 898 9 62 45 196 0 0 0 59 0 0 0 1 4 0 0 209 3 253 0 4 797 0 0 0 352 615 26 0 591 0 0 0 0 3455 17 1144 0 102 0 0 0 122 0 2028 0 0 0 0 81 0 0 503 0 0 0 0 0 0 0 295 0 0 0 0 0 0 0 3 111
 26 19 0 0 0 0 5 0 3 410 66 366 51 0 0 0 4 0 56 0 24 0 0 127 828 0 0 0 12481 37 0 167 0 535 772 14 35 77 0 0 5 0 216 0 303 0 3673 0 40 72 209 0 15 0 0 234 52 194 80 293 3 34 0 0 0 0 0 23 0 196 74 0 446 0 326 3 47 397 72 68 0 18 396 119 44 0 0 58 16 1 0 0 0 52 87 286 585 58 126 17 0 22 0 0 25 0 511 0 0 0 29 1149 473 0 0 0 0 0 33 27 3 0 0 0 0 782 97 0 0 67 641 461 9 0 0 279 121 0 0 537 596 10 0 0 0 0 5 49 0 71
 0 0 36 0 207 0 0 0 84 0 210 0 0 0 0 0 0 0 0 4 128 0 0 0 0 0 166 0 61 0 0 0 269 0 0 0 0 8451 0 0 0 0 14 0 67 0 0 42 2492 0 0 9 0 0 465 5 176 682 0 0 0 2 1221 11 0 0 0 0 117 0 0 0 0 0 0 442 0 6 0 0 0 0 1 21 1100 39 3 0 0 0 0 15 26 0 15 0 311 27 0 893 9449 0 0 0 13 0 0 1094 71 0 0 62 15 25 0 0 0 82 0 86 0 26 4 0 0 0 0 8981 36 8 0 0 601 84 0 47 0 9569 0 92 73 0 0 33 0 17 0 2027 0 0
 462 0 360 0 0 442 0 258 0 14 0 71 3 0 8 141 0 0 11 0 0 2602 14 193 612 0 0 196 0 9 0 294 0 0 99 0 0 572 10 124 0 0 0 2705 0 0 0 28 12377 0 43 274 570 0 0 0 0 19 0 167 2 0 0 29 478 15913 0 0 0 0 36 0 13 0 10 101 829 3 0 0 0 0 12 0 0 36 5323 1776 0 2 0 0 0 0 0 0 679 0 150 17 10 0 0 0 0 0 0 423 0 11923 0 0 0 0 0 0 0 52 0 2617 0 0 0 0 630 0 0 270 346 473 0 129 6 140 8 0 0 8 0 0 12 0 402 0 36 213 367 8451 584 111
 0 480 0 0 18 0 0 0 115 3645 25 0 0 85 0 21 1184 0 8 0 26 202 1015 0 0 78 0 0 0 350 0 3 141 0 0 105 383 0 26 0 0 0 0 0 0 0 17 113 114 421 27 591 0 0 48 0 0 0 0 20 60 0 0 23 5 0 0 7 0 0 1 208 1104 0 795 0 0 0 26 6 0 0 0 0 0 0 69 88 0 0 0 0 0 0 49 0 0 12 0 543 1616 0 0 12 0 0 8 42 149 0 38 0 0 4 2 0 0 84 0 0 0 0 0 0 0 14 3 403 0 0 101 0 151 0 1 5 0 0 0 180 0 0 14 22 0 1 4 0 901 381
 0 754 0 0 0 0 0 549 0 304 129 3543 0 17 0 0 0 1556 0 1190 0 0 1159 383 54 38 33 695 22 0 0 112 6 1165 80 11 20 0 0 279 0 54 0 74 85 19 0 0 3 28 30 0 0 0 153 71 0 0 0 0 1502 0 0 0 0 0 0 83 0 0 0 0 240 0 0 0 0 0 0 0 67 343 0 0 183 0 20 13 6 0 0 0 0 0 584 0 77 0 1708 3 39 166 0 376 120 0 0 0 0 0 0 1246 0 193 757 0 0 0 166 3 121 0 84 0 0 0 0 25 0 20 0 0 0 1 0 0 1 0 1149 0 46 2 0 78 0 7 0 1 0 0
 59 0 0 16 0 19 0 0 0 0 31 0 1605 0 0 0 0 0 0 6 2036 172 28 0 212 0 0 0 270 0 25 0 0 0 0 185 139 0 0 434 355 0 0 0 0 0 1074 13 0 0 4 21 0 0 0 65 0 0 0 0 41 14 0 21 150 0 9569 10 0 18 0 311 27 0 0 0 0 25 0 178 54 4 13 6 0 413 0 225 628 26 0 0 4 58 439 1 0 0 0 0 0 506 42 0 0 0 0 0 0 0 0 269 0 104 0 0 2347 0 0 0 2 0 0 85 1722 32 0 568 0 126 0 0 0 0 60 0 0 0 0 0 0 0 0 0 0 0 0 0 0 0
 0 4659 0 0 81 0 6 153 0 60 0 0 0 0 549 9 132 3 0 0 76 0 0 0 0 0 11 0 797 7 0 0 0 0 0 0 42 44 9 0 1 0 0 0 146 2052 0 0 3543 110 15 237 966 0 0 6 0 0 35 26 0 37 46 55 430 0 4 0 0 0 19 0 0 0 0 0 195 0 196 0 0 15030 64 0 317 15 37 0 0 0 0 0 0 0 0 3 0 0 0 0 24 0 1 0 230 0 46 0 4 0 11 0 0 0 0 0 0 9 0 0 658 0 0 33 0 0 0 0 1786 0 35 0 40 0 0 31 0 2 3269 0 0 92 81 83 473 334 41 0 2 28
 0 0 0 46 0 80 0 8 34 0 122 1 0 35 0 9026 14 0 74 110 0 7 0 0 0 0 741 0 0 138 3 0 0 0 15913 16578 0 83 4 0 0 0 0 332 146 87 0 105 0 20 21 0 38 2047 69 0 5 0 0 101 0 4 598 0 0 0 0 6 0 0 59 8 0 234 238 3 42 35 206 0 0 0 76 0 0 195 0 0 0 221 1096 70 0 286 455 9604 0 0 3543 0 0 0 0 0 4 0 114 0 129 0 0 7 0 0 1 0 0 0 64 0 0 0 0 0 0 0 0 0 3 0 67 0 220 0 0 43 0 9 0 0 0 46 0 0 9026 37 0 0 415 176
 147 57 0 15 45 0 0 6 382 2 0 0 176 146 82 0 0 1094 2 0 3 0 0 0 81 0 637 0 0 0 485 0 0 7 694 0 0 42 87 0 11 8 72 0 0 0 0 0 118 0 2 97 1391 0 0 0 171 0 14 39 1 0 5 0 55 0 1 0 0 119 0 279 0 757 0 191 0 535 0 0 0 1 155 253 0 0 0 0 0 346 0 0 0 744 0 0 0 535 0 0 0 14 0 0 0 42 3724 0 1053 0 0 19 244 0 0 0 0 0 15 0 0 3 0 4504 0 7 124 1 0 0 0 0 0 8451 0 0 0 0 62 0 1 1299 63 0 0 0 0 3139 36 0
 0 19 0 0 484 0 0 0 0 0 0 0 0 11 0 1 3 277 13 90 0 25 98 37 0 0 0 0 0 0 2756 755 937 0 0 19 3 8 0 0 0 3531 0 0 7 0 0 0 0 0 51 46 0 46 122 0 0 0 0 274 0 0 9 58 42 0 637 0 0 82 25 303 1357 16 0 310 0 0 0 0 0 1 0 0 293 0 25 80 2 0 0 0 0 0 0 242 0 139 19 87 0 35 0 0 0 0 0 0 0 0 19 383 167 75 10 0 0 0 0 0 0 188 0 670 0 0 0 0 0 0 0 32 114 0 0 0 81 31 481 0 0 0 15 0 244 449 0 3093 0 0
 0 200 43 5 0 0 0 17 0 13 4 0 0 0 0 0 55 280 0 0 0 80 0 292 8 0 397 0 36 0 4 0 0 167 0 0 6 0 0 1637 0 5 1 0 784 12 1363 0 0 0 109 0 61 0 424 0 3 0 0 0 0 0 0 0 1 451 0 0 2 0 0 118 158 0 0 568 0 0 157 593 0 906 0 0 0 33 3 108 0 0 0 0 0 0 0 0 0 0 0 0 0 98 0 0 0 0 4950 56 0 0 0 86 756 0 0 0 63 88 0 33 32 1 249 128 3 325 0 10 51 0 107 0 0 2 0 468 0 0 21 0 0 0 16 0 4 0 161 0 0 0
 280 0 2615 23 0 0 0 0 8 0 0 0 0 0 0 0 4 116 88 6 0 0 0 0 47 45 1 5 98 115 34 0 0 98 81 0 0 0 41 0 4 23 0 0 0 21 0 0 0 0 0 0 0 0 13 0 21 0 0 0 226 38 81 0 82 0 0 0 0 0 0 5 146 0 0 152 0 0 0 0 82 0 30 0 0 17 0 0 0 39 8 6 2 0 72 0 0 0 0 0 0 133 0 0 10 83 0 354 0 377 0 0 0 34 129 0 4 0 0 0 94 582 0 0 0 0 0 0 20 0 0 157 0 0 0 0 10 100 0 0 0 465 6 0 45 0 0 277 0 0
 28 175 1 0 0 8 0 0 473 31 0 0 0 0 0 0 1075 0 0 302 0 277 84 0 67 0 146 0 0 0 0 0 0 0 0 0 74 0 121 0 10 0 0 0 0 2036 0 0 0 0 0 0 366 0 53 67 2618 0 0 0 0 5 0 0 0 0 30 61 1305 0 0 0 2 0 19 0 0 0 0 0 22 0 0 696 0 0 56 0 143 2 40 80 0 0 0 0 22 2468 0 0 723 0 0 44 0 0 0 208 14986 0 30 64 0 45 0 0 714 0 155 3 0 13 0 0 15 103 2 0 0 55 0 0 247 0 0 234 16 1605 0 0 0 0 0 142 0 0 0 0 0 0
 67 90 19 48 0 52 0 0 114 0 13 0 288 6161 4 0 0 1 0 0 0 18 26 0 1083 9563 0 0 0 0 0 0 1 0 0 0 0 89 0 0 3 313 0 0 0 0 0 3266 0 0 0 3634 0 21 0 0 0 0 119 0 543 292 0 3568 18 0 0 0 0 0 0 479 0 4 0 0 0 0 39 11 2066 0 57 0 0 0 156 39 0 351 36 0 0 58 0 3 13 3 0 301 904 0 467 1 85 0 0 36 0 3 0 0 0 0 0 138 0 0 0 51 0 0 0 0 0 196 413 0 0 0 27 0 6 0 1226 329 646 0 0 0 258 0 640 0 0 0 0 19 0 0
 0 0 0 0 69 0 0 0 0 0 0 479 45 0 0 18 0 0 0 80 0 0 0 48 5 0 0 0 0 932 58 29 0 0 0 0 0 5 775 0 27 39 0 0 167 0 12 0 0 0 79 0 0 14 108 210 0 303 0 0 0 72 0 0 0 1 86 0 72 542 111 96 0 69 75 88 0 0 0 0 1605 0 0 427 2 0 9 3 0 0 0 281 1159 0 79 0 0 6 0 72 0 465 5 0 0 25 0 5 0 193 0 0 0 0 0 0 24 0 422 0 82 0 55 2 26 213 0 0 0 0 4 0 2 0 0 0 30 7 0 0 0 163 0 0 6 0 0 0 0 11
 240 0 222 0 26 654 3 0 85 428 0 0 34 0 0 0 0 502 34 0 0 5598 0 95 31 0 0 14 0 119 0 0 0 0 0 1097 0 0 119 690 19 147 150 228 0 14 0 0 0 0 0 4 0 0 6 108 80 0 51 0 0 0 0 316 3325 66 48 0 0 0 0 0 407 0 0 0 0 0 23 0 19 13 0 793 191 0 64 170 46 4 0 0 0 0 0 21 0 168 0 15 0 400 150 0 0 0 8 3 46 31 1167 0 29 0 0 0 0 0 0 0 0 0 0 0 0 315 0 81 0 32 0 0 0 23 218 192 9 2 0 0 0 0 0 0 18 0 19 0 48 63
 5 0 0 0 0 0 0 0 0 126 0 440 128 0 21 0 0 0 0 0 127 0 0 0 0 0 57 0 0 0 0 0 2000 21 318 21 0 93 0 0 0 56 0 0 3 0 2 0 0 241 34 28 0 0 0 0 25 0 0 102 0 62 0 362 18 12 0 0 0 19 0 380 41 51 595 64 0 20 0 0 98 0 1500 0 584 0 119 0 70 84 2052 0 0 0 0 748 83 0 0 0 0 0 0 1626 0 41 0 0 0 0 0 0 5 0 5 65 0 0 0 0 83 0 731 0 0 0 0 0 10 87 0 0 0 0 0 0 168 118 0 550 16 0 2 0 3333 10 9 245 0 0
 0 0 0 0 0 0 21 0 121 10 0 24 0 0 213 0 0 0 0 131 0 6161 226 0 0 0 24 0 0 0 0 647 83 146 0 0 0 33 143 0 0 16 18 0 0 6 0 0 0 146 0 1 188 12 344 0 1600 0 0 75 0 0 0 0 18 0 187 0 0 5 218 238 561 374 22 6 0 305 0 16 0 0 379 0 0 0 0 565 1 67 0 2236 0 0 96 0 16 0 0 0 8 0 148 0 351 1 0 0 0 0 0 0 70 0 0 0 0 93 0 9 0 0 0 0 2028 416 0 0 804 421 1786 0 88 0 0 75 0 0 0 6079 21 0 0 0 0 0 0 0 80 0
 0 0 0 0 0 0 0 973 0 4739 0 5 0 200 197 102 0 412 48 250 4 906 119 0 0 30 25 0 0 0 0 3 271 0 106 0 56 0 0 0 21 0 0 12 94 0 0 59 118 440 87 0 1 31 0 0 152 0 30 0 0 152 1014 0 568 83 0 0 0 96 0 750 141 0 899 0 86 510 0 0 0 386 0 0 0 0 0 0 140 3313 0 2213 182 0 2 0 4 1 0 213 0 1 66 0 0 0 0 0 447 0 196 0 463 13 750 3749 0 9 2036 65 0 45 24 0 0 13 0 0 0 0 1398 0 0 106 134 32 1515 0 8 9 0 213 0 51 0 0 9917 0 0 0
 33 22 0 45 0 80 0 0 280 0 112 0 23 84 0 1 0 0 0 0 0 0 3 12386 0 0 0 0 45 54 0 34 0 166 0 0 0 0 0 0 0 376 16 0 9 0 0 30 757 67 0 22 0 0 0 0 0 0 0 0 0 0 86 0 1138 0 17 881 8 96 0 267 591 0 23 11 15 0 171 3 0 0 0 0 156 468 0 0 0 0 8 0 311 0 0 0 0 0 0 0 39 2236 0 0 0 0 1 0 0 0 0 428 77 83 0 73 0 0 0 0 0 0 0 3 0 19 4950 59 878 61 4 0 73 0 0 0 0 0 166 2031 1104 21 0 0 1 17 0 9 46 13
 1751 18 23 33 77 13 1363 9 0 0 588 51 0 228 263 0 0 9 0 0 0 0 0 0 0 0 0 0 368 0 0 0 21 0 211 113 0 50 53 124 0 175 1181 27 128 0 48 10 86 0 84 46 0 0 0 0 24 8 7 0 51 0 0 10 0 0 61 6098 0 26 20 0 0 0 0 0 0 65 17 20 267 0 2 157 93 6 0 62 0 0 141 580 0 89 32 88 0 0 50 27 416 0 0 0 0 25 0 10 0 0 0 0 83 0 112 0 0 0 0 101 50 0 0 383 748 258 0 53 0 0 69 0 0 0 0 82 495 0 547 0 0 164 33 0 0 0 44 0 0 0
 256 0 0 0 59 0 0 0 0 0 1070 0 0 0 352 40 15 2 0 0 0 1662 0 0 0 0 123 0 0 91 13 67 0 0 3 0 77 0 9 0 0 181 0 0 0 104 3538 6 0 0 3821 0 0 0 0 291 0 0 0 0 0 29 269 0 0 0 0 0 0 0 0 0 1363 24 0 0 29 0 0 0 395 0 0 19 0 0 0 0 12 344 4 0 14 129 0 61 0 4 733 58 0 0 0 0 0 172 0 0 0 0 367 1363 3083 286 42 0 0 0 3619 0 0 46 293 21 0 0 0 0 0 0 0 0 0 62 9 1428 1347 0 7 416 0 351 131 51 61 57 279 215 282 4
 3 56 0 0 135 0 0 0 13 9 0 15 0 653 724 29 294 28 0 0 0 0 0 0 880 10 0 0 167 159 0 0 193 225 987 82 0 34 0 81 0 36 0 0 121 6 0 0 0 0 0 0 0 70 0 0 0 11 154 0 0 0 0 1305 41 0 0 0 0 1 2758 0 0 0 775 1170 0 0 3 261 0 0 2 57 0 5 0 0 0 0 96 43 305 0 2 686 0 0 27 723 130 150 42 1137 33 0 234 0 0 45 9 0 8 0 11 0 3301 1246 0 22 44 0 34 0 0 0 0 0 0 0 31 0 5 0 342 0 150 0 0 0 0 526 0 4 0 0 1363 0 0 0
 0 0 0 173 0 12 319 309 7 0 3353 0 29 0 0 0 258 134 100 63 0 0 0 5 10 0 0 0 0 0 0 0 0 80 19 1 234 0 779 0 0 23 0 588 0 0 101 24 0 0 0 0 0 50 0 0 61 964 0 0 0 0 291 14 0 0 0 0 0 0 0 264 0 40 0 0 189 3 829 0 0 0 0 36 0 0 643 0 0 0 0 28 0 11 0 0 0 3661 1605 271 464 0 0 4 0 0 0 1 45 49 58 83 271 150 0 0 0 0 128 0 0 0 0 0 0 0 234 618 0 0 172 97 0 90 0 0 1 0 0 0 0 0 42 384 151 0 0 0 0 3840
 0 0 0 0 59 0 1 0 0 41 28 0 19 0 0 4 0 0 0 4 0 0 13 416 15 331 133 7 0 323 0 0 1322 0 8 21 0 0 27 41 0 0 0 0 0 0 0 0 0 0 0 0 0 0 0 51 0 15 0 0 0 0 176 85 0 0 0 222 22 0 27 11 0 0 0 0 0 0 0 0 0 56 0 0 0 11 8 0 1184 41 0 0 0 0 43 2 11 7 0 29 0 0 0 41 0 0 0 0 0 0 18 0 713 39 50 0 2 0 0 0 0 0 0 58 0 0 0 0 118 0 0 0 5 0 0 0 0 0 0 475 0 120 84 1269 41 1 0 0 74 42
 0 2 0 0 0 0 0 0 0 0 232 0 167 0 98 96 17 0 0 0 1 30 144 0 201 0 0 0 0 25 0 92 0 0 0 0 78 0 172 0 121 3 66 0 0 0 21 0 58 0 0 0 83 0 0 36 25 37 808 4 67 0 0 33 6 0 0 0 0 20 0 0 7 121 85 234 21 9 19 0 0 31 0 45 0 0 80 0 0 15 3 156 8 162 906 14 1050 2 465 150 8 610 146 4 0 0 0 1 0 0 11 0 0 0 85 5214 0 0 0 0 0 53 704 0 0 0 624 0 2618 309 17 721 0 196 0 124 0 0 0 0 0 0 128 7 48 0 4 17 0 0
 4739 0 114 83 15 3 0 11 8 0 0 0 6 0 116 0 3 0 0 311 0 0 0 0 0 0 10 0 21 0 430 39 0 0 74 0 0 16 3 32 0 0 0 349 0 1193 50 2 0 0 0 93 0 154 2 0 0 0 0 0 78 0 0 0 0 0 0 1962 409 0 0 2 0 0 0 0 0 432 10 19 14 51 13 0 0 0 0 3251 0 3840 0 0 0 488 1 155 0 126 0 0 0 14 343 286 0 0 0 0 0 0 0 754 75 0 246 0 10 374 25 14 21 1502 611 0 0 23 0 7 27 4 0 0 0 92 13 0 0 0 0 0 7 5 1 0 26 0 114 2236 0 0
 0 7 2 4 56 0 17 301 0 0 126 0 0 0 18 51 344 0 277 0 37 0 0 820 0 595 0 0 0 259 0 0 0 0 304 8 326 26 0 0 4 614 21 0 479 25 0 0 143 0 19 0 313 65 0 3 12 0 70 6 0 0 0 0 0 0 10 0 565 0 0 8 4 0 0 0 638 0 14 0 0 451 55 13 303 0 0 0 484 585 121 0 0 0 96 0 356 51 1094 251 0 181 0 2 61 0 987 103 0 0 0 0 0 0 36 0 0 10 0 211 5 1 92 0 0 9 0 11 0 0 87 13 6 0 0 108 0 0 192 0 0 3 0 0 41 395 0 27 103 731
 0 0 0 46 0 0 46 0 709 73 1626 46 0 0 0 0 0 0 169 95 26 429 0 33 0 0 451 151 121 0 273 70 0 17 0 32 0 0 0 0 105 0 0 148 0 0 0 86 56 0 0 218 0 164 261 0 0 0 54 0 0 0 278 242 0 0 6161 62 46 0 75 0 0 125 2618 0 0 0 0 175 408 0 0 0 0 5 24 0 0 991 0 0 0 0 33 0 0 0 55 16 0 2 16 0 442 0 0 0 0 11 0 357 0 0 1159 112 282 51 0 0 57 113 0 0 0 108 0 0 58 0 0 222 0 711 0 1 0 0 0 3 0 1 260 0 232 0 27 0 66 0
 0 36 1510 44 0 0 0 0 0 0 194 0 10 43 0 0 0 42 704 48 0 0 0 0 2213 0 1177 0 0 0 0 0 128 0 0 96 0 0 0 0 0 0 154 0 28 0 163 369 0 234 0 0 10 0 10 0 0 0 106 176 0 14 0 0 21 0 0 0 0 189 66 0 0 0 225 0 0 0 0 192 28 0 1181 449 0 0 0 0 0 683 1074 0 0 0 22 0 351 55 90 155 33 82 0 21 12 0 62 0 1487 0 11 0 0 0 0 128 0 27 0 470 0 0 57 18 0 0 0 78 638 33 0 0 0 0 0 0 32 127 3 0 0 0 2 0 0 0 0 22 397 0
 0 0 0 0 0 0 0 46 0 0 0 320 347 0 269 0 0 0 0 60 0 0 0 0 737 0 0 1 0 0 898 85 271 0 6 42 0 0 0 1 0 51 2 146 0 0 397 0 0 0 1 361 0 58 1009 0 17 0 9 19 1246 95 139 0 1 113 7 0 36 0 244 0 0 0 211 0 0 0 0 0 0 0 0 978 0 0 0 0 3504 0 0 59 24 0 0 0 347 0 0 0 0 0 1173 0 80 6 0 0 0 0 541 0 43 50 0 67 0 15 12 0 155 0 0 28 25 356 0 72 111 0 3 670 0 0 3139 0 0 16 1500 2219 57 27 0 0 0 20 1144 0 0 0
 0 141 108 18 0 4 422 0 0 30 33 0 0 0 0 0 34 0 319 0 0 31 0 80 23 185 0 25 0 0 0 0 0 0 0 0 0 0 0 0 103 0 226 49 273 0 0 48 33 0 1718 0 0 0 0 0 615 36 250 1347 118 0 6 235 0 9 50 0 1 12 154 0 0 260 0 371 0 0 0 0 0 237 0 0 286 0 71 2 6161 0 0 478 61 754 0 223 735 54 59 0 15 21 97 34 0 0 271 0 0 0 0 0 0 496 1205 2756 24 5 55 0 0 0 6 0 123 0 0 0 39 229 0 0 0 8 8 0 0 0 0 0 0 835 58 0 0 0 33 0 0 0
 6143 0 0 0 183 729 371 19 3619 15 3 24 1221 282 326 0 0 0 0 0 0 0 0 0 0 0 0 0 0 0 0 99 0 0 0 56 0 17 0 0 121 401 25 0 129 26 27 0 86 0 16 0 0 410 59 0 696 584 26 0 97 0 133 1163 1762 0 6 0 19 358 46 0 0 385 0 64 46 569 0 0 0 0 0 20 2 0 40 238 59 225 0 0 0 1801 0 0 17 0 0 0 298 0 747 539 0 160 10 0 0 75 112 0 20 271 0 0 0 306 190 0 401 782 293 6 0 30 0 0 41 2764 0 0 0 0 0 0 49 1874 0 0 5 33 0 0 0 0 78 5 0 465
 0 0 3840 0 92 504 0 0 0 0 1662 0 0 467 0 0 0 48 0 0 0 8 0 0 0 54 61 0 0 0 28 1104 89 0 147 0 0 10 0 666 0 244 0 87 1347 0 9 0 23 0 0 0 79 30 0 49 0 120 225 0 0 1 0 42 0 0 650 0 0 188 0 0 75 0 3575 0 1305 30 30 464 0 0 56 0 43 0 0 446 0 3353 117 0 0 3 0 0 196 0 0 0 4 16 70 0 34 0 0 0 0 1616 0 58 38 0 32 202 0 19 33 2443 0 0 0 0 0 5 574 0 1 14 7 14 5 49 50 0 1113 0 260 0 0 195 4 0 0 0 0 0 0 19
 14 180 80 349 1022 0 3 0 1278 0 0 0 0 60 39 4 1586 0 0 0 75 0 42 0 0 351 145 235 103 0 0 0 0 0 0 1 0 3 641 0 0 13 175 19 1144 0 421 210 0 2 0 0 324 0 82 0 1 0 0 756 0 0 1 0 0 0 317 0 0 1 0 0 2 0 0 34 75 0 0 50 0 362 0 0 0 0 0 0 0 0 42 37 3086 159 87 3 289 310 637 0 568 79 0 0 0 16 0 20 0 0 0 0 618 0 0 304 0 0 0 0 0 1489 158 11 0 0 0 0 0 0 39 1 456 0 0 80 5386 5 0 209 0 0 99 32 86 0 0 0 0 213
 2 0 0 0 0 0 0 72 0 0 0 0 3 396 0 0 1552 25 477 0 0 0 0 0 157 0 127 0 44 0 0 12 0 0 0 0 116 18 0 21 46 30 228 9 23 0 585 0 0 1281 0 8 0 0 0 0 0 0 0 5386 0 15900 3746 0 28 0 0 0 709 0 465 344 9 0 0 0 0 0 0 2 0 0 0 158 0 0 0 5 0 18 282 0 0 121 0 305 225 0 0 340 0 18 0 2 0 3 0 0 54 0 146 146 0 277 0 104 29 4720 431 0 0 16 0 4 0 65 0 14 0 0 0 0 0 138 1464 0 16 0 0 0 2 0 10 148 11 1 0 0 2569 0
 0 0 323 696 0 1650 0 5 0 3 0 0 61 209 86 2 35 0 66 0 0 0 0 0 67 416 146 41 75 0 0 0 0 0 0 0 408 2 0 0 0 0 0 1 67 0 0 5 0 34 0 50 578 1 94 0 0 0 0 0 0 0 0 0 0 225 279 79 98 10 287 0 0 0 2509 967 0 0 0 35 104 10 194 21 0 0 27 0 17 0 0 0 0 0 0 0 0 0 0 1 0 0 13 0 0 3768 0 0 50 0 5 0 0 0 0 0 0 17 46 0 14 0 64 6225 103 16 0 501 0 0 0 0 0 0 351 8451 0 24 227 32 28 0 0 0 0 0 176 45 0 0
 50 0 41 0 0 220 301 4 550 14 0 130 112 0 60 231 172 0 0 0 0 0 0 301 0 393 322 0 10 5 67 46 383 31 1720 117 0 0 0 0 1345 57 0 104 0 4 0 0 1 0 272 0 0 73 28 422 0 0 24 0 0 0 183 0 9 124 27 0 0 0 338 3615 0 0 0 0 14 0 0 0 306 0 5386 0 0 0 0 0 262 0 4950 0 23 13 0 1585 0 49 0 0 0 0 2755 0 588 962 0 137 756 0 16 0 0 473 0 0 0 0 5 0 0 0 0 0 0 295 176 0 0 150 3 343 6 0 22 0 20 15 0 0 0 48 19 0 40 0 0 0 48 5624
 0 0 0 0 0 0 87 0 191 0 0 217 1 0 356 0 0 0 60 51 98 0 0 1159 0 0 0 0 0 0 0 0 0 49 4 0 237 1363 0 0 0 207 0 333 0 0 51 0 4 87 0 0 42 0 0 167 0 49 88 0 0 755 0 218 0 6 5 0 261 0 62 3353 387 529 0 0 12 72 301 0 0 0 0 0 0 0 108 0 0 0 177 0 1616 37 0 0 80 0 5 0 0 0 62 19 0 129 0 0 0 8 0 0 0 0 0 0 0 0 536 0 131 0 118 87 101 2 0 539 0 0 0 0 0 0 0 0 35 0 111 1 0 92 0 431 8 0 9 0 0 0
 0 0 0 9 0 0 0 0 148 167 0 0 81 1109 1028 0 0 0 35 0 0 1664 7 0 0 219 67 0 49 0 78 0 0 68 91 0 807 0 83 0 0 0 0 0 0 0 9 25 0 101 0 473 13 875 0 0 0 10 0 6 0 0 0 0 0 0 0 118 0 0 0 0 20 0 0 0 51 23 0 17 0 0 0 0 0 0 0 0 0 0 92 209 249 696 80 0 0 0 0 0 0 0 145 0 0 0 0 128 0 0 543 102 8 0 0 188 0 0 59 0 105 0 0 0 0 59 0 423 0 0 0 0 0 547 352 0 0 309 15 0 30 0 0 0 0 2 28 0 206 0
 0 482 0 0 0 0 0 0 44 0 0 283 0 0 35 0 34 0 0 817 0 0 0 0 0 92 0 0 0 230 7 0 93 5386 621 3740 20 15021 0 0 4950 0 51 0 177 14 0 90 628 0 2 0 0 2059 0 0 0 428 0 0 50 0 0 0 0 0 0 0 0 12 0 0 0 0 9 163 33 0 1746 0 0 0 0 0 259 0 174 593 21 0 62 0 0 0 0 539 83 21 4720 35 75 744 0 1591 0 471 0 0 17 259 1515 0 150 0 0 0 98 16 0 0 0 0 0 0 10 0 98 0 0 0 0 0 20 7 0 0 10 0 2492 38 289 0 0 0 107 0 0 80 0 3
 149 12 0 1134 39 0 0 0 94 0 0 0 66 0 29 92 0 2 0 0 0 15 0 0 279 0 0 1 241 30 5 1 0 99 0 22 0 137 0 0 0 0 41 48 0 58 14 0 0 79 0 20 49 543 1 16 0 797 0 0 0 0 602 49 0 0 13 0 0 0 0 0 308 455 0 0 0 30 0 0 10 222 0 334 764 0 0 0 0 0 33 0 8 0 0 0 0 313 1 0 0 408 563 0 0 0 0 0 0 2764 0 5385 3 13 0 2072 0 0 0 0 0 28 0 0 966 0 51 141 267 0 153 92 0 0 40 317 3 33 252 42 0 0 583 1466 2764 5 57 36 0 0
 77 5 666 379 0 0 0 121 0 2139 0 296 0 0 0 0 0 261 41 18 0 0 0 0 101 0 1 0 100 1804 362 29 0 3593 51 0 1473 9893 1221 0 0 11 1 397 565 0 28 362 2 1159 0 0 0 0 0 408 0 590 0 12178 4735 17 221 68 0 0 0 663 91 6 4 210 9 0 0 0 153 0 0 155 731 175 0 310 0 0 0 5 0 305 0 0 0 0 0 72 0 0 0 0 1170 0 32 0 9 0 0 0 0 0 0 0 31 2484 0 87 0 0 0 0 0 0 0 0 0 0 1 669 16 0 0 0 0 3097 2227 9 0 38 0 0 0 0 0 12 0 11 8 0 0 1500
 0 0 0 0 0 3 2 0 24 6 0 0 0 0 6229 0 0 64 210 0 0 0 7 0 0 0 0 0 210 44 534 0 568 5 0 3 0 3 0 0 0 0 1431 0 0 696 0 0 67 90 0 0 52 0 72 901 0 0 0 30 871 14 4 0 0 1193 0 0 49 0 106 0 0 0 563 0 0 67 630 242 20 4 0 0 0 0 0 0 374 0 164 0 0 87 106 0 0 36 0 5 0 373 30 226 0 21 0 0 0 311 0 0 0 180 191 0 0 0 0 674 0 0 0 0 85 9022 91 36 0 0 0 21 19 9 0 0 0 736 10 0 28 153 0 8 647 0 81 0 0 0
 12472 249 0 333 105 168 1 0 433 1 27 41 4 0 0 464 33 11 295 0 0 0 85 13 0 54 5 14 777 0 258 0 449 368 51 11 0 286 354 96 6 0 0 89 0 87 0 0 108 0 120 0 3 0 18 0 150 124 0 6 0 0 3 0 0 0 0 0 38 91 361 0 3 0 232 0 3700 0 59 642 45 0 0 6 38 0 428 0 0 0 0 0 374 0 0 63 550 0 6 0 19 7 0 44 4 164 14 0 0 105 1 3 0 0 0 35 0 1660 42 449 6 0 1 2684 0 0 0 44 0 14 0 0 5 0 4 67 122 169 31 0 0 83 0 17 0 188 0 979 0 0
 0 234 0 0 2 0 63 191 5 5 0 0 221 0 40 0 0 0 0 0 19 667 0 0 5 109 782 0 0 0 0 0 0 0 112 368 0 331 0 68 0 5 0 0 0 0 32 0 17 5 0 41 55 0 0 20 165 22 74 0 7 224 41 0 26 85 0 5 0 408 5284 0 1805 96 0 3 0 0 8 0 0 0 32 67 897 0 0 8 88 33 0 57 0 225 0 0 0 0 0 81 0 2 0 0 0 26 0 0 16 463 0 2 0 0 0 3 68 0 0 0 0 149 0 5 0 0 2 41 109 74 0 28 0 0 47 50 1198 0 0 21 0 9 1181 0 27 70 5 0 296 0
 55 0 0 26 0 0 0 34 398 0 18 35 62 0 0 1510 0 0 723 0 5 0 0 0 0 0 0 0 0 42 0 0 0 0 22 0 335 0 0 267 0 22 119 0 0 64 782 0 0 0 0 0 0 87 0 0 0 2 17 0 0 123 373 0 82 88 0 0 0 334 0 56 20 163 26 0 782 18 0 0 18 19 0 0 0 4730 193 0 43 0 839 0 0 55 10 56 69 28 0 23 210 421 0 0 0 87 188 0 0 723 32 0 307 0 0 0 29 36 52 0 0 16 12 0 0 214 0 0 63 132 0 0 85 0 0 4 0 0 0 0 0 0 0 0 0 193 299 3 0 97
 0 0 0 0 1605 2022 0 14 0 0 0 0 0 0 0 4730 39 0 0 0 1172 770 0 41 0 0 0 19 0 729 0 0 0 0 0 0 0 25 37 0 3611 0 0 19 0 415 0 759 0 0 919 0 0 475 377 0 876 19 121 0 0 0 0 0 2025 151 1510 570 2351 301 0 0 0 0 0 0 1 0 0 485 0 14 6 0 12 0 314 0 0 5 7 0 22 0 0 4 33 0 568 0 0 258 30 524 110 46 172 0 0 38 231 0 34 6 134 0 0 0 187 19 372 0 0 0 0 20 0 108 0 0 19 0 0 0 0 0 0 0 0 0 0 286 39 0 0 15 0 0 0 2028
 0 0 0 4 0 120 0 0 1073 0 0 0 0 0 0 9 0 0 67 0 1074 84 307 87 1 0 0 966 16 18030 0 0 0 146 0 0 23 0 118 0 0 53 480 0 7 0 0 0 0 208 0 0 0 1901 0 0 161 0 0 65 1487 0 44 0 315 101 0 0 0 1 0 170 0 137 0 0 1256 76 0 3 209 0 163 0 197 11 0 4 1596 0 5 0 0 94 0 0 0 0 0 68 0 86 87 1211 96 0 112 14 17 0 0 0 0 0 48 7 0 478 0 18 0 10 0 703 0 0 0 0 0 0 0 0 0 0 37 24 109 0 0 0 3 24 0 1089 85 0 0 18 124 0
 0 31 0 0 7 65 0 261 0 28 0 106 0 1290 0 0 0 0 71 0 0 0 0 18 0 212 393 8 0 0 0 0 0 0 5621 0 0 107 0 0 0 0 0 0 0 28 65 98 19 2 0 115 114 0 31 74 0 66 0 0 311 55 0 60 253 937 0 2 12 0 4 0 0 0 0 0 356 276 0 0 49 0 0 0 0 0 74 40 0 8 21 311 0 0 0 58 59 562 0 219 0 0 43 0 0 0 0 0 319 0 0 0 0 0 0 0 235 3443 100 14 0 267 0 1495 80 166 0 0 67 0 107 117 1159 0 430 0 3 130 20 111 533 0 0 0 0 0 1603 32 16 0
 5 219 0 0 236 334 0 628 0 723 116 0 0 0 0 0 0 0 0 0 0 243 0 0 0 0 0 2 87 5386 12 4 145 0 311 0 0 25 0 0 0 0 0 0 123 0 0 0 291 488 0 166 0 0 0 2 0 0 0 341 0 2470 104 0 100 19 0 384 72 0 59 366 0 24 40 0 167 0 0 7 0 0 0 0 0 0 7 0 0 0 0 77 0 311 991 0 0 0 0 0 0 84 262 0 0 191 0 0 0 1 0 296 15 0 0 89 5 9917 122 12 0 0 3 0 0 4 0 480 0 3 0 0 0 162 0 0 0 0 139 213 0 0 0 0 0 41 0 0 1720 0
 340 0 0 9 0 0 112 0 0 0 104 0 0 13 10 0 0 5 32 0 23 0 4605 4 0 0 0 0 0 0 0 0 0 0 554 0 0 0 0 0 0 0 0 0 101 370 0 0 0 0 0 0 16 0 87 106 185 818 0 59 0 0 357 191 0 0 41 0 0 0 0 1057 0 0 0 2618 4 0 0 0 11 0 180 0 1 62 0 2852 0 16 66 43 148 0 6 0 2 1464 3 0 3 0 7 191 0 0 150 207 0 962 0 383 0 236 0 192 49 1 0 0 131 7 881 250 336 748 0 129 0 0 0 476 0 0 33 19 511 0 0 47 0 146 21 0 75 0 2036 196 0 0
 0 0 0 51 351 0 0 0 0 0 0 0 0 0 138 0 41 0 769 0 21 0 131 95 430 0 36 0 17 385 13 0 3543 18 0 0 35 0 122 2351 685 0 0 0 1 2 25 49 28 0 0 3695 231 82 57 607 464 0 54 0 0 0 1325 478 247 68 0 109 0 0 0 201 2 5 0 0 0 0 0 0 0 0 0 0 0 22 0 67 9 63 0 289 0 0 0 3028 6 31 3 0 0 0 0 1175 0 9 0 0 0 74 0 33 0 0 52 18 0 118 0 7 308 2 3 0 0 0 0 0 0 123 22 17 0 0 0 0 100 0 0 0 2071 0 0 0 0 0 0 0 4 102
 0 0 0 63 0 376 5 0 392 53 0 0 0 0 46 0 0 0 58 0 0 0 149 279 0 0 44 0 2 0 24 8 0 9 0 146 9 0 0 0 1118 36 16 455 0 134 128 356 10 0 445 504 2000 0 40 0 337 0 199 123 65 0 80 0 0 0 13 1 14 0 5 0 0 0 966 20 120 100 0 0 374 0 0 0 0 295 0 171 4932 36 0 0 0 138 153 0 65 0 686 8 0 0 0 0 0 5 12 0 724 0 18 0 281 0 10 1786 1 0 0 169 79 0 8 29 0 45 0 0 67 0 0 0 0 416 8 0 473 0 149 0 0 0 39 0 217 187 1431 0 0 143
 6120 0 0 0 42 158 681 9 363 42 0 1 4 2 0 0 38 0 439 0 141 0 8 0 0 0 17 0 0 0 2252 392 5 0 51 0 0 84 0 0 0 29 0 0 0 0 0 125 0 0 2869 17 54 0 6215 0 40 113 0 0 45 0 476 0 0 42 0 0 26 0 0 0 1 109 0 186 0 0 0 207 0 0 0 43 0 0 0 0 0 11 1804 0 167 0 30 28 0 339 0 22 83 36 80 0 1662 568 44 0 0 450 228 0 0 0 0 0 84 0 0 0 0 1 0 0 30 0 0 257 2052 4 204 17 0 0 244 0 187 20 0 242 9 0 705 0 0 0 0 0 131 14
 36 0 0 57 0 0 81 0 0 16 0 73 0 1717 17 257 0 0 0 0 214 23 130 0 0 615 0 0 0 0 0 0 0 0 2 0 920 141 33 399 0 91 0 127 0 0 4 75 0 0 432 14 0 0 0 0 374 0 204 0 0 13 188 363 191 9569 80 11 44 0 11 5 137 0 0 72 0 21 0 0 5 12 0 9 66 0 45 1 0 0 0 0 37 0 0 0 8 33 15029 0 211 0 0 1 0 0 0 30 0 134 0 0 0 0 0 271 15 0 1 3097 83 59 0 0 0 0 0 134 0 208 0 72 0 103 29 0 50 0 172 0 0 14 0 6 2679 21 0 9569 0 0
 0 261 43 3139 0 80 0 0 24 80 0 0 6 0 0 91 0 67 0 6 108 61 0 347 8959 0 0 0 0 0 1 0 54 380 177 183 221 0 0 188 0 0 0 0 0 0 0 57 0 0 0 0 90 0 0 0 218 27 416 0 25 486 0 311 448 0 9 754 0 2 0 0 0 873 0 31 476 15 0 42 16 87 0 0 0 87 0 320 0 0 695 0 62 4 0 0 160 2 807 10 0 182 0 311 36 0 0 153 1 0 0 0 46 0 0 0 46 460 162 3587 87 0 0 0 0 101 0 89 243 15913 0 0 0 66 2 0 116 0 0 3 0 111 0 387 0 0 0 0 148 0
 493 43 0 0 0 0 0 0 387 134 26 0 0 32 11 0 0 19 0 21 2 3 0 8421 0 0 0 0 0 0 0 0 0 135 0 0 5 48 1 0 3 0 0 0 0 0 3 465 0 0 0 23 0 1246 0 0 5 1 0 0 0 0 0 0 0 28 0 33 0 224 0 0 50 0 0 60 58 0 0 84 28 16 0 120 40 22 0 0 0 0 0 0 0 0 1 0 0 573 0 0 0 1662 0 0 0 74 0 104 0 0 0 0 0 65 4 3 0 0 0 0 0 0 0 18 90 0 1510 0 343 0 1883 0 0 0 0 86 0 0 0 0 0 0 1 390 84 0 0 49 0 131
 0 1 0 3 0 0 0 176 0 0 262 0 311 11 5 5 0 29 0 0 1720 0 0 33 0 553 0 0 59 0 0 0 0 0 307 7 26 86 0 0 0 0 79 9916 0 0 0 95 0 0 6 0 5 5 0 0 0 0 0 0 0 0 52 1347 0 51 906 0 0 116 152 0 0 282 0 431 73 0 0 1080 0 0 0 0 1246 13 0 11 0 0 0 0 0 0 0 0 0 0 0 0 8 13 145 633 0 1 0 0 48 0 0 0 74 1803 29 0 0 0 0 0 0 0 146 0 0 1134 0 201 680 16 12 0 0 0 65 0 2 0 0 0 0 217 0 0 0 22 0 0 0 1050
 243 155 0 104 1074 0 0 3 0 21 567 0 3 247 0 191 3 0 5 353 0 0 4 0 343 0 0 397 23 221 0 42 1098 21 94 0 0 48 0 0 0 168 0 0 723 0 0 0 0 90 0 60 140 0 0 227 445 0 69 4 0 0 0 85 0 4 151 83 20 16 0 71 0 0 0 192 410 0 0 0 0 67 0 5346 42 352 0 0 206 0 64 22 0 0 34 12480 25 0 0 275 173 0 9 0 0 0 0 0 0 0 0 2 0 0 57 0 0 125 0 3 0 125 0 0 2 0 0 0 0 0 0 0 0 0 0 0 113 0 0 0 338 0 0 0 0 48 0 0 0 0
 0 0 10 27 0 0 0 0 0 0 807 0 0 0 10 107 0 0 2954 0 0 5605 344 0 85 0 0 3 341 0 0 0 14 6 105 109 1 9 122 289 0 906 0 59 0 711 0 0 22 81 0 16 0 220 573 0 0 118 0 0 0 1 93 55 0 0 0 393 6 19 0 0 0 1104 0 16 0 0 0 46 0 121 0 63 1616 57 0 0 0 0 0 0 0 9 9825 56 0 5 0 0 7 46 58 1 0 7 0 0 0 0 57 0 0 0 0 0 0 32 122 0 83 0 0 74 0 0 66 225 0 0 146 32 0 0 0 23 52 0 0 65 23 0 0 43 0 38 0 2 155 39
 54 0 1 0 22 0 0 0 59 104 1 5 0 0 33 0 86 0 0 51 7 0 0 0 0 0 0 198 156 0 42 0 0 0 0 0 42 328 0 0 0 0 0 0 0 41 0 59 0 50 0 0 18 15 0 968 0 0 129 137 74 0 30 966 658 7 0 195 0 0 0 0 0 25 1294 0 65 19 0 584 281 0 16 107 30 0 0 0 0 0 28 815 0 150 0 0 131 3 196 48 0 0 164 18 87 0 0 0 0 0 58 0 0 0 0 0 42 0 149 0 0 0 0 0 9 9 31 0 0 2 30 5 97 638 0 0 365 0 19 630 138 0 0 39 0 193 0 16 38 27
 1088 0 21 0 0 35 0 0 0 0 4 83 0 2221 0 32 0 0 0 17 94 2492 0 118 0 214 324 46 0 1055 80 0 29 0 0 0 0 0 757 7 0 0 10 0 0 0 0 0 1162 9 359 154 128 0 0 384 1500 162 41 0 15 0 145 4 0 62 874 696 69 153 0 873 0 12 0 3 0 14 0 145 23 0 0 151 19 0 0 0 8 0 32 0 0 0 0 0 0 0 0 94 69 4739 3832 82 0 1605 0 0 43 1927 0 0 0 0 14 217 0 151 0 48 99 6192 52 0 0 0 0 0 0 0 93 493 0 11 0 1279 0 237 3 0 0 0 0 0 0 698 0 290 0 0
 0 0 0 0 83 65 0 14 104 0 0 0 0 0 0 0 55 0 0 476 0 128 0 0 0 13 0 1191 13 0 0 0 0 0 271 0 118 0 13 33 880 234 64 0 0 0 15 345 0 0 33 0 215 27 0 0 0 207 0 0 802 0 85 71 143 0 0 0 0 0 0 94 100 181 0 9917 4 99 19 0 0 0 65 191 0 83 0 0 0 0 0 25 0 567 0 0 0 105 0 9 125 42 88 0 0 0 69 69 0 0 59 0 976 0 376 0 295 0 0 9 0 2 258 0 0 29 19 10 18 23 0 51 0 0 16 0 0 0 91 0 0 61 507 1246 0 1 0 33 11 539
 1 20 1330 1144 66 9533 0 0 0 0 14 35 37 383 648 0 0 0 0 0 141 19 0 0 0 0 0 607 3 0 0 0 0 8 0 0 15 18 0 0 70 0 0 192 80 0 1550 15 0 443 42 0 0 0 0 70 0 1 0 0 61 282 0 48 319 0 212 231 0 0 0 100 0 2684 0 0 1 0 3539 0 0 346 237 11 126 47 34 51 26 430 0 0 13 0 330 1662 0 285 0 82 0 0 855 0 0 585 26 4 0 0 0 0 33 145 0 6108 0 0 42 0 260 0 2 126 2 0 0 78 0 16 0 0 0 106 0 200 46 0 0 0 0 0 377 0 0 9 0 0 65 0
 14 11 4 0 0 0 48 0 0 0 0 88 0 0 0 750 0 0 313 1193 0 0 0 0 59 0 0 6 0 126 0 0 0 166 0 0 0 0 0 0 81 69 0 0 0 23 124 1201 0 0 0 33 0 24 15030 0 5 73 0 0 0 148 0 0 50 0 0 78 0 205 0 0 0 0 0 0 19 0 0 0 0 0 13 0 0 42 0 0 0 142 0 0 0 0 7 0 0 0 0 0 8449 12 192 0 4 59 0 0 14 0 0 0 0 0 2030 191 0 125 0 919 5 0 282 0 77 0 0 286 0 0 0 0 0 172 62 57 0 0 0 48 138 8 0 313 129 0 0 67 0 0
 125 5 0 101 49 0 0 0 0 0 0 0 2 16 0 0 582 0 0 0 214 6 0 32 0 26 362 234 0 0 77 0 0 0 0 43 0 0 0 5 4 32 0 622 168 2 11 129 160 0 0 262 0 0 2 38 0 0 267 0 0 1 348 0 389 5 4948 431 0 0 288 2 0 0 1 67 311 3 18 0 87 2226 305 0 298 0 10 296 14 4 113 45 50 0 130 116 73 0 345 122 0 0 0 0 63 0 92 0 2 10 77 27 0 2 168 1 1 0 6 0 0 0 50 0 10 0 46 0 0 2052 0 17 246 1468 1883 0 0 0 0 0 0 0 43 85 0 0 963 111 0 0
 20 23 0 731 490 1629 0 17 25 0 168 0 0 20 0 0 58 0 0 0 0 0 0 0 4 591 0 5 0 87 0 265 0 0 196 0 0 707 26 0 33 0 0 10 636 0 0 1305 0 0 127 0 18 570 12 126 0 146 40 18 0 0 0 0 0 0 48 544 0 244 0 29 12 98 39 0 0 36 186 0 0 55 90 0 0 0 0 0 615 0 0 0 140 9 57 0 0 79 0 0 0 0 0 0 0 0 126 0 9917 0 0 0 83 36 0 0 0 0 0 6 0 0 67 0 0 0 11 41 267 431 0 99 315 10 0 304 0 0 0 0 0 0 0 0 0 0 3139 59 0 663
 10 0 27 0 0 0 0 5 11 25 30 0 0 0 6 0 303 331 0 0 0 0 0 0 60 0 97 0 0 8920 0 0 0 111 0 0 0 0 0 0 0 225 0 0 0 0 0 0 168 34 124 59 169 0 20 0 186 138 0 166 100 0 0 126 6 79 0 0 1104 9 0 0 0 97 1246 0 0 0 15 0 30 57 7 77 0 0 0 76 0 0 0 0 0 0 0 767 0 1441 44 8 171 0 0 1251 231 0 0 48 0 0 42 19 0 0 0 0 0 0 0 0 25 494 57 0 30 18 126 0 0 0 24 30 0 0 0 0 0 2 0 256 0 0 0 0 72 0 0 848 178 0
 3 0 0 261 582 0 10 86 0 168 0 41 0 91 0 37 345 1093 0 0 4 16 0 3 7 0 0 5 0 0 0 0 6 0 45 0 0 0 0 0 324 291 0 0 11 14 0 0 3 20 0 0 0 0 0 45 0 0 0 0 0 0 0 4 0 0 2 148 14 0 311 0 0 1 0 0 0 0 7 0 0 1 1 1253 8 0 0 2 57 0 43 0 0 0 0 430 0 0 277 9 0 0 133 0 0 0 0 431 16 55 0 34 0 1322 0 0 0 0 0 23 9 0 50 0 0 48 0 0 0 23 0 0 0 0 0 0 0 0 0 210 0 150 0 0 757 0 0 0 63 84
 2697 0 10 0 1662 0 92 1173 0 29 0 0 41 0 0 0 0 0 0 22 0 152 0 100 0 19 193 0 0 0 0 0 0 0 9 0 52 0 65 4 0 0 0 2 0 63 0 110 0 2 39 0 14 0 16 1552 0 0 33 186 0 43 14 0 23 0 0 0 1 20 0 0 293 0 0 431 0 0 0 0 0 98 0 0 880 0 66 0 39 21 0 0 0 0 0 4 0 0 224 18 0 0 147 0 0 311 221 0 9 0 21 2 0 160 0 0 27 0 0 5 0 0 0 38 24 1 69 30 0 145 0 362 6 109 478 0 73 0 21 41 9569 34 0 61 0 0 0 749 0 3
 2 29 164 9 0 145 0 0 11 34 0 0 113 926 0 247 0 0 3 0 0 0 42 0 0 0 0 2 10 0 207 922 0 82 324 4 10 0 48 0 0 0 0 0 270 1502 431 0 0 0 1500 0 0 0 0 0 0 0 0 469 0 114 0 0 16 1 0 69 5 0 723 0 57 0 0 12 16 23 85 1337 155 0 0 0 0 0 59 0 0 2064 0 83 1 0 0 9 469 0 57 131 479 0 17 0 0 0 58 2121 0 0 9 0 0 23 0 0 221 0 172 70 0 0 0 0 44 71 0 0 0 35 0 41 0 41 202 0 0 18 0 20 696 3 59 0 0 111 13 0 0 24
 192 0 0 0 0 0 0 0 0 17 0 13 0 0 31 320 0 0 0 7 5 0 21 0 5 116 303 752 0 0 0 0 2 688 22 0 0 0 0 0 80 0 0 0 0 0 135 296 5 0 0 123 0 1225 0 0 308 0 0 0 0 0 0 0 53 0 0 0 167 0 3160 0 0 0 0 34 7 0 35 0 36 129 0 20 0 125 878 0 0 0 1890 616 401 0 0 120 196 0 20 24 0 56 23 0 0 210 0 0 0 0 0 397 36 0 0 1 108 428 740 62 20 0 0 243 56 878 0 0 41 54 0 234 0 0 19 59 3 4868 294 0 0 0 0 0 6 0 10 9 223 0
 10 87 63 0 0 135 237 121 0 1 0 13 0 0 0 9 0 0 0 0 1616 263 0 0 0 25 0 11 0 0 5378 637 191 0 221 0 0 0 0 0 0 0 116 0 723 0 0 33 1 0 0 0 366 0 0 0 0 0 10 260 234 0 0 723 0 243 65 0 0 39 0 31 731 7 192 0 55 75 0 324 585 0 15 0 276 0 0 565 0 130 4 0 1193 0 0 0 276 0 15030 0 0 182 0 0 167 2764 59 86 139 358 0 0 1 0 5 0 0 91 9 2 36 0 0 586 0 0 0 0 0 4 0 0 141 573 0 0 0 0 0 0 0 0 24 52 0 2680 0 0 28 41
 0 2675 0 0 51 10 0 0 1 0 0 0 0 3104 0 0 0 22 568 47 162 0 0 0 24 948 0 0 0 440 0 8 33 4 0 0 0 0 170 185 0 0 0 0 0 2 0 423 2 185 0 0 0 236 0 46 0 115 0 0 0 111 0 0 17 0 3244 155 2 4 0 0 1157 0 0 0 0 0 0 30 0 0 0 3 1610 1667 0 27 56 263 0 0 7 0 0 0 0 0 20 0 3 0 0 84 0 0 550 0 0 0 82 0 123 0 0 0 0 0 0 0 8 0 0 0 0 0 0 0 0 0 0 0 0 13 0 0 153 0 84 0 8 1 0 41 0 0 0 0 28 734
 0 4730 346 192 5 15 0 0 23 247 0 7 2 0 0 0 4 0 155 0 26 0 27 0 0 424 0 0 0 14 0 0 2 11 0 727 6 15 57 0 0 30 1 26 46 2 0 174 0 0 0 34 116 0 0 0 0 20 0 0 0 0 0 0 334 39 0 0 67 0 0 603 0 0 0 0 0 0 0 396 0 0 6 19 23 0 62 0 0 27 28 0 6 0 0 6 0 19 431 2606 0 0 0 213 0 0 0 24 0 2 314 0 755 0 4839 92 100 0 39 57 0 251 0 5 0 0 27 0 670 269 58 4 0 55 1157 0 511 0 86 31 0 0 45 1555 0 0 0 311 0 0
 0 4 22 0 0 0 209 1181 0 0 80 25 0 0 0 0 0 0 0 326 0 0 16 0 0 0 1565 0 48 3504 5 0 129 0 0 0 0 0 0 0 0 2 0 0 0 0 0 0 0 148 2236 0 0 147 0 54 0 449 0 95 0 450 38 0 0 0 0 0 3 0 20 0 0 0 0 0 0 4586 0 2 0 0 0 0 1 270 394 72 27 0 0 582 0 0 0 0 73 0 0 51 0 0 77 22 0 0 0 16 0 0 12440 0 0 0 0 0 0 0 0 0 0 0 4950 32 0 0 8 64 696 0 0 0 0 115 0 0 0 8 0 24 0 0 0 496 10 137 0 0 0 0
 261 0 0 73 20 0 0 1038 206 0 34 0 829 0 29 9 59 0 0 722 569 0 0 331 0 57 0 0 0 0 4 0 0 292 0 0 0 0 21 0 366 0 0 22 0 0 5 0 0 0 0 0 0 0 0 383 198 0 210 0 0 0 0 360 400 27 0 0 90 0 298 0 0 0 0 0 0 146 51 1 66 0 111 0 44 10 596 3052 10 0 0 149 0 86 0 74 0 0 99 0 0 0 0 0 0 101 80 31 31 0 84 36 895 543 0 82 0 412 12 155 47 51 0 14 27 0 0 628 0 42 2684 0 0 4 15 69 0 0 0 19 1 38 0 0 0 126 108 0 0 0
 7 2 0 0 0 83 0 0 0 0 73 199 0 13 60 50 0 5386 0 2 9 0 226 1300 0 0 403 0 1661 490 0 0 0 61 0 60 200 0 0 5623 0 0 0 13 0 40 53 263 52 0 0 652 5 0 0 32 0 0 1119 218 807 0 10 9 0 104 0 0 0 0 0 0 0 95 0 1 0 28 0 0 0 0 73 207 1 279 17508 0 147 0 0 2 0 0 22 0 0 226 0 0 0 0 111 0 0 669 46 1 0 0 0 2 2 0 19 0 0 18 1 0 4950 0 0 0 259 457 0 166 0 261 0 360 0 27 0 0 0 93 8 97 0 0 0 0 0 1600 42 9 552 0
 0 0 10 0 0 14 0 28 461 42 225 72 0 36 91 10 0 0 0 89 0 0 0 1144 0 0 0 0 0 100 0 7 18 775 0 0 0 1237 4 0 0 0 0 0 0 0 131 22 0 0 0 16 0 0 0 0 9440 0 0 42 0 0 0 0 38 755 482 0 0 42 0 0 42 94 76 1 0 0 0 0 0 0 807 2 0 0 122 46 0 2 0 0 183 9 0 0 0 852 0 0 0 0 27 33 0 0 27 5 30 0 0 0 21 15 0 70 0 37 481 12 0 0 169 0 0 0 27 14 0 0 0 0 5583 21 13 0 0 0 0 0 0 0 2351 0 0 25 0 0 0 0
 0 14981 344 0 0 0 0 0 11 342 4593 0 12 30 0 335 0 0 1211 0 0 0 65 0 0 293 0 0 0 0 25 0 0 50 39 14 305 0 0 49 0 82 10 566 0 3 0 713 0 22 4 0 0 14 0 0 2715 0 97 0 0 0 0 11 0 9 3 729 0 0 0 0 1 0 1504 0 0 0 232 0 15 340 225 267 15 28 0 0 476 0 0 8 0 87 804 0 0 0 654 0 0 1 2 0 65 173 0 1 0 0 0 584 0 84 0 1 54 1 16 0 0 0 188 25 0 0 267 97 5 2 0 0 246 0 0 28 174 0 0 0 7 0 0 0 0 0 16 0 145 0
 147 56 9 0 29 6 0 0 0 0 0 0 36 118 237 0 0 0 23 0 1323 16 1788 143 0 0 5 0 39 177 2 0 0 0 212 8 0 0 0 0 384 0 57 0 0 273 0 0 0 0 0 2 0 4 45 26 0 263 0 71 0 112 548 128 0 0 0 0 0 0 0 0 84 242 0 1377 2 48 0 0 0 0 0 1055 0 80 0 0 0 45 0 0 0 0 102 0 3102 0 0 331 64 232 477 0 0 0 0 0 0 311 3619 0 0 2 570 0 0 0 0 22 14 8 0 0 53 0 24 0 39 0 0 0 40 13 0 145 0 0 87 0 0 122 225 288 0 0 0 385 0 0
 86 78 0 0 19 0 0 0 0 0 21 373 320 0 0 0 480 0 0 0 84 297 382 0 171 0 180 607 5931 0 344 0 0 63 97 16 847 0 0 0 3 230 0 2216 0 315 0 0 12 13 0 0 0 146 0 299 3 0 0 696 534 94 0 0 117 61 0 166 0 0 0 0 0 0 347 9 0 2 0 346 0 0 83 0 0 0 0 133 0 0 1423 0 48 0 0 0 0 0 8 11 70 0 50 0 0 0 0 0 620 311 14 0 57 0 0 74 15 0 0 75 546 0 44 0 0 0 0 0 83 0 36 0 8 0 0 0 3 9 23 0 3 0 658 23 0 126 0 129 0 0
 0 84 0 73 0 5 0 0 383 270 0 139 0 121 0 0 0 0 731 0 0 80 1 97 0 0 0 0 0 0 111 0 0 133 0 0 0 73 0 0 0 23 0 0 0 49 0 0 0 0 7 0 0 0 0 271 107 0 0 2 68 0 346 0 0 95 0 53 0 25 58 1193 0 902 0 520 496 1 0 17 75 0 0 0 0 0 4 172 286 0 0 383 212 906 0 0 5 384 0 23 8 0 0 0 0 396 116 3 0 83 37 0 69 1323 1 0 0 0 4935 101 0 0 0 0 151 0 0 92 0 2 0 196 23 0 0 0 0 324 313 166 0 0 0 301 0 31 101 0 0 0
 0 0 0 92 0 0 906 0 143 0 0 0 0 1 0 1525 0 0 4 145 0 0 0 0 0 0 881 0 782 0 65 0 29 1 90 0 0 0 0 87 1 0 0 4950 144 0 55 0 0 48 183 26 101 0 106 0 0 0 6 175 0 35 0 10 8 360 0 0 36 0 0 0 0 0 0 0 0 311 0 0 3 0 117 0 0 0 0 0 0 18 326 185 0 0 0 0 0 0 0 238 0 0 18 0 5 0 6 249 0 5 141 0 3562 0 2 0 94 0 210 80 51 0 0 2 8 0 12 1 0 0 1 80 0 49 46 37 0 0 5 221 71 925 563 33 228 0 0 3414 130 0
 0 0 0 36 23 0 3 480 0 1144 27 0 8 0 0 539 0 0 0 0 294 0 0 54 16 4 0 314 0 534 0 0 0 0 0 0 0 3 0 0 0 0 67 0 0 0 267 168 178 182 41 0 35 0 41 0 0 124 1 382 0 0 0 0 0 0 0 0 167 0 2 2351 0 563 7 0 0 175 34 0 1 0 0 829 0 12 3139 0 1 15 0 25 0 158 0 0 52 3 0 0 24 0 0 87 0 0 0 0 10 0 0 0 0 0 35 0 0 25 0 0 0 0 0 0 0 9 41 9 200 86 2 0 0 0 210 237 0 0 0 0 1 16 0 0 30 0 0 0 0 0
 0 83 230 5 0 7 0 133 1 0 0 0 27 0 2 0 0 8 221 0 0 0 56 0 6 15913 0 0 445 0 750 0 0 0 488 0 10 0 0 0 0 0 331 149 0 0 0 75 3 0 10 0 0 0 0 27 0 0 3 21 0 966 0 0 26 2946 0 92 23 6 0 72 152 26 8 0 0 0 0 4 0 0 0 4 38 0 0 252 0 374 0 0 0 43 162 74 0 27 0 0 0 0 0 0 0 0 0 6 210 0 0 0 36 0 17 0 0 0 8 4 7 35 311 1101 0 3534 0 0 0 0 1601 0 0 0 1050 48 0 0 0 33 0 207 1038 0 0 37 0 51 478 0
 0 13 0 0 0 28 0 0 0 301 0 0 0 133 24 155 0 0 0 214 51 5 2 0 0 22 0 18 67 15 3435 0 214 0 2756 0 196 28 0 0 290 0 5 0 0 1290 110 0 0 0 0 0 0 22 0 32 0 0 3 83 0 0 0 3543 0 50 71 27 0 0 509 0 543 0 4 0 0 450 0 0 2234 0 512 0 149 0 0 0 0 0 0 723 0 145 7 0 0 2 1 36 0 0 373 102 0 13 0 55 0 0 723 0 0 0 3218 0 18 0 21 394 0 0 0 0 0 0 0 0 0 64 0 344 0 48 0 0 3393 47 0 88 24 0 0 0 0 374 0 9 16 102
 2 0 0 251 122 234 0 0 92 64 0 5 449 0 48 0 0 28 0 51 33 0 311 0 5 58 0 0 0 0 286 27 0 0 0 0 0 0 0 8 2 77 0 0 48 1 0 4 640 2 0 5 129 5624 0 20 95 0 0 0 0 39 0 0 1100 91 0 0 0 0 0 1 0 37 477 0 64 0 4 0 20 0 14 2 0 17 270 0 0 0 69 112 4 18 1013 0 5 0 152 0 28 0 350 33 0 0 1131 475 0 0 0 0 0 2757 0 58 0 120 4 1 0 0 0 0 0 13 974 0 0 0 201 35 0 0 0 0 78 0 0 3752 0 42 42 189 0 298 0 0 0 43
 0 0 0 0 0 32 0 4778 630 0 0 0 0 0 0 0 0 0 0 4 93 0 529 0 35 0 0 0 0 0 3 0 0 0 0 0 0 6 13 0 757 0 2 0 0 141 0 0 83 0 4 0 0 0 10 0 0 0 0 0 0 18 0 0 33 27 0 0 75 638 8 113 405 1 0 0 33 0 4 0 371 0 8 0 0 754 270 0 2 10 0 4 0 0 0 0 26 0 26 1804 0 1 0 46 0 49 0 0 281 1 0 94 0 0 0 0 2 0 0 24 0 0 330 0 12 0 12 0 1246 0 0 0 70 0 0 128 0 2 8 226 210 30 8 17 0 14829 4 0 0 0
