150
 0 60 0 6 0 0 4 0 0 0 0 212 0 0 0 0 0 29 0 61 0 35 0 0 0 89 0 0 0 0 0 20 0 0 0 0 0 0 6 0 0 0 0 0 0 0 0 0 212 0 0 0 8 0 71 37 1071 0 0 0 0 0 0 0 60 0 54 0 0 0 10 0 0 0 0 0 2 0 0 0 8 0 0 0 0 0 0 0 0 0 0 16 0 0 8 0 0 0 2 0 0 0 0 20 0 0 0 0 129 22 0 0 0 0 0 0 0 0 5 0 0 0 7 0 0 0 0 0 0 0 0 3 2 0 0 6 0 0 0 0 0 0 0 13 0 0 0 27 0 0
 0 0 0 0 0 0 0 0 0 0 0 181 0 0 0 0 0 0 0 3 0 0 10 0 0 1 6 0 0 184 7 0 0 0 0 0 108 0 0 0 0 0 0 0 0 0 0 0 0 0 0 17 0 18 10 0 0 1372 0 0 0 0 0 5 0 0 0 0 0 0 0 21 0 0 17 229 0 0 0 0 0 43 0 0 0 0 0 0 5 0 0 0 0 0 0 0 62 22 0 0 0 0 0 153 0 0 0 0 4 0 0 0 30 3 0 0 0 0 0 0 40 0 0 0 2 0 0 0 0 0 0 0 18 0 0 0 0 0 6 1 0 0 0 0 81 0 0 0 0 10
 0 0 1170 0 6 0 0 0 0 7 0 0 0 3 0 0 588 18 0 0 33 0 0 0 0 3 0 0 0 0 0 0 49 14 0 0 0 0 2 0 0 38 0 0 0 0 0 0 0 0 0 0 2 0 0 0 62 0 0 0 33 0 0 0 0 0 0 0 2 0 0 0 0 0 13 0 0 0 30 4 0 3 0 0 0 0 0 0 0 0 0 0 18 0 0 478 0 0 0 0 27 0 0 0 12 0 17 0 0 0 0 0 0 0 0 8 1 0 9 0 16 0 0 0 0 0 0 3 0 0 0 0 742 0 7 0 0 0 75 0 0 0 0 0 0 1 0 0 0 333
 0 0 0 37 0 0 0 0 0 0 0 1 0 0 0 0 0 0 0 2 10 0 0 0 0 0 0 18 0 0 0 0 0 0 0 0 0 0 0 0 0 0 0 0 0 0 0 0 0 68 0 16 0 0 3 32 0 0 0 0 0 0 0 8 0 20 0 0 1 1 0 0 10 0 19 64 0 780 0 0 0 0 0 0 0 0 0 0 0 0 0 0 0 4 0 0 0 0 0 0 20 0 0 0 0 0 0 0 0 0 0 0 0 7 0 0 0 3 1 0 0 0 0 0 0 0 0 0 0 0 0 0 0 125 0 0 0 0 0 10 0 0 0 17 0 0 0 0 0 0
 0 39 0 10 0 6 0 0 0 0 0 0 0 0 0 0 0 0 0 0 0 7 0 0 0 0 0 0 3 0 0 6 0 0 41 0 0 0 0 0 0 0 0 0 0 0 0 0 0 0 12 0 0 0 0 0 0 0 0 0 0 0 72 0 16 83 0 0 0 0 0 4 0 0 0 0 0 0 0 0 0 0 0 0 0 0 0 0 2 0 47 0 0 0 0 36 2 0 0 0 9 0 23 19 55 0 0 0 0 0 0 0 0 68 0 8 0 313 0 3 0 0 1 0 0 10 11 0 0 0 0 454 0 0 0 0 0 0 0 87 0 0 0 0 0 0 0 516 0 0
 0 0 11 0 0 1 0 0 3 0 0 0 0 0 0 0 0 12 0 0 0 0 0 0 24 22 0 0 0 0 7 0 0 0 0 0 0 0 115 0 0 0 0 53 0 2 0 0 0 11 0 0 19 0 3 6 0 0 0 30 0 0 0 0 0 0 9 0 0 24 0 0 0 0 490 0 0 0 77 0 0 0 0 0 462 0 0 11 77 0 0 0 0 0 0 464 0 0 0 0 2 0 0 0 0 0 7 0 0 0 0 58 0 0 0 0 0 0 0 0 0 2 0 0 0 4 10 0 10 0 0 0 0 0 22 0 315 0 0 0 0 0 0 0 0 0 0 0 0 0
 0 227 0 0 2 20 0 0 0 0 0 0 0 0 77 15 0 5 0 0 9 0 77 0 0 1 0 0 0 0 0 0 0 0 26 0 0 0 0 0 0 0 0 0 6 0 0 490 0 0 0 0 0 2 0 0 0 18 0 0 0 1 17 0 0 0 0 0 7 0 1 0 0 0 40 0 55 0 7 0 0 0 0 0 0 0 0 0 0 0 0 0 0 0 0 0 0 0 0 13 0 0 9 0 0 0 15 0 0 0 0 0 0 0 0 0 0 477 53 32 13 0 0 0 0 0 24 0 0 72 0 0 0 0 2 0 0 30 14 0 1 0 0 0 0 0 0 0 4 0
 0 315 0 0 0 0 0 0 0 14 0 0 0 0 0 0 33 0 0 0 0 3 447 0 0 0 0 0 0 0 0 4 0 0 53 0 0 0 0 0 0 0 0 0 0 3794 0 0 0 0 0 0 70 0 0 0 0 0 0 0 0 0 0 0 0 1 3 0 1 0 0 26 0 0 0 49 0 0 0 0 0 0 0 0 2649 13 0 0 0 0 0 0 0 0 75 0 0 0 35 3 0 0 0 0 1 0 0 0 12 0 0 0 32 0 0 0 0 0 0 0 0 33 0 0 0 0 153 0 0 0 0 0 0 0 0 2 0 0 0 0 0 0 0 0 0 0 0 46 0 0
 0 1 0 0 0 0 0 4 0 0 0 0 32 0 270 29 0 0 0 57 18 0 0 0 0 0 0 0 6 0 0 68 0 0 0 0 3 39 0 0 4 0 0 0 0 2 0 0 2 0 1 0 17 0 0 0 0 6 0 0 0 0 0 0 882 0 0 0 4 0 0 0 0 0 0 2 0 0 0 0 0 0 0 0 0 0 0 0 0 0 0 0 0 6 0 0 0 4 0 0 9 0 0 0 0 0 0 0 0 0 0 37 0 4 0 0 0 0 0 0 0 0 5 0 8 0 212 0 0 0 0 0 0 83 0 0 0 3 0 0 5 6 0 0 0 0 0 0 0 0
 0 0 0 0 38 81 0 0 0 0 0 2 0 0 0 0 0 0 0 0 0 0 0 0 0 2 0 0 72 0 0 0 0 0 2 0 0 0 2 0 0 0 0 13 0 6 0 0 0 0 0 0 0 0 0 0 0 11 0 0 0 738 0 0 0 41 0 0 0 0 0 0 0 0 0 0 0 0 0 0 0 0 0 0 0 0 0 0 0 0 0 0 0 0 1 142 0 0 212 0 0 478 0 0 0 0 4 0 0 0 0 0 0 0 0 0 0 0 0 0 169 0 0 0 48 0 0 0 0 0 0 0 0 0 0 0 82 0 21 0 0 104 0 0 138 0 9 0 12 7
 5 0 0 0 0 0 28 22 0 0 77 0 0 0 0 0 0 0 0 0 0 153 0 64 0 0 0 0 0 0 0 0 5 22 0 0 0 0 9 0 1372 0 0 0 0 8 0 0 0 0 0 0 0 17 0 0 0 0 0 0 0 0 0 0 0 0 0 0 0 0 0 16 0 0 15 0 0 0 118 14 0 0 0 0 0 0 0 0 0 0 0 0 0 0 0 0 0 0 4 35 0 0 25 0 0 19 0 0 0 0 0 0 0 645 0 0 0 0 1 0 0 0 0 0 0 0 4 0 0 0 23 2 0 0 0 17 0 54 0 0 0 0 0 0 0 0 741 0 0 0
 0 0 0 0 0 0 4 0 0 0 0 0 0 0 0 8 0 7 0 0 0 0 0 2 33 0 0 0 0 0 0 0 0 0 30 0 0 2 0 0 0 229 0 0 1368 0 0 0 0 0 0 0 0 0 0 0 0 0 0 0 0 71 46 0 0 0 0 0 0 0 0 0 0 0 0 0 0 0 0 2 0 0 0 0 14 13 0 2 8 0 0 0 0 0 0 12 0 0 0 0 0 0 0 0 0 0 0 0 0 19 2653 2653 0 0 0 0 0 0 0 478 0 0 0 30 0 0 6 0 0 0 0 0 0 0 0 0 0 0 0 0 0 0 0 0 0 0 0 0 0 0
 0 0 29 0 0 0 0 333 0 10 0 0 0 0 0 0 0 0 2653 0 0 0 0 0 0 22 0 5 0 69 5 0 0 0 18 0 0 0 0 0 0 0 0 0 0 4 0 0 0 0 0 0 0 7 0 3794 6 0 0 0 0 303 0 0 0 0 0 0 0 0 0 10 0 0 0 0 0 7 0 0 0 0 49 0 0 0 0 1 0 0 0 6 0 0 168 0 0 0 0 0 15 0 0 14 0 0 0 0 9 0 25 27 0 0 0 0 0 0 0 0 22 0 0 64 0 28 0 0 0 0 0 0 30 46 0 0 22 0 0 0 0 0 2 1 0 0 0 23 0 142
 0 2102 0 0 0 0 0 5 4 0 0 0 4534 12 0 0 0 0 0 0 0 0 0 0 0 0 71 138 0 13 0 0 0 8 0 0 0 0 0 1 0 0 0 0 0 96 15 0 0 0 0 0 27 0 1 0 0 0 0 0 116 0 0 0 0 0 0 0 0 0 0 0 0 0 0 0 0 4 0 0 0 0 15 0 8 0 0 4 0 0 13 0 0 0 0 0 0 9 0 0 0 0 0 1170 13 0 14 0 748 0 0 0 0 0 0 0 0 0 0 0 9 0 0 2 0 0 0 0 0 13 0 0 0 0 0 8 0 0 0 0 0 0 7 0 0 1 0 0 12 0
 17 14 0 60 4 0 0 36 0 0 0 8 0 0 8 0 0 0 0 0 0 13 37 0 1 0 0 0 0 0 0 0 0 0 1 0 0 0 0 2653 0 0 22 0 0 11 0 20 876 0 0 0 0 0 2 0 0 0 0 0 0 0 0 0 0 0 0 0 0 0 0 0 0 0 0 0 0 0 0 0 0 0 0 0 0 0 0 0 0 0 0 0 0 0 0 0 0 0 22 0 0 0 0 0 0 0 0 0 77 8 0 0 0 0 10 0 0 0 0 55 0 0 0 0 0 0 15 0 0 0 0 0 0 0 0 0 2 0 0 0 0 0 0 0 0 0 0 0 0 0
 0 0 0 0 0 0 0 0 0 1 0 0 0 0 26 0 0 0 0 12 0 0 0 0 0 24 0 0 0 0 0 0 0 0 3 0 0 0 0 0 0 0 0 106 0 0 0 0 0 0 0 0 477 0 7 2 13 0 7 0 0 43 0 0 0 0 0 0 2 0 0 0 0 0 0 38 0 27 7 0 17 10 0 81 0 0 0 0 0 9 0 0 0 0 0 57 0 0 0 0 142 0 0 49 0 0 0 0 0 0 0 10 0 0 20 0 0 3 0 0 0 0 0 0 0 0 0 0 0 0 9 0 0 0 0 0 0 0 0 0 0 2 0 0 0 0 645 0 0 0
 0 0 0 22 32 0 87 0 5 4 0 0 13 0 0 0 0 0 0 153 0 0 0 0 0 2 0 0 0 0 0 0 54 73 27 0 0 0 0 0 0 0 96 0 0 0 0 0 0 0 0 0 0 0 13 0 0 0 0 0 0 0 0 0 0 29 0 0 0 0 0 0 0 0 0 108 11 48 23 0 0 0 0 0 0 0 0 4 2 0 87 0 7 0 0 0 0 0 10 0 10 0 0 0 0 32 0 0 4 112 0 0 0 0 0 5 0 0 0 0 0 0 0 0 0 0 0 0 0 0 14 0 46 1 1 0 21 0 0 0 0 0 0 5 0 0 0 0 0 57
 0 0 0 0 0 0 0 0 6 0 0 0 0 142 0 0 0 0 47 0 0 0 229 0 0 4 0 31 16 0 0 0 0 0 0 0 0 0 13 0 0 0 0 0 0 68 0 0 0 0 0 0 0 0 0 4 0 10 4 0 0 0 0 2 0 170 0 0 0 0 0 0 0 38 1 0 0 184 0 0 0 0 0 0 16 0 0 0 0 0 0 0 6 0 55 0 1 0 0 0 0 0 0 0 0 0 0 2 4 0 0 0 0 6 0 0 14 0 0 2 77 0 19 0 0 0 0 0 0 0 10 5 0 0 0 0 0 0 0 0 12 0 77 0 0 0 0 23 0 0
 0 0 0 0 0 0 0 0 0 0 0 37 0 1 0 0 0 0 72 0 0 54 0 0 0 83 0 0 4 2 0 0 0 0 0 0 0 0 0 0 0 0 0 0 0 2 0 0 2 0 0 0 0 0 0 0 0 0 0 24 0 30 0 0 0 38 10 0 0 0 2 0 0 0 0 0 0 0 0 0 0 0 0 0 21 0 0 0 0 0 15 0 57 11 0 0 0 0 0 0 0 0 5 0 0 0 0 0 0 0 0 0 48 0 0 0 54 0 83 0 0 0 0 3 0 0 0 0 0 0 0 0 12 0 0 0 0 0 0 0 0 0 0 0 0 2422 0 3 0 78
 0 0 0 0 0 3 0 0 0 0 0 0 0 46 0 0 0 0 0 0 0 0 0 0 0 1 0 0 0 0 0 876 33 0 0 0 0 0 0 0 0 0 0 0 0 0 0 0 0 0 0 0 0 1170 0 0 0 0 0 0 0 0 60 0 0 0 24 0 0 0 0 0 0 32 0 10 0 0 0 0 0 0 9 0 0 70 0 11 0 8 0 0 0 0 0 0 71 8 0 0 0 82 0 0 0 2 13 4 0 0 89 4 0 0 0 2 0 0 0 17 0 0 0 0 0 0 0 36 29 0 0 0 0 0 0 0 0 0 0 0 0 0 0 0 0 39 0 0 0 0
 0 0 0 0 0 0 0 0 0 0 0 0 31 0 8 0 0 0 0 0 0 0 116 0 0 0 0 0 129 0 0 0 0 0 295 0 0 0 34 0 0 0 98 0 0 0 0 0 24 116 0 0 0 0 0 0 0 0 0 0 0 0 0 0 0 0 18 6 0 0 0 3794 0 0 0 0 0 0 0 0 0 0 0 0 0 0 3 0 0 0 0 0 0 0 36 8 0 0 0 0 0 0 0 0 0 0 0 0 0 0 0 15 0 0 0 0 0 0 0 0 315 0 0 0 0 0 0 3 0 0 0 10 0 0 0 0 0 0 0 0 21 0 0 0 0 0 0 0 0 0
 0 0 10 0 0 1 0 0 0 2 0 0 0 0 0 0 9 0 0 13 0 0 0 0 0 0 3 5 0 0 8 0 3 0 0 0 9 102 0 0 8 9 0 0 0 0 0 0 0 0 10 0 0 0 0 0 64 27 39 0 10 0 0 0 0 0 0 0 0 0 0 0 0 0 0 0 0 0 0 0 0 0 0 0 16 0 0 0 0 0 0 0 0 0 10 0 13 2102 0 0 0 0 0 0 101 0 0 0 0 0 14 0 0 0 0 0 0 0 0 0 1 39 0 0 0 2 0 0 0 0 0 0 0 0 0 0 13 51 70 21 0 0 24 0 0 0 0 0 0 41
 0 0 0 0 24 0 0 0 0 69 0 0 0 0 0 0 0 0 19 0 0 0 0 0 0 0 0 0 0 13 0 5 47 0 0 0 0 0 0 0 0 0 12 0 0 3 64 25 0 0 0 0 0 292 0 0 0 0 0 0 0 123 0 0 0 0 0 1 13 0 0 0 0 0 2 8 0 15 0 0 0 0 0 0 0 0 0 0 0 0 0 0 0 0 87 0 0 0 11 0 0 0 3 0 0 0 0 0 0 75 1 0 0 2 0 0 0 0 0 0 64 0 0 0 0 0 0 22 899 0 0 7 0 229 0 0 3 0 0 0 0 0 0 0 0 0 0 0 0 0
 0 0 0 0 0 0 0 0 0 0 0 0 0 0 0 0 0 0 0 0 0 0 1 0 0 0 36 0 0 0 0 0 0 0 0 0 0 0 0 0 0 0 0 48 0 0 0 0 0 32 0 0 2 0 0 0 0 81 0 0 0 0 0 0 0 0 0 0 13 0 0 0 0 0 0 0 0 6 0 0 14 10 4 0 0 4 0 0 0 0 0 0 0 0 0 46 62 0 0 0 0 2 18 0 0 0 0 0 0 0 0 8 0 0 129 0 0 0 0 0 0 2 0 0 0 0 0 1 0 0 0 0 43 2 0 0 293 0 0 0 0 0 41 0 9 0 0 0 0 3
 0 0 1 0 41 0 0 0 12 0 0 0 18 0 0 0 0 0 0 0 0 1 0 51 29 0 57 1256 0 0 13 0 0 0 0 0 15 0 20 0 0 0 0 60 68 10 0 1 292 0 0 0 0 0 0 0 0 0 5 0 0 0 0 0 0 17 8 118 0 0 0 0 0 0 0 0 115 1353 12 65 48 0 0 0 0 0 0 0 0 0 0 0 0 19 0 0 0 0 0 10 0 0 0 0 0 0 10 0 0 0 24 0 0 0 3 0 0 212 0 0 2 0 0 64 0 0 0 0 0 0 0 0 5 0 0 0 0 0 0 0 0 0 0 0 315 0 36 0 0 3
 0 0 0 16 0 0 0 0 8 0 1 0 0 0 0 0 0 0 0 0 0 0 0 0 0 0 12 0 3 17 0 0 4 0 0 0 0 0 0 0 0 0 0 0 3 0 0 6 0 6 0 0 5 0 0 0 0 39 0 0 0 0 2102 0 0 0 0 0 0 0 0 0 0 0 0 0 0 0 0 0 0 22 0 0 0 4 0 0 0 0 0 0 0 0 0 0 0 0 0 0 0 69 0 0 0 0 0 3 0 0 0 0 0 6 0 0 0 0 0 0 0 0 0 0 0 0 0 0 0 0 0 0 0 0 0 0 71 0 0 0 0 11 0 2 3 0 0 0 0 4
 0 0 0 1 6 0 0 0 0 0 0 19 0 0 0 0 0 18 0 0 0 0 0 0 0 0 0 0 0 0 7 0 0 9 0 0 19 0 0 0 15 0 0 0 0 0 0 0 17 0 2 0 0 0 0 0 0 0 21 0 0 0 0 0 0 0 55 0 0 0 0 0 0 0 0 18 0 0 0 0 77 0 19 3 0 0 0 81 0 0 11 0 0 0 0 7 0 0 0 0 0 0 0 0 0 0 0 0 12 0 0 0 0 0 0 0 15 0 6 2 10 9 0 47 0 0 0 0 0 18 0 0 0 0 0 0 0 17 1 0 0 0 0 0 0 0 0 7 0 33
 0 0 4 0 0 0 0 0 0 23 0 0 0 0 0 0 0 0 0 0 0 0 0 0 0 0 0 0 72 0 0 0 0 0 0 0 6 0 0 0 0 0 0 0 0 0 0 0 0 0 82 0 0 0 0 0 0 0 0 0 2 0 0 0 0 0 0 780 4 10 53 0 0 7 0 0 0 0 4 0 18 0 0 13 0 7 0 0 0 0 0 4 0 0 0 0 0 7 0 0 212 0 0 22 0 0 0 0 0 0 0 0 81 0 0 0 41 0 0 0 0 0 0 43 0 0 0 13 22 0 0 0 0 0 0 0 0 0 0 0 87 30 0 11 58 0 0 0 0 0
 0 21 0 25 0 0 1 0 0 0 22 54 0 0 89 7 0 0 0 41 0 0 0 81 0 0 9 0 0 0 0 3 60 0 0 0 0 0 0 38 28 0 0 0 315 0 0 2 0 2 0 0 0 9 19 0 0 0 71 588 0 0 18 0 0 0 0 0 0 0 0 0 0 6 0 113 0 2 14 0 0 0 0 10 0 0 0 15 0 0 0 0 0 0 0 0 0 0 4 17 89 0 0 0 0 0 0 4 0 0 0 3 0 0 0 0 3 0 0 0 14 215 30 0 0 0 0 112 0 1 0 0 1 0 2 0 0 123 0 0 0 0 0 0 0 0 0 0 0 0
 0 0 2 0 2 0 780 0 19 0 0 0 0 0 0 13 4 0 0 0 0 0 0 0 0 0 47 0 18 0 0 38 0 0 0 57 0 780 0 0 0 0 51 0 21 0 1 478 0 0 0 0 0 0 436 0 0 0 0 0 0 0 0 0 0 0 0 0 6 0 2 0 9 0 0 22 9 8 87 0 0 49 0 0 0 0 0 0 48 0 0 0 0 7 0 82 0 0 0 6 0 0 0 0 0 0 0 0 0 7 0 0 0 0 0 0 0 0 20 0 0 0 0 0 0 0 10 0 0 0 0 0 112 36 0 0 0 0 0 0 0 1 0 0 18 0 0 0 61 0
 2 0 0 0 53 0 0 0 14 0 0 0 0 0 0 4 0 3 0 0 0 0 158 0 0 0 0 0 0 0 0 2 0 292 0 0 0 0 0 0 0 0 0 105 184 0 0 0 0 0 0 0 0 15 0 0 0 16 3 0 0 0 212 0 5 0 0 0 0 0 15 0 0 0 0 0 6 8 6 0 0 0 85 0 226 0 0 50 0 0 0 12 1 0 0 0 0 0 0 0 0 0 0 2 0 0 0 0 0 0 0 0 0 0 0 0 0 0 0 0 0 0 0 4 0 5 0 4 0 0 0 0 0 0 65 0 0 0 0 0 0 0 0 0 0 0 0 0 525 0
 0 0 0 0 0 0 41 0 0 2 0 0 0 0 0 0 0 0 5 0 0 0 0 0 0 7 8 0 0 0 0 0 2 0 35 0 0 0 0 0 0 0 40 0 16 0 115 0 0 17 0 10 20 0 17 0 0 0 0 0 0 0 0 0 32 0 0 0 0 0 0 0 3 0 0 2 0 64 0 0 0 0 0 116 0 0 0 0 0 0 0 0 0 0 0 0 0 0 0 899 0 0 0 0 1 0 0 0 0 2 0 0 0 0 104 0 11 0 0 0 0 0 0 0 13 0 0 39 30 0 0 0 55 0 0 58 74 0 0 0 5 55 0 3 2 0 0 0 0 0
 8 0 0 0 0 0 0 0 0 0 0 0 2 0 81 0 0 0 0 0 0 0 0 0 0 0 18 19 0 0 0 0 60 157 0 10 25 27 0 0 0 0 0 0 0 0 0 43 0 0 0 0 36 0 0 0 0 0 0 0 60 0 0 0 0 138 0 0 0 2 0 0 876 0 0 0 0 0 0 89 0 0 0 0 7 80 59 0 0 0 0 10 0 0 62 12 0 0 0 21 0 68 0 0 0 4 0 0 8 0 0 0 0 0 0 0 0 0 0 6 0 0 0 87 0 0 46 0 0 0 0 0 0 0 0 0 0 0 0 0 0 0 0 105 0 0 81 0 0 0
 0 0 0 0 0 0 0 10 0 2 0 105 0 0 153 0 0 0 0 20 0 0 0 0 0 0 0 0 0 118 0 66 0 0 0 0 12 0 0 0 2 0 0 62 0 0 0 0 0 0 0 0 0 0 0 0 8 0 0 0 0 33 0 0 0 0 0 0 0 16 0 4 0 0 2 1284 0 0 0 0 10 0 0 0 0 3 0 0 0 0 465 0 0 0 68 0 24 0 0 0 0 0 0 0 0 0 19 0 0 0 0 0 0 0 64 0 0 0 0 0 0 3 0 33 0 0 34 0 16 0 0 0 0 0 0 33 0 0 0 0 0 0 2 0 0 0 0 229 0 0
 0 0 0 19 0 0 0 0 22 0 0 0 0 0 0 0 0 0 33 65 0 0 0 41 20 0 0 0 0 0 0 0 0 0 34 0 0 0 0 0 0 0 0 0 0 0 0 0 0 0 23 0 0 0 0 0 0 0 4 0 0 0 0 0 0 0 0 0 0 0 184 0 0 0 20 3 0 0 0 0 0 0 0 1 0 0 0 0 0 0 0 0 0 0 0 14 25 0 0 0 13 0 0 0 0 6 0 47 0 0 0 55 0 0 0 0 0 0 0 0 0 69 112 0 0 0 6 0 88 0 0 0 0 0 0 53 0 0 3 0 0 135 0 0 0 0 0 0 0 7
 0 0 0 0 0 0 0 0 0 0 0 20 18 0 0 0 0 3 96 2 3 0 0 0 0 0 0 0 53 0 9 138 0 48 0 0 0 0 0 0 0 0 30 0 0 0 10 0 0 0 4 0 0 27 0 9 0 0 0 0 0 0 7 1 0 9 10 0 0 0 1 0 14 0 0 0 0 0 0 0 11 1372 0 0 0 0 184 0 0 16 0 0 2 0 0 0 0 0 8 5 0 0 0 0 0 0 0 10 0 22 80 129 0 0 0 0 0 0 0 0 9 0 315 0 0 28 0 0 0 0 3 0 3794 0 0 27 0 0 0 3 0 0 0 0 0 0 0 0 0 2
 0 0 0 96 0 64 0 14 0 0 2 0 10 0 0 6 0 0 0 0 0 0 0 0 0 1 0 0 0 96 0 0 0 0 0 72 0 0 0 0 0 0 0 0 2 0 0 3 0 0 0 0 0 9 0 0 0 0 0 0 0 0 0 0 0 0 7 0 0 0 0 10 0 0 0 0 0 19 0 3 0 0 0 0 0 0 0 12 0 0 9 0 26 0 14 0 0 0 0 0 0 5 22 0 0 0 0 0 0 4 0 41 0 0 0 0 0 0 0 0 0 0 0 0 0 0 116 876 0 0 15 0 2 0 0 0 16 0 0 0 0 0 0 0 12 0 0 0 0 0
 0 75 19 3 0 0 0 0 0 21 0 0 0 0 2 7 0 0 87 13 0 0 0 0 45 0 15 0 4 0 0 0 0 0 38 0 0 0 0 0 0 6 0 0 45 0 0 0 3 0 0 0 0 0 57 10 0 0 0 0 0 0 0 0 0 0 0 1 0 0 0 0 0 4 0 0 0 0 10 0 0 0 0 0 4 39 0 0 0 0 1 0 0 2 0 4 0 0 0 3 0 0 0 0 0 0 0 0 0 0 0 0 21 3 0 0 14 0 0 0 0 0 1 0 0 0 0 0 0 0 0 0 0 0 0 0 0 54 0 0 4 35 0 0 0 0 0 0 0 0
 0 64 0 0 0 0 0 2 0 0 0 0 0 0 0 0 4 0 0 0 0 0 0 0 0 8 0 0 0 780 0 0 0 0 15 0 0 0 0 7 0 1 0 0 0 0 18 22 18 2 0 4 0 0 0 0 0 64 0 113 2 0 0 0 0 0 0 0 0 0 1284 0 0 75 0 0 13 0 21 0 0 0 0 0 0 0 0 0 0 0 0 0 0 0 0 0 0 0 0 0 0 1 0 0 0 14 8 1 0 0 0 0 0 0 0 0 0 0 0 0 0 4 0 0 4 0 0 0 0 0 0 24 129 18 5 0 38 0 4 0 0 27 0 0 71 0 4 0 0 0
 7 0 0 0 0 1 3 33 0 0 0 0 87 0 0 0 0 0 0 0 0 0 0 18 1 0 0 0 0 0 43 1 0 49 0 0 0 0 0 0 0 0 0 0 18 0 142 0 0 0 0 0 0 0 0 27 0 38 0 0 0 0 0 0 0 0 100 101 2 0 0 0 0 0 0 0 0 0 0 10 0 0 0 0 0 11 0 0 7 0 0 0 0 0 0 0 0 0 0 0 9 87 0 4 0 0 0 0 0 0 0 0 0 0 0 0 0 0 0 0 0 0 0 0 153 478 0 0 0 477 0 0 0 64 0 0 0 0 0 0 0 0 0 0 0 13 0 0 0 0
 0 0 212 0 0 0 0 0 0 0 0 6 9 0 0 0 0 2 27 0 0 0 13 0 0 0 0 0 0 0 0 0 2 0 0 646 0 0 0 294 0 0 0 0 0 0 0 0 83 0 0 0 24 0 0 0 2 0 0 0 0 0 7 0 0 0 0 0 0 0 4 1 0 0 4 0 12 0 0 0 0 0 0 0 0 0 0 39 0 0 0 0 0 20 0 0 0 0 0 0 0 0 4 0 0 229 490 0 0 0 14 10 0 0 0 0 0 0 30 0 0 21 0 0 0 0 0 0 0 0 0 0 0 0 1 81 27 0 0 32 54 0 0 0 0 0 0 0 0 0
 0 0 0 6 0 0 6 4 0 0 0 0 0 168 0 21 0 0 0 0 0 0 0 0 7 9 18 0 0 16 0 0 0 0 10 18 0 0 0 0 0 0 0 14 98 70 0 0 0 0 0 0 0 0 0 0 78 0 0 0 0 2 0 21 7 0 0 0 0 0 0 0 0 0 0 0 0 0 0 0 0 0 0 0 0 0 464 0 0 0 0 0 0 0 0 0 9 0 0 0 0 0 0 0 0 5 0 0 0 0 21 0 0 0 7 7 21 0 0 0 0 0 0 0 0 0 0 0 0 0 0 0 0 0 12 0 0 0 0 1 0 0 0 0 0 87 0 0 0 0
 0 53 0 0 0 0 38 0 0 0 0 0 0 0 0 0 0 0 0 0 0 0 0 0 0 41 1 17 0 0 0 0 46 0 0 0 55 0 0 0 0 0 0 0 0 30 0 2 0 313 0 0 21 0 0 0 0 0 742 0 0 0 129 1 14 0 14 0 0 0 0 0 0 294 6 0 0 0 0 5 0 0 0 0 0 0 7 0 4 0 0 0 0 0 0 0 0 0 2 0 0 0 0 0 0 4 0 57 0 38 18 0 0 0 0 0 0 0 0 32 10 0 0 0 12 0 0 2 0 0 2 0 0 0 0 0 62 0 0 0 0 0 21 0 14 0 0 0 0 8
 0 0 0 0 0 0 0 0 0 0 0 0 0 0 2 0 85 0 0 0 4 0 0 0 0 47 21 0 735 0 0 0 0 0 1 0 1 0 0 27 0 0 0 0 0 1284 0 0 0 0 0 0 116 0 0 0 8 0 0 0 0 0 0 11 0 3 0 6 0 1 3 0 0 0 0 0 36 0 0 0 0 0 2 0 0 14 0 9 0 0 0 0 9 0 13 0 0 0 0 0 0 0 0 0 0 10 0 0 0 0 0 2 2 0 0 0 0 0 0 2000 0 113 3 0 0 0 0 0 0 0 0 0 0 0 0 0 0 0 0 0 0 17 0 0 0 0 0 0 0 0
 0 17 0 4 0 0 0 1 0 0 5 0 0 0 0 0 0 0 0 0 0 0 0 65 0 0 0 0 0 0 0 0 0 0 0 0 0 0 37 0 0 0 0 2 0 0 52 0 0 0 0 0 2 8 0 9 0 0 0 9 0 0 0 0 0 0 0 0 0 0 0 4 0 0 0 15 0 0 0 0 0 0 0 54 0 0 0 0 0 0 0 0 0 0 0 0 0 0 0 0 0 0 0 0 0 0 0 71 0 0 0 0 0 0 0 0 0 645 0 0 0 9 0 0 0 104 0 0 0 0 0 0 0 0 0 0 0 0 108 0 0 0 0 15 90 0 4 0 0 0
 0 0 82 3 0 0 0 0 0 0 0 10 0 0 0 0 4 0 0 21 0 4 0 0 0 0 0 46 113 0 0 0 0 0 0 10 0 0 0 0 0 0 0 0 0 0 0 1 0 0 0 0 0 0 0 0 0 0 102 0 6 2 0 0 0 0 0 0 112 0 0 0 0 0 295 0 0 0 0 49 39 0 0 18 32 0 0 0 0 13 0 0 0 0 0 0 0 0 0 0 0 0 0 0 0 3 0 0 0 0 8 1 0 0 0 0 10 0 0 0 0 0 3 0 27 0 0 158 21 0 0 0 0 0 0 2 15 72 0 0 0 0 0 0 0 0 0 0 0 0
 0 20 0 1 0 0 0 0 0 11 0 0 21 0 1357 0 0 0 0 0 0 0 0 0 0 7 0 0 0 0 25 0 0 0 0 0 0 17 0 0 0 31 0 35 0 0 0 1 0 0 0 0 0 0 0 0 0 0 0 0 0 0 0 0 0 0 0 0 0 13 0 0 0 13 0 0 0 0 588 0 0 0 58 0 333 0 0 13 0 3 0 0 0 0 0 0 0 315 0 0 0 0 0 0 0 0 0 0 0 0 0 0 0 0 0 0 0 2 10 0 0 71 40 0 0 0 0 0 0 28 0 0 0 53 0 12 0 0 0 0 10 0 46 41 0 0 0 63 0 0
 39 0 0 0 0 0 0 11 0 0 0 0 0 0 0 78 0 0 0 0 0 0 0 0 0 0 0 65 0 0 0 0 0 0 0 0 0 0 0 0 0 0 0 0 0 0 0 0 0 0 0 123 5 0 0 0 0 0 0 0 4 0 0 0 3 54 24 0 0 0 8 2 1 0 0 0 0 45 0 0 0 0 0 0 1170 5 0 0 0 0 0 0 0 0 0 0 0 0 0 0 0 0 0 0 78 0 37 0 0 0 3 8 0 22 0 0 0 0 0 10 87 0 0 5 0 0 0 0 0 2 0 0 0 0 7 0 0 0 0 0 0 0 0 0 0 0 0 0 0 0
 0 0 0 0 0 96 0 0 0 0 0 0 0 0 0 13 0 0 0 0 0 0 0 0 0 7 0 0 0 0 0 0 0 0 0 0 7 0 0 0 0 0 0 0 0 0 18 1 0 57 0 0 25 0 0 25 0 8 10 0 0 0 0 0 0 4 0 0 32 0 0 4 43 15 0 0 47 6 0 0 0 0 0 0 0 0 0 0 0 0 0 0 0 0 0 13 0 8 0 0 0 0 0 0 0 0 0 13 0 0 11 0 0 0 2 11 6 0 899 41 0 0 0 3 0 0 0 0 0 0 0 0 0 0 0 17 0 0 0 0 0 11 0 0 0 0 13 13 7 0
 0 0 0 0 0 0 0 0 0 0 0 0 0 0 0 41 7 0 0 0 0 0 0 0 0 0 0 22 0 297 7 0 0 0 552 2 0 0 0 0 0 0 0 0 0 0 153 2 0 0 0 0 0 0 0 0 0 0 0 59 18 3 0 0 0 0 2 0 27 16 8 0 0 0 0 0 0 0 0 0 78 0 0 0 0 10 48 0 0 9 0 0 0 0 0 0 0 454 0 0 6 0 0 0 13 0 0 0 0 0 0 0 0 7 10 0 0 0 0 0 4 0 46 0 0 0 0 0 0 0 0 0 0 0 0 0 0 96 82 0 0 0 0 0 0 0 14 0 0 0
 26 19 0 0 0 0 0 0 0 0 0 0 0 0 0 0 0 0 0 0 0 0 0 0 0 0 0 0 0 0 0 0 37 62 0 0 0 0 0 0 0 17 0 0 0 0 0 0 86 0 0 0 0 0 0 0 83 0 0 0 0 0 0 0 0 0 0 0 0 0 0 0 17 0 0 0 0 37 0 0 0 0 77 0 0 0 0 0 0 0 0 0 0 0 4 0 0 0 0 0 0 4 18 556 0 4 71 27 0 0 0 80 36 0 51 0 4 0 0 15 0 19 0 0 0 0 0 2 96 0 0 0 0 0 0 0 0 14 0 0 0 19 0 0 0 0 0 0 0 0
 0 0 25 0 201 0 0 11 0 212 0 1 0 0 0 2653 0 0 0 0 0 0 0 0 0 0 4 0 0 0 0 0 0 27 70 0 0 0 0 51 0 2 68 0 0 0 0 0 0 14 0 0 0 0 0 4 2 0 0 0 0 0 0 0 81 0 0 8 0 0 0 0 0 0 0 0 0 1 9 0 0 1 0 0 0 0 21 0 0 20 0 0 0 0 3 0 0 0 0 0 14 0 0 0 0 0 0 0 0 0 5 0 72 0 0 6 0 0 0 0 0 9 0 0 3 0 0 0 0 0 0 57 7 7 0 0 0 0 0 0 0 0 15 20 0 32 0 0 0 0
 0 0 0 0 0 0 0 0 0 0 22 0 10 0 0 0 0 0 0 0 0 0 0 0 0 0 0 27 0 0 0 0 0 0 31 315 0 0 0 0 0 28 0 0 0 0 8 0 0 0 0 0 0 0 0 0 0 0 0 3 0 19 0 21 21 60 0 0 0 0 0 0 0 0 20 8 3 0 0 0 0 0 41 0 0 0 0 0 0 0 0 449 0 0 0 0 0 735 11 0 0 0 0 0 0 0 0 0 0 0 0 0 0 0 0 27 0 0 0 0 14 0 0 0 2 0 0 0 0 0 0 0 0 0 0 0 0 876 0 0 0 0 0 0 0 0 0 0 46 0
 9 0 54 2 0 14 0 294 0 3 0 0 0 10 0 0 13 0 0 0 0 127 0 0 0 35 0 742 0 0 0 11 0 0 14 0 0 47 0 2102 0 0 12 12 0 0 6 0 22 0 35 0 0 55 0 106 0 0 8 0 38 0 0 87 0 36 0 11 0 0 0 0 15 0 0 0 27 0 0 0 0 0 0 17 0 0 0 0 0 0 0 0 0 0 0 0 0 0 0 0 0 0 0 0 9 0 0 0 127 0 23 0 0 0 4 0 0 0 0 0 0 27 0 0 0 0 11 0 0 7 0 10 0 0 0 0 0 0 0 0 0 0 0 454 1 0 49 0 0 0
 0 0 0 0 71 0 0 0 0 0 0 17 3 0 0 0 0 38 0 0 0 0 0 0 0 0 0 33 0 0 3 0 0 0 0 0 0 0 0 13 19 0 0 0 0 0 0 2093 72 0 0 0 0 0 0 6 0 12 0 0 0 0 0 0 0 0 0 0 0 0 0 0 0 556 0 0 2 0 0 0 0 14 0 0 0 0 0 0 0 0 0 0 0 0 0 4 0 0 41 0 0 0 112 0 0 14 0 0 0 0 0 0 4 0 0 0 15 0 0 0 0 0 0 0 0 0 0 0 0 0 0 4 0 18 0 0 2 0 0 0 0 0 9 0 0 0 1 0 0 0
 0 0 0 0 0 0 4 10 15 0 11 0 0 0 0 0 0 0 0 75 0 3 0 64 0 8 15 0 0 0 0 0 0 0 0 0 0 0 0 0 0 0 0 0 0 13 0 9 0 37 10 0 229 0 0 60 0 0 0 0 0 0 4 0 0 0 0 0 0 0 0 0 0 69 0 0 0 0 0 0 0 0 57 0 0 0 0 0 2 18 0 0 0 0 0 0 0 0 0 13 0 0 0 0 0 0 0 0 0 0 0 0 0 6 29 27 0 0 0 9 0 0 0 0 0 0 0 0 0 2 0 0 0 0 0 0 0 0 0 43 0 0 0 0 0 3794 0 0 0 0
 0 0 0 8 0 1 41 0 0 0 0 0 0 2422 3 0 0 1 0 0 0 0 0 0 0 8 0 0 0 3 0 0 6 0 0 8 27 0 0 0 0 0 0 0 25 3 0 0 0 0 0 0 490 0 61 0 0 3 12 0 0 0 0 11 0 0 0 0 0 0 0 0 0 0 0 0 1 0 0 0 0 0 0 0 13 0 0 0 0 0 0 0 0 0 0 0 0 0 0 0 0 0 4 0 0 6 0 0 0 0 0 0 0 0 0 0 0 0 148 0 2 0 0 0 2 0 0 0 12 0 0 0 0 0 2 0 2 0 0 0 0 0 0 18 0 0 0 333 0 0
 4 0 2 0 0 0 0 0 0 0 0 0 0 0 0 0 0 0 0 0 0 0 0 0 0 0 0 0 0 0 0 0 0 20 8 0 0 0 0 0 0 0 0 0 0 17 0 0 0 0 0 0 0 0 0 9 0 8 2 0 0 0 0 0 0 0 0 7 0 3 0 0 0 0 0 0 0 0 0 0 0 0 0 0 0 0 4 0 0 0 0 30 0 0 0 35 0 0 0 0 0 0 0 0 0 0 0 0 0 0 0 89 0 0 0 0 0 0 0 0 9 0 0 0 0 0 0 0 0 10 0 0 0 0 0 0 0 2 0 0 0 0 106 0 0 4 0 19 0 6
 28 0 5 27 57 0 2 0 8 0 0 0 78 0 0 0 4 0 0 0 0 0 0 0 0 0 0 0 0 0 0 0 0 0 0 0 2 0 0 0 0 0 0 21 0 0 0 1372 0 0 2 0 0 0 0 6 0 0 0 18 0 8 0 315 0 0 0 0 0 0 0 0 0 0 0 0 0 0 0 0 0 0 0 0 0 0 0 0 0 0 0 7 0 0 0 4 0 0 0 11 27 4 0 0 0 0 0 0 9 0 0 0 0 0 0 0 0 70 0 0 0 0 0 645 0 0 0 0 0 75 1 0 0 0 0 0 0 0 0 0 5 0 0 0 0 0 0 0 27 0
 18 0 1372 0 89 0 0 0 0 0 0 0 5 0 0 0 12 0 0 0 15 83 0 0 57 0 0 0 0 0 1 0 3 0 19 0 3 0 0 53 31 0 0 0 0 0 72 0 0 0 0 21 0 11 0 6 2 9 0 0 4 0 0 0 41 9 0 0 0 0 0 0 0 0 0 0 0 0 0 0 0 0 0 229 55 0 0 0 22 4 0 0 0 3 0 0 0 0 0 0 0 11 0 0 0 0 0 0 0 0 0 0 0 4 0 6 0 0 9 0 0 303 1 0 62 0 0 0 0 0 0 0 11 0 0 0 0 0 0 80 0 0 0 0 0 0 0 0 0 0
 0 0 0 17 0 0 0 0 0 7 0 3 0 0 0 0 0 0 22 0 1 0 0 6 0 4 2 0 294 9 0 0 0 0 81 0 30 2 0 0 0 0 0 0 17 0 0 0 0 0 0 0 1 0 0 0 24 55 0 0 0 0 0 0 0 0 0 0 0 55 0 0 29 0 10 0 12 1 0 8 0 4 36 0 0 0 0 0 0 0 0 0 0 10 0 10 69 0 3 0 0 17 0 0 10 0 0 0 17 0 30 5 0 0 0 0 0 0 0 9 0 0 0 0 0 81 0 0 0 4 0 735 0 0 116 6 0 0 0 83 22 0 0 0 0 0 0 71 0 70
 0 0 0 0 0 0 0 0 16 0 0 0 0 0 0 0 7 0 0 0 1 0 0 0 0 0 0 0 0 0 0 3 82 0 0 0 0 454 0 0 0 0 3 0 0 0 0 8 0 0 0 0 0 0 735 0 27 0 0 0 0 0 87 0 0 12 0 0 3 0 0 0 0 0 0 0 0 0 0 0 0 0 0 0 0 2 0 0 0 0 0 0 54 0 0 0 0 0 0 0 876 0 0 0 0 0 0 68 0 0 0 0 18 0 0 0 0 11 0 10 0 3 0 0 0 0 0 941 0 0 0 0 26 0 0 25 0 876 0 0 0 0 0 0 0 0 0 62 0 0
 0 0 0 0 0 0 0 0 0 1 0 0 3 1 0 0 0 0 0 0 0 2653 0 7 89 0 3 23 0 0 0 38 0 0 42 0 0 30 0 1 0 0 0 100 0 0 0 0 294 0 1 51 26 0 0 0 0 0 0 72 0 0 0 0 6 3794 0 0 0 0 20 0 12 0 49 17 0 0 0 0 0 4 0 27 0 0 1372 313 0 7 0 0 0 0 0 0 0 0 742 0 0 0 0 0 0 0 0 0 0 251 0 0 0 0 0 0 0 3 0 90 0 0 0 0 0 0 14 0 0 6 0 0 0 0 0 0 0 0 0 0 0 0 0 0 0 229 0 454 11 17
 7 0 0 0 0 0 0 0 0 32 0 0 0 0 0 0 91 0 0 0 0 0 21 0 0 1 0 0 0 49 0 0 8 0 0 0 0 0 0 0 0 0 0 0 0 0 4 0 13 0 2 0 0 0 0 0 0 0 0 8 0 0 0 0 0 0 8 0 0 0 0 229 0 0 0 0 0 0 4 0 0 0 0 0 0 0 0 17 0 0 0 0 0 0 0 0 0 0 0 0 184 0 0 0 0 0 0 2 0 0 7 0 0 0 0 0 0 0 0 0 3 0 0 0 0 0 0 101 82 0 6 0 8 0 0 0 0 16 0 0 0 0 0 0 0 0 0 0 0 0
 0 57 0 0 0 0 0 11 0 3 0 35 0 1 0 0 0 104 0 2409 0 0 5 0 0 7 0 78 9 0 0 0 0 108 0 0 0 0 0 6 0 0 0 7 0 0 0 0 0 0 0 0 0 0 80 4 0 0 0 0 4 0 0 0 0 0 0 0 0 0 0 0 0 0 0 0 0 0 0 0 0 0 0 0 0 0 0 0 0 10 0 0 0 0 11 0 2 0 47 13 0 0 0 32 45 0 0 0 0 0 0 19 0 18 0 0 0 0 9 0 54 0 16 0 0 0 0 0 0 1 0 0 4 0 0 0 0 0 0 0 0 0 0 0 0 0 0 0 17 0
 4 0 0 0 0 9 0 0 0 0 6 0 4534 0 0 0 0 0 0 48 0 4 0 0 0 1 0 0 3 0 10 0 0 0 0 0 2 0 0 29 2 0 0 0 0 0 25 0 0 0 0 0 0 0 0 1 0 0 0 0 8 0 0 4 0 0 876 0 0 0 0 6 0 0 0 33 0 0 0 0 0 0 0 0 0 57 0 552 25 0 0 0 0 0 57 1 0 0 0 0 0 0 2 0 0 0 2 0 0 62 0 30 0 14 7 0 6 3 6 0 0 0 0 0 302 0 0 1076 0 0 0 0 0 0 0 0 15 6 0 0 0 0 0 0 0 0 0 0 0 0
 0 0 0 0 0 0 0 0 0 0 0 0 0 0 1076 0 0 0 0 0 0 0 4 0 0 0 0 0 11 0 0 0 0 0 0 0 0 2 0 0 0 28 0 0 0 0 5 0 35 0 0 41 85 0 0 0 0 0 30 0 0 0 11 0 24 0 0 0 28 0 0 0 0 0 0 0 0 1 55 0 0 295 0 0 0 0 21 0 0 0 0 0 0 0 0 0 0 0 0 0 0 0 0 0 18 0 0 0 0 0 0 0 5 0 0 0 0 0 0 0 0 0 0 0 0 0 0 0 168 0 0 0 5 0 0 0 0 0 0 43 0 0 0 64 0 0 0 0 0 8
 0 0 19 0 0 2 0 0 0 0 0 0 0 0 0 1170 1 0 0 0 0 0 0 0 0 0 1283 0 0 6 0 0 0 0 3794 588 0 0 0 0 0 0 0 0 0 18 0 293 0 13 0 0 0 0 0 0 0 0 0 0 0 0 0 0 0 0 0 0 0 0 22 0 0 0 0 4 0 0 3 0 0 0 0 0 0 8 0 0 0 33 0 0 0 34 0 2089 0 0 35 0 0 0 0 0 0 0 15 0 0 0 0 0 0 0 12 0 0 0 0 0 0 0 0 0 0 0 0 0 0 0 142 0 0 0 0 8 0 296 0 0 0 0 0 0 1170 0 0 0 735 0
 0 1 0 0 0 10 0 0 0 0 0 0 6 20 28 0 0 68 0 0 0 17 0 0 49 0 60 0 0 0 0 0 7 0 212 0 0 15 0 0 2 0 7 0 1 0 0 89 0 0 0 9 2 0 0 0 0 0 0 0 0 0 0 0 17 0 0 0 0 3 0 7 0 0 18 2 1 69 1 0 0 0 303 0 0 0 0 0 0 112 0 0 0 0 0 0 0 0 5 0 0 20 30 0 0 0 269 0 108 0 0 0 13 0 8 10 0 0 0 0 0 0 0 488 0 28 0 0 0 0 10 0 0 454 0 0 0 0 0 0 0 0 0 0 0 0 0 113 89 0
 0 0 0 0 81 0 0 0 0 0 0 2 0 0 0 2 0 10 0 22 0 0 0 9 77 0 142 0 0 0 25 1284 0 0 0 9 0 0 0 0 4 725 0 0 0 0 0 0 1 0 0 0 0 11 0 0 0 0 0 0 0 0 0 9 15 0 27 0 0 11 101 17 27 0 0 0 0 0 0 0 0 0 7 0 47 0 64 0 0 0 0 0 0 0 0 17 0 0 0 0 0 0 0 0 7 0 0 48 0 0 0 8 72 0 0 0 0 0 0 5 0 0 0 13 0 0 0 0 0 0 0 2 15 0 0 0 0 1 27 0 0 0 0 0 49 29 0 96 0 0
 0 27 1 0 0 0 0 10 0 0 12 0 0 0 0 0 0 6 0 0 0 89 289 41 0 0 4 0 0 0 0 28 0 72 0 0 0 0 0 313 0 0 0 0 11 1 0 0 0 0 11 0 0 0 8 0 0 0 0 0 0 0 0 0 0 12 1 0 0 0 0 0 303 0 54 26 0 0 4 27 0 0 0 0 0 0 0 2 0 0 0 0 0 0 0 0 35 1076 0 0 0 0 0 0 3 0 556 0 0 0 0 0 0 0 0 0 0 22 0 0 3 0 18 8 4 10 0 48 0 0 0 0 0 5 0 16 0 0 0 0 0 0 9 0 0 0 303 0 0 0
 477 0 2653 0 0 0 0 0 0 64 0 0 0 0 0 0 0 732 55 0 0 0 0 0 0 229 0 7 2 4 10 0 0 0 21 0 0 0 0 0 0 0 0 0 0 0 0 0 0 0 0 0 0 0 0 0 3 0 0 0 552 27 0 0 0 0 0 0 0 0 0 7 0 0 1 0 0 0 0 0 5 57 0 6 0 0 0 0 0 9 0 0 0 0 0 0 0 0 0 0 0 2 0 0 0 0 0 0 0 0 0 4 0 0 0 0 0 0 0 0 11 0 0 0 0 0 0 0 0 0 0 0 0 0 0 0 0 0 0 0 15 19 2 0 9 0 0 47 0 2
 0 20 0 0 0 0 0 0 0 3 0 7 0 0 0 2 0 0 0 34 0 10 0 0 0 0 2 0 0 0 0 0 0 0 0 0 0 0 0 0 0 0 0 0 2 0 0 0 0 0 0 0 3 0 18 0 2653 0 0 0 0 0 0 0 0 0 0 11 0 0 0 0 0 0 0 0 0 0 0 0 17 0 0 0 0 0 10 0 0 0 0 0 0 0 0 0 0 100 0 0 61 0 0 0 0 0 0 8 295 0 0 0 0 0 0 8 78 0 2 0 0 0 0 0 0 5 0 0 0 0 0 0 123 0 0 2 0 4534 0 7 0 0 0 0 0 0 0 64 0 0
 0 22 0 3 0 8 0 0 13 3 0 0 0 645 0 0 0 0 0 0 0 0 0 0 0 876 0 0 0 0 0 11 0 10 0 0 0 0 0 0 0 13 0 0 0 0 0 115 0 0 0 0 0 0 0 0 0 0 0 0 0 0 0 780 0 6 0 0 0 0 0 8 0 11 0 0 0 0 0 0 2 0 1 0 0 0 0 0 108 0 0 0 0 5 0 0 0 0 0 46 15 0 0 0 0 0 0 10 0 0 0 0 0 0 0 6 0 0 0 10 0 0 0 0 0 8 30 0 0 0 0 0 0 0 0 112 0 0 0 0 32 0 93 0 0 0 0 3 0 0
 0 0 0 0 0 0 0 0 0 0 0 8 0 0 1 0 30 0 0 16 0 0 0 7 0 0 0 0 0 0 0 4 0 0 0 0 0 1 0 0 0 16 0 0 31 0 0 0 0 0 24 0 0 0 4 0 0 0 0 0 0 70 0 0 0 0 170 0 0 11 0 0 0 38 0 0 16 4 0 0 4534 0 0 75 0 0 0 0 0 0 11 47 5 0 0 0 0 0 0 11 0 19 0 0 0 4 0 0 0 2 0 0 0 0 0 0 6 0 0 0 7 0 7 0 0 228 4 0 0 0 0 0 0 0 0 0 0 0 0 0 0 0 0 0 0 0 0 0 0 0
 0 0 135 0 0 47 0 0 0 75 0 0 0 5 0 0 0 0 0 0 6 0 0 0 0 0 0 105 0 0 0 0 0 0 0 0 0 0 0 1284 0 15 2 0 0 0 0 0 0 2 0 0 0 0 0 4 0 158 0 0 0 17 0 23 35 0 0 0 0 2 0 5 20 0 0 0 0 0 0 0 0 0 0 0 2 0 13 4 0 0 0 0 0 0 0 0 0 292 0 0 0 3 0 0 0 0 0 0 2 0 0 0 83 0 0 0 13 0 0 0 0 0 0 0 0 0 0 6 0 3 0 0 0 7 18 2 0 0 0 0 0 0 0 0 0 0 17 0 0 0
 0 0 0 0 0 0 0 0 0 0 2 0 0 0 0 33 0 0 0 0 0 0 0 0 0 0 0 0 0 0 0 0 315 0 19 0 0 19 0 0 0 0 0 0 0 0 0 0 0 0 0 0 0 0 0 0 0 8 48 0 0 158 0 101 0 0 0 0 0 10 0 108 0 7 0 13 0 0 0 0 2 0 27 0 11 0 0 0 47 0 0 0 0 0 0 64 4 0 0 0 0 0 0 18 0 0 0 0 4 0 0 4 0 0 0 71 0 0 0 0 0 0 10 0 5 0 0 7 0 8 0 0 0 0 0 0 292 0 0 0 0 0 5 60 0 0 0 2 0 11
 0 0 0 0 0 0 0 0 0 0 21 1 0 0 19 0 0 0 0 0 0 645 0 0 0 0 4 0 0 0 0 0 24 8 1 0 0 0 0 0 0 0 0 0 0 0 0 0 0 0 0 0 0 0 21 0 106 0 0 3 0 0 0 0 0 0 0 41 0 0 8 13 55 51 0 0 0 47 19 0 0 0 70 0 0 0 0 60 0 0 0 0 0 0 0 0 0 0 0 0 0 0 0 0 0 0 0 0 0 0 0 0 8 0 0 0 0 0 0 28 0 0 1 0 0 0 0 0 3 0 168 0 4 0 0 41 80 0 0 645 0 0 0 0 0 0 0 0 0 0
 0 0 0 0 0 0 0 0 0 0 0 0 0 0 12 0 0 0 88 35 0 15 0 0 0 0 10 0 0 0 0 0 0 0 6 0 0 0 0 0 17 0 1 0 0 0 0 4 0 0 0 0 0 10 12 0 0 0 0 0 0 1 68 0 0 55 0 0 0 0 0 24 0 0 85 0 0 0 0 0 0 29 0 0 0 2 0 0 53 0 0 0 18 27 0 0 0 0 0 19 0 15 0 0 0 0 0 0 0 0 6 0 0 0 0 333 0 0 0 1 0 0 0 0 0 0 0 0 0 0 184 0 0 6 0 0 0 0 0 5 25 19 0 0 0 0 2102 0 0 0
 0 0 0 5 0 0 0 2 3 0 0 0 4 82 0 0 0 0 0 0 0 0 0 294 0 7 11 1 5 0 0 10 0 129 0 0 0 0 0 0 0 0 0 7 0 0 0 14 0 142 0 12 1 6 283 0 0 0 0 0 0 0 10 0 78 0 0 20 0 0 0 5 0 0 0 17 0 1 3 0 0 0 0 0 0 27 0 9 0 0 0 0 0 0 0 0 0 0 0 0 0 0 0 0 0 0 0 0 0 0 0 0 10 4 3 0 0 0 2 0 0 0 0 0 0 0 556 27 18 0 0 0 4 0 0 0 0 0 0 0 0 0 0 0 0 0 0 0 0 0
 0 0 0 9 0 0 0 0 0 0 30 0 0 551 0 0 0 0 32 0 0 0 4 0 0 0 0 0 8 0 0 0 0 0 0 0 17 0 0 0 0 0 899 4 0 0 0 0 0 0 55 0 0 0 0 0 0 0 0 0 0 0 0 0 0 6 17 645 0 0 0 0 0 0 0 0 0 75 0 0 5 0 0 0 0 19 18 0 4 0 0 0 0 0 0 55 0 3 4 2 0 0 0 0 0 64 0 0 0 0 0 0 0 0 13 0 0 0 0 0 0 0 0 0 64 8 0 0 0 0 0 0 0 0 0 0 0 0 0 0 9 4 0 0 0 0 2 0 0 0
 55 0 0 0 22 0 0 0 0 0 25 0 0 0 32 0 0 0 0 8 0 35 11 0 0 0 0 0 0 0 0 0 3 0 0 0 0 0 0 0 0 4 0 0 0 3 780 0 0 0 32 0 0 0 0 0 0 0 3 0 0 0 0 0 0 0 0 0 0 0 0 0 0 1 0 0 2 0 0 0 0 0 0 17 0 0 0 0 0 21 0 0 0 0 0 11 0 0 0 9 0 0 0 0 0 20 0 0 0 0 0 0 106 10 2 0 0 0 780 72 0 0 38 0 0 0 0 0 0 0 0 0 0 3 36 86 40 1 0 0 0 2 1 0 2 0 6 0 6 64
 0 0 0 0 0 0 0 0 8 0 0 0 0 0 11 2 6 0 0 0 0 0 0 0 6 0 0 0 0 13 0 0 7 138 30 5 5 0 0 169 0 10 0 0 0 0 0 0 0 0 0 0 0 5 0 0 0 0 31 0 0 0 0 0 0 0 0 0 0 0 96 0 0 0 0 0 0 0 0 0 4 0 0 0 0 1 0 0 0 0 0 1 58 2 0 2 0 0 6 0 10 742 0 0 0 0 0 0 82 39 46 0 0 0 0 0 32 0 0 17 0 12 0 0 9 0 0 0 0 0 0 0 0 0 0 0 742 0 0 0 0 0 0 11 0 11 0 0 0 0
 0 0 0 0 0 0 0 6 0 0 116 0 7 0 0 0 0 0 2 0 0 4 0 0 0 0 0 0 0 0 0 0 0 5 0 0 2 0 0 0 0 0 0 30 0 0 0 0 0 0 7 0 0 0 0 0 11 0 0 0 0 0 0 3 0 1 0 0 15 0 0 0 0 0 0 0 57 4 0 0 0 0 58 0 0 0 15 0 0 4 0 0 0 2 0 0 0 311 4534 10 60 0 0 0 0 0 0 0 229 4 0 4 0 0 0 0 0 0 1 0 0 8 0 0 0 0 0 60 0 0 0 0 0 0 0 0 5 0 0 0 0 0 20 70 0 1 0 0 0 32
 0 0 17 0 22 0 0 0 0 0 0 0 1 0 0 0 0 0 0 11 4 0 0 0 0 10 15 0 0 10 0 0 0 0 0 0 0 0 1 0 0 0 7 1 0 0 0 0 0 0 0 0 0 7 0 0 0 0 0 0 0 2 0 0 0 0 7 52 0 0 0 17 0 0 0 0 0 0 0 0 0 7 0 0 0 0 0 0 0 0 0 0 0 0 2 0 0 0 0 0 0 2 0 0 0 0 0 0 0 0 0 0 478 0 0 0 0 0 0 0 0 0 0 0 0 0 0 0 0 0 0 0 0 0 0 0 0 0 0 0 0 7 20 0 0 0 0 0 0 2
 0 0 0 0 0 0 0 0 0 0 0 0 0 158 0 0 0 0 0 0 0 14 2 0 14 0 0 0 0 21 0 11 0 0 0 0 10 0 8 0 0 0 9 0 0 0 0 0 9 0 0 17 0 0 0 0 0 0 0 0 0 0 0 0 0 0 0 0 0 0 0 0 0 477 0 0 0 1 0 0 0 0 0 229 0 0 2 1 0 0 0 0 0 0 15 0 0 0 19 0 0 0 28 0 0 0 0 0 13 0 0 0 0 0 0 1352 0 0 0 0 0 0 56 0 0 0 14 0 2653 0 0 0 0 23 0 0 0 0 0 0 0 0 0 0 0 0 0 0 0 0
 0 0 71 0 0 0 0 0 0 0 0 0 0 0 4 0 0 0 0 4 0 0 0 0 0 0 0 0 0 0 20 0 0 0 0 0 142 0 0 7 0 0 0 59 0 2422 0 0 0 0 0 0 0 0 0 0 0 0 0 0 0 0 0 19 0 0 0 2 0 0 0 0 0 0 0 0 0 0 0 5 0 0 0 0 0 0 0 0 0 32 0 0 0 0 0 2 0 0 0 0 0 3 3 10 0 0 0 0 0 0 3 57 38 0 0 0 0 2 0 0 0 6 0 0 7 0 0 0 10 0 0 0 0 4 0 0 8 0 0 0 28 1 0 0 0 0 13 0 0 0
 0 0 0 0 0 0 7 21 0 0 0 0 0 0 1 0 0 0 10 0 0 0 0 2 0 212 0 0 0 10 0 0 0 0 32 0 0 0 0 0 0 0 0 0 8 0 0 0 0 0 0 0 0 0 0 0 0 0 0 0 0 0 0 0 0 0 0 0 0 0 0 0 0 0 0 0 27 0 0 0 0 12 14 0 0 0 5 0 0 69 9 0 0 0 0 0 2 0 68 6 0 4 0 0 0 0 30 0 0 0 0 0 0 0 10 0 0 12 0 33 0 0 0 0 0 0 0 7 0 0 16 0 0 0 0 0 0 0 0 0 0 0 0 0 8 0 0 0 5 10
 0 0 4 0 0 0 0 0 0 0 18 0 0 0 0 0 0 0 2 0 0 0 0 10 0 0 12 80 0 0 2 41 0 0 5 15 0 0 0 0 0 0 0 10 0 0 1 170 10 0 0 18 0 0 13 0 0 1 30 0 0 0 48 35 0 0 645 27 0 0 38 0 0 0 2653 0 0 0 0 0 0 0 0 0 2 0 0 9 0 0 0 0 0 0 0 0 0 0 0 0 0 0 0 0 8 0 0 0 0 0 0 101 0 0 5 0 34 0 0 0 9 0 0 0 0 2 0 0 0 0 0 0 0 0 0 0 0 0 0 0 0 3 0 0 0 0 0 0 0 0
 0 0 0 0 0 0 0 0 0 0 0 0 0 10 73 0 0 0 478 0 67 7 0 0 0 0 899 0 0 0 0 0 0 0 0 0 0 0 0 0 0 0 0 0 0 0 0 39 0 0 0 0 0 0 0 0 0 0 54 0 0 0 0 0 0 0 0 0 0 0 0 0 0 0 138 2 0 0 57 102 2 0 899 0 0 0 0 0 4 37 25 1 0 0 0 0 0 14 22 0 0 7 0 0 1 0 0 0 0 0 0 0 0 0 0 0 0 0 0 6 0 0 0 0 0 6 0 2 27 8 0 0 0 0 0 0 0 1 0 0 0 0 0 0 0 0 0 0 0 0
 0 0 0 0 0 0 0 0 0 0 0 23 3 0 82 0 0 0 0 60 0 0 0 0 0 0 0 0 0 0 0 0 0 0 0 0 0 0 0 0 0 14 0 2 0 0 1 0 0 17 0 27 0 9 104 0 0 0 5 1 0 2 292 0 0 1 0 0 0 0 81 0 0 0 0 0 0 0 0 0 0 0 0 2 0 0 0 0 0 0 0 0 0 0 0 0 0 0 0 0 0 0 0 0 0 0 0 1 0 0 0 0 0 0 0 0 0 0 0 0 21 0 0 0 0 36 0 41 0 0 0 13 0 0 113 0 0 0 27 0 7 18 5 0 0 5 0 0 0 0
 0 44 2 0 0 0 0 441 0 0 0 0 0 0 0 0 10 0 0 0 0 7 0 0 0 0 0 0 0 0 0 0 0 0 0 0 0 0 0 0 5 0 0 0 0 0 17 0 0 0 3 0 0 0 0 10 0 0 0 40 0 0 0 0 0 0 0 0 0 0 0 0 0 74 0 57 0 0 0 0 0 41 0 6 0 0 38 0 645 0 0 6 11 57 0 0 1271 0 0 0 0 0 16 0 0 0 0 0 0 0 0 0 0 15 4531 25 0 0 0 0 0 0 0 0 0 0 0 0 0 0 0 0 0 0 0 0 229 0 0 0 0 20 0 0 0 0 0 0 1 0
 146 0 0 0 8 0 8 8 780 0 0 0 87 0 10 0 0 0 0 0 0 0 0 0 0 0 0 0 0 0 0 0 0 0 0 0 0 1 0 0 0 0 0 0 0 3 0 0 0 297 0 1 0 0 0 0 0 11 0 31 16 0 75 108 298 0 0 0 10 0 0 0 0 0 0 0 0 51 0 0 0 0 0 0 0 0 22 0 0 0 0 0 0 7 0 0 0 0 0 0 0 0 1284 0 0 0 0 0 0 0 0 227 0 0 0 3 0 4 16 0 0 81 477 0 229 0 0 0 0 95 0 0 0 0 0 0 0 0 0 0 0 0 0 0 0 0 10 0 0 735
 0 0 32 0 0 0 0 0 0 0 35 33 0 25 0 7 0 7 0 0 0 0 0 0 0 43 1 0 0 0 0 0 1 0 15 0 0 0 0 47 0 12 0 0 40 17 0 0 2 0 0 0 32 14 0 0 0 45 138 0 0 3 0 2 0 0 0 0 0 102 0 0 0 0 153 0 0 0 0 6 0 0 0 0 0 0 0 29 0 116 0 0 0 0 0 0 0 0 0 0 0 0 0 0 0 0 0 0 0 184 0 13 7 0 3 0 0 6 0 100 0 0 0 0 0 0 27 0 8 9 17 0 0 0 142 0 0 1 0 2 0 0 0 0 0 9 0 0 0 0
 0 4 0 0 21 0 2 0 0 0 0 0 0 4 0 0 4534 0 0 0 0 0 0 0 0 0 3 0 17 90 0 12 0 0 0 0 0 0 0 0 0 0 8 0 0 0 0 28 0 3 0 0 1 0 0 4 0 0 0 0 0 0 0 0 0 0 735 0 0 0 0 0 0 0 0 6 16 0 0 0 0 0 0 0 0 0 2 0 0 0 0 0 95 0 0 0 14 0 47 0 0 2 0 0 0 0 0 4 0 0 0 0 0 0 0 34 0 0 0 0 0 27 0 0 0 0 0 0 0 0 0 0 18 0 0 0 1372 0 0 0 0 0 0 0 0 0 0 0 0 229
 0 2 0 0 0 0 0 22 0 0 0 0 0 1 0 0 122 0 37 0 0 0 0 0 0 0 0 1 0 0 17 1 0 0 0 0 4 0 0 0 0 0 552 5 0 0 69 0 0 0 0 0 0 0 0 0 0 0 0 1372 0 3794 329 0 0 0 0 0 57 0 735 8 0 0 0 0 0 0 0 0 0 0 0 44 0 0 0 0 0 38 0 0 0 0 0 47 0 0 0 0 0 0 10 0 0 0 0 0 30 0 0 0 0 0 0 149 0 490 0 0 0 0 0 0 0 0 0 3 0 27 0 0 0 6 27 1 2 0 0 0 0 0 0 3 17 0 0 0 2649 0
 0 0 10 0 0 35 28 0 0 4 0 0 11 0 3 0 0 0 0 0 19 0 0 0 0 0 2 0 0 0 0 0 17 0 0 0 0 3 0 0 0 0 0 0 142 4 0 0 0 0 0 0 0 0 11 0 0 0 0 4 0 0 7 0 0 138 7 4 11 0 0 0 0 0 98 4507 0 0 0 30 0 0 81 0 0 0 2 0 0 0 0 0 0 9 0 1 0 0 0 0 0 0 0 0 0 32 0 0 0 0 0 0 0 0 0 0 0 0 0 0 9 0 9 146 5 0 0 0 0 0 0 0 13 17 0 454 0 0 0 6 0 0 0 0 0 0 129 0 0 0
 0 0 0 0 0 6 21 0 0 0 0 0 2 0 27 3 0 0 0 0 535 0 0 21 0 735 22 0 0 0 0 0 0 0 48 0 0 0 0 0 40 1 0 0 0 0 0 0 0 0 4 0 0 170 0 27 0 0 0 0 0 0 2 0 0 2 0 0 0 0 0 780 0 0 0 0 0 0 0 0 0 0 1372 0 0 0 0 0 0 0 556 0 0 0 0 106 0 0 0 0 0 17 25 0 30 30 0 87 0 0 0 0 0 0 0 0 0 2 0 0 0 0 0 0 0 2 129 0 0 0 0 0 0 0 0 0 4 0 0 0 0 7 0 0 8 0 0 0 7 0
 0 0 0 0 0 0 105 0 48 0 0 33 0 0 0 0 0 0 0 0 0 0 0 5 0 0 0 0 0 13 0 0 0 0 0 0 41 0 0 0 0 0 0 0 0 13 0 0 0 5 0 15 0 0 0 72 0 0 55 11 0 1284 0 0 0 0 0 0 0 0 0 116 0 87 0 0 0 0 10 15 0 0 0 0 0 0 0 0 0 0 14 13 184 3 0 0 0 0 0 0 0 0 0 9 0 0 0 0 0 0 0 0 0 0 0 0 0 0 17 0 1 0 0 1 0 0 0 0 0 14 0 0 0 0 0 0 0 1 0 0 0 21 54 20 0 0 3 0 3 0
 0 0 0 1 0 0 0 0 742 72 0 0 0 5 21 0 0 0 30 0 0 168 0 0 0 0 0 0 0 0 5 0 0 0 4 0 14 0 0 2 0 0 0 0 0 0 0 0 0 0 0 0 0 0 58 0 0 0 0 0 0 0 0 0 0 0 0 0 0 0 0 0 50 0 0 28 0 22 0 0 0 0 0 0 0 0 0 0 0 0 0 39 13 0 4 8 0 0 0 0 0 0 60 0 0 0 0 6 0 0 0 2 0 1 0 0 0 0 27 0 0 2 0 0 0 0 0 0 0 0 0 0 0 0 0 0 0 0 0 0 4 0 0 0 0 0 4 0 3 0
 0 21 0 0 0 0 0 0 0 0 0 17 0 0 0 0 0 0 0 2 0 0 0 0 0 0 7 0 0 0 0 0 16 1372 0 333 0 295 0 0 556 6 0 0 22 1 0 0 27 0 0 0 0 2 13 0 0 75 0 0 57 0 0 0 0 0 5 0 0 0 0 0 0 0 1 2 0 0 313 0 1 0 0 0 0 0 0 22 0 0 0 0 0 0 0 0 4 0 490 0 0 1284 0 106 0 4 0 0 14 64 0 0 0 0 0 0 0 0 3 0 0 0 0 0 0 0 11 0 0 0 0 0 13 0 0 0 0 0 0 0 0 0 0 0 54 0 0 0 0 0
 2 49 0 5 0 19 0 0 0 0 0 55 17 0 13 0 0 0 3 0 0 0 0 0 7 0 0 0 0 0 0 0 0 0 0 0 0 0 0 0 0 19 0 7 0 9 0 4 0 2 0 0 4 0 0 0 0 11 0 0 0 0 27 19 0 0 0 0 0 0 0 0 1 57 0 0 0 0 0 0 0 0 0 65 0 0 0 0 8 0 0 0 0 0 0 167 0 0 0 0 0 101 15 0 0 0 0 0 0 63 0 1372 0 0 0 2 0 0 0 0 0 2 0 5 85 0 0 0 5 0 80 0 2 32 0 0 0 0 0 0 0 0 0 27 96 2 0 4 0 0
 2 0 47 3 0 0 0 1 15 0 0 0 0 0 0 0 0 17 0 0 0 11 0 0 0 0 0 0 0 313 0 0 0 153 0 0 0 2102 87 0 0 0 0 36 0 0 3 0 0 5 0 0 0 0 0 101 0 0 8 277 0 0 0 8 0 0 0 83 0 0 0 0 0 0 0 0 0 0 0 8 10 20 0 6 0 0 0 0 0 47 0 0 0 0 0 0 0 0 0 0 0 0 0 0 0 0 0 0 0 0 0 0 30 0 0 0 0 0 0 0 0 0 0 0 0 0 17 0 0 0 0 0 5 96 0 36 0 0 0 0 0 0 0 0 0 0 0 0 0 27
 0 0 0 0 0 0 0 0 0 0 4 0 0 0 146 0 0 13 3 0 0 0 0 0 0 0 0 0 0 2 0 0 0 0 0 0 8 4 0 0 0 16 0 0 0 0 0 0 0 0 0 0 0 1 0 27 0 0 0 0 3 0 0 0 0 2422 0 0 0 0 742 0 34 0 71 0 0 0 0 0 0 0 0 0 0 0 0 0 2 0 4 0 0 2 6 0 0 1 0 0 0 0 0 0 0 0 0 1 0 0 0 0 0 0 2 0 0 0 0 0 0 0 1 0 0 1170 0 0 0 0 0 0 4 0 0 0 0 0 0 0 2 80 0 0 0 0 0 10 0 0
 294 13 0 0 0 129 0 0 0 0 0 0 0 0 0 51 0 0 12 0 0 0 0 0 0 30 0 0 81 0 0 0 29 3 3 0 0 10 0 0 0 0 0 3 0 2 0 0 2 0 0 0 0 0 0 0 0 0 0 0 0 0 0 0 0 7 0 0 2 0 0 0 4 0 0 0 0 0 6 3 13 0 17 0 0 0 0 0 0 0 0 0 53 0 0 17 43 0 0 0 38 0 0 0 0 0 0 0 0 3 0 0 0 0 0 0 1 35 0 29 0 0 0 118 0 0 0 0 0 0 0 0 0 0 0 0 0 0 0 0 18 0 0 0 0 17 0 30 0 0
 0 0 0 0 0 0 0 2 0 3 0 0 0 0 9 0 0 11 0 0 5 1267 0 0 0 0 81 0 0 0 0 0 0 0 0 0 0 10 0 9 0 0 0 0 0 0 0 0 0 0 0 13 14 0 0 0 0 17 0 0 0 8 0 0 0 17 0 0 7 0 1372 0 4 0 0 0 0 0 0 0 0 0 0 142 0 0 0 0 17 0 0 0 0 0 0 0 0 0 0 10 0 7 0 0 12 0 0 0 0 4 0 0 0 0 0 0 18 0 0 0 0 0 0 0 0 0 0 0 41 0 0 0 0 0 17 0 4 0 0 0 0 0 899 0 9 0 0 0 0 0
 0 0 0 0 0 0 0 0 0 0 0 0 0 0 0 0 0 0 0 0 0 0 0 0 0 0 0 0 0 0 6 0 0 0 17 0 0 0 0 5 0 0 35 0 0 0 81 0 0 0 0 0 0 5 0 0 0 0 0 0 0 0 0 0 742 0 0 0 0 0 0 10 0 8 0 0 81 0 1 5 5 5 6 0 0 490 8 0 0 0 19 0 0 2 48 10 20 2 0 297 28 0 0 0 0 1 0 0 0 61 2 0 32 0 0 0 0 0 0 0 0 18 0 0 0 0 0 0 14 33 0 0 0 0 0 0 0 0 0 0 0 0 0 0 47 0 0 0 0 16
 0 46 0 0 4534 62 0 0 0 0 0 0 0 0 0 490 0 0 0 0 19 77 0 8 0 0 0 0 0 77 0 0 0 3 0 0 0 0 0 0 780 0 0 0 0 48 0 77 0 116 0 0 0 0 0 0 13 0 7 0 0 0 7 0 0 1 0 26 6 0 0 0 0 0 0 1 0 0 0 21 0 64 0 0 2 0 0 0 0 0 0 0 0 0 0 0 0 0 0 0 0 0 0 0 0 0 2 0 0 0 11 0 0 0 0 0 0 0 0 0 0 0 0 0 0 13 0 0 0 0 0 0 0 0 0 0 10 9 0 0 0 2 0 0 0 0 0 0 2 62
 0 0 0 3 0 1 0 0 25 0 0 0 0 0 0 0 0 0 0 1 25 8 0 0 0 0 0 85 0 561 0 0 0 0 0 0 0 0 19 2 15 0 0 0 0 0 0 0 0 18 0 0 15 0 0 0 0 0 0 1 0 0 2 0 13 158 0 0 0 0 0 8 0 0 0 0 0 0 0 0 0 0 0 0 0 0 0 0 48 0 0 0 0 19 0 0 0 7 0 9 0 3 0 89 15 16 0 1 0 0 0 0 0 0 0 0 0 6 0 0 0 0 0 0 0 0 0 0 0 0 0 0 0 0 0 0 0 0 0 0 0 0 0 68 0 0 0 0 0 0
 0 7 0 0 0 17 0 13 0 2 3 0 0 40 0 0 0 0 0 0 21 0 0 2 1 138 20 0 0 0 0 0 0 0 0 0 0 0 0 64 10 2 0 0 0 2 75 6 13 0 0 31 13 0 0 0 0 41 0 0 4 2 0 0 2 0 0 0 0 0 0 0 0 0 0 0 4 0 0 0 0 0 0 0 0 0 0 0 0 0 0 6 0 0 0 5 22 71 0 8 0 0 69 0 0 0 0 0 0 0 0 22 4 8 0 0 0 28 9 0 0 5 0 17 0 0 0 0 142 0 3 0 5 49 0 0 0 4 17 71 0 0 0 0 0 0 0 0 0 0
 0 0 0 0 39 65 0 96 10 0 5 0 0 0 0 0 0 13 0 0 1 0 0 0 0 0 0 0 18 1372 1 0 0 0 9 0 0 0 0 0 0 0 0 0 2 0 0 0 0 0 0 0 0 0 0 0 0 0 0 4 0 58 10 0 3 1 22 39 0 0 17 3 0 0 0 0 72 0 0 0 0 0 0 0 0 221 0 0 0 0 59 2 8 0 48 29 0 0 0 0 0 82 0 0 0 115 0 0 0 0 0 0 0 0 0 87 0 2102 0 0 0 0 0 0 0 0 0 0 0 0 0 20 0 0 21 0 0 0 0 229 0 0 0 0 0 0 0 0 48 0
 0 0 0 0 0 0 1 0 0 0 0 0 0 0 0 0 6 0 0 0 0 0 475 0 0 0 0 3 0 0 0 0 0 0 0 0 0 0 0 0 0 0 0 0 0 0 17 0 0 0 0 0 0 6 0 0 23 0 0 0 0 8 32 2 0 0 13 0 0 0 0 0 0 0 0 2653 0 0 0 0 0 0 0 0 0 0 0 333 0 0 0 0 0 0 0 0 0 0 0 0 0 0 0 57 0 0 742 0 0 0 0 8 0 47 0 1 0 0 0 0 0 0 0 43 101 64 0 32 5 0 0 0 0 0 229 0 0 0 0 0 0 1 0 0 0 0 0 23 0 0
 0 0 0 116 0 0 0 0 64 0 0 0 0 0 0 0 0 10 0 0 0 0 95 0 0 0 0 0 0 0 4 0 35 0 0 0 30 0 0 6 54 0 0 0 0 0 64 0 0 5 0 0 3 0 0 0 735 0 19 0 6 0 40 6 123 2 0 11 0 0 10 3 0 0 0 0 0 0 0 0 0 0 0 0 0 0 0 0 0 0 0 14 0 0 0 96 0 0 0 0 0 0 0 108 0 1 0 0 0 0 0 0 0 17 0 16 0 1 0 4 0 0 0 0 0 0 0 0 0 0 17 14 0 0 0 0 9 0 0 0 2 0 0 0 0 0 0 0 18 0
 0 0 0 0 0 3 0 0 0 18 0 0 0 0 0 0 0 0 0 0 0 0 0 7 241 0 22 0 9 0 0 0 0 0 0 15 0 0 0 0 0 0 0 57 0 0 21 0 0 0 0 0 315 0 22 0 0 0 0 0 75 0 4 0 0 0 12 0 0 0 7 0 18 0 85 0 0 2 0 0 0 0 0 0 0 2 0 0 556 0 0 0 0 15 80 0 75 0 3 0 0 0 0 0 0 0 14 4 64 0 0 0 0 0 0 168 0 0 0 0 0 0 0 0 6 0 0 0 0 0 0 0 0 0 0 0 0 0 0 0 0 0 0 0 0 0 0 0 0 0
 645 0 0 0 2 6 37 36 70 0 6 0 0 0 0 0 0 0 0 0 2 0 0 0 0 0 0 4 0 0 2650 0 0 0 0 0 0 77 0 0 0 0 0 0 0 0 0 11 0 0 0 0 24 0 146 0 9 3 0 0 0 0 4 0 0 0 0 0 0 0 0 0 0 0 0 3 0 0 0 0 0 0 0 0 0 0 0 0 0 0 313 0 0 0 0 0 0 32 0 14 0 10 0 0 35 1069 7 0 1 12 552 0 0 0 0 0 77 0 5 0 0 0 0 0 13 12 0 0 0 0 0 0 0 0 13 0 0 0 0 0 0 0 0 0 0 0 0 0 0 9
 0 0 0 0 0 0 5 0 0 33 0 0 0 35 0 2 0 0 0 0 8 0 9 0 51 0 0 0 0 0 0 0 0 0 0 0 0 0 0 0 1 0 0 6 0 0 0 41 0 0 0 0 0 10 0 0 2 0 552 0 0 0 0 1 115 876 0 82 0 0 0 0 0 0 0 0 0 17 0 0 7 0 0 0 0 0 27 0 0 0 0 0 0 0 0 0 0 0 295 0 0 0 0 0 0 0 0 0 0 0 0 0 0 0 0 0 0 0 0 96 4 0 3 0 0 0 0 0 0 0 0 0 0 0 0 0 0 0 0 0 0 0 0 0 118 0 0 876 0 0
 3 13 0 113 0 0 0 0 27 89 0 0 0 0 0 18 0 0 0 0 16 2 0 3 1028 0 0 0 0 0 0 0 24 36 22 6 8 0 0 0 0 0 0 0 9 0 0 1 0 0 0 0 22 0 0 15 0 0 0 0 0 0 0 0 29 0 36 57 0 0 0 0 0 3 0 0 4 0 0 0 0 1 0 0 0 2 0 23 0 0 15 0 0 0 0 0 3 0 14 1 12 27 0 0 0 0 0 80 5 2 0 0 0 0 0 0 0 735 0 153 2 0 0 0 0 0 0 0 0 3794 0 0 0 0 20 0 0 0 0 0 0 0 0 39 0 0 0 0 21 0
 0 4 0 0 0 0 0 0 39 0 0 0 0 0 17 0 0 0 0 0 0 0 0 454 0 5 0 0 5 0 0 0 0 0 0 0 0 0 0 0 0 0 0 0 0 0 0 735 0 0 0 0 0 0 0 0 7 0 0 0 0 0 0 0 0 0 0 0 0 8 0 0 2 0 0 0 19 0 0 77 0 0 0 44 0 0 0 0 0 0 54 0 0 0 0 0 4 0 0 0 1 35 0 0 0 2 7 0 0 0 0 0 0 1 0 0 0 0 0 0 0 0 0 0 303 0 0 0 2 0 12 0 0 0 0 105 0 0 0 0 0 0 0 0 19 0 0 0 0 91
 0 0 0 0 0 0 0 129 0 0 0 0 0 2 0 0 0 2 0 0 48 0 0 0 0 1076 0 0 0 0 0 1 0 0 0 0 0 0 0 0 0 0 2 2102 0 0 0 32 0 0 0 15 0 0 0 0 0 0 0 0 0 0 14 40 0 0 15 0 0 0 47 0 0 58 0 20 21 0 0 0 0 0 0 0 0 0 0 0 0 0 0 7 0 0 0 0 3 0 0 0 0 0 3 60 7 0 0 0 0 0 0 0 0 313 0 0 0 0 0 0 0 0 3 0 0 0 0 14 0 0 0 0 0 1 75 0 41 0 0 0 0 0 0 0 0 0 0 0 0 0
 0 2 1 0 0 0 0 0 0 0 30 0 0 17 0 2 3 0 0 0 0 0 0 0 32 0 0 1 12 33 2 0 0 0 19 6 0 0 0 0 0 4 0 0 0 0 0 0 0 4 0 0 0 0 0 0 0 0 0 0 0 0 0 0 0 0 8 2 0 0 0 0 0 0 0 8 0 0 0 0 0 0 0 1363 0 0 0 0 3 0 0 0 0 0 0 294 0 0 0 65 0 0 3 0 0 0 0 0 0 0 0 0 0 4 0 0 0 129 0 0 0 0 0 0 0 0 0 1 0 0 0 0 0 0 0 0 0 0 0 0 112 0 0 0 0 0 0 170 0 0
 0 0 0 0 0 0 0 0 0 0 14 0 0 0 0 0 0 0 113 0 0 0 0 0 0 0 0 0 0 0 0 0 0 17 14 0 0 0 0 0 0 15 0 0 0 0 0 0 0 0 0 0 0 2 87 3 0 0 0 0 0 0 1 0 0 0 0 0 0 0 0 0 0 0 0 0 0 0 0 0 0 0 0 17 184 0 0 0 0 0 0 0 0 0 2102 32 0 0 0 0 0 0 0 0 0 0 0 0 0 0 0 0 0 10 0 0 0 0 0 0 24 0 0 0 0 0 0 41 0 0 742 0 0 0 0 0 0 0 0 0 0 0 0 3 0 7 0 0 2 0
 30 0 0 0 27 0 0 0 27 0 0 20 0 0 0 0 0 0 0 0 0 0 0 0 0 0 0 28 0 0 2 0 0 0 0 0 43 32 0 0 0 0 0 0 0 0 0 0 0 0 0 0 0 0 0 61 0 1 32 0 17 0 2 85 0 0 0 27 0 0 0 13 0 0 0 0 0 111 0 11 3 0 0 0 0 0 0 0 0 0 0 2 0 0 0 0 0 0 8 0 0 0 0 0 271 0 0 0 6 0 9 0 0 0 0 0 2 0 0 0 0 0 0 0 36 0 0 0 45 0 0 0 16 27 0 0 3 0 0 0 0 1 0 7 0 7 0 0 0 9
 0 0 0 0 0 4 0 14 0 2 0 4 0 0 0 3 2 0 0 0 19 0 0 0 0 8 19 0 0 19 0 5 0 0 0 0 0 0 71 0 0 0 0 0 0 0 0 0 34 0 37 0 6 0 7 70 27 0 0 0 0 0 104 0 0 0 3 0 17 0 0 6 0 0 0 0 0 0 0 104 0 0 0 8 0 0 2 0 0 0 7 0 0 0 1 0 0 0 0 19 0 0 32 0 0 4534 0 0 0 25 0 34 0 0 1 0 0 0 0 41 0 146 3 0 0 0 0 0 0 0 3 0 0 0 0 0 0 0 0 2 0 0 0 0 0 0 0 21 0 0
 0 0 0 0 4 4 0 9 158 0 0 0 0 0 1 0 0 0 0 4 0 0 0 0 0 0 0 0 0 0 0 3 0 0 0 0 0 0 0 0 6 0 13 0 2 0 0 0 0 0 0 0 0 14 0 0 0 0 0 0 85 0 0 0 0 0 0 0 0 0 0 0 0 4 0 2102 0 0 0 0 0 0 18 2 0 0 0 0 0 0 0 0 0 26 0 0 0 14 0 0 54 0 17 0 0 0 8 17 0 0 22 0 0 0 0 0 2 0 0 36 0 0 0 0 0 0 1 0 0 0 0 2 0 0 0 0 0 0 19 0 0 0 0 0 0 0 0 0 0 0
 0 0 40 0 0 876 0 6 0 0 1 0 0 8 478 0 0 0 0 0 2 5 0 0 0 0 0 0 0 0 0 0 0 0 0 22 2 1 0 0 0 0 0 7 0 0 122 12 0 0 0 0 0 0 9 0 0 0 0 0 11 34 0 0 0 0 0 3 0 0 0 0 1 118 0 0 0 0 780 0 0 0 0 0 0 123 0 0 0 0 7 0 0 0 51 35 0 21 0 0 0 0 0 0 0 69 0 0 0 0 0 0 0 0 0 627 0 0 4 0 81 0 0 0 0 0 0 1 0 0 0 7 0 6 0 28 0 0 0 0 0 0 37 0 0 0 0 0 0 0
 0 0 0 0 0 0 7 0 0 0 0 10 0 0 6 24 0 0 0 2422 0 0 0 0 0 0 0 0 0 0 0 0 0 0 14 0 0 0 0 0 8 1 30 0 0 0 0 99 0 0 0 0 2 1 295 0 0 0 0 0 0 3 0 0 0 0 0 2 0 0 0 0 0 0 0 0 0 0 0 0 0 0 0 0 0 2 0 0 0 0 0 0 0 0 0 101 0 0 0 9 454 0 102 0 6 3 0 0 3 0 0 0 0 0 0 57 0 54 53 20 0 0 6 142 0 0 0 10 0 0 0 0 0 20 0 0 0 0 0 7 4 0 0 13 0 0 0 0 10 0
 54 0 0 0 0 0 0 0 0 0 0 0 0 33 0 0 11 0 0 0 0 0 0 13 0 0 0 2 0 0 105 0 0 0 0 0 0 0 0 0 0 0 0 5 41 0 0 32 292 0 0 30 0 0 0 0 0 2 4 2 0 0 0 0 0 0 556 0 0 0 0 0 0 0 0 0 4 0 0 0 0 0 0 0 9 0 0 0 1 0 0 0 0 0 0 0 0 0 0 0 0 0 0 0 27 0 20 0 0 0 3 49 0 0 292 0 0 0 0 0 0 40 0 0 2 0 0 0 0 0 0 0 12 0 12 0 0 0 0 0 0 0 0 0 0 0 85 54 0 0
 17 0 0 10 0 35 0 0 0 0 3 0 0 18 0 0 0 0 0 0 0 0 0 0 0 0 0 0 0 0 0 0 0 0 23 0 0 15 0 0 15 0 0 0 0 0 0 0 0 0 0 0 0 87 0 0 0 2 0 18 0 0 0 0 0 0 0 0 0 123 0 0 80 0 0 0 0 0 3 0 0 14 4 0 0 0 0 0 0 0 0 0 0 0 1 0 0 4 0 0 0 0 0 0 0 0 446 7 2102 6 0 0 0 46 0 0 1 0 0 0 0 0 0 1 0 0 0 0 0 20 0 0 53 0 0 34 0 9 0 0 0 0 0 0 0 0 107 0 0 83
 0 0 0 0 0 0 0 20 0 0 0 0 0 0 0 0 13 10 5 0 0 0 0 0 0 0 0 0 0 1164 0 0 0 0 0 0 0 0 1 0 27 138 0 0 0 0 0 0 292 0 0 8 20 0 0 6 0 0 0 0 0 13 0 0 0 11 0 0 0 0 0 0 0 11 0 0 0 0 0 0 14 4 1 49 0 0 0 0 0 0 0 0 0 0 0 77 0 5 0 14 20 0 0 19 3 0 0 7 0 0 0 0 0 0 0 0 0 0 106 0 0 0 9 0 0 0 0 0 0 0 0 0 0 0 0 0 2 0 0 21 0 0 0 0 0 0 0 3 0 0
 0 4 0 64 69 2 0 2 0 292 0 0 0 0 0 0 0 68 0 0 0 0 0 0 0 0 0 0 0 0 0 0 0 0 0 0 0 0 0 0 0 0 0 0 0 0 0 0 0 10 0 0 0 0 0 0 0 0 0 0 0 0 0 0 0 0 0 0 9 0 0 0 0 0 0 0 0 0 0 0 0 0 0 19 0 0 0 0 9 0 0 0 0 0 0 0 0 11 0 0 0 0 292 0 0 0 0 0 0 0 1 0 1 13 0 0 0 0 0 0 5 0 0 0 0 0 0 0 0 0 0 0 0 0 0 0 0 0 0 28 1 2 0 0 0 0 0 18 4 81
 96 0 0 0 35 0 0 87 0 0 0 0 229 7 0 0 0 0 0 9 0 31 0 2 0 0 2 0 0 0 24 0 0 0 0 0 0 0 75 0 0 0 0 0 0 2 0 30 0 0 0 0 46 0 0 122 0 0 0 3 0 0 0 0 17 0 0 0 0 0 0 0 477 0 0 20 0 0 0 0 0 0 0 0 6 2 7 0 0 0 0 0 0 0 6 0 0 0 7 0 0 0 0 0 0 31 0 8 28 0 0 0 0 975 24 0 0 0 0 0 0 0 0 19 0 0 7 0 0 27 0 0 0 41 0 0 10 0 3 0 876 10 0 0 0 0 0 1284 0 0
 0 7 3 0 0 0 9 0 38 0 0 0 0 15 0 123 0 0 4 0 0 0 0 21 0 0 0 0 0 0 28 0 0 11 3 0 0 0 0 0 0 0 3 0 58 6 20 0 0 0 27 0 0 0 0 0 0 0 0 16 0 0 0 0 0 0 0 0 0 0 0 0 9 0 0 0 2 0 54 139 0 0 0 0 0 0 0 0 1 2 0 4 0 0 0 0 16 0 0 1 8 0 0 0 0 0 0 0 0 0 0 0 0 297 0 0 33 0 0 2 0 0 0 0 0 0 0 13 0 0 0 0 0 0 0 0 0 0 0 0 0 0 27 0 0 5 0 0 0 0
 0 0 0 0 0 0 0 0 0 4 0 0 0 0 1 23 0 0 0 0 0 0 3 0 0 5 0 57 0 0 0 0 0 212 0 0 0 0 0 0 0 11 0 0 0 0 0 0 0 0 478 0 0 0 0 0 1 0 0 0 0 0 0 0 0 0 0 4 0 0 109 0 0 0 0 8 0 0 0 0 7 0 0 0 0 54 6 0 0 0 93 37 0 0 0 0 0 0 0 0 0 0 0 0 0 19 0 0 0 0 0 4 0 0 0 0 2 45 1284 0 0 0 0 0 7 20 0 0 13 0 0 0 0 0 1 0 0 545 0 0 0 0 0 0 4 0 2 0 0 0
 0 1 0 0 0 0 41 0 0 0 0 0 0 0 0 2 0 0 0 0 184 64 0 0 0 0 15 0 0 0 1372 60 115 0 8 0 0 0 0 0 0 0 5 0 0 0 0 0 0 0 0 0 3 0 0 26 0 0 0 0 0 0 0 0 0 0 9 0 0 7 0 7 10 0 0 0 0 41 0 39 69 0 0 0 29 0 0 69 0 4 0 0 2422 0 0 0 0 0 295 0 0 0 0 0 31 96 0 3 60 0 0 0 0 0 0 15 0 4 0 0 9 0 0 0 0 0 2 0 0 0 0 0 2 87 0 0 0 0 0 0 0 0 0 170 0 118 0 0 0 0
 0 90 0 0 4 0 0 0 0 0 0 0 0 0 0 0 0 0 1076 19 0 0 7 0 0 106 0 0 0 0 0 0 10 0 10 0 0 0 0 0 0 0 0 0 0 0 0 0 0 229 0 0 0 6 0 0 0 0 0 0 0 0 0 0 54 13 75 21 0 0 0 0 0 0 0 0 0 0 0 0 0 0 6 2 180 2 0 0 0 6 0 0 0 0 0 0 0 0 11 0 0 0 0 82 0 0 0 0 0 0 0 0 0 0 0 0 0 0 0 0 0 0 0 0 0 0 0 0 0 0 0 10 0 0 0 0 8 0 0 0 0 0 0 0 7 1 0 0 1 77
 0 0 0 27 1 0 10 0 0 123 0 0 0 0 0 0 0 0 0 0 0 0 0 223 0 8 0 0 0 0 0 0 0 0 0 0 9 0 9 0 0 0 0 0 0 0 0 0 0 0 0 0 4 0 0 0 0 3 0 0 0 0 0 5 65 0 0 0 0 0 0 0 0 0 0 0 0 0 2 217 0 0 0 0 0 0 1 15 0 49 1 0 6 0 0 0 0 0 20 2653 0 0 0 0 0 0 0 0 0 0 13 0 1284 0 502 20 2 0 0 9 0 6 77 3 0 0 0 0 13 23 4 0 0 0 5 0 0 0 0 10 0 0 0 4534 0 0 0 4 0 0
 0 0 0 0 0 0 123 899 0 0 0 0 0 0 0 0 0 0 0 10 0 0 0 0 0 0 48 0 0 0 0 0 1 0 0 0 0 0 0 0 0 0 0 35 0 0 15 0 0 0 0 0 4 0 0 24 0 29 0 0 2 57 0 0 0 0 0 0 0 0 0 0 0 0 17 0 0 0 0 0 3 0 0 0 0 9 0 0 0 0 0 0 0 4 0 0 0 0 17 116 0 0 0 0 0 0 0 0 0 0 294 0 0 0 0 0 0 0 0 0 0 0 556 0 0 0 0 0 0 0 0 0 0 1 0 0 0 0 0 0 0 0 0 0 0 87 0 0 0 0
 17 0 0 0 13 0 0 21 0 0 0 0 0 0 7 0 17 0 8 0 30 0 0 10 0 1 0 0 0 0 0 0 0 32 0 0 0 0 0 0 3 0 15 0 0 0 0 0 0 0 0 0 0 0 1 0 28 0 0 0 0 0 0 0 36 0 0 0 0 0 17 0 0 0 0 0 0 15 0 0 0 0 4 0 0 0 22 8 2 0 0 0 0 0 0 0 0 0 0 0 0 4 13 0 11 31 0 0 0 0 1 10 0 0 9 11 0 0 64 0 3 0 0 0 0 0 0 0 33 0 118 0 0 3 0 3 0 0 3 0 0 0 0 0 0 7 0 0 0 0
 0 0 0 0 0 4 0 0 0 0 0 27 7 0 5 0 0 1372 0 0 0 0 552 0 0 7 0 10 35 83 1 0 0 0 0 0 14 0 0 0 0 0 0 0 0 0 0 64 0 0 0 0 0 0 0 0 0 0 0 3 14 0 0 0 0 5 0 8 0 0 0 0 0 0 0 0 0 1 0 0 0 0 0 0 0 1 519 0 15 0 0 0 0 20 2 0 0 3 0 0 0 0 0 0 0 13 0 0 0 0 2 0 0 0 10 11 0 0 0 0 556 0 0 0 0 0 0 4 33 13 0 0 0 0 0 0 0 0 0 16 0 0 0 0 0 106 0 0 71 0
 0 0 0 0 0 9 0 8 51 4 138 0 33 0 4 0 0 0 0 18 0 0 0 0 2 0 0 8 0 0 0 0 0 81 136 0 0 19 0 0 0 0 0 0 3 0 0 0 0 0 11 2 27 14 0 0 876 0 0 0 0 0 0 0 0 0 0 0 0 2 0 1 0 11 0 0 32 0 0 0 0 0 14 0 0 0 0 0 0 0 0 0 6 0 0 0 0 4 0 0 0 1 0 0 0 0 9 6 0 0 0 0 0 0 0 0 0 0 1076 0 7 0 0 0 0 0 0 0 0 0 0 0 0 297 8 0 0 0 0 0 0 0 6 0 0 0 17 0 0 0
 0 295 0 0 0 0 0 7 0 58 386 0 0 13 0 8 0 0 87 0 0 0 0 0 0 477 0 0 0 0 0 0 0 0 0 0 65 0 0 19 0 7 0 0 33 13 0 478 0 0 0 0 57 1 0 0 105 0 0 0 0 0 5 0 0 0 0 0 0 0 0 0 0 0 0 0 0 6 0 0 0 22 18 0 0 0 0 0 4 0 0 33 0 0 11 0 0 0 37 0 11 0 0 0 0 0 0 0 0 0 0 11 0 77 0 0 116 0 4 0 0 0 0 0 0 0 5 16 1 0 0 0 12 0 0 0 0 0 0 0 0 0 0 0 0 0 0 0 3 0
 0 0 0 8 0 0 0 0 0 0 0 0 7 0 41 0 0 0 0 0 18 0 311 0 0 0 20 0 0 0 292 0 0 0 0 0 0 0 0 0 69 4 0 0 0 2 0 0 0 0 0 0 0 11 0 0 14 64 0 77 0 0 1076 0 0 0 0 0 0 0 0 0 16 0 0 48 5 0 0 0 0 0 0 25 0 0 0 0 0 0 0 0 0 0 0 0 113 0 0 83 0 0 32 0 30 0 0 0 0 6 780 0 0 0 26 0 0 0 0 0 1 0 0 0 0 0 0 0 53 0 0 0 13 0 0 60 0 0 2 0 0 0 13 38 0 0 0 0 0 0
 0 170 0 0 13 0 0 0 0 0 0 0 0 0 0 0 0 0 0 0 0 0 29 0 102 0 0 0 627 0 0 0 0 0 16 0 20 0 0 0 0 18 0 0 0 0 0 0 2 0 0 0 0 0 0 0 0 0 0 0 21 11 0 0 0 2 14 20 0 0 0 0 0 0 0 0 0 0 0 3 0 0 0 0 0 0 0 15 1 0 0 0 0 0 0 0 0 1 0 2 0 0 0 0 0 0 0 0 59 0 0 0 0 0 1 0 0 0 0 4 22 2 2 0 0 0 297 0 0 0 0 0 28 0 0 0 0 0 17 0 0 0 0 0 0 80 0 0 0 0
 0 82 0 0 0 0 0 0 70 9 0 0 0 0 0 0 0 0 10 0 0 4 0 0 0 0 0 0 0 0 0 0 0 2 0 0 0 28 0 0 0 12 0 0 0 0 0 0 0 0 0 0 0 0 0 0 0 0 0 0 0 0 0 0 0 0 0 0 15 0 0 2422 0 15 0 0 0 0 0 0 0 297 0 0 0 0 0 0 10 0 0 8 0 0 0 0 0 70 0 0 0 0 0 0 0 19 4 0 0 4 0 0 38 40 0 0 0 3 556 0 0 0 0 0 0 0 0 0 0 0 0 55 12 0 0 0 10 39 11 0 0 0 0 21 0 0 0 0 0 0
 15 0 2 20 0 0 0 0 0 0 0 0 0 0 0 180 0 0 0 104 0 12 0 0 0 0 20 0 81 0 0 0 9 0 4 0 0 0 0 0 0 226 0 556 0 0 0 0 0 0 23 7 0 0 13 0 0 0 0 0 0 0 0 13 0 0 0 0 0 0 0 0 15 0 0 0 0 6 0 0 0 0 9 2 6 0 0 0 0 17 9 0 0 1 30 0 0 0 0 6 0 0 0 0 0 0 0 3 0 0 0 0 779 0 0 0 0 0 28 0 0 0 0 0 0 0 0 0 0 0 0 4 0 0 0 46 0 0 0 0 0 0 0 0 552 17 0 3 1 0
 0 0 0 0 0 0 0 0 0 0 0 0 0 0 0 0 0 0 0 0 38 0 0 0 0 0 0 21 0 21 0 0 0 0 0 0 0 0 0 0 0 0 0 0 0 0 0 292 0 0 2 0 0 0 0 0 0 0 0 0 0 0 0 0 0 0 0 40 4 0 0 6 0 71 0 0 2 102 0 8 0 0 0 0 0 0 113 0 0 0 0 52 0 0 0 0 3 0 0 0 3 0 0 105 0 0 4 0 0 0 0 0 0 0 0 0 0 0 0 7 0 0 0 0 0 0 0 36 0 3 0 0 0 0 0 0 0 0 0 0 0 0 0 0 0 0 0 0 0 0
 0 0 18 0 0 0 0 15 0 0 0 0 0 0 0 0 13 0 0 0 0 0 0 0 0 3794 0 0 0 0 3 10 0 0 6 0 0 0 0 1 0 0 10 2 0 0 0 0 0 0 0 0 0 0 0 0 0 0 0 0 0 85 0 0 3 0 0 20 0 0 0 0 1 0 0 0 0 0 0 0 0 0 0 0 0 0 0 0 2 0 0 0 0 0 0 0 0 0 0 0 0 0 0 0 0 0 0 4 28 279 0 0 10 0 38 0 0 0 0 0 0 0 0 108 13 35 0 0 9 0 4534 0 0 0 0 41 0 0 0 0 0 0 21 0 0 0 0 0 0 0
 0 0 0 3 0 0 0 0 286 21 0 0 0 2 0 0 0 0 0 0 2 0 0 0 0 0 0 0 0 0 19 0 12 0 25 0 3 0 0 0 0 0 0 0 0 0 0 0 0 0 0 0 0 0 0 7 0 0 0 0 0 0 0 35 0 0 0 2 0 0 0 0 0 0 0 0 0 12 0 0 0 16 27 0 0 0 0 0 0 0 0 61 0 2 0 0 0 0 0 12 0 0 0 0 0 0 0 0 0 0 0 0 0 0 0 0 4 0 4 0 0 0 0 0 0 0 0 0 0 0 0 0 0 0 0 0 35 12 0 0 0 0 0 0 0 0 0 28 0 0
 0 0 5 0 0 123 0 0 0 0 1 739 29 0 0 0 0 0 1 0 0 13 0 0 0 0 5 8 0 0 0 0 0 0 0 0 0 13 0 0 0 0 3 0 10 0 0 0 0 0 0 0 0 0 0 0 0 0 0 0 0 0 0 0 0 0 0 0 0 0 0 0 0 0 32 0 0 0 0 0 0 0 9 0 0 0 0 0 4 0 8 0 0 0 2 0 0 0 0 0 0 0 3 7 0 0 0 0 0 0 0 0 0 96 0 0 0 0 3 1 0 0 0 0 72 0 0 0 0 0 14 7 0 0 0 0 8 0 0 10 0 0 39 0 0 9 0 0 0 0
 0 0 0 0 0 8 0 536 83 0 0 0 0 0 0 0 0 0 0 0 0 0 41 0 0 0 0 0 0 0 0 0 0 0 0 0 9 2 0 0 0 0 0 0 13 2 0 0 0 0 0 0 7 0 0 0 0 0 0 0 0 0 0 0 0 4 0 0 0 96 0 0 63 0 0 0 0 0 0 0 0 0 0 0 0 57 1 0 11 0 0 0 0 0 0 0 0 0 14 313 0 0 0 0 0 3 0 0 0 0 0 54 0 0 0 0 0 0 0 4 0 0 0 0 0 0 0 0 0 0 0 0 0 0 0 20 0 0 0 0 0 0 0 0 0 281 0 0 3 0
