150
 949 0 0 78 0 0 58 167 0 0 0 25974 0 0 0 0 1259 160 0 4023 244 10872 0 0 0 455 0 223 0 0 0 4211 0 0 0 0 0 365 0 0 156 4 60 0 557 117 0 1567 25944 0 0 0 1207 0 4217 3349 1622 0 0 0 74 537 0 220169 4164 0 42 0 0 404 482 0 0 0 0 0 0 0 0 239 0 0 0 570 0 0 0 321 166 0 0 1320 0 670 0 0 0 0 186 29 641 0 0 4142 0 0 0 0 2958 818 0 1314 0 0 0 0 0 0 9024 0 0 0 0 3286 0 0 0 0 56 0 0 241 0 0 1093 6251 1093 0 0 5 12 0 0 4875 0 102 0 1582 0 342
 0 0 177 194 0 0 0 0 0 0 50 12384 0 0 0 0 47 0 194 3191 2156 4686 414 0 5 0 68 1969 0 13762 375 0 0 0 0 0 48720 277 161 0 0 224 0 0 15369 3219 0 0 98 0 141 961 62 74 328 270 0 139308 1151 0 0 0 0 0 0 59 15591 344 0 0 0 16147 0 0 1255 690 0 34 0 0 0 33932 0 0 173 0 29 0 5195 0 6325 0 0 7756 0 201 26809 1492 7363 25 0 0 378 101587 0 0 0 413 1656 0 246 277 6518 2447 0 24 0 0 0 0 10856 14 370 0 0 0 0 0 0 0 133 129 23057 0 0 0 64 0 54 302 0 0 0 0 555 6029 0 0 0 0
 208 0 62848 18 0 88 0 0 0 286 521 0 0 1457 0 0 215502 6962 0 27 0 0 0 6 0 184 29 0 208 0 0 20 500 186 0 0 0 0 396 0 0 7476 0 5931 0 0 523 6 0 0 416 0 236 0 0 0 0 327 0 0 1141 0 0 0 222 0 70 466 2776 36 0 0 0 0 1474 0 651 0 7357 209 0 1427 441 31 0 0 0 0 0 1 588 0 1291 0 0 18522 0 50 0 0 2190 557 0 177 1812 1016 642 54 1870 112 0 0 6680 2094 11243 2554 347 121 3520 214 595 0 0 39 0 0 0 3050 24 248 0 0 7476 0 1380 0 0 0 919 0 8 0 0 30362 786 2918 0 0 0 99933
 0 0 0 3349 0 0 540 0 100 51 0 0 0 0 0 45 0 22029 0 419 3852 308 75 0 0 0 1042 0 0 0 3008 56 340 0 41249 0 0 486 0 365 894 0 0 0 81 0 0 0 0 6339 2988 1519 51 0 313 4873 0 0 0 3123 29725 0 0 1794 1663 4674 372 0 0 0 0 0 3460 0 2412 2784 37 16706 1156 1832 0 700 313 0 504 12423 0 0 0 332 82 0 749 25 0 0 0 1782 17361 22 8435 0 0 0 0 133 0 6 125 7 99 0 0 0 4275 0 0 1402 0 0 73 80 365 0 0 0 70 0 28 0 0 0 0 4839 0 0 19 0 341 681 6 7490 30252 0 0 0 0 31568 0 4321
 22259 4433 308 434 1468 0 0 0 7 220226 0 2 0 0 0 166 0 0 0 0 0 573 0 0 0 5 0 2523 0 21803 0 4700 0 0 3289 0 0 781 789 0 488 0 0 0 0 1370 0 66 0 0 139 4242 1701 0 415 0 0 312 0 494 63 0 725 0 535 6047 0 0 3187 8129 6 0 2684 1076 0 0 9 0 0 72 0 0 833 0 0 1924 0 0 186 185 1937 0 0 0 0 7366 365 0 38031 64 167 0 3459 2822 0 0 32 0 0 0 463 862 0 6025 0 1191 0 19589 0 0 310 381 81 0 0 3460 0 1927 21 0 0 217704 0 80 677 0 0 0 0 1798 169 114 0 509 0 0 27 87169 0 0
 1 281 0 26 2417 0 0 0 0 3098 0 0 3 0 0 0 0 1086 137 0 0 0 0 205 295 1886 0 437 35 82 0 0 0 0 0 0 0 0 225 327 0 0 16 0 158 365 108 967 0 8 0 28 0 0 1433 14 0 0 0 0 913 0 0 0 106 0 454 0 0 0 39 9145 0 0 65772 0 0 0 0 0 2662 0 854 0 5204 112 0 16752 2195 279 7 0 0 0 0 5534 0 0 7 179 128 217628 284 0 0 70 369 0 0 0 0 3167 0 0 0 4893 0 80 1328 0 794 1724 0 133 0 8304 832 114 244 0 0 0 0 0 662 329 20775 585 0 0 171 0 0 0 21 1888 0 4024 0 0
 0 4694 0 0 118 690 0 373 2 0 0 0 335 282 1104 13977 0 8382 151 0 5323 0 0 0 0 91 451 0 7 0 0 0 67 0 0 82 328 0 304 0 0 0 0 0 0 0 187 65772 0 307 0 304 0 5 540 0 775 132 0 35 0 2355 1622 3882 0 0 15 0 780 0 2910 5758 828 0 10892 171 4017 205 0 0 0 0 12423 0 0 0 0 0 0 654 0 0 1023 0 0 1401 98 0 0 4890 0 145 9569 68 42 0 485 766 15 0 1782 774 3707 0 0 2874 3230 5781 3098 5030 1218 7 0 0 0 0 295 97 144 314 94 8697 20 0 5409 317 0 949 169 0 61 36 0 221 0 200 2 1990 76 549
 0 17568 80 96 314 0 0 3 0 0 0 75 0 0 460 57 250 0 94 1563 818 0 217437 0 2348 59 0 0 740 7 0 98 0 1447 182 0 0 0 0 171 0 63 0 573 0 137869 0 0 0 0 0 0 0 0 0 0 332 0 0 0 64 47 0 0 0 81 0 0 0 341 0 10593 169 0 3403 500 166 97 0 7364 0 0 847 0 51214 20471 0 0 0 3536 0 70 0 0 12956 0 0 12424 847 0 2948 928 0 0 2507 0 0 0 1682 0 244 2947 238 3146 0 0 22259 1503 0 101 0 1266 387 0 0 349 101688 0 0 0 0 58 0 0 4 1787 0 0 493 0 0 96 182 53548 3 0 0 416 1369 0
 641 355 578 0 0 156 0 1544 713 0 0 2337 212 0 0 271 1 365 931 0 23474 0 0 0 0 0 0 0 3418 0 0 7350 0 0 0 1368 2583 4641 0 1086 464 2 0 4 0 5515 0 598 0 0 245 0 4327 81 22 257 35694 0 142 0 445 0 304 0 6242 616 598 0 0 0 26 0 0 0 2860 863 0 0 0 0 0 615 0 3868 354 263 0 295 0 4424 1287 0 0 16014 335 26 1553 0 10 0 426 78 0 174 2890 0 761 0 0 327 0 8933 563 0 0 168 128 0 0 15 132 0 2844 0 1947 0 25938 639 0 0 0 1165 0 6021 0 0 329 0 0 0 0 5478 187 0 0 0 0 1742 258 0
 75 417 0 0 0 0 9917 4424 0 5 37 1037 0 63 0 0 0 0 0 248 0 0 0 0 606 148 0 0 19763 0 11054 0 37 523 0 0 0 0 0 1008 0 5885 34 1082 0 0 1719 0 21 165 0 0 1180 0 0 0 4156 17459 0 987 0 130208 0 0 2680 2911 3795 6176 115 225 0 6324 86 0 158 0 84 0 0 15 197 0 0 0 0 3447 1352 79 0 0 2675 1213 0 671 0 1665 0 0 25994 0 234 18526 0 0 0 388 1201 139 6483 0 0 0 18 0 0 0 0 0 0 0 4880 0 0 0 445 0 0 0 0 0 0 0 0 0 0 0 3455 7476 3402 0 5409 1651 512 0 6057 0 0 0 0 301
 2327 0 0 2100 163 42 2439 1875 37 0 2282 0 207 0 1812 0 0 2416 0 0 0 101688 25 2772 0 0 0 3291 0 537 0 365 1365 536 0 1019 54 0 46 21 135886 0 0 323 0 1831 0 0 207 0 138 2640 0 2866 0 727 0 0 795 0 1353 0 7491 0 0 0 504 0 0 0 0 1529 243 1839 3672 0 3762 0 4394 0 0 0 0 0 0 0 0 0 0 15 0 33 0 0 0 0 0 1186 0 33653 450 256 33833 0 0 3914 252 578 1180 2183 744 0 0 90008 625 0 242 0 0 0 0 0 0 715 0 5306 5984 1355 0 0 3686 3471 0 0 0 642 0 0 0 0 0 0 97 0 0 0 8114 4200 2696 318
 0 0 25 194 0 61 7288 0 0 0 255 2 0 0 0 2264 48 1882 0 254 45 601 0 78 1258 0 0 102 0 0 207 28 0 0 4480 0 1873 0 0 0 853 121 75 134 136194 0 1711 0 104 1016 254 0 0 0 0 262 4 6783 22 0 0 150 0 9151 0 202 27 0 4388 0 338 0 16022 0 0 56 0 0 0 764 0 2359 0 0 252 1328 22 167 791 0 0 244 7 0 0 0 205 0 0 0 0 0 0 20 12 0 0 42 0 3438 51103 51191 0 11 441 0 0 3406 70 78697 584 0 1682 5616 0 0 5679 359 0 55 2956 1055 89 0 0 0 0 0 0 32 6582 655 20 0 1259 0 0 425 0 0
 254 557 5218 12009 234 0 0 99439 0 2612 0 51 0 0 0 27 0 0 51199 0 0 0 0 0 0 54 19 0 549 6066 293 0 1672 0 941 0 0 12316 907 0 0 1632 0 0 0 2841 0 0 0 0 1596 239 2626 93 0 137890 6072 417 0 0 365 7513 0 43986 0 0 0 0 0 0 565 596 527 0 0 0 370 9334 0 2986 58 270 2292 0 0 0 0 5934 1519 0 0 3290 0 5 13844 0 0 0 0 0 530 0 36 890 0 0 0 0 334 3707 33833 7820 0 0 0 970 0 2555 0 21 427 238 8595 2737 0 0 0 0 0 116 0 0 944 0 6544 140 10168 0 0 0 0 0 0 596 50 0 2 3773 0 1670
 720 10941 0 493 8810 0 0 9549 1259 0 0 0 27086 3040 0 0 15757 0 0 0 1195 0 0 4190 0 38 150 1562 0 380 5562 0 0 3002 0 439 0 0 2226 2544 0 0 101 0 13 50351 663 71 0 404 38 0 204 0 596 0 0 0 0 0 20805 0 1332 31 0 0 4627 0 0 156 159 0 0 0 0 22162 0 25 0 0 0 842 851 629 0 0 0 626 452 1317 1257 120 0 0 0 0 0 339 0 0 23 1833 54 62848 318 613 169 21 11005 0 674 0 1812 0 0 0 0 0 0 0 63 0 0 258 0 0 0 0 0 0 5005 0 1361 0 0 4797 610 39 0 0 0 0 0 0 0 0 192 23 1758 136
 445 15534 30 262 21554 91 0 0 8101 112 0 666 0 581 666 0 1652 0 48 123 0 361 0 0 3723 33 17 1182 0 0 0 238 0 0 130 98 96 1367 106 51155 0 35 1904 149 740 3235 0 146 135172 332 0 125 0 0 140 18 0 0 27 79 0 53 0 8494 336 425 0 0 0 1849 544 276 481 0 513 0 0 0 0 0 0 0 0 1242 0 0 0 0 0 20325 0 0 0 0 0 0 0 0 822 0 0 0 0 0 370 0 366 6680 69 0 0 0 0 0 433 665 0 0 0 4021 0 0 423 188 0 0 577 77 0 869 0 55 0 0 265 0 20426 0 0 0 366 0 0 56 310 194 0 194 18 238
 23 0 638 0 0 1026 0 0 0 116 19 0 0 219 125 63 0 0 0 1280 0 0 0 0 0 0 412 277 0 0 0 179 2085 0 1433 500 0 0 95 62 0 20577 0 526 0 65 0 0 0 0 36724 0 5781 0 0 3968 20455 9 301 3 104 303 1503 198 0 455 0 0 0 0 3166 0 0 0 795 56 96 204 0 0 1545 504 0 851 35 0 2727 112 0 328 681 698 63 0 0 9571 50 0 0 160 744 489 0 0 0 0 695 0 0 0 0 433 60 1651 7346 0 0 1713 2 0 0 61 0 701 329 0 725 10 0 0 550 0 0 0 0 0 0 0 0 0 0 0 0 845 0 0 86426 0 100 4
 0 0 0 311 1562 6 2137 0 0 1777 578 0 1328 0 0 307 0 0 0 100188 0 0 0 0 708 5671 3116 106 0 0 352 442 1994 7598 11086 417 726 0 0 1 0 754 610 0 93 0 0 0 172 0 0 0 432 0 385 481 2483 0 0 0 0 0 35 3488 0 277 0 0 0 0 0 163 0 0 452 47692 35 20158 3329 6 263 0 0 0 0 0 0 170 0 0 474 0 148 1286 0 0 0 0 2295 88 2649 0 0 411 1 0 0 0 8304 0 55 0 0 24 98 1881 275 721 0 0 157 0 1175 1774 100 0 0 0 0 25 471 20 494 355 6057 0 22555 0 776 0 3165 776 0 1337 270 1844 8581 0 0 160
 0 281 0 0 438 0 0 967 0 404 0 0 113 1883 962 10 614 0 6540 130 0 0 0 0 21 464 0 4334 342 53 0 0 156 256 0 0 0 0 2609 0 0 8 33 0 138 6408 284 0 1771 0 0 0 0 0 0 3 0 681 118 0 0 0 0 1038 464 1807 1164 0 0 0 0 0 0 358 21 11130 47 13786 16 775 0 345 26 28 19908 346 7499 1 0 0 176 699 16056 0 291 0 2900 687 31 2560 20 0 0 0 0 798 30704 72 21554 0 88 2362 7893 78 173 63 0 0 0 3334 49 0 2920 0 0 572 0 83 0 0 493 374 61 748 77 0 973 5259 0 0 3040 568 1104 0 0 3226 0 3773 0 453
 601 0 0 692 41 0 0 0 0 87 11 8232 0 151 0 0 3675 0 751 75 0 30460 0 6 1389 6030 4201 0 1461 365 0 1955 29 949 0 0 0 0 219 0 0 4185 1580 0 238 2108 90 0 0 0 47 36 112 0 0 842 0 102 0 40 0 5648 1229 0 0 144 681 0 0 0 258 0 0 0 0 0 62 860 0 698 0 0 39 0 372 0 0 0 0 0 3708 0 9571 4155 20448 1483 0 930 0 0 0 22106 0 0 0 860 0 0 0 0 304 41 844 0 0 2057 1531 0 6047 0 0 382 0 2192 24 0 177 17 137 0 0 0 1142 0 0 0 177 63 304 0 0 822 0 0 0 18050 0 4006 2319 0
 0 0 0 0 324 53 77 0 4161 0 615 0 0 342 0 0 0 0 0 0 0 2780 776 0 0 0 0 225 661 87 0 136019 176 0 0 0 235 288 0 260 173 0 2371 0 29 3608 0 2036 11066 0 0 0 0 62298 0 0 261 0 0 0 0 0 0 174 0 0 32558 0 0 0 0 0 0 5699 0 2636 2 956 0 0 33 0 916 0 0 4590 0 4057 0 0 451 760 3 0 0 0 150 3224 443 0 0 3456 0 0 45 1750 3842 1120 0 0 455 1405 0 0 370 3460 0 0 0 0 1564 0 0 0 0 0 0 7350 4313 0 0 0 0 0 0 0 0 0 0 0 367 255 35 144 0 652 18 0 0 0
 0 0 0 0 0 258 0 0 0 0 651 0 4264 0 38 22 0 17 168 16 0 1332 0 0 326 2628 100 0 2964 715 0 0 0 7760 189460 0 826 133 488 0 12423 0 29223 0 615 7 0 0 32586 4346 166 0 1419 29 2 796 201 0 0 0 0 369 0 0 87 0 3092 0 0 0 5467 137890 0 679 893 8322 227 0 0 0 1404 0 96 3268 0 20 3837 0 0 0 76 0 63 0 0 15982 1018 0 0 61 15764 29 645 10 0 0 0 0 0 0 170 113 0 0 0 0 0 0 0 5174 20768 0 0 0 0 156 0 0 125 21 0 437 0 0 0 0 361 0 129 0 177 0 0 1259 1237 0 0 0 0 0
 0 0 2463 0 0 2544 231 614 0 113 0 0 564 175 0 1 34 259 0 0 0 169 0 0 2706 34 1477 0 980 0 4801 0 210 0 0 0 426 0 0 51 2396 550 20 79 111 0 0 0 76 472 433 1044 0 0 1103 161 0 6394 4641 0 3886 0 0 0 18 0 63 0 0 0 0 165 0 0 504 0 0 0 0 0 0 0 0 264 628 0 1579 217 0 1980 21 0 62 0 681 1242 3827 10934 15 0 406 0 1104 0 9428 0 0 0 43 52 0 50 0 367 0 0 0 2370 0 0 0 652 0 0 36 9311 0 406 0 0 0 2608 1586 0 0 0 385 2572 4602 1616 3417 0 0 0 0 0 0 609 0 0
 12502 0 117 0 27 994 3867 0 382 5916 0 86 292 283 1888 698 4193 93 252 0 56 1579 0 8292 0 0 74 115 0 0 3605 0 6456 245 0 0 23 0 184 160 0 445 1277 0 0 686 2548 4337 0 102 0 0 158 0 0 5289 0 142 153 0 28 10805 0 4 0 0 0 153 1530 40 0 0 0 0 23 9021 1579 0 130 0 2488 1912 0 0 0 0 62 225 0 0 0 134 2616 0 0 0 654 0 0 0 0 39 3176 842 117 0 0 38008 0 106 7795 0 0 0 0 0 557 0 0 0 2452 0 924 0 25 1369 654 1904 6258 1824 956 491 0 202 10 0 0 0 0 0 0 0 0 0 0 0 46 0 0 0
 0 81 0 135 0 0 328 771 1370 0 0 0 675 0 15764 83 3230 0 0 0 2371 10 0 1632 0 0 136 26 0 0 0 0 0 0 0 0 0 0 0 18 0 125 429 17474 0 0 0 679 0 5659 27 3580 2049 331 0 0 121 198 5384 0 0 0 0 0 3707 786 0 0 6983 0 0 0 0 0 102 24 2352 0 20 0 792 701 822 0 0 128 412 0 0 0 0 0 27 760 220607 494 28225 0 0 584 0 0 118 12132 188 0 26 0 0 0 0 0 0 0 2928 0 0 0 0 78 0 167 25 71 422 0 0 424 758 0 0 721 34247 2553 0 15854 189158 0 0 0 0 0 1066 0 14 1317 55 0 101 1402
 0 0 3723 145 3087 0 0 0 139 0 106 0 132 81 0 842 0 0 0 0 0 0 219 9571 277 0 31123 118044 0 1180 38 0 32 0 0 0 13977 1703 7358 0 4 0 0 0 0 482 26 0 4045 267 0 161 74 33 29 0 0 0 93 0 33 85 0 818 0 0 2554 4186 0 0 0 0 0 0 562 0 9 136326 3013 562 449 45 0 0 33 0 1928 0 22 0 2648 0 113 465 0 103 202 16 36 504 0 0 0 34 36 0 1470 0 0 136 32766 173 0 0 170 0 0 25445 12 0 0 0 308 33 42 0 1222 0 252 0 977 0 39 3146 0 1924 0 0 0 1786 1180 0 0 0 20821 0 0 0 0 68
 0 197 0 1145 0 0 0 0 250 0 196 619 0 0 0 747 0 0 0 0 0 0 0 5024 345 1106 2022 0 1750 241 0 0 248 0 378 0 0 0 786 0 0 443 0 0 3191 0 0 3310 174 14016 0 5 1209 0 11077 166 29 4641 0 1328 3584 59 10913 3898 0 658 99 0 0 0 0 0 645 0 0 0 0 0 0 266 550 818 0 0 0 2554 0 0 206 0 1307 0 0 0 0 0 0 0 828 0 38 6095 0 7774 0 0 76 0 0 0 695 2646 0 4846 225 0 0 39 0 47 15 41 0 0 113 77 0 4 2721 99 0 0 0 182 5312 0 0 0 4356 112 0 4155 0 611 3270 0 0 0 0 197
 1250 0 0 0 1936 0 0 0 510 454 23 499 0 0 0 0 0 23470 0 0 0 0 0 0 0 0 1086 0 0 0 299 0 0 426 0 0 228 0 0 36 90 0 0 0 4190 152 0 38 1255 0 1724 0 31 0 0 1650 1670 0 4926 0 1121 223 2151 132 0 0 0 0 0 0 0 0 48 0 0 1187 0 0 0 0 1104 636 533 298 0 451 0 0 0 0 1077 54 1182 0 0 491 0 0 0 0 114 0 6 26 0 405 484 0 127 0 0 0 1885 0 0 1818 16240 238 6094 3510 83 916 0 1741 1005 0 0 28 0 941 0 0 0 218 0 3071 0 395 0 198 0 137 0 612 0 47 9226 441 0 1268
 0 0 23543 37 0 0 349 0 8 1249 0 0 1954 0 0 0 0 0 6 0 81 42 0 0 0 295 8479 2040 751 0 0 0 0 0 258 0 4127 319 0 0 0 5 0 0 0 0 0 0 853 0 3456 0 0 0 0 0 0 0 0 0 2445 1468 0 708 0 0 0 16675 0 2920 7761 0 0 351 0 0 29 243 24379 0 0 26 102 1190 0 1820 7 11127 0 0 0 0 0 0 0 1120 0 2934 25935 113 25984 3 258 731 0 0 1369 0 0 0 0 0 887 0 3895 69 450 259 15764 0 0 0 0 224 0 0 0 1203 10168 0 260 0 0 117 0 654 0 181 358 0 0 0 0 13 5543 0 0 0 331 0
 52 1065 0 32988 347 0 0 0 0 0 818 2045 0 0 304 780 47 0 0 0 0 0 321 1095 0 0 3558 0 9247 0 2575 39 209 0 0 0 0 0 6357 0 2620 0 0 0 20098 0 652 0 0 0 0 0 0 144 3438 0 0 0 56 215198 0 0 23434 0 0 965 0 4739 249 8 811 0 177 8 12 44388 255 2124 202 0 0 0 0 706 0 361 0 13847 2762 437 0 0 504 77 0 0 0 0 156 897 0 0 0 0 0 166 0 1389 0 0 0 1115 0 0 0 34 2584 5267 0 0 0 0 5647 49 0 0 0 4206 0 229 1219 168 2310 265 140 0 0 11362 0 42 0 28 0 0 366 395 0 0 537 0
 3 0 245 6113 0 0 16706 0 501 41 0 69 0 0 40 11516 8304 0 0 0 0 31122 1976 60 0 0 594 15 22795 6176 0 7489 0 0 55 9571 0 16688 0 0 693 0 2332 0 0 0 279 18470 0 0 0 151 0 29 216763 0 0 0 0 70 51 0 0 0 0 5222 0 0 6155 25297 5259 0 0 0 11 0 46 2400 1496 0 4966 2387 0 0 0 0 23 0 19914 0 0 1338 289 491 33580 222 934 0 0 10750 0 0 0 0 0 12 0 1209 0 1906 0 1926 0 706 0 53 0 0 7358 0 4728 1020 0 22 0 0 686 0 0 568 4 0 5197 5851 4822 0 0 62 0 0 0 222 0 0 0 0 0 962 4086 0
 7895 0 1074 0 3039 12 0 122 36 0 1782 0 0 0 17275 348 0 2609 0 1220 17 0 0 0 0 8315 0 0 0 0 0 4540 0 4001 9 2641 0 937 0 0 0 810 124 2570 13709 0 0 0 0 0 0 265 0 13977 0 0 1394 1507 1402 135 0 21 25994 842 20 4988 6 59 0 0 0 0 139 6111 0 47 4127 2220 6417 1153 1237 0 0 0 0 0 0 3035 0 0 0 1042 354 0 0 1184 0 0 351 0 1732 0 0 16 0 0 15761 0 237 828 0 12112 0 0 0 53 2 204 0 24 63 0 0 449 0 2537 0 5897 0 0 0 0 47 0 673 646 0 0 6579 8595 0 0 0 0 198 29766 24884 0 0 0
 0 0 0 0 0 0 3123 0 0 2049 0 0 8 376 0 0 0 0 0 0 0 33 1612 1839 133 375 6595 120 0 0 0 656 2469 0 711 0 113 0 0 404 55 0 10784 394 1537 471 253 0 0 424 0 2636 4174 6 1622 553 0 0 0 0 0 3549 0 50 0 1565 0 990 845 0 0 845 3191 0 701 23 0 104 0 0 1084 11 0 0 33 0 33 88 0 0 0 982 3920 0 0 0 0 0 25 6414 38 0 0 0 1616 0 0 2236 47 0 0 712 13 262 1651 202 0 27 259 0 5 0 1040 8941 0 0 0 0 5499 53 283 21 258 0 5237 0 0 101 364 0 0 291 471 0 83 22 0 0 0 0
 348 78 0 0 0 92 0 1844 0 0 0 76 0 208 198 0 0 0 0 0 3226 0 0 1370 0 0 111 339 0 607 43 0 262 2700 0 559 4970 369 17 2715 0 0 0 0 0 0 30 33633 452 0 0 2527 5851 0 0 12 0 0 628 2489 240 0 1632 0 0 6017 0 0 0 0 265 0 136010 304 76 0 0 49 0 455 157 15926 0 28 9071 21288 0 6357 11 0 0 7487 0 0 28225 1280 0 0 0 16245 0 3565 157 697 0 170 0 154 390 416 0 36 0 830 0 19 0 0 4372 0 0 4 0 888 0 0 486 0 0 521 0 53625 0 0 29 0 0 22 84 0 157 1208 32 2570 0 204 1075 0 0 22033
 0 1549 0 60 0 1 108 0 3675 0 0 2570 28 0 101689 78 0 0 0 8422 0 183 0 0 532 103 0 0 186 4372 0 4597 0 0 0 296 914 0 0 0 0 15 0 28225 0 0 0 108 0 0 0 8758 723 0 2 0 4645 0 811 0 413 1170 0 3236 0 0 0 94 0 451 0 100 0 0 92 16143 0 0 1495 0 2112 0 0 0 53 0 0 2566 0 5963 18257 5 638 129 0 0 0 50 306 0 0 0 0 0 0 4 500 0 0 0 0 28 78 0 2784 614 0 0 173 0 0 313 504 3487 0 0 488 124 0 15049 28 0 0 0 131 0 775 0 0 0 0 0 0 609 0 0 365 75 307 0
 0 0 88 0 0 63 19577 0 959 362 1 0 0 314 0 0 0 12502 1236 660 0 1369 23 754 44 0 282 0 22694 0 0 0 73 16 488 0 0 0 63 0 5562 0 30170 0 40 1478 583 22 0 0 3773 0 0 0 0 240 1215 0 8304 0 443 0 0 5 0 0 188 0 0 726 13784 0 171 0 0 63 0 0 0 0 0 0 0 5956 0 4822 0 0 0 0 0 5 3314 0 1198 169 33761 0 0 0 0 160 0 3367 0 0 0 1937 0 0 0 0 467 0 0 0 0 283 0 0 0 1069 685 0 222 0 1923 0 15499 0 0 0 0 0 0 7518 660 0 295 1508 0 931 0 149 0 0 0 0 0 9334
 7774 11153 162 0 406 9060 0 0 0 1726 0 142 111 0 0 0 0 9216 610 6890 5 133 8866 41 2661 0 0 5278 3000 0 0 6057 0 0 0 249 0 0 12 72 8250 0 22731 257 857 0 406 0 0 133 3090 0 0 1906 97 3631 0 0 6 27 0 171 266 0 0 3416 186 0 0 0 160 0 48734 440 0 0 5885 0 1161 7476 1863 139281 0 0 0 1322 13767 0 0 0 0 112 3518 5 89 6116 0 0 3847 5 0 1700 307 0 0 132 3182 141 0 773 22071 2058 230 0 1478 107 0 5536 0 2501 0 949 20398 69 281 2620 0 0 0 0 2694 0 137871 550 0 0 0 1146 4 1477 175 475 1112 0 584 130 0 0 166 0
 4213 0 114 16713 138 2784 0 45 0 0 0 0 560 335 0 5665 0 150 9247 0 0 0 0 0 0 21 0 0 0 50157 641 0 0 0 0 751 986 1166 0 0 0 0 0 0 0 11130 0 3175 0 0 15 8647 61 7910 0 0 0 0 0 0 0 0 0 0 648 0 491 284 0 0 708 504 0 21153 246 758 0 533 0 118 90 1238 88 0 140 0 64 0 3640 86 34 483 20272 0 0 0 0 0 0 0 0 494 0 0 287 99 51 0 835 2036 47 1060 0 0 389 0 20 0 0 0 0 0 0 52 32 25 21209 135479 0 1861 327 0 205 0 0 0 342 412 0 4444 340 2958 0 39 3040 156 0 0 394 569
 0 0 3336 0 0 435 4591 0 0 1613 315 0 0 602 0 466 389 275 2060 0 0 398 87 373 0 310 13958 0 793 0 0 8866 0 840 7472 15751 0 13159 715 776 395 14 149 0 1271 25 0 4594 3983 0 304 252 87 0 32289 566 0 0 0 0 0 0 0 0 0 0 0 0 0 0 2081 73 365 1559 255 0 0 0 2294 565 0 0 0 209 1019 652 0 94 793 0 0 1563 832 0 0 0 0 16638 0 1193 0 0 0 0 0 0 479 0 0 0 0 81 1480 1178 0 0 101 0 0 0 303 0 355 519 0 638 12 0 4004 0 77 0 0 0 0 0 860 1374 100 0 1162 33717 411 0 42 215 679 0 79 0
 333 0 0 0 0 0 0 147 2 30757 0 153 0 0 0 0 3114 0 0 52 0 0 0 24 0 0 87 207 0 15336 98 0 0 216 0 0 175 0 12 138 116 0 0 0 0 307 412 790 3139 0 0 1259 0 350 0 0 0 20632 0 40685 186 424 0 0 0 0 328 320 0 584 16193 0 0 12956 0 0 247 0 5221 17361 0 0 3165 0 217 0 0 33 0 691 0 12089 0 396 0 0 0 302 307 0 0 50 0 0 0 48957 31789 374 0 238 19 19 0 1229 117 0 0 2 16 0 0 79 649 0 0 540 0 0 0 185 0 38 2959 230 2858 0 0 0 0 0 31 197 3 400 4217 0 307 113 1044 139
 3116 1195 52 0 842 0 63 0 0 0 0 36 2060 0 0 0 0 0 14 0 207 0 0 0 2544 457 0 0 636 333 34247 0 0 500 291 0 30 0 0 578 0 0 138 0 3 0 1736 42 698 0 198 0 0 0 0 7882 0 280 0 0 637 373 0 350 0 0 29218 9487 5358 0 0 4987 0 0 0 0 0 116 6603 2632 39 112 0 0 0 4099 0 0 780 1956 0 4 0 0 0 0 0 83 0 4 0 884 0 15 398 0 0 0 0 993 182 4444 0 670 839 0 0 143 776 351 0 0 0 0 101681 18491 4 598 69 5781 0 107 0 0 0 0 1166 0 0 102 0 804 0 0 87 318 249 0 0 7567
 0 0 25994 0 0 0 457 32 0 84 0 0 385 78 130 2182 1877 1 5930 0 0 0 400 2123 0 21 0 4517 0 0 258 0 2119 1908 0 0 20 0 0 110789 0 220 0 0 2437 0 25297 0 4865 7 0 437 0 0 0 0 0 645 0 0 0 956 63 0 811 0 0 8 0 0 5984 90 55 0 0 0 1025 20 0 0 423 725 0 105 18 0 43 2243 0 30170 0 0 0 6763 0 0 0 0 3230 0 0 1030 5 0 0 3662 65772 0 0 707 320 919 0 0 79 4 50 0 4558 307 71 1569 19 0 0 41 0 0 0 0 1565 11112 0 0 3615 1069 0 0 65 8409 4234 0 0 86 0 772 5 1663 0 0
 0 0 0 1600 179 6111 3236 0 0 0 11038 0 0 12836 0 0 0 0 0 14 893 0 0 0 9334 0 23474 0 0 519 0 0 4935 0 764 1140 25 0 438 0 0 32 0 0 97668 3317 0 21749 0 0 0 0 0 78 548 0 41371 3598 179 0 323 167 0 320 0 1503 0 4656 724 0 482 27 22 0 2823 0 0 0 5 0 0 0 468 0 4186 0 4251 0 1325 0 558 0 350 0 0 0 3562 0 0 0 6609 326 0 1906 63 2327 0 39 0 260 1602 237 237 0 3015 0 16314 1876 338 576 0 0 962 107 662 310 90 395 0 0 82 3253 31158 1156 1812 575 66 0 0 2893 0 286 0 0 3808 891 47 50 0 117
 0 7761 1416 45 0 0 381 69 52 0 0 0 2 0 0 94 0 0 0 0 0 0 0 0 41 1060 415 590 44231 0 0 0 333 4101 0 0 4023 0 0 0 648 273 89 0 0 4441 0 2124 0 26134 11 0 0 584 0 0 0 126 8463 0 282 0 2350 52 162 1 395 0 0 2 0 208 26 116048 16056 0 0 625 0 54 0 639 967 12 0 69 1513 0 25 61 0 0 0 0 701 0 1042 0 140 0 0 0 1717 0 0 1030 0 0 0 0 1291 129 740 0 0 0 14 567 0 1610 569 1782 0 0 1350 0 0 335 0 0 78 0 1086 0 0 0 27462 0 617 0 183 0 0 0 498 0 0 0 0 0
 0 142 0 53 125 146 454 0 0 0 0 0 132 0 0 0 115 0 242 0 2105 0 0 0 789 6452 22539 0 4178 0 0 0 527 0 2119 0 1183 0 934 188 1689 435 5 0 0 16193 0 528 0 0 78 160 198 0 0 0 4801 8 0 443 0 308 0 0 0 1809 0 0 4255 423 0 0 175 0 0 11 0 0 234 2929 0 2324 172 0 0 866 0 0 0 0 0 0 2837 0 247 0 52 0 0 0 1475 0 0 0 3193 414 16 0 106 0 837 7361 5653 0 0 0 4203 0 0 10351 1881 43581 1098 0 0 0 0 0 29 208 0 31 9151 817 45 1635 0 0 464 2518 39 372 0 321 0 83 0 1019 1361 0
 0 0 400 0 136 0 1764 79 56 408 9581 0 0 0 0 0 0 0 0 0 0 0 240 680 14891 0 0 5187 0 11 0 0 694 531 0 0 35 0 8948 0 0 0 745 396 7 1408 2007 0 0 0 0 37 20352 0 6357 9754 0 179 0 46 0 0 155 0 7 0 5790 0 2211 0 0 1205 9300 17232 0 13212 171 0 21 84 0 868 194 4257 11 4505 0 0 0 0 249 0 36 0 0 0 0 0 57 406 0 378 0 0 208 0 344 0 527 203 0 0 0 0 645 0 0 90133 352 0 0 472 1926 2147 0 744 0 26 0 0 1653 0 1253 0 177 0 0 0 47631 0 0 262 165 309 1482 5749 0 0 0 0
 0 0 3456 1829 0 0 689 0 0 1512 0 476 0 0 0 0 33 0 0 0 0 2105 0 0 0 0 0 253 44219 213 20 0 0 2 0 3783 0 0 0 28 2201 0 0 0 0 598 5861 0 284 234 0 0 0 1722 0 0 0 0 0 0 4125 5583 70 956 0 181 361 0 5184 0 0 74 0 0 189006 0 0 764 7 500 648 0 0 66 1415 0 0 0 788 362 5677 9136 0 0 893 0 0 0 220363 0 0 0 85 0 0 154 0 0 0 0 174 0 0 0 0 0 3886 61 2219 0 0 11894 0 225 0 0 0 2174 3387 32 0 0 1180 622 0 173 13977 741 0 0 0 0 0 0 0 102 0 1728 0 0
 256 8439 0 119 4814 0 0 2 238 0 1106 0 5258 0 138731 21 163 0 0 4512 385 5251 0 245 0 375 0 27 0 0 33588 0 0 994 0 0 664 1020 0 0 0 4361 2327 33699 0 0 0 119 0 0 633 342 0 0 1259 81 350 269 20 0 0 44 24 86 0 0 0 0 15179 1102 0 1321 0 20457 0 0 0 0 215502 350 0 0 4842 0 100186 0 0 269 0 0 0 1270 99 0 0 0 0 19728 0 0 26 32 0 6 38 3 0 0 8 0 27 0 0 0 15069 40 0 284 433 0 0 0 10892 0 0 0 0 2236 0 4350 0 0 0 2842 0 2984 0 0 0 1 482 20 494 1014 0 0 0 0 21 1516
 0 187 0 0 0 0 0 4144 0 300 0 45 0 0 0 1806 295 18 32 0 381 0 0 0 276 0 0 5966 0 0 4 6123 0 0 0 78 0 0 0 0 107 0 0 0 4161 1112 0 69 0 267 0 10133 323 171 0 0 39 0 0 0 0 0 61 0 0 676 23519 0 234 636 241 68 243 0 0 266 5 699 0 0 0 0 0 144 62828 2858 0 0 0 0 0 0 0 751 0 238 0 7 0 0 18 492 1503 0 1584 0 8921 0 5976 15 154 1946 0 0 1233 0 0 0 0 3460 2130 0 279 168 0 0 490 0 77 11 0 0 0 0 145 0 284 4 0 0 0 44 47 359 291 0 294 74 0 2447
 0 0 0 294 450 14029 311 563 29 0 0 0 74 0 0 318 0 0 593 0 0 0 1292 0 0 0 0 0 0 1 11 5262 0 158 6 2689 774 0 0 0 0 148 0 157 284 0 515 95 34 32221 0 0 4952 0 1031 33833 57 44 3834 236 0 0 0 0 0 822 0 0 0 598 2040 7637 204 132 869 0 6540 3027 0 75 14 50 30600 0 0 1035 0 0 0 451 0 0 0 0 1160 269 0 1214 1051 43 0 117 264 0 0 0 136 19896 3131 0 0 0 188 222 2469 3634 3217 2291 6561 785 0 916 0 1122 108 200 0 0 0 0 202 156 0 0 0 1001 356 96 0 30 949 3235 0 2 6 0 514 269 0 0
 77 208 151 0 4203 0 0 853 351 0 1046 0 7 0 0 236 774 26 332 0 0 0 0 0 0 0 778 1861 219 9744 727 0 0 3360 3024 0 207 723 251 0 0 52 0 34 0 0 101623 0 0 0 0 4100 1369 0 4285 0 276 6 0 3874 48 267 71 0 27 558 0 0 7743 1320 540 564 0 956 0 0 0 0 262 0 0 162 0 3677 29 1258 388 56 2155 0 0 0 0 53 0 7476 0 217704 0 47 827 0 0 761 0 0 531 878 0 0 0 304 384 72 766 0 0 84 21 0 0 629 0 2 332 68 6 0 987 0 390 385 0 0 0 0 0 50129 3456 0 0 0 0 0 0 1570 4 88 0 151
 10571 0 0 0 0 2236 311 270 0 20 0 0 0 0 96 0 2626 3188 0 430 0 0 547 0 732 206 0 0 63 4 3146 3 8702 28065 0 0 0 0 11 0 5232 309 0 0 12028 0 0 0 301 0 265 0 0 0 82 0 6047 0 0 0 0 0 0 0 526 27 0 0 0 0 0 3 970 361 0 18 334 3316 0 6 0 0 2182 0 337 343 0 347 845 47 0 0 0 0 1761 0 0 2505 0 0 0 2948 118 80338 0 183 150 0 804 0 0 0 49 0 1373 0 19 53 0 0 69 0 0 0 0 28 0 0 0 0 0 0 0 0 0 0 0 0 37640 48 42 533 0 182 0 293 576 0 0 0
 0 0 2460 0 0 0 0 839 1332 25989 0 2634 0 13 0 51122 41 0 0 78 218 0 31525 0 0 0 23350 103 0 0 0 0 0 0 3879 931 0 0 0 2572 0 2744 7126 0 0 122 0 0 1663 0 128 1401 0 603 965 0 120 0 0 0 0 0 0 9 1106 0 0 1878 0 0 0 453 239 0 0 33 0 242 3689 0 0 2918 0 154 365 0 0 0 0 146 0 161 61 0 209 0 0 0 0 0 0 0 6131 1579 0 0 0 0 2201 0 0 351 0 0 0 74 0 0 0 0 0 26 0 166 3191 0 0 528 0 1285 131 29124 231 7702 0 0 130 5259 0 0 0 0 3706 8252 0 1610 304 0 0 53
 0 0 0 0 0 3009 381 27279 0 0 782 634 0 0 249 0 0 1579 0 258 0 1218 0 0 0 0 0 176 8 0 162 0 0 0 4357 18121 0 0 84 5262 48677 4350 907 0 0 786 2220 0 0 0 1662 584 0 0 0 691 0 0 24 0 936 244 0 1691 0 0 0 0 0 0 53 0 0 0 7740 35 1401 0 1 0 0 2 3226 0 168 0 5306 0 0 50 0 214846 354 404 0 268 0 4176 0 204 0 3 193 0 0 1498 44076 0 317 0 391 0 0 0 0 7882 0 20 0 0 498 0 0 0 0 0 0 354 0 0 0 2123 0 0 43 0 6747 136106 0 0 0 0 740 70 1 0 0 0 0 0
 9754 0 4262 6957 860 48788 0 111422 0 118 0 6680 0 438 22033 708 17185 387 1085 0 0 2797 577 0 0 269 0 7932 0 0 0 0 572 561 498 0 0 1937 0 11178 5901 0 0 3036 19993 0 6394 0 1011 0 32999 0 103 4023 0 0 24 20 0 0 280 295 0 2137 1103 7442 0 0 6 0 741 20 0 729 0 8 7879 0 0 197 4898 1812 0 353 0 686 0 0 0 86 0 175 12 0 0 4321 550 0 179 0 0 0 359 0 0 13 0 0 0 0 3773 50 0 0 0 7737 265 0 0 340 0 1167 2883 0 0 0 13 0 248 71 0 3847 0 1885 0 0 0 5 0 5360 0 117 0 217704 1420 0 2705 0 0 2271
 0 0 479 0 0 0 0 0 0 47 732 1001 1645 0 0 6787 0 384 0 656 0 0 780 5 0 0 88 0 0 0 2594 0 55 0 18 0 0 0 1389 283 533 0 8595 118 0 1093 0 11144 0 0 0 0 0 0 19 74 0 3040 0 3089 372 0 844 0 0 0 0 0 0 5 0 0 0 80503 0 0 419 0 13742 0 723 202 0 0 108 0 78 50 0 8 0 474 0 57 1 965 0 0 857 13272 328 0 4986 0 0 5 0 0 208 11 185 0 307 244 0 0 0 11127 0 0 0 0 0 0 0 0 0 0 65 1 0 163 230 132 1053 0 388 0 931 0 112 0 436 0 0 0 18 0 0 0
 0 0 725 0 45 0 122 717 0 133 0 0 0 256 0 0 0 0 0 12909 0 0 0 1742 449 0 0 811 238 354 29 0 0 141 0 0 90 0 573 0 0 0 0 27 0 373 0 426 0 2352 2029 675 0 150 0 0 44231 287 395 0 0 0 163 342 0 0 0 12423 300 0 7 0 0 6071 0 0 2684 101 0 20 7476 0 32289 0 0 54 0 0 56 0 10488 208 0 2 0 1885 22 0 0 20471 4278 1281 0 0 70 721 105 5931 687 0 0 0 0 5556 8291 204 817 2040 231 0 0 0 0 19 0 1199 0 0 0 2097 0 941 0 862 0 702 0 0 3 34247 12502 0 0 0 151 137890 0 0 0 167
 0 2040 1929 2548 0 1375 0 0 0 0 475 0 0 18592 3238 0 0 112 35 0 0 1295 928 0 17309 0 0 0 23 1829 0 602 5791 0 0 1811 116 94 91 58 2093 0 601 0 3473 3191 0 0 0 0 0 0 64411 0 4086 0 300 67 954 38 0 0 47 0 2 126 304 0 0 0 0 0 0 133 0 0 0 0 0 0 9 0 223 0 3817 0 50 0 0 196 3304 0 0 0 80 439 43 254 164 0 238 2294 2076 18 1160 12606 3013 0 0 836 0 0 0 0 29 0 3 0 25961 1195 343 240 0 1055 2124 0 116 174 474 641 0 1 0 0 3917 273 3969 0 3 0 0 682 0 0 0 0 0 100193 0 1076
 163 0 0 1218 0 32 0 2210 2357 0 82 0 0 0 0 0 4426 0 0 0 537 0 0 0 1117 0 1722 0 245 25297 0 4 68 3359 211 0 28 608 0 0 0 0 0 0 0 14234 0 7321 0 0 33 0 391 0 0 0 0 9027 0 0 0 755 269 2947 460 256 0 979 335 1269 0 13057 1055 0 0 2507 0 0 0 94 0 3140 0 0 0 0 0 911 22379 0 4255 579 0 0 106 262 354 711 0 0 0 0 0 0 0 0 0 0 42 0 808 0 198 5 0 169 0 0 0 202 0 1133 0 0 0 0 7 0 6015 847 0 38 87 0 0 0 0 2022 0 7476 641 0 0 636 72 0 451 504 0 3385
 2620 0 341 7603 9571 2 6515 573 0 339 0 0 865 2910 0 0 401 0 0 46 2664 0 0 0 0 4643 0 22 0 310 0 1215 0 0 0 0 148 215 74 58 221 0 0 1616 1355 1507 0 139308 0 3 1398 101 0 383 564 0 0 4451 195 91 0 1140 0 20821 0 282 0 403 0 9247 28 6 1244 0 0 4321 0 68 14 12 0 0 0 0 52 0 0 0 0 0 0 0 0 0 219 41 802 0 0 3146 11086 1455 0 0 95 0 558 0 0 0 0 48 0 0 0 0 0 4602 3161 0 1414 0 0 90133 0 533 0 78 0 12583 0 5931 0 162 0 281 34 0 0 105 0 560 0 0 0 283 0 185 432 3924
 396 0 139308 0 0 20168 0 986 557 0 3146 16044 494 0 0 0 496 425 0 915 664 6047 98 156 9571 0 4 6 0 0 0 828 0 0 3438 0 335 271 0 7761 22895 2 33 0 0 0 555 2447 0 0 52 24 1379 3235 0 3865 0 436 0 4 2814 12 0 0 0 29 0 0 0 0 0 0 0 15 406 14 26 0 264 0 13158 0 0 0 7 0 0 0 427 2419 0 0 193 154 0 0 0 0 8462 0 3 17459 0 0 0 1904 3422 692 0 0 0 0 78 0 8766 0 12423 150 408 0 0 0 0 0 28163 1 0 0 0 0 0 0 3099 423 0 0 16 0 0 22022 150 0 0 0 0 0 0 0 82 509
 0 4190 0 0 0 0 19 0 0 600 0 4224 0 0 5 0 1873 0 405 0 424 0 0 3290 0 0 0 0 116017 0 0 584 0 0 0 103 508 1748 0 0 167 0 0 76 1001 0 44231 59 139 0 913 454 0 0 0 1180 238 234 178 0 0 2327 0 0 0 0 0 119 262 290 466 0 273 0 717 0 494 302 0 2367 0 0 3978 692 0 0 6040 50 347 0 0 0 0 676 0 1258 6095 323 943 126 1 445 0 0 841 538 0 1 395 0 3148 9379 4370 152 0 50 0 2 1195 916 0 0 55 2 0 96 926 6 0 2105 243 3821 0 0 0 4020 58 195 0 6047 10133 81 0 0 162 187 0 0 27 0
 0 0 224 6 776 0 0 0 1537 0 4 0 0 15 0 0 3728 0 0 3864 0 625 0 0 0 0 0 0 50 860 0 0 3456 0 0 0 596 217606 0 0 0 0 333 0 77 0 0 3297 53625 0 6 87 0 0 4358 72 2508 0 0 0 0 52 2060 850 0 0 0 0 5779 0 572 0 0 338 0 0 0 98 0 0 238 0 775 0 12256 136 28 77 0 0 0 0 1958 0 8 0 530 0 0 2652 135651 61 0 33 0 0 0 7362 451 0 0 267 111 0 0 0 0 0 8 403 0 118 0 0 3702 0 0 62646 0 83 0 1343 8951 844 0 0 0 136265 0 0 339 0 0 0 0 180 0 28189 0 1871
 0 47 3253 3 0 1873 0 4626 0 2532 0 1441 101 0 33 0 0 341 0 2065 2313 50971 255 9334 235 0 0 3773 0 71 0 7490 0 703 1222 0 19 7141 616 596 0 92 0 29223 0 0 0 0 109368 0 271 5492 10584 0 0 0 0 0 344 751 31 0 341 390 6339 137318 108 0 0 0 0 3286 0 0 130 678 0 0 0 0 10 0 29 0 0 0 138964 25939 0 0 0 0 1363 4 32 0 3629 0 8463 0 2118 0 0 0 0 0 0 0 0 81801 0 0 0 0 0 0 81 0 0 27059 0 16938 0 698 12085 0 0 1816 0 6348 0 493 300 5485 31 0 0 219 0 0 514 0 0 0 1414 4879 29888 217704 3235 164
 0 1974 0 0 160 53 0 1055 567 22600 51 0 0 0 0 0 0 0 548 0 686 5681 0 1055 0 0 0 0 258 5681 0 0 2220 0 0 69 2566 0 282 0 498 0 0 0 1 0 0 4591 1223 707 390 0 0 0 439 0 2 0 0 2244 2040 0 0 246 0 1157 0 74 0 0 170 4803 15757 0 21795 0 0 0 0 0 1281 0 0 3025 511 0 86 2866 0 193 131 0 0 0 0 1434 0 0 0 362 13786 276 0 0 0 265 0 112 225 2667 270 0 0 740 563 864 0 0 0 0 0 0 0 0 0 32 0 9132 0 0 1600 0 2220 0 21 116 31 535 0 0 341 0 0 129 0 0 0 0 0 2482
 0 32051 0 0 0 0 281 3066 0 0 174 33678 688 130 0 46 0 0 2 17547 0 0 9581 0 307 270 668 1718 800 0 0 1645 130 48678 578 69 0 30 0 3665 0 852 0 267 0 274 124 816 50 0 0 0 137 0 22112 107 0 0 80 714 16056 0 0 672 3 0 0 0 0 0 205 0 7491 0 24 0 0 0 0 0 245 1361 0 2 1854 0 26 299 0 0 587 0 0 0 3235 2 0 35 20088 1214 2236 39 0 3771 1422 0 0 0 0 0 0 2926 0 93 2956 0 0 0 2883 0 114 0 1164 0 56 0 0 39 0 395 0 0 51 149 0 0 243 0 0 0 292 29 0 0 0 74 0 53 0 0
 1259 0 0 0 0 139 208 0 0 0 2983 0 27106 862 0 0 0 0 0 449 30167 307 1890 0 735 0 0 22 0 0 0 0 0 0 2000 0 380 4 167 277 1442 0 0 0 0 0 5069 0 0 0 0 159 0 0 0 349 0 0 0 0 384 2167 0 0 22 2 136265 75 5 0 0 5669 0 475 127 823 0 0 0 589 3272 765 23 0 0 9125 47 3018 2470 18 0 0 154 77 9303 86 0 0 0 0 0 10320 140 0 0 0 3105 0 0 0 0 7363 144 287 491 0 1328 0 0 3 0 0 0 0 26146 1773 0 1661 6176 2670 0 0 441 0 15775 23 0 0 1398 0 0 0 0 0 0 10 5358 0 0 14
 0 0 0 0 136 0 0 3570 0 0 0 0 4 0 1598 0 0 0 0 0 0 0 40 0 0 0 5467 0 17459 85 0 0 15 0 0 0 0 167 0 0 0 2620 0 0 0 0 0 0 33197 241 0 3289 115 7 425 139 0 441 542 108 96 6 0 1965 257 0 226 0 0 0 0 0 0 96 0 0 0 0 291 46 0 189490 931 0 0 8 1278 0 0 0 0 0 505 0 0 46 0 0 78 20 359 0 53 0 1210 417 95 26 68 118 0 0 0 0 0 0 0 0 0 0 3762 0 0 423 0 108 0 0 13852 235 2327 0 3056 9 0 934 11 1229 33101 303 0 0 0 4 4440 528 0 0 2 254
 0 0 0 608 165 148 49 20 1166 0 712 36 58 106 0 62848 66 0 245 509 97 50 0 549 0 117 16127 0 0 3201 0 0 139 0 137761 215239 0 249 0 0 0 0 2 13234 1249 361 6 7105 0 269 269 0 1736 20108 403 0 132 0 0 0 0 537 5186 0 0 0 0 38 0 0 427 0 0 147 1396 170 0 0 2609 0 0 262 19 600 0 2489 0 0 0 1416 53 278 0 0 3081 7336 0 2 33629 0 0 0 0 0 10 0 0 0 493 0 0 0 0 0 0 117 0 0 104 0 0 0 0 363 0 0 0 0 0 0 1910 0 2518 127 0 3297 549 9927 2 53 0 16 0 0 62848 0 0 0 3808 0
 1436 1616 0 51 0 2058 0 576 2885 0 0 0 690 8331 4280 410 153 7368 52 551 490 1449 0 0 500 0 262 74 0 0 984 0 216 256 25910 2158 1 551 477 0 267 0 134 0 0 0 0 0 3696 0 0 320 27963 0 89 0 5727 0 102 5 0 0 58 378 2483 0 1536 0 76 5109 18 979 0 2760 0 1724 77 5994 0 0 61 34 7730 28609 0 0 636 0 717 5212 0 0 0 22033 0 0 0 3404 1497 0 231 1796 949 0 0 0 100247 0 48002 0 63 4 1302 1 0 0 0 0 0 0 0 40 0 65353 0 2605 1812 0 0 0 712 246 0 217699 0 0 231 1414 0 0 245 31122 390 0 0 0 0 44392 0 0
 0 126 0 317 0 112 0 0 224 0 117 2934 407 0 0 49 6176 3450 777 1550 6 1411 0 550 63 0 1892 0 0 0 33833 16193 7633 0 0 139 575 169 0 405 1707 12683 0 0 742 62 0 0 0 0 960 176 304 2639 0 149 113 0 0 332 0 0 46 468 499 4 2508 0 0 0 6960 977 7430 275 0 5714 0 0 93 0 0 14 0 0 594 0 33 1055 788 0 0 87 0 0 0 3999 0 1717 1851 526 0 67 0 0 0 20448 0 0 0 0 894 540 626 171 202 0 53 0 0 0 0 78 800 20471 0 0 3 0 19 19 0 0 535 595 0 0 136 0 10703 0 0 0 0 125 5975 214 0 16577 0 0
 0 432 271 0 0 0 0 567 0 15 2022 0 0 0 0 0 121 3683 0 0 0 455 3444 702 284 28 660 0 0 0 173 2853 0 751 0 0 0 0 0 25562 0 0 21 523 17323 50 116 0 0 0 4155 0 0 0 666 0 914 461 0 4 0 0 1701 0 0 1142 2544 0 0 0 0 0 7746 0 0 10496 0 0 107 2113 0 30751 0 0 0 383 0 254 0 46 0 0 0 832 0 0 847 0 0 1 10 17 1520 0 0 0 80503 715 841 0 0 1256 4962 0 0 0 540 818 0 0 63 27 0 0 170 712 0 449 0 0 0 0 0 168 0 504 0 0 159 0 83 0 813 0 0 0 7786 0 0 0
 5767 0 51184 246 264 0 0 0 43 0 0 9 0 28 0 17 0 5827 3783 285 0 0 57 0 508 202 36 301 3490 1778 2636 0 329 0 419 0 0 0 573 0 0 0 0 67 0 0 0 0 0 0 0 0 0 0 1458 231 200 0 0 157 3036 2133 0 0 445 0 0 269 0 0 204 301 0 0 0 0 0 0 0 0 2858 0 1759 0 3280 793 0 0 262 0 0 181 25 0 0 0 27 0 0 0 0 3989 0 0 1756 0 0 728 0 0 0 0 9893 651 174 0 69 0 10 15 2355 0 0 62 0 0 0 0 36 0 1 0 33 0 0 0 9 0 0 0 110 181 1279 0 0 0 0 1937 0 0
 0 4056 0 0 0 20 0 0 1960 0 0 0 0 385 0 16 3746 2 0 449 145 3460 901 4 2827 0 0 0 0 17 0 0 0 181 0 0 1023 0 270 0 0 0 0 0 0 30170 0 0 0 0 0 0 4334 79 117 148 51239 0 0 15 0 167 477 0 0 5 23 1022 31158 0 0 200 1120 0 291 0 0 0 0 638 445 0 0 913 0 321 673 0 421 45 748 578 0 0 0 0 4818 28256 0 0 4086 0 0 960 79 0 0 1801 188394 0 1438 899 273 3175 0 35 1545 0 330 0 548 1391 0 0 0 386 0 0 0 213 0 0 10989 0 222 347 76 27106 0 491 0 0 393 215 0 0 0 0 6 0
 77 1904 126 81 0 4689 3245 0 1530 5156 0 129 110 90108 186 0 62 0 10 0 0 646 106 76 12396 135550 0 0 0 2 0 13 0 821 117 0 0 0 0 0 8 3842 0 1 0 1212 0 20841 0 0 0 43825 85 0 0 0 0 5 1646 0 362 0 0 16653 325 0 0 0 0 0 0 9027 0 13 20 57 0 0 0 0 20350 0 1616 0 0 0 1006 151 0 8595 1414 1705 0 0 184 18 1042 284 0 4564 13880 0 3212 0 0 0 0 98 0 0 179 116 0 734 0 3242 0 0 0 0 0 0 383 0 0 2554 7254 0 1231 0 51 0 636 0 38031 4136 6330 0 0 0 5176 0 456 0 0 0 0 1484 0 0
 0 0 0 0 0 0 0 0 0 0 0 8967 395 0 0 0 0 0 69 1383 0 0 0 0 0 47 188 537 0 0 3265 0 0 0 1889 0 0 0 5542 12446 1612 0 0 2 4361 0 29 4 0 0 6 0 0 86 2808 6117 0 796 42 0 0 416 0 0 0 0 1779 0 913 3105 1181 3505 0 0 171 980 1625 0 93 0 27106 0 0 12719 0 0 669 0 0 0 0 1859 9559 0 513 0 0 0 0 0 0 244 3661 0 0 41 45 0 0 1437 0 0 25 128 0 63 48 0 7269 363 780 0 405 0 106 4799 669 0 0 0 0 0 21 0 0 0 0 0 71 1370 715 1310 0 188 0 0 0 0 0 103
 2523 0 5816 0 692 6497 0 0 0 12956 47 0 31 0 51 0 0 0 588 0 0 219918 0 0 9 175 0 2231 0 4940 0 0 252 0 0 15764 0 893 150 15653 0 572 2049 0 0 102 102 0 0 3510 0 0 0 0 608 2864 1055 0 0 0 0 1622 0 3403 33725 0 0 0 0 0 0 1678 3376 0 0 0 0 0 31 0 291 171 28 22033 1724 690 385 0 0 0 0 0 0 0 0 0 0 3411 9 0 0 182 1145 407 78 824 78 343 0 326 0 0 0 0 0 0 0 3497 0 0 0 0 0 0 8 2073 52 0 0 0 0 20 0 288 132 1384 0 0 0 75 0 3445 222 0 0 192 535 0 679 283
 347 1534 0 0 0 52 0 0 56 0 0 2727 0 549 159 0 0 0 0 0 0 0 0 0 0 5 351 0 0 0 0 0 20821 571 8532 0 96 502 0 962 0 692 0 104 0 0 860 0 0 2507 0 293 0 0 0 0 3964 8574 426 0 0 2306 0 7947 246 1563 320 29 0 545 0 26701 92 47 0 385 125 4812 0 0 152 0 7882 0 3235 0 0 0 0 451 233 0 0 0 0 20692 300 0 0 56 0 0 1002 23474 0 65 0 0 0 0 0 0 29 300 39 150 0 0 0 0 1663 0 3886 0 0 0 0 3116 28 2116 0 783 585 0 281 0 3914 4254 0 19049 708 75 165 0 1199 0 70 5505 0 22
 0 0 86 0 350 22 0 0 9405 673 28756 424 0 0 3337 0 0 0 0 0 0 90133 452 846 0 0 2080 0 0 0 0 0 0 1826 1538 0 0 52 25 0 0 27 0 1 0 0 53 0 0 45 0 0 956 3437 22555 0 571 148 0 907 0 0 27 0 588 136 1580 232 0 69 96 4854 30852 7761 96 71 0 1937 2037 137 0 0 4123 0 4 0 0 0 0 0 0 8317 0 0 1085 25 1416 0 0 0 25 0 0 0 8494 0 0 113 0 0 0 0 0 0 0 0 0 0 0 2620 0 54 5674 272 30150 0 48 0 0 520 13727 0 0 4978 0 857 21864 0 0 89683 166 0 0 0 0 160 48 0 18 0
 0 19 0 0 356 6372 150 11059 0 453 0 316 8 173 2778 4 0 0 1309 847 5 13950 0 0 0 1311 847 0 0 0 0 441 1046 0 0 0 403 0 0 0 385 0 424 0 0 0 0 1231 338 0 477 0 0 117 0 0 1032 0 0 0 720 3694 6790 249 359 4012 0 0 168 0 0 32636 0 0 0 0 138 0 89 0 0 0 16 0 0 1074 0 340 6581 8991 0 0 156 537 112 0 1586 21 0 3431 0 0 53 0 0 4 43 0 869 0 4632 6 1935 429 4151 100280 0 370 30168 349 5 0 0 0 0 1478 0 0 0 0 13786 249 238 0 0 0 263 0 727 486 0 3410 0 0 5 0 11178 0 0 74
 0 4190 0 0 0 6672 462 0 210 0 579 0 0 222 0 27 0 0 0 10 28 0 53 112341 0 0 665 101 560 516 0 2636 0 2964 52 0 0 0 0 0 283 755 0 0 0 0 0 890 0 1910 0 2004 1 0 358 0 3 0 0 281 0 273 504 355 26877 0 0 7358 321 118 0 1269 0 0 19 516 0 0 665 92 0 0 0 129 1065 10757 0 9754 0 0 1549 3 1920 0 0 169 0 0 0 0 0 8866 0 0 0 20 0 0 0 0 0 7569 2137 300 0 0 0 0 0 0 0 0 0 8 154 639 80500 2190 7342 663 54 0 244 0 0 0 0 0 40 185 15764 20 0 0 0 0 0 0 9 50
 19709 0 27 477 17 0 116 10 0 0 7363 326 0 3063 1253 0 0 1395 133 0 0 0 0 0 0 0 0 145 532 0 0 0 0 0 236 0 0 519 64 0 0 1214 6687 41 271 0 371 641 0 1503 3837 1532 0 0 0 0 0 151 85 0 333 0 0 0 0 0 599 89789 0 472 894 0 0 0 0 0 0 106 3368 42 1365 0 3401 1152 641 2662 71 715 0 0 157 0 0 0 1818 3910 0 3191 0 396 0 0 0 0 3368 33 0 615 0 0 841 0 130 0 1519 0 0 0 0 130 550 0 0 726 20452 3096 0 0 0 0 145 0 71 0 0 0 2392 0 2857 0 0 667 329 0 64 0 165 0 0 0
 242 0 0 0 234 0 0 0 0 0 5066 0 0 0 1494 0 107 0 668 666 0 265 0 0 0 0 0 0 16 0 11 0 0 0 41 0 0 96 56 0 0 122 0 0 0 1433 15987 184 0 0 22891 0 0 0 0 1204 0 0 3238 205 737 1020 349 231 0 0 0 0 0 0 0 5801 112 424 28 0 3969 0 67 0 480 0 0 1026 400 192 8 0 1563 22555 31 0 34 493 0 1077 722 56 2839 406 15 355 0 0 0 7874 11 70 24 0 6287 116 43951 1258 140 0 0 0 16706 0 0 9 7490 660 0 0 0 0 0 0 0 7 0 1640 136 0 10803 0 74 75 0 2644 187 0 185 351 4049 0 4119 0
 150 685 0 0 0 0 0 0 1193 330 14 8 0 0 17120 401 5752 0 0 0 0 605 0 0 3418 16 0 0 584 4890 360 415 8441 6024 5652 2257 0 1068 0 1755 7 0 0 0 0 23 0 430 0 0 0 311 0 70 304 0 0 656 4033 90 0 0 0 30920 165 0 0 0 0 62 50210 0 145 0 5555 0 0 0 0 275 0 7 1229 0 0 52 27 0 0 0 0 271 5557 89 0 8762 0 0 0 1300 2375 8463 130 10827 184 0 3510 0 2661 346 494 196 0 422 2319 0 22026 61 1 355 357 139 0 0 8787 0 563 0 0 0 92 2 77 0 0 27 8463 0 0 0 0 5020 0 13 0 0 116 0 0 0
 0 0 0 0 17 2 0 5707 0 563 21264 308 67 0 0 0 4626 0 3510 4862 0 0 0 0 8 354 0 0 0 258 792 1277 0 2858 0 7166 419 0 2346 738 0 291 0 6401 0 0 0 0 0 0 490 0 84 0 0 0 1077 11130 7 5633 0 0 4809 0 0 25 0 0 0 0 0 3901 0 75 0 0 2517 164 0 0 0 0 2571 1579 0 0 3145 149 0 0 0 0 1512 1279 0 1869 0 99462 27106 3319 262 0 0 34 526 0 0 0 0 0 3130 1678 949 1208 0 0 285 0 2918 0 0 0 0 0 0 107 1180 0 0 0 0 51 0 708 1 0 410 0 0 66 0 0 6060 4602 1975 81 0 0 0 22338
 613 0 426 0 427 0 0 0 0 141 22 0 1515 3 0 0 31 0 0 1 164 0 136 7567 0 3846 664 251 5 715 133 0 0 0 43 181 0 0 0 84 0 0 3116 41 0 0 0 0 0 0 0 0 0 3116 0 139 0 39 0 0 1137 0 640 0 0 16 807 4038 34 0 0 0 83 0 18 0 0 0 0 0 0 0 0 0 196 103 147 0 37891 2313 0 0 2444 0 186 407 833 83 0 38 0 0 0 2313 0 0 2 0 0 0 433 0 18277 265 101 0 0 0 0 0 0 0 0 801 0 4 0 32 4207 0 0 0 166 0 0 0 0 0 0 5290 1 1191 6081 29744 4125 0 0 0 531 78
 2 15 603 0 0 0 31 0 0 0 1452 0 583 2082 546 1103 0 0 142 0 0 890 1334 0 99 0 0 0 0 22555 0 3079 0 2433 0 0 233 0 198 0 446 99 0 0 0 0 39 0 0 0 0 692 129 0 1021 0 166 101 30741 24 2830 0 5147 1171 715 0 0 0 0 8 0 0 0 5669 0 0 660 355 0 0 0 0 0 202 0 0 148 0 111 0 82 1006 192 177 13977 4802 0 0 181 26 0 12003 3419 61 0 9 0 0 0 0 0 0 0 0 0 130869 312 0 5 0 0 0 4066 0 0 0 0 15 51239 1867 0 5119 0 3773 0 0 0 632 0 5260 0 0 460 256 0 0 0 0 0 0
 453 0 150 130 116 458 80 850 234 0 0 0 10 28 348 0 24 0 514 5474 0 0 0 0 0 0 75 0 240 0 3363 0 6057 299 310 0 0 270 158 375 0 0 0 1973 62 18765 596 36 0 0 0 3296 0 130 0 0 0 16 852 0 0 0 0 0 0 0 0 15899 0 0 3298 0 0 0 0 0 821 795 596 20 0 0 0 0 0 0 262 0 0 22895 0 0 0 2670 0 456 0 0 0 0 0 335 3238 1258 391 0 0 28 7 0 0 32289 280 0 271 0 0 2032 1411 11 84 16056 25086 0 0 3406 0 50 433 22 0 278 0 333 136 0 0 0 0 0 1391 52 96 0 106 0 1502 8866 0 0
 0 85 17 62 715 0 270 5258 0 0 241 0 0 0 6057 0 0 0 3460 0 356 0 0 6968 0 25994 86 0 0 480 0 0 0 0 4978 0 1886 0 0 15 0 17098 81 216 9027 2026 0 0 452 0 0 4353 865 395 0 16 2322 0 1580 2913 0 0 0 0 0 0 641 0 5352 0 0 0 32 0 871 728 2508 483 0 0 0 1142 0 0 534 0 1659 0 11851 6095 1189 0 0 0 51 0 2772 245 7295 5791 0 53 0 0 667 0 5655 1936 0 173 8 0 0 25 433 0 0 0 0 1388 25 0 149 0 764 4321 0 291 0 208 1315 429 2913 0 2 0 0 0 1632 0 962 6 2696 0 3277 70 0 0 410 3773
 0 0 51 1579 0 0 329 0 3952 1844 23474 0 0 0 393 4 214 5 5358 916 106 11130 0 326 0 0 1142 22220 0 0 1980 6 0 4058 9406 531 0 0 1329 0 4566 0 0 2967 4 0 81 1805 529 0 0 132 0 41 4890 0 185 0 4559 0 0 0 1899 7336 143 0 90133 204 0 0 280 0 0 2294 51239 90 779 99 0 592 7518 0 0 0 0 0 15 0 0 0 0 0 0 0 405 0 0 0 525 0 0 115 222 0 1952 0 0 0 0 27 0 8566 0 0 9581 571 208 0 0 0 0 4591 0 0 0 200 0 0 169 0 408 0 0 4004 0 53 0 0 0 158 0 0 0 0 1565 0 51 0 472 578
 0 2306 0 0 0 0 0 0 0 0 0 21 58 0 0 0 23 5739 18516 79 3929 0 740 0 52106 1503 6501 239 0 0 0 36 880 0 747 5549 0 5 0 0 0 0 0 88 0 0 232 3855 0 4594 0 0 0 0 0 420 0 393 4262 0 100 49 3907 0 3522 0 0 0 0 5240 0 203 0 0 6057 144 0 82 0 827 128 0 6500 5004 0 393 0 0 1259 8951 5069 35 0 0 4187 0 8595 5 1904 883 0 780 0 0 0 0 195 6 241 0 0 0 0 0 0 687 638 0 92 6402 0 0 3258 88 325 0 0 0 2508 375 0 0 0 0 0 0 0 2918 1736 0 0 0 39 0 0 226 0 3773 2022 0
 792 0 0 0 0 0 0 27 0 0 307 2572 3238 0 3456 0 0 0 0 0 0 0 275 325 0 0 0 9 425 80 13159 0 1260 0 122 906 0 18 0 36 603 0 3 36 0 0 302 0 18 10789 0 8312 0 445 45620 0 0 0 494 6057 79 3378 2123 0 0 2910 17 0 2337 0 1043 0 0 0 18798 20 0 0 60 0 0 0 1 8405 73 0 564 0 9151 0 0 420 45 0 0 0 0 0 157 0 0 0 0 0 0 33 0 0 198 17 1176 0 429 623 0 47 0 0 29 0 1616 0 44 69 0 5485 52 853 0 86 0 20471 0 0 44322 0 0 0 7882 31848 0 876 39 0 0 0 12423 0 0 0
 0 535 104 160 0 0 20 0 0 0 0 0 0 0 0 0 2636 0 0 0 16 146 0 506 352 802 0 1012 1 0 0 0 0 0 0 0 0 0 0 0 410 794 639 0 15 0 0 674 41 92 23982 0 0 0 0 0 3422 0 1452 10627 4182 127 56 2467 0 78 1951 0 41 0 280 0 0 0 0 8664 133 0 1222 0 656 3289 0 74 9060 0 94 165 90133 0 0 6417 1076 31688 0 6761 15924 163 0 507 182 1401 342 106 0 0 1276 0 25 0 0 0 0 13977 26896 33833 91 132 156 0 0 0 0 0 435 0 0 0 332 7035 0 0 0 43 169 0 0 0 81 0 0 7140 169 0 0 1523 329 0 2544 108
 79922 14 0 0 4776 6357 0 344 16521 864 95 0 2060 365 717 0 0 0 0 0 0 0 0 0 0 115 0 0 0 0 0 0 236 0 0 0 0 0 69 4 266 0 292 0 0 118 0 0 844 11676 270 0 0 0 775 154 4933 3235 692 0 342 0 0 48705 25595 0 0 89 584 2931 309 0 0 630 0 931 16 216 0 0 0 0 0 0 0 0 395 934 3680 551 0 0 0 0 0 0 0 0 0 0 8312 156 16178 869 0 1280 0 0 0 0 3689 0 0 1284 0 70 104 5637 4 0 0 198 5778 491 0 459 0 0 165 50316 0 83 0 0 0 0 738 8866 0 0 6 227 0 0 0 0 438 930 788 4358
 0 0 22895 0 149 2716 565 0 0 0 269 3205 0 33835 124 3116 0 22 0 98 623 76 0 0 0 303 2645 57 0 0 22 15735 427 0 516 0 65 28 0 6478 0 1647 0 477 10892 384 34 0 162 0 0 0 0 886 0 0 309 1422 6057 0 0 324 0 71 35 0 5043 298 0 805 0 53 2974 3068 101691 0 30701 289 0 3343 262 0 0 0 5886 0 0 261 331 21261 10 0 1578 158 0 0 882 0 0 0 340 0 55 0 460 0 0 87 0 13710 0 352 270 3744 35 478 0 0 322 27004 413 0 0 0 4 0 7028 71 60 63 0 8 0 487 1871 0 4863 798 0 0 0 295 0 0 566 32 0 5 0 88
 34 122 274 3049 3360 2947 16 0 0 13 0 0 0 1750 153 226 27018 0 0 135 1769 0 1285 0 2380 8595 993 5899 697 0 205 2241 0 3762 0 0 521 537 321 15 0 11 0 0 12423 0 707 4350 0 241 0 0 1433 210 0 51 0 0 0 2711 1500 0 0 0 0 0 2249 0 0 0 3 129 207 0 0 58 62 0 0 166 0 0 195 12 0 0 179 0 0 0 130 1579 44274 440 138 0 0 5190 19927 0 359 1787 47 0 81 685 0 45 0 88 0 0 12102 0 0 31 5 0 0 0 0 7806 0 1998 0 0 0 0 0 0 159 0 10618 31 1 1055 139308 0 0 1008 0 1 177 1818 0 0 0 0 0 4873
 0 0 0 1593 0 0 0 1068 0 0 0 1243 41 278 97 0 30560 39 0 241 0 0 39 0 0 47 0 0 1220 0 0 10 0 0 0 0 348 52 6 0 14 1541 3063 406 19 63 6095 0 0 0 0 72 0 0 0 0 0 0 0 139308 0 137874 100110 0 0 0 0 0 20547 0 4352 1391 723 0 0 15 0 0 2 0 0 0 0 0 0 0 0 167 0 384 365 0 0 322 36 1937 2523 0 0 861 0 0 0 57 0 22 0 0 4224 0 0 0 0 0 0 0 1926 65658 11130 0 0 119 0 51 0 0 0 63 0 0 0 0 0 3290 6303 0 2124 0 0 5835 1229 0 1331 636 642 115 0 0 51214 0
 763 0 677 4844 0 226 0 12495 0 147 0 0 1077 908 1753 0 2277 0 246 0 0 0 0 0 0 75 1309 84 171 0 355 58 1047 1828 0 1480 0 201 0 175 261 0 0 0 1910 3 20 14 638 100 0 550 4512 0 2639 0 0 0 0 51 0 0 0 4 404 6057 979 1338 7 32 0 0 0 0 183 24598 0 0 0 4150 6680 0 510 564 0 0 115 0 415 0 21 0 7 0 39 0 3 0 0 0 0 0 18 0 0 21680 0 0 550 0 11 0 0 27 0 0 0 603 0 0 142 45 5104 81113 410 250 0 410 0 0 0 0 1115 0 8469 217703 0 359 1399 87 931 0 12 0 0 0 2964 253 0 0
 623 0 0 0 0 1791 5258 0 11969 86 0 214 2019 0 198 3191 818 0 0 0 1808 0 158 5258 0 4305 175 0 108 147 237 176 2566 0 20125 0 0 0 0 0 8445 1616 33 6680 0 29 0 0 0 0 0 0 0 1636 18577 10937 0 0 0 16 0 262 218 1303 0 3036 423 0 0 0 29096 15966 0 0 511 0 272 0 0 15 0 0 139308 0 0 315 0 0 2204 0 80503 0 828 582 0 573 136 475 96 0 0 2816 33815 0 7167 5522 320 891 21888 0 0 176 0 4435 0 65 0 0 259 0 0 0 6 0 0 5671 2610 0 0 0 0 1346 715 69 0 0 0 0 0 0 223 22 310 0 372 0 3 0 22 220610
 0 0 119 0 0 0 2570 0 0 0 1115 1076 16 601 0 0 0 0 831 0 561 0 1356 9581 0 0 0 0 0 1530 0 0 618 0 1873 0 3233 116 0 94 0 6919 0 1912 0 0 0 0 0 39 194 132 14 0 0 751 0 725 4023 0 0 16193 0 0 0 28 0 0 0 0 352 21257 6550 1771 0 0 22 745 678 178 154 0 329 0 0 0 670 0 0 0 0 1530 13786 313 0 7 578 0 69 0 0 202 8 139 147 493 0 169 0 760 3 0 226 0 0 0 0 0 16211 0 187 0 338 423 6680 308 0 869 0 0 0 0 0 0 0 0 5058 21 509 0 0 22555 879 3144 548 0 309 186 0 0
 0 0 30 0 0 0 0 427 8442 553 0 0 603 9031 2786 0 0 0 949 623 0 13120 0 0 0 1465 257 0 0 0 2807 0 0 567 1205 0 48957 0 3146 0 0 2947 0 0 0 6 87 166 0 0 6 4444 0 2429 0 0 0 206 0 173 0 0 242 0 0 2 0 725 29 0 0 0 3057 0 108 2612 0 396 0 180 0 0 0 0 0 0 229 0 879 0 0 0 1328 5237 160 0 356 0 41 3360 0 84 0 0 0 0 0 1600 0 0 362 2049 1549 355 0 485 0 0 2190 0 5259 4 0 0 1612 29 29 0 0 0 0 0 0 3230 765 0 0 791 21 6 0 3232 0 562 0 562 430 160 2540 0
 0 13028 0 0 0 0 613 0 0 0 0 954 0 0 166 0 0 0 0 6948 0 0 407 1 31 0 0 0 108 883 0 0 301 139308 52 100086 2327 189604 0 125 80503 0 960 0 762 66 0 0 2421 0 57 245 284 19780 0 0 0 12887 0 0 0 0 0 0 0 69 0 0 0 807 0 365 0 0 349 1232 1195 0 25977 80 13 0 0 0 1454 35 1834 10168 0 2 1579 0 0 0 0 869 300 240 65658 25 171 14070 0 486 0 8236 0 4 90 2784 263 0 0 0 0 556 131 0 0 0 0 0 58 0 6 0 133 0 0 0 4 0 246 0 0 961 187 0 53625 1220 7 0 0 0 4194 0 148 578 0 0
 245 2609 0 9448 87 0 0 0 0 0 0 4023 1622 0 139 0 0 715 0 0 0 295 0 717 947 0 638 0 2520 52 123 179 0 113 0 0 0 2287 0 0 0 0 2282 22 0 468 0 0 0 1787 0 270 0 362 782 0 0 17411 0 0 0 0 1094 0 0 0 1543 0 0 0 0 0 1482 9571 0 0 0 112 224 0 1199 0 0 680 4283 0 0 0 0 0 1195 0 0 220 0 374 62 0 0 0 0 9526 12616 0 313 0 0 0 0 50351 0 139302 5 100 0 20294 0 0 193 0 42 107 0 441 0 0 52 0 816 0 22302 149 0 0 83 0 0 229 0 0 55 138 0 6716 50346 0 336 0 78 0
 1762 0 6536 29 0 0 0 562 638 7940 0 9247 0 0 0 1 0 1255 2313 181 0 0 0 0 0 0 0 0 878 26131 2105 80 0 101691 382 0 5157 10819 2060 175 0 32 0 5389 5348 0 1588 0 0 9580 0 0 0 0 0 9381 0 3256 974 115047 453 0 5904 2386 193 0 0 6047 0 35 0 6117 12 0 0 0 0 10 0 4223 3838 4211 0 5726 5 0 0 98 0 1937 6 0 0 0 0 770 0 0 0 5 0 0 1818 0 0 0 0 524 0 25 0 0 898 52865 0 22 0 557 0 3343 3191 0 0 2396 0 0 483 6357 0 0 0 0 0 16713 30099 136 0 0 0 2809 0 0 0 0 0 0 1549 0 0 7882
 0 0 0 881 0 4 0 458 0 567 95 0 0 0 80916 576 0 385 2531 0 0 6 0 0 0 0 0 0 6117 1037 0 0 0 131 0 0 2402 99 60 0 119 0 22252 0 1090 1213 0 0 2815 0 0 0 158 2544 1214 3898 0 98 391 30 4006 0 340 1335 0 18761 0 0 385 126 8097 0 0 169 4217 0 0 273 12132 0 96 45 0 0 0 0 0 3348 2113 350 2670 0 0 142 0 0 96 109 0 394 0 0 205 645 0 660 14 5695 0 811 0 0 0 0 1724 0 0 0 0 926 0 0 0 0 451 62792 1230 1579 0 89 66 240 0 2123 0 0 0 5501 77 0 106 22237 0 43 3659 0 0 1775 0 0
 116038 1124 0 549 5477 2964 0 0 0 6 3974 0 66 0 0 2323 0 24 136 0 5 0 0 0 0 4088 26 34 187 4 4626 0 266 210 936 24 0 1257 728 0 56 0 0 0 0 237 0 0 258 148 614 0 0 152 426 0 0 1325 0 422 0 0 20 9 0 3116 0 0 85 1001 1250 0 0 1 1463 0 44231 0 463 2445 0 373 0 0 101 102 0 0 0 114 133 0 7761 0 0 2827 34214 0 0 0 384 0 0 155 537 0 75 418 0 1895 0 0 0 31 0 300 0 269 0 0 0 0 81 4347 249 1106 0 8 0 0 55 0 88 0 5 4527 0 4140 0 0 0 0 0 56 0 10369 7 5334 0 0
 0 1118 0 0 10 0 342 1724 88 0 0 88 1180 0 33 0 144 0 0 0 20 13327 0 148 77 4546 0 0 0 0 0 2 0 0 4241 0 0 3849 0 46 0 0 0 0 98 0 0 55 220 77 0 235 0 0 0 0 0 422 284 0 0 4801 2141 0 127 659 0 84 487 0 139308 177 24401 1103 0 0 0 72 0 0 0 0 0 1910 2684 0 4 321 2865 668 0 304 0 2471 0 0 0 0 0 4001 0 291 0 0 260 106 0 0 492 8254 0 39 62 0 1455 0 880 0 0 190 138 376 0 261 0 0 11 2313 1064 3741 562 0 0 0 1576 654 24073 0 0 1401 58 64 6666 4654 916 337 347 0 0 0
 3143 0 0 692 0 0 0 651 0 0 0 169 344 0 0 0 204 0 1396 0 0 0 0 0 0 0 0 0 0 1134 0 42 35 0 445 0 0 0 0 1365 0 51 847 0 0 289 198 0 0 0 0 0 0 39 6 0 0 65 0 0 289 328 0 28 7896 0 0 618 0 549 0 681 894 2554 0 0 53 114 0 438 20 0 0 0 0 65772 2462 0 1220 0 3753 0 213 365 449 153 6002 0 638 12465 4298 719 0 0 0 423 956 0 0 4086 523 0 5673 0 0 281 1926 555 157 0 0 0 3604 0 0 248 0 0 493 436 0 0 0 0 0 77 0 0 0 0 126 557 0 0 13 648 0 18 0 325
 8 0 0 0 26733 28189 0 102 0 0 0 0 0 0 0 64534 1029 0 821 0 2955 633 0 387 124 30 32 466 0 0 0 0 0 199 0 0 742 0 0 4 16623 0 565 551 88 9537 131 1077 0 0 4534 2 4 5306 14 0 7057 291 1822 0 0 0 145 0 30094 3723 0 10593 2068 1475 0 0 0 0 19 0 0 0 0 15963 0 0 0 53 48 3 0 0 2 0 274 412 46 0 0 3 43 0 0 0 0 4313 0 0 0 27 5358 101 0 359 0 0 0 0 0 0 0 0 1370 87 0 7 1497 0 16 269 3 0 91 0 474 0 0 0 0 51 175 0 0 19 0 1480 0 0 0 0 0 1355 0 28208
 0 0 0 0 0 2893 0 0 5016 0 0 0 0 0 0 24 0 0 1176 186 5069 0 979 531 0 40 0 115 717 215298 0 0 0 1472 16 0 0 0 2595 212 664 154 1417 0 0 13 0 0 0 104 0 0 0 17462 0 0 117 0 0 349 0 0 167 0 11143 2674 0 0 0 0 0 174 0 93 240 348 31133 696 0 604 895 0 0 590 95 1147 0 226 18346 0 0 0 0 522 341 0 0 0 0 46 0 1680 531 9630 355 0 214 66 1076 0 0 2858 0 0 0 587 0 6417 0 313 0 113 0 4004 0 0 0 0 0 0 0 0 0 24 2220 98 142 43 117 158 0 0 0 7368 434 0 0 215 1812 0
 0 146 0 0 11 407 1 4890 0 128 0 0 0 10588 6810 0 60 18 370 0 649 0 0 62 0 6043 3283 548 26 0 0 13 0 35 220610 0 0 622 0 0 0 0 115 0 0 3969 106 0 666 2447 32 4204 1530 0 0 284 0 857 7 0 5984 365 0 0 3800 4178 0 3 353 1 56 451 0 220 0 0 7690 1515 425 0 385 0 0 8 17 32 11 0 0 1238 0 5791 706 0 0 237 427 4121 0 4322 0 0 0 0 0 0 0 0 0 0 226 818 0 0 0 0 0 22073 379 10 0 1081 0 23287 578 1093 0 0 1910 0 2755 182 9308 1960 53 0 39 1780 0 132 0 0 0 0 0 0 11003 0 708 0
 77 0 194 0 0 680 0 0 211 1401 0 0 0 0 4 126 0 0 0 0 0 679 0 335 0 0 13 788 186 139163 70 5 1182 1543 3575 0 0 1411 0 0 0 0 0 0 6627 0 0 0 0 869 63 1093 0 0 0 0 109 0 262 107 0 42861 3460 0 1371 5955 1904 4579 0 0 427 3444 0 0 49 184 751 21 0 257 0 0 0 0 0 79 71 0 289 17 0 1787 0 1924 13801 101 0 19 0 0 0 222 1081 32 63 184 0 4596 0 0 263 9158 116 0 0 468 1046 10913 5585 43 0 0 0 0 20 0 0 1970 359 26 0 60 0 183 0 0 0 0 0 4323 0 0 624 0 0 84 0 0 20135 0
 0 0 0 3793 0 0 0 0 0 1493 10 0 0 254 108 0 2838 0 0 0 0 0 65108 5 0 0 0 1293 0 0 0 0 0 0 2286 0 0 0 0 0 0 0 0 0 131 10161 1115 0 160 0 1250 0 774 0 388 1924 983 12704 0 400 0 0 1610 1724 0 0 247 603 0 0 0 9145 0 0 47 51239 266 10 0 0 168 0 0 0 132 538 0 97596 0 766 246 317 1235 0 1549 56 1120 0 17 0 41 0 91 160 550 0 8463 776 0 0 0 540 0 1534 0 1336 156 50 33 0 0 0 0 2244 8311 20692 2537 250 0 0 409 22033 0 0 0 4 0 0 0 0 0 48 571 0 719 0 30170 3773 0 0
 0 0 0 72 8595 0 0 0 0 0 0 12 0 0 2022 0 2156 0 0 17 80 20 1507 1114 51 0 0 0 173 765 31 0 33710 0 0 0 931 0 712 2068 3816 0 0 0 0 6 33 156 0 0 0 21244 2918 450 0 332 4347 0 295 0 0 0 6070 6417 11362 0 47 4155 0 0 0 0 0 84 0 1973 0 62 0 0 0 0 50 0 0 346 0 208 10 146 0 169 463 0 0 11815 228 363 0 0 616 0 0 48734 111 0 0 137 0 3079 0 1195 0 0 702 859 0 87 0 0 498 0 16 0 0 45 0 0 353 393 445 90 0 0 92 0 3455 0 15 0 20285 0 0 2633 0 52 0 0 0 0
 3 0 0 109 0 202 6 0 5913 118 0 0 0 0 325 0 0 0 250 0 1 0 1030 979 1477 0 452 1 5440 0 283 0 0 723 626 577 1711 0 0 0 4868 224 222 9493 188 0 1616 209 0 0 4444 2561 20799 15 0 0 6391 0 1468 390 0 92 163 0 0 0 93 26 0 0 301 0 0 0 0 894 0 3504 0 0 50 0 0 0 0 5671 0 0 79717 220 0 0 0 0 22317 29 0 0 3932 0 0 0 0 0 0 39 297 1766 20614 0 210 0 351 365 641 13852 11 0 0 0 5833 32 0 240 0 173 373 0 47 742 7865 0 28 75 43 187 4444 0 404 405 0 0 1848 0 1398 78 22259 47 0 1278
 87820 21 0 0 73 4121 8924 136 4362 243 0 0 1873 158 0 0 0 0 3278 0 1855 528 463 0 0 0 0 0 382 17 46902 0 77 0 5 0 0 500 0 0 0 0 6 0 0 3360 0 0 0 0 0 39 200 1076 81171 0 0 3983 250 0 324 8 7776 0 0 0 0 141 1307 0 0 0 0 0 313 673 0 0 0 10196 0 0 0 1220 0 95 0 0 0 72 25950 0 537 0 205 1106 0 774 0 5 1167 288 15443 0 269 0 22 0 0 1115 3063 6 0 0 0 0 2282 154 0 0 0 8 0 0 318 0 0 1473 242 244 4331 987 0 0 11065 0 1199 7635 0 0 723 0 0 195 0 0 0 0 0 142
 19 0 0 360 0 0 0 394 0 1245 47 312 0 18940 0 5570 0 0 0 0 319 157 5510 1821 1373 3419 0 0 0 0 0 0 0 0 84 0 22259 5885 0 44 0 802 1788 1167 243 26 0 705 0 0 795 0 0 0 14 0 2113 0 3063 980 0 381 26 0 232 136265 1055 0 1676 261 1016 28 0 0 0 0 0 427 0 0 281 4115 0 0 125 0 2104 3 0 0 0 0 0 0 0 7002 0 0 189581 0 0 0 0 36 0 406 0 1782 0 0 0 0 0 0 0 1284 318 0 0 16713 300 22 0 31 0 5102 7 0 25 0 0 586 0 7430 1020 0 166 69 187 0 0 0 0 141 4366 0 0 136265 1613 69
 1304 4890 0 44392 1632 6389 0 0 0 290 0 0 614 142 261 412 0 6144 0 141 1320 69 0 3238 60938 0 0 0 0 2 0 0 295 5804 768 829 0 0 0 887 0 0 0 0 9754 0 0 1616 0 0 0 0 1303 0 465 0 0 1402 75 0 126 0 0 751 277 0 136 32289 565 0 0 0 0 4010 0 3322 8304 283 0 5918 520 268 0 0 0 0 984 3465 0 0 2365 0 0 557 0 0 1357 3 48952 4 0 3284 126 1907 143 0 0 22317 72 1284 0 0 27 0 0 0 608 4358 875 101658 18 0 0 0 26 0 9 387 5575 137757 0 0 0 4857 0 0 96 0 0 0 0 507 2 4641 0 0 65 0 1477 1042
 1311 1136 0 0 0 0 0 0 4569 949 20 0 0 1812 635 0 0 2015 333 163 10 0 65 217596 0 0 0 0 0 0 0 0 0 20 0 0 150 679 0 0 1305 0 0 0 0 0 0 3848 0 0 0 3143 0 79 0 0 203 0 0 0 0 0 541 437 0 2132 301 329 0 4729 0 88 159 0 11 0 502 2073 0 2282 22 1414 0 1303 2224 276 0 189 0 0 1980 0 0 174 2845 0 0 3344 31 0 5 269 0 436 0 1393 0 6665 0 0 0 0 0 377 0 8 0 0 0 0 338 0 304 153 7335 0 0 0 2078 0 581 0 0 0 0 2556 0 0 0 1103 5 0 94 1930 2945 81 417 475 795 0
 0 65 0 4 92 0 0 2351 34 329 2184 0 811 1257 6 0 68 3965 0 0 20155 0 0 59 0 1545 0 0 423 0 5 0 0 0 766 230 703 844 0 0 0 0 1787 11178 0 0 0 144 0 0 300 504 77 412 2 0 0 47 0 0 0 0 5 10892 0 60 13970 0 103 338 2019 0 0 5602 0 3384 250 335 0 37983 19 0 0 0 79 0 0 2120 0 0 0 0 0 0 441 0 85 0 0 0 3670 0 5754 36 126 0 0 0 0 0 0 0 284 26146 659 47 0 0 5835 25 248 6818 1448 0 0 0 0 202 3688 76 577 0 0 0 97 1863 4637 0 0 0 0 0 38 0 0 79 0 0 23 0
 2575 387 0 2803 27967 9 0 0 0 1401 7088 0 0 1153 0 1724 241 0 0 16 0 1739 740 0 1600 0 0 279 108 1416 0 130 36431 57 533 0 0 0 32 0 0 0 0 0 1369 332 0 0 0 253 2389 219 109 0 0 2379 0 0 4871 45 0 0 0 423 17 0 2217 2331 47 478 116 0 56 1823 0 2368 0 0 0 26 0 429 0 139274 209 217 0 0 2609 0 931 303 0 0 1140 116015 37 528 0 437 0 0 0 0 418 0 893 0 0 0 0 308 1863 1678 1328 0 0 2952 0 0 247 225 0 0 34 0 0 95 0 0 0 0 31 0 0 0 397 0 263 0 5212 0 0 0 118 0 4 0 316 0
 0 0 0 0 0 0 0 0 0 0 48957 0 0 0 0 301 0 0 43524 0 0 214553 0 77 1413 0 0 415 9421 0 0 0 102 642 320 7797 0 0 732 8271 0 13977 0 0 0 4004 108 0 249 223 0 263 0 4586 2020 437 0 3087 0 0 76 0 3306 412 0 0 0 250 77 894 0 0 0 15642 0 265 0 0 0 608 0 0 0 1322 13497 1276 0 0 2934 3 0 185 27 0 11178 7702 0 130 0 0 139 0 0 0 20 0 0 2491 11 0 149 475 0 0 0 0 0 0 0 0 38 0 0 504 0 0 0 1726 0 0 8390 0 54 17 90 3406 351 0 0 0 1008 192 0 0 484 270 0 36 301 7578
 4506 0 11 0 0 0 0 0 2143 6680 0 146 0 404 56 0 116 0 0 333 139 0 117 0 6 0 0 4348 0 0 74 0 0 0 0 0 280 8005 0 0 0 108 0 0 0 0 90 417 0 0 606 0 786 0 258 5462 0 0 250 541 2832 0 0 115 3762 44 0 421 0 0 0 310 0 133 116 0 681 0 33 2922 957 0 0 2406 103 2837 0 19997 0 1 1091 6801 0 1208 0 0 0 1307 2534 0 0 0 40 3450 3630 0 1767 0 0 0 468 0 0 0 0 0 9263 0 0 0 4 0 0 0 136 598 0 0 0 860 144 29 342 2508 0 0 4316 0 295 11825 0 0 5 0 1 9334 0 4060 101 550
 11982 0 3225 0 0 700 0 0 0 1314 600 0 0 8672 0 63 0 0 18 86 524 53625 0 0 0 300 9304 213 0 2809 16044 0 1018 0 0 0 20 0 0 0 0 0 579 0 0 163 0 0 4787 114 3189 276 1600 0 440 4602 7882 183 84 192 0 226 1651 86 0 0 4010 1124 1622 0 194 3344 60 0 0 1343 0 0 193 1535 3389 0 0 2220 76 0 0 0 678 0 0 256 0 572 1726 20 0 0 0 420 0 441 22895 3199 0 27106 0 0 78 33833 773 4779 0 0 2544 161 0 0 0 359 0 79296 154 0 146 0 456 0 0 0 5644 263 0 65 0 0 0 901 0 1256 0 243 0 0 0 3950 0 5237 103 0
 0 0 0 0 237 0 0 127 2411 187 0 0 0 0 0 0 0 0 0 8304 0 472 0 0 0 328 0 0 0 0 0 0 0 0 1276 0 0 0 139 668 2815 0 385 0 0 0 778 0 0 0 258 0 578 872 388 0 0 6062 0 182 0 135 0 479 452 0 0 0 0 0 931 0 1242 26 363 11178 56 0 62 0 0 0 834 1724 0 69 0 0 4 0 0 138 0 10559 0 0 0 320 0 1613 1987 0 0 20 0 0 2400 1622 0 0 380 0 9144 0 6530 0 5665 0 0 131 0 165 4624 0 13 0 6057 535 423 127 404 186 0 0 0 186 0 0 525 0 0 0 0 79 0 18 0 42 21 676
 207 514 10712 12423 1624 136234 0 441 0 0 66 19 1544 540 17986 0 0 0 0 0 2469 0 0 0 0 0 0 3379 0 519 0 635 47 736 0 0 0 52 22 0 900 0 0 9316 11 219 30531 61 0 0 1871 0 0 1033 144 355 0 0 0 0 959 0 0 0 0 0 5853 3191 0 3 0 1238 0 4394 0 0 147 0 16128 0 0 216 0 324 304 11189 1668 0 135 0 200 0 2963 0 7594 196 0 22312 0 0 0 442 30704 0 0 6030 1508 0 94 0 0 0 228 1263 0 90015 0 0 310 0 3101 0 0 0 52 0 0 3219 0 0 0 67 0 0 0 4350 608 0 453 0 0 413 3349 0 12479 1706 0 68 814 0
 82 103 63 0 0 0 22 0 0 61 0 2164 2356 403 28 32766 0 0 986 18765 0 0 0 0 417 0 27 22 0 5039 0 0 0 37 498 0 0 0 0 0 0 0 931 6 0 181 0 7757 0 0 0 423 3938 424 189614 0 83 136 0 0 0 1477 0 0 3145 0 0 112 0 7117 0 1 0 0 0 0 4 119 0 0 0 0 159 0 0 140 0 0 0 384 0 695 0 175 1408 5082 0 0 0 0 216584 1112 827 0 0 1140 0 0 322 0 2007 0 0 0 28841 0 108 1987 3098 4176 77 0 4127 807 1035 603 0 1252 0 0 0 187 0 8437 0 0 0 0 208 0 2008 0 135 3842 0 0 0 0 0 6
 1987 300 110 0 142 0 0 0 0 0 0 0 52 1273 0 0 2006 152 0 3 242 187 0 4890 0 19 3067 407 0 0 1954 126 0 0 0 168 0 0 1229 0 70 0 0 9581 2711 423 79 0 4014 0 4 4990 0 0 115 455 0 0 1365 1 0 3915 1543 23 9259 88 80503 10841 0 0 3200 123 0 0 0 0 5790 0 655 0 477 8810 0 0 3691 3133 75 1803 2203 0 0 167 166 0 6099 500 1844 0 0 0 0 0 0 0 203 0 6159 0 3 65 1745 0 0 0 4049 0 0 31 56 68 17 59 0 0 38 0 16 0 0 230 127 180 1812 0 1248 5 773 9 0 0 0 175 0 0 0 0 0 4262 0 0
 691 1708 0 3886 0 0 0 987 0 0 0 0 0 118 0 0 169 0 0 0 119 0 0 0 56 0 0 0 0 456 0 1047 0 0 3395 45 0 3708 3960 0 473 0 0 1020 0 0 0 31158 257 0 770 0 0 2135 2 406 0 48 0 73 0 0 0 0 0 0 0 3951 1 11344 0 101 409 555 2303 575 0 1491 673 0 871 5 172 147 0 0 0 0 3422 3747 0 0 985 0 1616 0 0 140 0 453 125 80 0 0 0 0 1420 324 11163 25 0 0 130 494 0 0 0 313 0 0 0 817 273 0 0 0 58 25 1490 3384 0 175 7344 616 0 257 0 0 0 0 0 0 12 0 0 0 44318 421 0 6047
 0 0 0 0 0 0 0 146 850 1411 120 0 0 0 2578 0 3842 3852 0 0 0 0 0 0 0 0 920 0 117 62848 0 0 33 765 0 10 236 0 271 0 432 5969 0 0 14958 0 5835 0 3954 0 4013 2220 8028 0 0 667 0 0 0 116 65 1504 86 5895 715 0 0 947 15764 0 0 0 5 0 79 0 0 16438 318 0 890 697 2532 274 0 0 0 17 0 0 2851 0 0 0 195 1076 0 7455 128 3 4149 0 1136 2931 3183 0 0 0 0 0 0 852 0 0 0 0 0 0 0 118 24 15939 426 0 112 153 2700 0 12 0 15 0 0 0 3 0 0 84 26 4863 0 0 0 0 745 0 0 3875 4992 0
 0 253 0 2745 5520 351 0 201 0 3714 0 0 0 158 0 2040 0 7359 0 7 0 242 0 284 610 0 0 31 0 0 1 0 0 0 173 3 0 0 0 0 326 1735 132 0 98 0 0 0 20 731 116 0 265 0 0 0 0 0 0 815 0 0 0 234 0 0 0 2109 144 0 1850 0 0 0 8 66 0 0 256 0 0 0 127 2925 0 0 0 0 350 0 0 0 0 0 0 11700 112 841 1771 78 0 0 4049 0 116 0 0 11130 854 525 0 806 0 0 0 304 0 9 0 340 494 0 101 0 123 679 0 0 0 36 0 31 0 0 4 0 0 401 0 3786 126 1699 0 0 2956 0 0 0 253 187
 50304 0 0 0 269 0 0 1381 0 76 0 0 202 0 17 0 0 0 3 848 0 4349 0 3510 0 1 1437 0 0 0 295 0 385 0 12 0 0 0 76 68 0 0 0 0 0 4012 2 7363 0 0 2156 0 337 10 222 30560 6 130 1195 666 0 5912 2168 0 395 466 0 0 0 71 3974 0 5781 0 184 3384 15 0 0 0 0 5245 0 29 3418 173 728 0 0 159 5 0 208 5915 0 1885 0 19 4801 260 0 0 1206 0 0 0 5929 0 2371 0 91 0 0 0 0 162 1364 0 0 6 0 0 0 0 70 4 0 639 0 4001 0 0 0 649 0 0 306 0 195 2156 136257 2636 0 85 5 157 0 16020 239 8
 0 0 1402 698 0 1633 0 0 0 106 0 0 666 4176 0 11337 0 0 170 349 0 0 0 0 5 0 0 20 0 0 4258 0 0 0 2466 226 25 78 0 0 0 0 162 0 14275 16056 3384 53 0 0 7882 0 0 0 0 0 0 0 0 509 0 0 0 5 52 0 0 745 0 145 1340 16 426 0 412 0 0 246 0 13575 1233 0 0 0 407 0 0 0 303 20415 0 1678 0 0 0 771 535 0 1528 172 9027 0 125 0 169 0 250 4339 231 0 0 0 0 12471 0 0 653 776 692 1064 0 0 0 0 0 0 0 0 369 0 65 165 0 885 0 0 0 73 0 1281 1217 0 2190 0 0 0 171 0 762 0
 279 0 0 653 0 0 0 0 27 1451 198 0 0 0 146 3465 0 0 0 243 229 0 200 0 0 96 726 32269 0 0 0 0 158 25961 156 0 0 0 0 25 578 0 0 0 0 0 608 9072 411 29 5367 0 0 37933 0 0 1482 0 1 0 703 0 0 0 0 0 0 0 584 0 11930 0 0 0 0 2400 0 758 0 0 0 493 0 4179 0 1987 3398 0 96 118 46341 8678 50 7 0 5289 0 0 270 0 0 418 1159 263 0 3438 244 6 281 0 1 822 1404 0 277 245 93 2494 15999 0 0 0 0 2512 441 7358 0 0 247 492 1467 1179 0 0 6057 12 0 80503 898 0 0 0 0 0 103 122 38 0 28 297
 615 88 498 0 0 949 3289 2694 0 0 12 11 144 14 0 3927 0 0 2947 0 13786 2419 0 0 0 0 0 0 0 0 139273 262 253 0 174 0 20 0 0 33 0 0 97 0 1400 0 0 1195 96 133 16 0 4337 0 0 0 0 949 0 0 1174 0 0 1396 0 2575 0 0 0 0 0 146 3886 38 1567 0 522 0 0 652 6095 0 113 0 277 0 0 5369 0 1631 5 0 18765 0 0 0 7882 0 189614 0 72 1674 0 0 4361 50351 423 1757 0 0 0 261 94 0 68 0 0 1205 4286 20 0 0 0 0 0 0 78 0 116 101 0 0 2049 2137 0 0 0 0 88 0 0 68 0 1701 0 4394 0 78 1182 84
 0 1774 0 293 0 0 0 0 40 347 0 0 0 1199 0 0 0 0 1658 231 635 0 0 45 215 0 537 15 0 0 0 0 0 0 504 15 83 239 0 868 0 0 281 0 0 10 0 0 184 3698 0 208 0 4111 0 329 0 4254 0 0 135 705 0 0 2045 0 20198 1585 139 49 0 63 0 0 0 0 0 48 175 384 0 0 1316 0 13683 20426 0 0 599 3332 0 0 139 0 0 0 0 725 993 0 10 0 0 222 0 0 5344 243 0 0 906 3473 0 0 0 0 138 0 0 0 0 52 60 2377 0 0 0 0 0 0 0 935 0 15 0 0 0 0 0 0 0 36 241 84 3116 0 35 445 154 1073
 0 259 279 407 52 0 0 0 36 11266 0 588 0 0 0 557 0 0 1237 0 692 0 51 0 0 666 0 0 0 102 0 3575 0 123 0 23999 46 116 426 0 0 0 53 0 323 0 0 82 0 0 25 106 348 0 97 0 0 2617 0 122 0 530 0 0 680 0 0 0 273 196 0 2069 0 0 0 0 175 0 1391 79016 51 7866 0 671 828 1076 321 789 0 2718 154 0 14 9 0 307 0 53 2812 50996 0 1120 0 248 0 0 0 0 0 12485 11516 0 15952 0 76241 5786 3510 0 0 85 0 5791 2166 0 0 2672 0 0 20471 3465 1238 77 0 1086 9581 0 0 0 1259 386 0 63 166 26556 0 0 0 5984 70 0
 0 0 557 0 72 0 9322 6669 0 0 16040 39 0 0 0 4 0 0 0 717 0 0 37 0 0 266 18921 0 679 9150 0 5128 158 0 0 335 0 0 1270 0 644 0 0 119 76 0 146 0 0 2089 8858 0 0 1717 0 295 0 277 0 0 0 9404 283 0 0 224 0 0 0 0 96 0 0 0 765 199 0 0 0 562 0 0 0 0 24 3607 3248 53 51 1026 57 17153 0 0 0 0 339 142 0 198 0 92 352 1865 23 0 0 0 0 0 113735 0 0 0 0 0 0 740 0 0 0 0 80503 0 0 32 0 391 3066 0 0 165 1094 584 3364 0 0 194 0 286 0 0 0 12201 172 891 0 0 0 0
 1227 0 557 1844 174 0 0 3402 6112 0 1241 6 12581 0 67 304 1006 0 0 1305 6954 0 6 3324 0 1601 0 0 0 0 3 0 0 4300 0 0 0 0 253 433 4329 0 128 236 0 0 6 0 0 0 26 0 0 0 81 754 3836 0 1026 293 0 0 0 0 5851 266 0 0 0 59 924 39 0 80 0 90 0 572 0 0 652 0 264 0 1132 0 10168 41822 34 0 345 205 0 0 1534 284 0 0 0 0 204 0 385 0 0 3955 68 17 0 0 1698 433 1842 362 0 0 734 525 19 1237 5801 0 0 75 4 61 0 1174 0 0 4394 0 0 154 116 491 0 46 0 256 0 2030 390 0 0 1837 0 0 0 0
 255 0 0 0 28 980 0 0 0 0 131 432 7285 1042 39 201 0 139308 0 512 0 0 3011 31130 0 0 32 0 120 1837 0 0 0 664 0 0 137 0 2393 220610 0 0 0 0 0 273 1955 2737 142 0 0 5885 39 175 0 0 0 0 4966 2762 48957 0 75 542 132 0 0 0 817 0 0 0 5 3442 0 36 0 154 0 0 0 0 1844 776 18 462 209407 0 577 0 0 0 0 7644 92 154 0 3185 0 0 0 55 704 0 171 20440 16 18 0 180 3434 559 0 0 600 0 0 836 0 0 80503 0 184 0 0 0 96 3114 0 4888 0 3151 0 0 9 0 5 772 78 342 0 0 0 0 0 573 5918 10 3367 0
 0 0 202 0 0 144 135 2316 2552 464 5240 0 0 218 1559 28 0 960 841 273 1411 0 0 12423 0 0 0 2874 0 1242 0 50 96 59 0 0 0 2146 131 0 0 0 510 0 226 89 0 1579 0 0 0 2096 1697 0 962 0 136091 0 0 0 0 0 354 0 6 2950 0 0 6 140 0 81 0 2227 0 0 0 0 0 0 0 0 48259 0 0 0 646 608 0 783 0 0 829 88 0 0 0 3290 249 0 0 154 0 637 249 0 176 0 0 0 0 45 57 0 0 1001 76 0 1130 1265 2576 0 0 53 129 79 3974 23 0 0 0 0 220025 12435 1190 0 0 0 0 8 308 0 2052 0 0 135 558 597 0 0
 0 189307 0 0 0 0 0 145 100 0 64121 0 243 173 0 1645 0 0 2035 0 0 0 1208 0 0 5774 0 338 0 0 45 5341 0 596 2236 0 0 0 0 252 0 780 0 0 0 520 0 18526 0 1370 0 1354 6615 2543 0 0 43726 0 11384 0 0 0 0 0 0 43 4 6149 0 365 0 0 78 0 0 0 0 0 416 0 3100 1011 1193 1497 0 238 0 0 8304 58 631 1240 0 531 48716 0 0 0 7931 285 0 0 73 0 607 0 0 36 0 186 55 3215 0 2282 0 182 2028 0 1601 0 0 2327 956 348 2 0 1365 342 37 0 0 0 1617 0 862 1182 5893 0 0 0 14 0 0 0 1536 0 0 154 5769 0
 1717 689 78 0 0 715 0 0 0 0 12 0 190 725 3289 730 0 0 0 0 22678 854 25795 264 1713 0 0 3592 0 0 4009 0 0 280 0 0 0 0 0 0 4602 0 304 0 0 44 0 0 0 60 0 0 0 0 395 81 0 2784 0 2267 0 1137 767 70 0 0 10 0 0 1218 8 0 1537 0 0 0 0 0 0 0 0 0 0 4943 0 16044 0 0 601 1579 0 0 0 0 0 7 44077 0 0 0 98 0 8128 0 224 0 0 0 5 5791 16706 0 0 1175 10593 0 0 258 175 1370 0 1549 0 7 0 36 0 0 151 0 0 4 242 0 0 0 0 0 237 69 0 712 2553 7490 15 0 0 6113 0 0
 813 1774 3464 0 297 43 0 0 0 0 0 0 4850 42 0 5 1968 0 0 0 1259 8300 4 0 822 441 0 254 88842 394 0 0 0 140 342 0 6707 0 0 24 34 1291 1619 8795 0 2094 0 0 2113 254 0 0 0 721 0 1675 8 183 0 1203 16281 1876 78 3 182 186 182 5526 0 1081 0 0 0 0 0 0 0 9 0 3202 0 0 1605 0 0 0 0 0 4538 0 0 0 423 0 0 0 0 0 0 1198 451 175 654 0 0 0 0 0 1273 811 0 0 304 0 596 1023 0 0 0 131 9545 0 936 226 0 0 12065 0 1541 0 25 0 2597 78 0 0 271 0 392 0 6 0 3762 157 0 18343 0 105 0 0
 0 222 0 3262 0 98 0 0 4602 3526 699 584 0 503 0 0 0 2 3885 0 0 163 234 926 0 0 0 0 0 0 691 3489 0 0 0 161 0 1124 0 270 0 139 811 0 0 123 0 0 0 154 0 0 0 0 25 1256 601 0 31 39 403 115 91 0 1301 347 0 1023 128 0 3283 18578 0 13637 0 2256 321 33 1 68 731 11967 0 0 0 0 0 112 1238 61 0 540 1861 30757 0 0 15 4546 0 0 760 0 1761 0 0 0 341 78 0 300 1885 0 0 10533 0 0 0 0 80495 0 40 43 22 0 130 0 0 0 52 2447 0 291 137 0 0 0 0 652 3630 40 0 0 0 5258 0 0 0 0 0 0
 188 0 0 6131 284 0 30757 0 449 0 0 0 0 23 0 12227 0 38 226 1651 0 2777 721 0 0 0 7358 0 0 1664 0 0 4007 533 253 0 0 0 0 0 0 0 0 80503 0 0 1035 0 0 303 3519 48 0 0 268 0 638 0 484 134 0 1579 0 67 1050 3253 0 0 1414 0 33 200 167 279 47 103 0 5764 0 0 0 0 5182 0 0 0 0 0 0 1622 598 868 0 0 679 0 0 0 0 5791 0 0 0 0 12502 0 0 2677 0 0 452 0 15090 0 20 0 2700 0 4335 0 0 0 0 31 0 28 30 144 0 0 0 163 0 354 0 361 0 0 394 5538 0 0 5321 297 3063 675 5254 33475 164 0
 0 0 0 39 117 0 0 1878 0 12119 418 0 321 529 0 869 0 0 0 0 7490 281 8 0 1104 82 0 20773 0 16294 0 0 0 0 263 0 0 0 775 0 0 0 208 0 0 0 1218 4049 1978 0 0 0 2320 75 2295 0 0 4080 0 53 0 0 0 607 0 0 0 1547 296 0 788 2068 249 4198 60 0 1989 0 1023 221 0 0 524 0 0 1032 44392 0 139 0 161 0 763 0 3 0 374 12499 26 0 118 315 158 2570 0 0 0 529 616 125 0 0 0 0 2327 5 0 0 0 3116 0 0 0 0 0 1711 2313 135 549 1757 0 35 0 0 1419 832 0 0 0 0 5 713 0 1488 0 0 0 0 0 0
 0 1545 1291 68 0 84 0 658 35 46 0 351 0 0 0 0 0 169 5931 0 392 785 0 0 182 137890 0 0 149 462 0 433 0 0 8848 273 304 0 0 0 0 0 3852 245 206 4 0 0 0 0 0 0 281 0 0 82 195 0 22 5 0 115 0 6 37 0 264 6139 241 0 0 391 3697 108 47 0 0 0 0 56 0 0 0 5811 80 365 0 0 0 92 0 0 0 118 183 504 0 0 0 0 0 0 0 138 0 0 79 103 4350 0 21 0 433 0 364 4 0 0 145 0 84 0 808 48230 1214 33725 296 0 9754 792 27055 0 0 33 0 356 98 328 0 0 674 845 3402 19 0 315 69 52 0 0
 0 11 0 0 0 0 0 0 0 5205 0 0 0 0 0 1231 50 0 0 729 1986 0 11 0 0 38 0 160 2825 0 32405 611 175 0 33833 0 2370 0 0 0 0 0 167 0 133 0 4651 0 0 0 1203 0 0 4822 16 306 0 0 0 4386 390 0 0 33725 0 654 1 396 0 0 2661 0 326 0 56 0 0 1121 88 875 8866 603 11055 417 225 61 0 0 2 0 0 4086 0 0 651 0 0 98 0 0 0 673 0 0 0 1296 0 0 0 0 1401 0 0 0 40 0 41 0 5 167 0 0 0 0 0 132 0 0 0 825 0 10992 0 0 0 0 32517 496 0 0 0 0 0 0 0 744 0 2620 713 0
 158 25 203 337 712 10664 0 0 0 338 0 2662 277 0 0 0 0 0 0 607 1189 1101 1924 0 162 169 444 0 0 0 8023 4 33 0 0 0 0 0 0 0 309 116 198 0 681 0 0 186 779 562 0 0 599 220610 0 47 3707 12 0 0 0 332 0 0 9154 60 0 0 765 81 0 0 0 1885 8409 0 391 0 22 0 193 0 98 296 0 180 1873 0 0 0 2044 0 0 111 9227 0 383 0 852 0 77 0 1818 184 102 157 12252 11676 0 0 0 0 119 50277 2898 0 0 0 0 0 0 0 0 0 0 15 11108 28 0 0 0 0 0 0 0 0 4756 0 0 22077 0 1871 287 130 0 2993 5 0 0 0
 0 82 0 0 0 303 0 72064 5664 0 0 227 0 0 0 0 0 0 681 685 414 2667 30278 0 0 0 0 7 0 0 3 28 0 0 0 484 0 800 0 0 2956 0 20 28 1530 2469 0 0 1662 0 56 0 1038 0 108 0 0 0 0 0 1169 0 0 0 59 0 0 138 171 554 1178 8012 12817 2 0 0 0 0 0 0 56 51 169 0 0 32289 1452 0 0 56 0 0 0 0 0 0 689 0 664 26146 23 0 0 608 356 144 0 0 0 53 0 4082 3 0 0 0 0 250 0 1442 0 0 10997 0 698 0 1478 0 79 0 0 112 0 0 0 8073 75 15 78 238 1023 205 35 441 0 189412 73 0 215 0
