150
 100 1574 0 182 0 0 33 16 0 775 150 7753 3 0 0 5 321 48 0 621 58 3569 0 0 0 354 0 40 0 0 0 248 0 0 28 0 0 0 247 4 31 0 0 52 0 0 26 0 7798 0 0 0 705 0 3341 768 256 0 0 10 0 3 0 24701 1598 0 74 0 0 642 287 0 0 0 12 0 6 7 0 0 0 0 0 410 0 3 0 103 39 0 0 124 0 329 80 8 0 10 217 31 21 0 0 247 0 0 0 9 16 200 0 90 0 1068 0 0 0 0 1643 0 0 0 0 631 0 1 0 123 0 2 0 0 0 0 71 1532 71 0 0 146 14 0 134 1182 0 130 0 221 0 0
 0 12 220 185 0 0 0 0 0 29 158 5080 0 0 0 0 0 0 0 696 0 958 392 0 1 77 273 397 0 5397 1410 0 7 0 0 0 2738 462 167 0 0 0 0 0 361 575 0 0 146 0 0 3385 34 2848 90 60 0 34044 354 0 0 13 0 0 0 26 2296 125 0 0 0 1496 0 0 218 0 660 0 4 0 0 1134 0 0 133 2 1 0 850 796 1061 0 0 2464 0 27 5375 0 2431 97 0 0 205 2812 0 0 0 381 141 0 28 0 858 94 0 673 0 104 38 0 3633 0 0 0 54 0 23 0 0 0 56 0 9642 0 0 134 0 0 799 90 0 0 0 0 462 107 0 0 8 280
 409 0 10916 0 24268 0 7 0 0 271 0 58 38 1528 0 0 20402 2770 45 52 0 0 20 0 0 0 0 0 101 0 0 11 176 420 0 0 359 0 105 0 0 2286 0 272 0 0 0 0 5 0 434 0 493 0 0 0 0 139 52 0 746 0 0 0 169 0 0 185 73 80 0 0 0 0 51 0 133 48 778 0 0 1370 68 23 0 0 0 0 0 0 169 0 1414 0 0 2574 0 0 209 0 239 32 0 207 647 122 327 0 162 0 0 0 208 1129 611 2787 2062 0 64 0 110 0 0 0 0 0 0 1510 0 122 0 0 9063 0 0 0 0 117 0 0 0 0 0 841 0 344 0 0 0 6041
 0 0 0 768 0 0 180 0 39 5 0 0 0 25 0 39 0 1501 0 13 1160 0 0 21 60 0 28 0 0 0 0 0 89 0 4284 0 0 70 30 162 126 0 0 0 470 0 0 2 274 2929 343 535 11 0 30 2455 0 0 0 1329 4299 0 0 2792 91 2780 214 239 0 0 0 0 551 0 0 2222 31 2802 295 0 0 904 16 0 597 1263 0 0 0 73 14 0 1 2 0 36 0 786 1868 0 2406 0 0 380 0 247 0 0 0 2 323 0 0 0 609 0 0 315 10 0 0 23 0 15 0 6 80 0 4 0 132 3 0 1147 0 0 10 0 264 231 3 427 4214 0 0 0 0 1277 17 1371
 7167 1199 0 48 864 727 0 0 0 23045 0 51 0 0 3340 0 0 702 0 0 0 368 0 0 0 116 0 420 0 6980 0 1191 0 101 873 0 0 1034 0 0 193 7 0 28 54 21 0 228 0 0 23 0 57 26 0 72 11 4 0 0 125 0 139 0 51 3007 0 17 11 772 0 0 97 629 0 0 39 827 0 73 0 0 678 0 0 150 0 0 235 0 820 4 0 0 0 1162 0 8 4605 38 554 359 767 391 0 0 151 0 0 0 0 134 0 3089 0 716 0 11125 24 0 63 465 5 0 0 551 3 0 7 0 0 18427 0 23 0 0 0 0 0 0 198 203 0 197 0 5 0 15976 0 2
 0 67 596 79 0 12 0 9 32 836 34 0 0 0 0 0 0 587 0 45 0 0 0 744 98 377 0 520 241 0 182 0 26 0 14 0 0 0 264 634 0 0 5 1458 84 4 31 675 0 1195 0 1 0 0 979 14 0 0 0 0 1134 0 0 0 171 22 94 69 0 0 0 1669 0 0 18283 0 0 0 570 0 609 0 103 0 794 34 0 2847 0 158 2 0 0 0 0 818 0 0 0 59 58 24314 305 0 0 0 314 0 0 0 0 0 16 0 0 12 0 168 289 0 514 489 41 0 0 2363 983 135 285 0 0 0 0 0 157 809 3871 517 0 0 30 0 0 0 0 1299 0 2199 0 0
 0 1442 0 0 54 163 0 0 0 0 0 0 0 0 926 2657 0 2507 59 0 3814 0 0 89 0 0 548 0 0 0 25 0 0 0 0 55 26 0 0 0 0 0 0 0 56 0 153 0 0 198 0 3 25 21 180 0 170 282 0 223 11 149 554 3314 19 0 15 0 347 0 0 0 60 0 3633 0 587 2 0 0 0 0 1263 0 1 0 0 0 33 195 0 0 64 59 0 498 0 0 0 1209 0 94 9476 1 3 0 63 64 315 0 786 0 587 0 0 686 487 865 873 2475 223 0 0 0 0 0 99 68 166 375 0 0 12 0 900 164 620 71 123 0 0 31 21 402 0 0 0 0 1448 45
 0 3320 37 172 134 0 8 48 0 0 0 4 0 0 11 437 777 0 0 97 915 36 18074 324 82 146 0 0 20 0 0 249 0 23 7 59 0 0 0 88 77 0 0 814 0 72593 182 31 1 0 0 0 569 0 0 0 25 0 0 0 1359 0 0 0 0 5 0 24 0 0 0 942 54 0 1319 176 0 8 101 702 0 11 72 0 7980 1796 0 0 11 447 0 0 0 17 852 0 0 1650 528 0 202 579 0 0 260 0 0 0 643 0 0 53 15 991 0 0 7166 48 207 55 0 79 240 0 0 625 2971 0 0 0 0 124 0 0 39 990 0 0 0 0 4175 0 0 2702 0 0 0 141 287 0
 13 20 243 0 4 0 0 297 104 0 0 0 0 0 14238 0 0 0 17 0 10118 5 0 0 0 0 111 0 1072 0 0 3174 42 55 0 239 620 1560 0 0 309 0 0 21 31 869 0 692 0 0 0 0 0 12 700 0 4605 0 178 0 1046 0 3 0 1155 38 744 0 0 0 0 0 0 0 321 0 328 0 10 0 349 874 0 90 0 344 0 49 0 343 87 4 0 4042 407 0 594 0 79 0 254 0 0 0 0 0 223 0 0 120 0 3632 0 0 0 266 0 0 37 0 25 0 409 24 596 6 7522 20 0 0 0 0 13 3004 0 0 4 0 0 0 64 1383 240 0 0 0 0 0 0 0
 0 0 0 0 0 0 517 87 0 13 0 10 0 171 0 0 0 0 0 425 12 0 0 35 281 112 0 0 0 0 965 0 2 186 0 0 0 0 0 51 0 831 39 7012 0 0 894 5 219 9 0 0 652 168 0 0 0 3463 0 45 0 19595 0 0 0 656 0 540 17 143 0 926 0 0 0 0 167 18 0 19 15 0 0 0 0 964 375 0 0 0 307 79 0 40 66 95 0 0 7806 0 376 2532 0 827 0 0 338 87 0 0 0 0 1 0 0 0 0 0 0 0 105 0 0 4 274 16 50 49 0 0 0 31 0 0 0 0 1261 368 1518 0 795 80 48 120 1346 0 37 0 0 284
 0 0 6 34 79 0 1025 370 96 13 84 0 4 0 526 0 0 1 143 0 170 3019 0 2236 0 0 0 1772 0 3 0 0 39 144 5 0 0 0 18 0 32292 0 0 327 0 2765 0 0 11 0 25 766 0 1561 0 0 578 2 487 0 0 0 1381 0 0 0 625 0 7 0 0 493 30 1003 1174 0 0 2565 3136 0 0 0 0 0 0 0 0 0 0 0 0 0 56 0 0 11 0 466 45 8518 548 7 16124 0 0 1419 876 241 652 0 0 0 8 15992 0 0 12 0 0 0 0 4249 0 24 0 701 1301 533 0 0 507 0 0 33 0 315 0 1201 0 395 0 0 0 0 37 0 9020 408 1963 94
 0 0 0 160 0 62 2230 0 0 0 344 1 251 5 0 38 38 560 0 125 1 52 88 221 67 0 0 130 0 0 0 0 0 0 353 0 255 126 359 303 0 27 0 6 33850 0 721 76 207 129 0 0 686 0 0 0 0 1330 46 0 0 831 0 1655 0 0 52 0 69 0 554 61 2023 0 0 3 0 0 0 461 50 0 0 0 371 7041 0 249 540 1 0 58 0 0 0 352 25 0 0 0 0 0 0 18 0 0 0 0 0 521 7789 7993 0 0 558 0 0 1329 54 21602 14 0 312 2491 0 0 1150 0 0 0 195 48 1 0 0 35 0 259 0 1 61 0 0 289 321 2 0 6 0 28
 0 410 0 14661 273 294 17 6065 15 75 0 0 0 0 0 26 0 4 7938 4 0 0 16 0 0 143 9 0 469 946 128 0 397 0 323 0 0 1130 341 0 469 410 0 20 0 0 0 0 33 0 74 2 223 314 134 72601 381 485 0 0 183 856 0 4934 0 0 0 644 0 0 304 2239 620 0 0 0 0 1092 0 0 34 233 405 0 0 0 6 713 477 0 0 1749 0 0 2986 0 0 0 5 18 58 0 30 89 14 0 0 0 0 593 16156 2278 0 0 0 45 48 148 0 0 139 2 688 2127 0 134 0 112 50 204 0 0 58 123 196 0 1909 0 0 0 0 0 0 471 0 34 0 530 0 110
 178 35723 0 0 2459 15 402 2404 584 0 6 0 6897 465 0 0 429 0 0 0 186 102 11 2233 0 0 835 0 0 97 2521 0 0 22 212 617 0 0 47 291 0 0 0 0 44 2387 578 166 42 641 31 0 41 0 554 47 0 0 0 0 4518 0 156 0 0 0 1891 0 0 4 0 0 0 0 6 6826 0 61 0 0 0 0 0 0 101 398 0 878 464 0 51 0 0 0 0 0 0 258 0 0 8 0 0 10916 100 213 118 7 295 0 442 0 467 0 0 0 19 0 0 0 0 0 0 1119 0 0 0 0 5 0 418 0 749 0 0 640 205 0 0 0 0 0 105 0 0 9 232 0 650 204
 382 1195 21 105 0 304 0 0 0 34 0 682 0 59 687 0 29 0 0 23 0 431 0 0 835 0 7 483 0 18 0 0 27 0 114 147 0 0 269 7921 0 0 374 0 178 1089 0 240 20894 0 0 7 0 0 120 0 0 0 0 0 0 354 0 686 158 925 0 0 0 146 575 142 123 0 891 0 0 0 0 23 0 0 0 176 0 0 0 0 0 11780 0 17 0 0 28 770 0 42 249 0 0 0 2 0 75 0 121 208 716 319 9 0 0 0 466 0 0 0 0 630 0 0 247 0 0 0 75 0 0 971 19 5 0 14 0 0 7230 0 0 0 0 0 27 0 57 0 359 447 0 0
 0 0 28 0 0 707 0 0 34 55 189 0 0 4 413 29 0 0 0 602 0 18331 1 0 0 46 1014 0 0 0 0 0 0 0 955 0 0 0 187 6 0 1966 0 2979 0 0 0 0 0 0 4238 0 869 0 1335 1021 1790 15 284 0 207 63 0 0 1 160 0 0 212 0 381 0 9 0 0 307 0 50 25 20 187 291 172 0 13 0 2113 0 0 262 243 0 18 0 0 913 0 0 15 138 103 0 12 0 0 0 253 0 0 16 0 472 62 75 2856 0 0 667 0 0 1 62 0 31 0 0 30 30 37 0 1113 0 0 0 26 0 0 0 0 0 0 0 0 0 0 0 15398 55 0 0
 0 97 0 57 850 0 385 0 33 151 244 0 7044 0 0 204 133 0 0 2971 0 0 0 0 548 900 2096 269 81 0 106 179 1771 158 1318 475 3715 0 0 45 193 0 338 0 0 0 10 0 1 0 0 0 265 0 97 0 0 0 0 0 0 1554 0 0 92 59 236 0 137 0 0 0 38 0 441 2746 66 1993 766 2 0 0 0 0 0 6 0 44 0 0 294 0 101 251 0 0 0 0 0 28 283 0 0 27 0 0 8 400 2363 223 5 0 0 1 728 462 151 0 15 0 23 0 548 3150 0 0 0 10 0 20 1059 53 151 17 759 0 87 0 1972 0 193 1972 0 38 234 3230 0 5 21 181
 0 0 0 0 0 0 0 708 10 642 0 0 0 197 3727 38 363 0 2226 105 20 0 84 6 10 302 0 1216 305 0 0 10 31 0 0 0 0 0 386 0 1104 150 68 110 25 3148 69 142 786 18334 0 0 0 68 0 181 0 231 78 0 0 6 0 110 0 653 89 0 0 0 0 0 0 1922 13 214 0 5399 0 1972 651 0 0 0 1977 414 1385 244 0 0 10 119 4080 0 203 0 354 329 27 707 0 17 0 0 0 229 3212 0 0 96 50 739 1002 276 129 192 0 0 0 74 840 6 619 0 9 402 253 0 0 0 378 224 26 2287 0 0 535 478 0 0 465 139 938 0 3 448 0 523 0 51
 55 3 0 20 27 68 0 1113 0 23 0 3566 0 15 0 56 0 0 152 0 0 6563 0 0 0 3007 408 0 253 4 0 76 0 40 0 0 0 0 80 7 107 2122 80 0 0 1870 0 0 186 0 4 80 34 44 0 0 0 0 17 35 0 2491 157 0 9 1922 214 28 10 0 1106 0 0 0 0 0 266 0 24 0 128 24 9 0 93 103 0 0 0 0 915 0 913 148 9213 0 0 553 36 0 1 442 0 0 0 0 0 28 0 0 3 0 0 1855 0 0 1831 0 2990 0 0 819 247 4602 58 0 216 0 831 7 9 0 1653 0 0 0 0 130 0 0 0 0 0 0 0 4404 0 4655 673 0
 0 0 0 0 66 0 24 0 1203 0 40 0 0 142 0 0 0 0 822 0 0 108 1965 2 0 12 0 24 0 39 0 20933 51 0 0 0 390 0 0 0 130 0 0 44 11 1303 0 1156 447 0 0 0 91 10727 3 0 0 0 0 0 14 516 0 266 0 0 2105 0 37 0 8 0 0 2514 0 177 0 571 0 0 3 0 560 67 0 1875 0 173 13 1082 0 0 0 0 0 26 836 71 0 4378 0 1261 0 0 168 826 1704 565 0 96 387 284 0 0 75 0 0 0 0 0 72 0 7 0 1 0 0 2218 1116 0 0 0 0 0 0 0 0 114 0 977 178 61 0 158 0 734 0 0 0 0
 0 13 0 0 14 450 0 0 0 0 0 0 1260 0 188 680 0 0 0 29 2 168 153 0 93 1257 267 0 16 166 0 0 0 2436 14399 0 0 245 544 0 1263 516 7367 0 898 0 0 0 2105 2984 0 0 227 0 3 1277 152 0 0 0 0 0 0 0 97 0 887 0 1398 0 36 72606 0 12 0 1549 1850 17 30 0 24 0 0 631 33 35 4072 0 0 109 6 294 0 0 0 1923 229 0 0 200 430 1 424 7 0 0 15 0 0 375 0 0 1 0 0 0 0 0 0 221 3865 0 0 0 0 36 0 30 0 358 0 289 53 0 0 0 333 0 0 4563 0 0 0 308 38 0 0 0 0 1948
 0 0 41 33 0 291 85 0 0 116 0 0 2 0 0 0 60 151 0 0 0 0 0 44 2100 0 1539 0 448 0 679 0 76 0 0 0 303 0 12 103 242 1109 0 0 0 0 0 2 2 411 445 106 0 233 0 778 0 1980 1598 0 1913 395 0 0 45 15 2 0 0 0 0 1423 0 0 0 0 11 0 0 1 0 0 0 0 112 0 318 0 0 7311 0 0 42 34 231 220 1701 35665 2 0 150 0 0 26 1808 0 0 0 0 3 272 249 14 178 0 0 0 759 0 0 0 704 0 0 0 3670 36 115 0 0 0 127 91 0 0 0 92 1120 1887 344 1750 0 0 0 0 0 43 0 0 174
 1643 0 0 63 92 16 371 0 819 887 0 0 0 0 259 0 311 0 187 0 0 66 6 988 2 0 0 2 0 1785 830 74 2207 128 19 0 2 0 489 82 719 0 724 0 0 390 2236 4465 0 267 0 0 854 1131 0 702 0 0 19 0 50 0 394 0 0 0 48 25 0 0 0 0 0 0 2 962 72 1425 0 0 0 0 11 0 0 0 26 24 8 0 96 31 1761 0 0 77 195 0 0 0 0 8 375 0 0 516 17 4597 30 96 2389 0 0 0 0 0 912 9 3 0 2222 0 0 0 0 298 154 377 1529 18 572 784 27 123 185 17 0 4 0 0 0 0 273 5 0 18 47 0 0 0
 0 9 0 0 10 0 0 0 21 0 0 0 28 0 430 0 487 0 1 0 82 0 0 415 23423 0 14 0 0 0 0 0 0 0 0 0 0 18 151 0 0 0 0 1896 0 0 0 52 0 2328 0 584 864 642 8 0 47 232 323 209 0 0 0 13 559 55 0 0 1467 0 1609 0 9 0 0 0 0 14 0 0 65 0 929 3 0 38 1014 0 0 2 55 0 0 514 24921 115 5521 0 0 12 0 1799 252 14737 0 0 41 0 0 0 0 0 0 0 16 0 0 0 0 818 0 0 51 166 415 0 0 2096 1972 0 0 3116 1144 875 0 3947 15871 0 0 0 0 0 300 0 7 121 0 6 58 319
 278 0 902 0 709 0 0 0 5 0 269 0 282 53 0 0 0 0 22 0 0 0 0 0 59 29 6937 29408 17 34 0 47 685 0 0 0 2657 0 2877 0 10 0 4 0 0 276 13 0 1624 0 19 4 38 0 0 0 0 0 82 0 0 20 1072 942 0 0 2685 3035 0 244 0 0 0 0 31 0 206 33391 425 367 282 5 0 147 21 0 274 0 683 0 2087 0 598 504 0 0 0 6 0 398 234 0 0 0 5 0 57 4 0 0 2067 38 0 0 0 0 0 7751 16 0 0 9 28 95 187 0 19 0 91 0 120 0 20 1039 0 150 0 0 0 0 491 0 0 0 3864 2 0 11 26 110
 0 0 37 134 0 0 402 0 420 0 88 132 0 4 216 0 0 0 0 0 0 0 0 77 0 5 274 0 59 56 0 0 1325 26 216 0 5 0 0 0 13 714 0 0 696 0 0 1046 0 2924 3 0 716 0 276 0 0 1608 51 289 1121 77 35700 1286 0 39 14 0 0 631 0 0 399 0 9 0 0 8 0 0 189 221 74 0 0 1986 247 0 0 0 367 0 0 0 0 0 0 0 60 0 0 922 13 2448 0 0 3 46 0 0 329 2007 5 64 0 0 0 3 0 1 549 92 0 0 13 0 0 0 2113 336 18 0 373 0 0 0 402 0 392 204 0 197 0 1217 4492 240 0 0 0 0
 279 0 18 0 606 1 0 0 0 1044 336 469 0 0 0 0 0 10123 0 0 0 0 2 0 0 0 28 0 0 0 219 0 0 315 775 0 186 0 0 24 1838 0 0 134 2238 9 76 0 238 0 488 0 495 39 0 602 143 0 1357 0 0 0 26 122 0 2 115 0 0 0 0 0 0 259 0 1207 0 0 0 42 924 24 544 0 0 609 0 0 0 0 746 229 494 0 0 747 0 97 6 0 379 0 15 299 0 974 124 0 21 0 0 0 311 0 0 53 731 0 380 98 0 547 0 757 627 0 0 0 0 323 0 94 0 0 0 3355 0 54 0 31 0 0 5 0 0 143 493 266 0 77
 0 0 3401 176 0 0 33 9 30 2437 0 0 339 776 0 0 0 0 772 0 95 204 0 0 0 49 603 1156 138 0 6 220 0 0 0 0 783 793 0 0 0 116 0 10 0 0 0 0 0 0 1261 17 28 0 0 0 0 0 0 0 0 864 0 34 0 52 15 2783 0 371 1231 0 10 1308 5 691 0 30 3533 0 262 0 267 217 0 557 0 273 0 0 1 0 2 0 413 20 0 108 2269 153 7709 0 1 0 0 0 285 0 0 0 0 0 511 44 23 904 0 14 430 0 0 0 0 37 0 85 22 210 1930 0 23 0 0 0 11 195 0 38 988 113 387 1989 0 14 626 699 37 0 0 0
 4 275 0 16157 1327 0 24 0 0 451 220 1832 0 0 374 347 0 0 0 457 0 0 62 342 0 0 142 0 502 0 1 23 95 0 0 0 14 0 1070 570 1057 0 0 0 3828 0 5 126 0 106 0 0 0 11 519 1 0 0 835 20415 0 0 10072 75 0 0 0 287 87 0 251 0 0 0 1 13637 496 7322 420 0 0 0 0 0 0 3 0 2649 0 1 0 0 625 0 0 0 0 0 58 524 0 0 0 0 0 0 6 276 0 3 112 1359 0 0 0 0 132 622 0 472 0 0 2491 0 0 37 7 588 14 88 38 0 334 23 322 0 0 367 0 0 31 152 0 0 0 185 0 0 3 0
 788 0 272 113 0 0 2808 36 534 27 0 803 0 0 0 909 2363 1 0 0 0 4214 0 997 0 0 733 22 10075 540 0 2347 0 0 5 872 0 2810 0 0 0 137 1097 0 1853 0 0 2297 0 0 12 9 0 7 18104 0 0 0 0 0 0 7 9 0 4581 1008 0 0 1571 1125 358 0 0 0 121 131 18 146 338 0 0 0 0 40 0 0 6 0 1935 0 0 0 21 326 15907 77 110 0 1 3378 0 0 0 0 0 16 0 0 0 561 0 57 0 0 0 0 0 0 2870 0 0 213 0 0 0 0 65 0 13420 597 0 0 1215 823 1286 0 0 0 1067 0 0 690 0 0 0 0 0 3716 623 48
 3524 0 1 48 800 0 0 13 285 0 588 29 0 0 1864 999 0 916 0 69 14 0 0 0 200 389 0 0 0 0 21 0 0 1638 0 14 0 644 0 0 10 683 0 233 5399 0 0 0 0 0 0 0 0 2657 0 16 1024 0 319 0 0 47 7806 0 64 0 0 0 0 0 0 0 23 121 0 121 786 1416 1571 68 0 18322 1045 0 0 50 0 825 0 0 0 770 112 0 0 3 0 0 94 0 608 0 3358 0 0 30 1372 11 0 40 0 14689 0 0 0 109 0 6 0 0 29 230 0 316 7 406 0 1308 1 0 0 0 0 0 405 132 7 0 72 688 0 0 0 0 40 4044 0 0 0 0
 0 0 0 0 0 0 860 0 0 868 0 41 1 218 59 2 0 0 0 0 17 92 0 619 0 1316 746 0 0 0 247 231 893 0 527 0 0 0 0 0 5 0 3616 175 535 111 264 704 0 374 0 176 1426 0 554 414 0 0 0 0 0 582 0 303 0 610 0 28 13 0 0 9 692 477 556 0 0 0 0 0 0 4 0 2236 271 432 0 14 0 4556 0 93 2171 0 0 0 50 0 17 1542 0 0 14 0 180 0 0 51 1 104 0 128 43 0 41 154 595 50 0 0 1 0 680 14046 0 0 0 0 2460 109 1 0 0 0 302 0 591 3 3 0 0 203 406 488 1113 6 0 0 0 0
 91 0 0 0 16 0 293 3228 0 0 0 3 0 101 0 132 0 0 10 0 3355 0 0 21 0 0 2879 236 0 513 112 0 105 4076 0 2212 4528 248 18 211 0 495 0 0 0 0 0 699 476 82 0 189 829 0 0 0 0 0 525 639 105 0 409 0 0 1370 0 4 227 0 23 48 20901 83 0 47 0 0 0 389 0 2212 0 15 748 2095 780 1058 221 0 0 2209 22 0 5521 772 0 0 115 638 0 1838 31 221 0 57 0 0 101 44 0 80 0 72 0 623 0 0 2084 0 0 21 0 402 0 0 109 47 0 832 410 2674 33 0 0 0 0 78 5 0 36 407 0 233 0 6 531 0 0 1337
 59 257 0 59 0 1 14 0 0 0 0 122 0 0 3018 10 0 0 0 2392 0 10 0 0 134 0 0 3 185 3127 0 1706 0 0 0 0 651 0 0 0 0 19 0 5274 0 0 0 17 0 0 0 538 13 0 28 0 648 336 223 8 248 69 19 533 0 0 9 1 3 12 0 571 531 0 249 4391 70 0 59 8 0 0 0 0 21 0 0 2108 0 108 899 0 27 175 2894 0 0 0 0 0 0 0 0 0 0 5 534 0 0 56 0 4 0 0 2246 419 0 29 578 0 0 35 625 1137 1 4 544 93 0 406 32 0 0 1 22 0 461 0 0 0 0 0 248 0 12 85 260 123 254 0
 0 0 11 0 0 0 3744 0 18 80 0 0 0 0 0 0 0 1636 897 405 0 275 0 234 116 0 0 4 4318 0 11 0 5 9 544 0 0 0 0 0 2535 0 4658 0 106 27 31 228 26 0 530 0 0 0 31 113 561 0 2363 0 0 0 0 0 0 313 11 0 0 543 5392 0 334 83 2375 52 1470 336 0 0 0 0 0 791 0 1294 0 0 0 68 126 0 1726 0 0 123 16098 0 0 0 1652 136 0 1301 0 0 0 820 119 0 0 0 104 0 0 0 0 0 0 0 0 843 0 0 162 0 686 0 1025 0 0 0 0 0 0 824 8 0 0 849 0 0 0 0 0 0 0 0 7 1069
 2464 525 298 328 140 502 0 0 0 786 613 225 2841 0 0 41 0 2551 338 2277 8 11 2666 16 1740 5 1 696 833 0 0 1367 0 8 4189 87 0 0 37 19 0 0 188 0 0 0 983 0 113 0 737 0 0 0 8 152 0 9 261 26 676 88 115 2077 0 3014 0 0 0 0 0 0 2061 5 16 0 486 0 68 367 0 34044 0 0 0 289 5319 0 0 0 0 175 410 0 0 121 265 0 1069 37 0 0 1 42 0 481 1752 23 12 145 2330 0 0 0 29 34 0 0 0 0 0 98 3687 0 405 1065 100 5 0 6 0 0 72526 189 9 960 0 494 0 1540 0 0 0 0 14 103 26 0 13 0
 1380 0 0 1747 19 2235 0 75 0 516 124 0 3161 154 38 1381 0 1423 493 0 607 0 0 0 0 0 0 0 0 2206 131 111 0 0 0 145 113 120 149 0 0 9 0 498 0 282 467 690 0 0 266 1068 0 6246 0 2 0 0 0 0 0 0 0 0 202 0 586 91 0 0 39 403 0 7162 363 1390 0 544 0 135 0 0 0 0 0 0 180 16 591 154 43 436 510 97 377 0 0 18347 0 0 0 700 0 66 21 14 0 241 0 0 0 278 0 0 163 0 122 0 0 0 0 0 16 0 0 0 4631 20910 0 260 0 0 272 0 0 0 104 1014 0 690 947 588 0 36 465 485 0 0 188 93
 416 0 263 0 0 28 1204 0 0 324 10 0 0 90 551 550 108 151 1967 1650 0 788 150 0 198 11 2577 0 350 0 0 2676 0 1189 2271 386 0 4943 166 1972 1203 13 0 174 1033 685 0 0 684 0 3 0 55 0 6936 983 240 0 46 0 0 0 0 0 0 0 0 540 0 0 2362 0 0 286 0 505 0 0 439 357 0 0 0 7 117 734 0 0 1229 9 233 133 3613 125 0 0 6 1825 0 1449 0 0 0 0 0 0 578 0 0 0 0 49 343 915 694 0 417 0 0 0 0 0 26 764 0 28 2 0 1780 0 0 0 0 0 118 0 0 1792 0 0 66 8507 0 1777 33 0 52 0 643 507
 0 0 0 0 2 0 0 125 1 3440 0 0 0 0 0 0 194 0 0 3 0 0 0 0 0 161 23 5 0 2789 147 10 0 84 34 0 0 0 12 412 0 342 0 1 0 1 46 170 1960 97 0 584 0 73 0 48 3 3012 0 13043 228 754 0 123 0 0 26 89 0 8 4561 0 0 853 0 0 41 68 1342 1866 7 4 205 459 0 0 0 249 0 23 0 430 0 612 0 0 0 506 245 0 0 3 0 0 0 2098 6873 2071 0 406 9 0 0 63 11 0 12 47 9 0 0 202 751 63 0 0 0 0 0 0 0 268 15 280 456 0 0 0 0 0 121 50 98 150 3340 0 17 171 216 997
 0 186 2 0 1029 0 52 0 55 0 42 0 1924 0 0 0 0 10 0 336 23 0 0 58 291 8 0 33 0 11 1144 2036 0 176 3 0 841 0 0 132 0 0 0 0 2853 0 0 10 194 0 0 0 0 0 170 2278 0 311 60 0 156 133 0 247 0 0 7493 1852 695 187 0 2412 0 0 0 0 0 5 208 163 0 241 0 0 0 0 0 17 336 403 13 8 0 0 54 0 14 0 0 0 286 450 0 42 0 2 0 0 0 590 380 690 0 638 41 0 324 0 1972 141 0 0 0 0 2989 2575 0 742 0 869 0 113 0 0 0 0 105 24 0 58 0 8 7 311 0 100 97 7 2 1334
 0 0 7806 0 0 50 44 0 0 8 0 262 0 66 25 30 0 0 0 0 0 0 0 124 0 0 0 2091 0 13 0 0 7206 147 0 7359 2 0 22 17132 0 30 0 0 753 0 1078 3 2513 0 0 384 0 0 0 0 0 424 0 0 0 0 273 314 266 0 1 0 0 0 1362 48 21 1 0 0 708 76 28 0 184 20 0 0 0 0 216 141 0 4676 0 0 0 0 0 0 1 0 487 3 0 24 181 13 0 1589 18293 0 0 0 375 0 0 20 23 14 8 0 378 21 0 340 79 134 0 0 5 0 0 0 607 282 0 10 870 500 0 0 4 658 131 0 0 152 25 1972 6 91 0 0
 180 9 0 490 0 121 1072 176 122 0 525 0 0 2862 22 0 58 0 0 61 0 0 121 0 1066 0 10127 0 1 0 0 2 0 0 983 1399 0 0 0 0 0 685 0 43 2338 1238 0 1415 2 0 426 78 0 9 69 0 1927 0 67 0 4 249 39 223 697 48 0 768 49 0 151 0 46 0 101 0 170 0 1 0 0 0 0 1 2217 0 818 0 501 69 456 0 141 772 0 0 74 0 0 0 2198 0 0 3215 622 0 61 42 0 0 283 5 0 0 108 283 1515 383 556 0 0 107 3695 0 1 0 83 35 0 0 23 548 3631 447 651 329 351 3 0 354 0 0 0 0 4537 0 0 159 0 11
 142 1230 146 2 1 0 1921 11 6 0 0 7 5 0 0 31 0 0 0 29 0 67 0 88 0 278 117 234 4937 0 11 0 146 2160 0 0 681 481 0 44 457 0 78 0 0 341 0 7278 6 15380 299 0 0 20 0 0 0 0 9108 0 8 0 0 65 104 0 0 0 0 10 0 400 0 17528 4063 0 303 0 0 86 0 421 719 1 0 165 561 72 13 0 0 0 0 8 0 0 12 0 122 0 0 0 774 0 5 281 0 179 509 0 1414 52 0 0 8 0 3 0 0 850 2212 778 0 0 560 5 7 0 0 4 223 223 28 0 98 0 4130 0 101 0 0 0 2235 0 1064 0 0 0 63 74
 0 1087 0 79 0 0 481 0 0 0 0 0 0 15 104 0 1046 0 100 0 346 60 6 0 797 2226 0 0 791 0 0 0 3 0 123 74 0 0 0 43 1181 0 266 0 0 4561 0 199 0 0 817 295 273 0 0 0 675 42 0 254 0 1114 0 631 0 474 3 0 3277 126 88 30 78 0 0 189 14 8 0 203 0 1991 176 2855 0 0 1253 0 0 3 0 0 49 0 24 0 98 0 0 0 20 0 0 0 0 264 679 0 0 4 1188 759 900 0 0 0 408 11 0 35504 0 13369 316 0 0 0 0 0 3 409 0 27 1693 1765 0 0 0 0 236 633 336 326 0 0 0 27 0 0 742 4581
 230 0 117 0 0 0 0 136 0 490 2555 0 11 0 0 0 6 0 83 0 0 167 23 379 3991 0 0 1649 0 0 0 0 329 620 0 0 625 0 3586 0 0 0 274 104 0 0 1820 0 0 1 0 31 7192 0 1067 9448 0 59 52 18 0 0 0 1 0 0 337 0 705 0 0 343 1032 1790 0 352 36 0 42 6 0 869 309 136 25 2120 148 0 0 0 0 0 0 0 0 0 0 9 0 220 0 212 0 0 101 64 135 834 898 6 0 0 0 0 424 0 0 15984 106 0 0 1041 15 716 4 0 0 90 0 0 57 0 428 0 152 0 0 7 2798 0 2 0 9 472 0 316 40 0 0 0
 31 0 1261 486 0 0 129 0 0 43 0 287 138 0 0 25 5 0 0 0 1 267 0 0 0 0 0 151 13498 372 39 0 0 0 0 1937 0 0 0 1 731 0 0 0 15 744 315 46 0 273 125 46 0 2617 0 0 0 0 3058 21 786 900 0 542 19 212 1104 15 1215 11 0 0 0 0 16038 0 0 209 0 176 734 0 0 259 783 68 0 0 269 0 147 1666 0 0 0 0 0 13 24916 0 0 0 17 0 0 115 0 0 0 0 189 0 18 0 0 0 1948 5 313 0 0 1632 899 0 0 0 3 108 541 685 0 0 652 199 0 623 2656 55 0 0 0 33 0 0 0 0 35 3026 0 0
 0 2410 38 52 1264 0 0 0 187 0 5 0 1204 0 33969 18 0 0 26 2093 82 460 0 31 0 1366 0 241 0 246 16168 0 0 471 0 0 0 226 0 43 0 1223 146 8534 0 0 0 55 558 0 64 0 0 0 319 53 167 66 10 0 0 1 2 824 0 0 0 0 0 137 0 0 8 1793 0 56 0 0 20388 0 0 0 0 0 6160 0 20 1656 0 3 0 310 33 0 0 0 0 3800 132 0 0 680 0 22 29 9 0 131 20 0 23 0 0 0 101 48 0 73 472 0 11 813 3597 0 0 0 18 40 0 1578 0 0 164 870 0 465 0 0 0 0 287 0 150 298 0 0 3 157 0 43
 406 350 132 0 0 0 54 0 0 0 10 0 0 0 0 1152 49 0 685 0 296 0 0 0 442 0 129 2857 0 0 10 0 0 0 0 4 0 178 0 0 0 0 0 0 2023 0 0 14 0 224 0 473 0 44 0 0 28 0 0 0 0 0 873 0 0 1534 1603 0 0 77 519 0 0 0 0 189 3 1005 0 0 0 0 5 0 10877 464 0 2 0 0 0 0 0 583 0 180 37 2 20 45 383 511 30 9 983 0 3599 0 789 0 104 609 0 69 196 0 0 0 0 551 384 0 157 69 0 0 162 0 247 231 0 9 0 0 401 0 302 0 0 0 0 0 95 345 3 0 1036 37 41 759
 0 0 0 0 263 1652 458 0 98 0 0 0 0 0 0 99 0 0 0 0 0 0 168 28 0 283 0 105 40 13 9 400 0 5 0 0 347 0 0 0 0 0 0 38 305 27 0 2092 6 7044 0 0 4542 0 626 16167 0 452 1173 10 0 0 0 0 923 941 0 19 148 83 1143 2315 49 184 1069 0 2226 849 0 0 832 8 3530 18 0 0 32 0 0 611 0 0 0 0 485 1682 105 723 360 2 0 11 51 0 0 0 204 1673 1068 0 631 0 0 346 894 507 919 143 1502 300 0 0 0 521 26 0 0 2 0 0 164 206 0 0 139 3427 0 421 0 3 100 1148 0 51 0 0 283 1680 190 0
 0 0 9 0 408 0 0 1013 19 0 594 0 15 0 201 724 254 0 261 0 0 0 0 0 0 0 53 376 0 79 337 0 0 609 1253 112 45 5 0 2 5 3 0 3 0 0 3014 0 0 6 0 2190 298 0 1381 0 37 59 132 0 0 370 0 0 0 71 0 0 1255 140 56 7 0 580 0 0 0 0 0 0 0 81 9 3182 0 691 220 22 29 0 2570 69 0 5 6 292 0 18427 0 0 144 0 0 5 0 12 317 1688 0 0 0 0 578 0 930 0 0 19 1 0 0 205 131 0 0 0 0 0 0 0 323 73 13 14 0 10 0 2222 1261 26 0 0 0 3 19 0 0 4 0 160
 896 187 0 0 0 43 440 3 682 18 0 989 0 0 0 0 2110 1479 0 92 0 0 57 18 0 0 0 0 38 0 1040 42 3547 5383 0 0 0 0 5 17 348 0 0 0 14535 0 0 37 274 0 23 0 0 0 0 0 3007 0 0 0 0 7 0 0 0 11 0 0 0 0 0 0 3427 805 0 0 145 515 17295 0 0 0 84 0 162 0 96 25 532 0 44 0 0 0 2048 10 0 381 0 71 0 155 262 21331 0 0 836 250 267 20 0 1007 0 0 1072 0 10 1 0 127 3 0 0 0 0 0 0 0 20 10 0 0 2362 3 0 0 0 0 4382 0 6 544 37 87 0 142 59 0 0 0
 0 0 2869 0 443 0 0 559 168 7806 0 285 0 19 0 7849 3 27 0 961 64 0 1318 0 0 5 3448 0 0 0 2 0 0 0 1859 3 0 672 0 1120 0 0 3074 0 0 0 28 0 91 0 295 188 0 1206 0 875 611 0 0 0 2 0 0 0 531 0 0 571 0 0 21 84 0 0 19 65 0 82 151 0 0 347 0 0 0 0 0 0 0 246 0 118 0 11 335 0 0 0 0 0 373 0 153 295 1 0 29 0 51 0 0 141 0 0 0 810 27 0 73 0 0 60 0 39 668 0 0 1112 0 408 247 6844 204 677 0 0 204 472 0 0 0 0 1173 2170 31 850 0 0 0 109
 0 0 0 0 0 500 0 0 4553 0 191 0 0 0 1 0 0 318 0 0 0 90 0 0 0 0 0 0 9 5 213 0 0 0 1247 2103 31 0 72 398 1787 1578 76 0 0 38 1428 14 0 0 1141 14 5 0 0 0 0 0 651 0 0 51 0 796 206 1560 0 0 0 216 0 0 0 27 2291 89 319 0 0 0 0 5 847 0 0 0 700 0 0 0 0 17957 64 179 0 0 0 791 0 0 0 0 0 0 38 45 4901 0 0 0 222 0 0 0 88 2262 0 12 0 0 1052 0 0 0 124 0 0 56 0 36 744 141 0 0 0 0 444 20965 0 0 0 0 7 166 0 0 0 0 80 356
 9476 0 137 2098 0 2017 0 17115 0 0 0 208 0 289 1506 548 1165 0 0 0 4 0 0 0 42 424 0 8488 0 0 0 1118 395 198 1004 64 0 708 0 35717 389 0 0 444 6758 0 1562 0 145 2 7968 0 25 681 0 3063 29 0 157 0 301 0 21 385 1 2195 382 0 0 0 0 13 355 0 0 0 2278 2 0 0 6 526 0 0 0 64 223 0 0 4 214 78 0 0 216 1412 99 0 50 0 0 0 375 0 60 31 0 0 0 7 530 812 0 273 0 555 23 0 0 75 0 0 1087 0 65 0 31 0 427 374 251 1160 0 306 0 0 0 0 20 2115 0 0 0 18416 117 12 428 0 0 173
 0 0 589 0 833 0 0 4 0 138 62 3426 0 0 0 0 0 1862 11 0 0 0 28 0 65 0 39 0 0 0 910 0 9 0 0 0 4580 0 511 0 528 0 683 9 0 71 0 35663 0 0 617 127 0 6 189 811 0 465 0 199 0 0 359 0 0 190 0 0 23 0 0 0 0 22743 0 0 15 0 152 0 27 420 152 3 17 284 64 0 0 0 0 1 0 131 0 359 0 0 245 1832 0 0 1057 0 0 3 10 0 0 178 685 0 17 0 0 0 22 524 0 0 0 37 0 117 15 0 0 0 0 0 0 250 0 282 8 257 107 0 18 0 34 0 159 0 0 0 0 0 0 0
 0 0 30 0 0 0 83 48 1584 42 213 10 0 0 96 0 140 0 3 844 0 0 0 2195 587 70 0 256 0 134 0 0 16 34 0 0 0 0 0 0 28 56 0 3 0 76 0 355 0 1998 85 0 133 0 0 1574 4937 0 391 0 0 6 246 107 0 0 0 1260 0 0 0 0 0 844 0 0 97 152 0 11 0 0 6802 38 0 0 0 20 206 679 477 0 46 0 0 2711 6 0 0 1796 2033 0 0 0 0 1765 0 272 0 0 0 62 0 330 523 47 0 1144 0 0 0 0 0 189 78 48 151 0 0 7296 0 420 0 1443 5 0 0 0 47 1138 1652 0 0 0 0 68019 37 0 0 46
 0 2669 514 2791 0 180 0 0 0 11 0 21 0 4289 1427 0 43 224 106 15 0 145 133 0 1770 86 0 0 0 486 0 1205 1404 0 0 1247 38 0 0 401 2365 0 59 0 4462 696 0 0 25 0 0 0 17504 0 616 0 3 0 1743 0 0 0 121 628 0 92 87 0 16 1 0 0 0 11 0 0 0 0 0 1 18 0 34 0 1667 0 263 19 0 0 325 0 0 0 75 367 24 116 146 15 187 141 33 12 71 368 631 0 0 242 25 0 0 0 0 0 0 0 7662 151 0 1052 0 94 7322 270 104 49 0 0 0 0 17858 0 1015 0 1021 0 0 0 0 207 15 2748 64 0 15 6138 0 629
 234 0 0 90 0 9 0 313 70 0 0 0 0 0 31 0 1921 0 8 7 3 0 42 0 114 0 1299 0 3 1138 306 21 249 0 279 0 0 139 0 0 0 0 14 0 0 1494 0 2413 0 0 68 0 211 12 0 131 29 962 0 0 0 0 104 69 0 7 0 468 0 276 108 4676 84 1 0 250 0 9 2 13 0 1084 0 0 0 52 168 69 784 8 3288 0 0 0 269 422 67 242 19 0 0 0 0 0 0 0 8 0 172 0 0 0 39 1 0 0 366 0 0 101 0 0 0 0 0 0 0 0 535 983 0 7 170 0 0 0 0 7055 0 342 41 0 105 0 16 207 21 537 0 1040
 1063 0 0 2265 898 20 2203 16 0 924 0 0 482 333 323 0 194 0 0 0 97 0 0 0 0 0 0 706 0 49 0 581 0 0 0 0 96 0 36 0 158 0 0 344 0 0 0 34044 0 0 466 77 0 0 3 0 0 1145 67 2868 0 2749 21 3871 0 12 225 352 0 454 1 93 298 0 0 1385 0 38 59 34 0 0 0 0 6 0 0 0 0 0 0 0 0 0 0 41 100 0 0 1144 1321 90 0 149 44 0 78 0 54 9 0 0 0 0 0 0 0 1371 1752 4 44 0 0 15983 13 98 0 0 0 853 0 270 0 231 0 0 0 0 0 494 0 0 0 55 0 0 0 0 250 82
 0 0 34044 0 289 1733 0 106 902 0 1067 2347 710 0 85 6 677 163 0 290 569 3005 24 0 911 0 8 0 0 18 48 60 0 0 530 0 365 494 0 1229 11988 65 4 0 0 0 89 748 0 0 113 195 412 1142 0 786 19 159 0 7 1786 0 0 0 0 0 0 0 0 0 0 151 0 13 0 12 0 0 155 0 4942 0 0 0 136 0 2 0 143 1532 0 0 45 56 0 0 0 0 476 0 29 3428 0 14 206 323 1752 28 0 0 0 0 0 58 1611 23888 1263 0 159 0 0 184 285 0 5479 0 0 878 0 52 0 0 944 175 0 0 29 55 0 2293 0 237 0 0 225 0 0 0 0 197
 34 2225 0 0 0 0 0 0 0 610 321 712 0 0 2 0 264 0 143 0 2084 0 0 1749 52 0 178 2455 17127 1054 1 14 0 0 185 0 71 991 0 0 44 0 0 23 3427 0 4875 221 122 404 1194 0 2601 0 10 649 44 150 54 0 3 172 0 0 0 0 0 22 0 195 1027 0 44 0 0 9 679 90 39 174 0 0 565 55 73 0 336 22 147 0 0 0 0 231 0 691 946 193 201 23 0 387 0 0 983 0 0 0 0 0 355 2391 0 0 0 0 51 0 186 565 0 0 16 0 0 188 0 0 0 350 0 788 0 0 267 653 0 58 0 2895 1930 73 0 0 0 0 0 656 0 0
 0 0 4 21 1966 0 0 37 535 0 370 0 0 9 0 0 0 0 0 0 193 0 376 0 0 0 42 0 25 0 0 0 1261 0 10 0 58 18403 0 0 67 0 375 0 34 0 0 71 2702 0 0 170 0 18 782 0 3010 478 0 5 0 2 1973 62 0 0 0 0 538 18 411 196 0 530 0 0 0 0 0 2 2 0 68 0 1014 114 65 10 0 632 383 0 1777 0 30 0 268 12 0 88 20520 62 5 0 82 0 0 3176 548 5 0 0 2879 291 8 0 20 631 33 339 28 130 87 0 1694 0 0 10783 248 27 0 40 3003 355 0 0 0 20965 0 45 924 0 1030 0 0 0 0 5521 0 2181
 11 2 540 48 0 400 0 507 0 287 0 15 50 0 245 44 13 264 0 68 494 7893 0 1092 0 0 0 528 0 0 0 2347 0 0 1034 0 0 703 139 554 0 0 429 7487 0 0 0 0 17414 0 254 554 927 0 0 0 0 0 0 152 27 0 264 4 1499 72195 0 0 0 149 0 539 0 0 101 229 54 15 0 0 0 0 841 0 0 0 33898 15371 0 204 0 12 22 14 148 0 466 138 9098 36 161 0 0 0 0 0 0 0 0 16478 0 0 0 0 0 0 53 0 10 7399 0 9115 0 98 14738 0 0 1226 167 1557 0 19 0 0 69 4 0 0 0 0 0 0 13 0 38 1679 2497 18426 1148 267
 0 370 0 0 138 5 0 62 94 11964 9 0 0 542 0 22 858 0 255 0 28 90 202 0 0 0 0 0 0 1183 0 0 1404 0 10 0 731 0 0 0 0 0 0 0 0 0 0 1273 37 616 107 13 0 0 1 0 0 0 0 211 2707 0 0 32 0 481 0 38 0 0 222 1679 369 0 1506 0 0 0 215 0 145 8 0 234 3116 0 369 1628 0 311 0 0 0 0 59 37 0 0 0 649 5399 12 0 0 0 0 0 128 23 754 115 0 0 20 72 30 0 0 0 0 0 0 0 0 0 6 0 1664 0 0 484 5 1426 0 0 0 0 28 0 11 0 0 0 52 0 0 33 0 67 723
 0 7047 0 0 0 0 0 1094 0 1151 266 8416 165 114 0 0 0 3057 0 4205 0 0 2555 0 179 115 139 1152 560 0 0 274 31 2799 244 11 0 35 0 695 0 0 0 352 37 0 3 657 0 286 6 0 0 0 2317 92 13 116 22 548 3954 0 0 155 46 0 5 0 0 27 24 0 563 0 29 0 504 0 0 7736 328 789 0 14 70 74 0 12 4 0 56 25 0 3 1103 0 446 0 1937 202 50 0 0 781 1048 8 0 0 0 0 0 495 0 0 194 0 0 0 441 21 0 0 535 0 0 0 0 364 0 2089 0 0 10 20 0 0 8 0 0 0 0 0 0 0 3 38 0 6 0 0
 584 0 0 0 0 0 361 0 0 0 1748 32 6908 108 0 0 0 0 0 246 4638 0 26 0 265 0 0 0 1113 0 638 0 0 0 0 0 184 2 134 48 1836 0 0 0 0 0 4542 0 0 0 0 0 0 0 0 88 0 0 0 86 42 77 0 0 285 65 20965 4 1 11 0 1390 12 0 0 0 0 187 0 0 617 0 4 0 0 848 14 1286 3009 104 0 0 0 0 813 109 2879 32 0 0 0 14216 129 0 0 0 169 0 0 0 0 863 0 308 749 0 666 6493 255 0 0 0 0 96 14751 28 0 336 0 1733 0 0 0 0 665 323 184 134 0 0 0 0 0 15 0 4 4209 0 147 0
 0 0 18 0 199 0 0 1069 0 2366 0 0 39 0 211 17 0 0 0 0 0 0 0 0 0 0 0 0 3463 20 0 0 151 0 0 572 0 249 0 0 0 997 45 0 0 0 33 0 8338 42 18 873 827 0 168 12 0 0 0 17 0 51 1167 491 0 0 158 0 0 0 0 0 1 0 0 0 298 0 109 0 0 16058 18 14 309 0 0 0 0 0 0 0 0 0 1577 0 0 0 2 0 342 0 6 0 1392 44 0 0 257 38 0 0 24 0 12 0 0 0 0 0 598 0 0 240 0 247 0 0 2995 0 173 17 22 29 0 28 5 63 4655 24 0 31 459 720 669 109 13 0 16 89
 28 0 0 0 0 0 55 0 120 0 131 31 0 25 3 10908 77 18 0 195 12 164 0 55 0 95 4484 0 0 1671 25 0 0 0 72528 20084 0 0 0 0 327 0 89 1082 2368 0 248 957 0 1682 129 0 1069 7130 122 0 481 0 0 101 0 3 447 0 464 0 0 31 0 0 125 0 0 8 66 61 9 0 919 0 0 0 0 43 0 2789 0 4 0 897 0 467 2 489 368 34019 0 51 8537 0 0 0 0 0 0 35 0 0 19 0 0 0 0 0 23 832 0 0 0 1934 0 0 0 0 0 0 0 0 0 0 222 0 239 10 452 67 55 1901 0 0 0 0 0 0 10747 0 0 0 602 168
 1232 180 0 165 0 45 0 76 393 0 0 0 125 2393 1498 0 0 3165 0 0 0 415 1063 0 176 0 105 17 0 0 64 0 0 0 7798 173 7 65 1052 0 38 0 504 0 0 0 87 28 0 0 0 154 5416 92 0 18 0 0 130 5 0 0 126 217 1069 0 150 0 6 556 0 518 0 148 0 489 0 794 0 0 1 0 1188 474 0 0 0 0 0 1215 0 0 0 1479 3 0 0 1676 0 0 0 0 24 0 0 0 6017 0 2722 151 0 0 7044 1 0 0 0 0 0 0 0 0 3695 18278 0 1063 524 4 0 0 982 0 0 18414 0 0 0 0 0 1 128 4182 164 0 0 0 0 13622 351 0
 0 23 0 401 0 197 0 18083 14 0 0 799 92 0 0 1103 540 547 53 310 59 24 9 1103 0 0 147 0 0 0 16171 4540 3373 0 0 2 122 81 0 0 140 2129 0 0 50 0 0 0 0 0 28 24 0 114 47 16 0 0 0 7 0 0 0 122 0 0 3020 0 0 631 1121 3425 1802 14 0 291 0 0 0 171 0 10 99 0 733 14 139 98 266 0 26 0 0 487 0 789 158 1217 53 620 0 0 0 0 0 9178 0 132 0 0 126 69 124 30 164 0 0 0 0 0 0 822 0 1796 44 7 0 0 4 9 0 189 37 0 0 0 199 0 764 0 0 0 4 0 1065 30 0 1748 0 0
 0 237 214 4 2 0 562 237 42 317 267 0 0 0 0 0 48 776 0 0 0 291 1230 0 1 51 643 0 0 0 23 1512 0 140 0 320 0 0 0 15368 0 0 30 0 3451 17 204 0 0 0 197 0 4 1 687 0 367 0 0 9 0 0 768 0 0 1754 241 0 172 0 1 1524 1188 0 0 934 0 0 64 1810 0 3542 0 0 0 559 0 1115 0 359 0 0 0 3702 0 0 489 0 0 0 29 17 6 0 0 0 22671 158 86 0 0 313 296 0 0 0 101 221 0 71 52 0 0 102 61 47 0 272 56 0 0 0 0 86 26 83 0 0 0 0 381 0 554 0 3 0 1188 0 0 0
 841 0 7946 32 8 0 18 0 1 0 0 0 0 4 0 0 706 8931 681 0 0 0 41 0 188 133 0 284 80 136 165 0 0 0 226 0 0 0 513 0 0 15 0 0 0 16 619 11 0 0 0 0 59 0 29 179 14 0 0 0 1249 0 0 0 265 0 0 21 0 0 0 284 141 0 0 182 0 0 0 0 470 990 777 0 0 629 0 0 0 55 15 213 37 0 109 0 17 0 0 13 4249 397 0 5 786 46 0 448 0 0 0 0 733 458 266 0 0 0 0 1 292 25 0 0 0 0 0 0 165 94 0 0 92 0 0 0 87 20 0 0 1849 22 33 0 0 0 0 517 0 0
 285 258 7 0 0 0 0 0 342 2 0 0 0 57 0 0 0 5 610 544 0 551 532 0 77 0 152 0 12 1 0 0 0 0 0 0 302 0 49 0 0 0 96 0 0 4686 0 181 0 2 0 59 742 0 246 332 7991 0 0 27 0 46 116 0 0 0 0 741 4262 0 0 0 32 0 0 0 0 0 0 0 387 0 0 62 0 848 231 35 0 0 39 227 2 0 0 1086 1289 6774 0 222 623 0 0 203 26 0 0 594 16020 1 38 13 0 0 0 95 1152 0 147 0 31 0 0 0 0 243 2 0 0 622 0 0 536 0 58 0 3 6908 0 783 7 0 0 471 0 0 0 0 44 0
 34 377 23 110 0 425 783 0 51 160 0 159 167 15992 0 8 42 0 4 0 0 132 269 2 1237 20941 0 0 45 0 0 0 0 684 0 0 0 0 0 18 0 1704 0 0 0 34 0 4510 0 0 0 4717 0 146 0 0 0 0 513 0 537 0 0 2800 66 756 0 0 0 0 9 962 0 39 0 0 0 0 13 0 7156 0 136 0 11 0 627 0 0 664 44 1319 0 136 0 45 53 305 0 1567 2649 0 411 0 0 0 0 472 261 76 292 86 0 119 0 1749 0 0 0 230 0 0 1014 0 0 2793 822 0 559 1 0 0 77 45 4600 586 1018 236 0 653 2510 0 282 0 5 0 0 0 0 3
 0 0 0 204 49 0 0 0 0 110 0 962 1211 0 0 127 0 0 771 522 0 14 0 324 0 0 22 0 0 0 584 0 31 0 0 0 0 34 2496 1652 725 0 0 51 1266 0 0 0 0 2 311 0 0 4 2049 121 198 256 183 37 44 796 0 0 0 121 652 0 455 1140 1523 90 37 308 30 447 0 40 0 0 6814 0 0 848 0 0 0 0 0 0 0 804 2546 0 240 0 0 0 0 599 0 51 0 0 0 35 0 0 0 466 579 0 0 0 0 29 0 37 1382 0 341 0 235 1224 256 1674 24 0 0 0 29 0 23 0 0 10 0 0 0 0 0 498 0 11 0 56 0 0 0 11
 418 559 1321 0 13 2114 0 0 217 853 3 0 104 0 117 0 0 0 429 0 0 24939 0 9 2 6 0 0 0 0 0 15 0 0 0 419 0 0 143 4381 7 74 866 0 0 130 0 0 11 80 15 0 0 19 138 2004 98 0 0 0 0 540 0 767 8404 185 247 0 0 0 0 0 2190 74 0 0 0 0 30 0 3 88 0 1506 489 81 53 11 261 0 2 0 0 0 0 146 0 1610 3 0 0 71 410 291 72 67 0 36 0 239 0 0 0 0 0 2 0 0 0 0 0 21 0 0 0 1141 0 177 0 0 0 0 0 1240 282 460 112 8 0 44 0 244 153 0 11 49 362 0 48 84
 0 0 0 0 0 91 0 83 0 0 533 2064 47 55 0 0 0 15 0 0 0 0 0 105 0 1 26 25 0 0 0 0 3851 0 0 0 0 543 0 3709 0 0 0 0 0 0 0 0 0 420 0 141 0 0 0 0 1013 911 274 17 0 175 0 1534 0 133 0 0 2 2234 0 1293 13 78 670 52 0 1200 0 0 187 0 2195 0 1148 9 0 0 94 609 87 0 0 0 0 3000 1452 6 0 131 0 0 11 10127 0 2 0 15 0 0 0 554 0 0 28 786 0 0 0 0 91 0 1729 0 663 0 0 108 0 1221 12 0 89 5 0 0 1629 2600 0 748 104 0 78 1544 0 0 170 861 0 1161
 0 77 0 0 0 9 0 0 12629 0 0 2096 0 0 466 0 0 0 0 0 0 15992 0 0 0 0 48 0 0 0 0 929 265 1240 0 0 0 77 0 0 0 6 0 0 0 0 33 0 0 8 0 0 560 0 87 0 3106 0 0 48 0 120 0 0 132 0 367 653 0 14 186 1179 6583 1105 0 92 0 820 18 0 0 40 1298 0 0 0 0 0 0 76 0 2621 0 0 1 0 146 0 0 0 54 0 251 0 625 0 0 30 21 0 0 0 239 0 0 0 31 368 4249 1065 9 0 235 0 4686 0 0 0 0 261 2995 0 994 100 0 0 2291 0 0 15727 0 0 0 0 0 0 0 0 0 0
 169 0 0 0 0 0 71 0 0 51 0 120 9 139 465 0 0 588 0 528 0 2640 253 0 0 218 983 0 0 0 0 78 58 0 24336 0 40 0 0 0 0 0 2063 0 0 4 0 583 556 352 0 0 5 287 0 0 176 0 0 0 0 871 2932 0 703 681 0 0 82 14 0 2080 90 0 945 0 21 0 4 5 0 0 24 0 0 0 0 0 579 1484 0 0 135 0 183 0 73 1 316 530 0 2504 12 0 0 0 243 0 1009 0 1008 0 367 13 2511 6161 13 65 4635 81 0 0 0 0 0 29 108 0 0 0 5266 0 242 24336 32 0 344 0 0 690 32 526 64 59 1 0 35723 0 0 0
 2 2238 27 47 0 166 456 0 71 0 11 0 821 92 0 0 0 0 0 4 51 0 12 17028 0 283 0 55 503 78 0 85 0 0 124 0 0 0 0 0 0 2299 0 0 0 0 380 72 92 223 0 278 1849 317 1486 0 0 0 0 0 0 0 403 63 0 694 170 2869 64 0 0 39 0 6 189 287 26 45 0 12 0 10 0 0 70 1319 0 9476 0 0 249 8 150 0 0 0 0 10 0 0 17 2676 0 0 0 41 0 0 0 0 0 1385 89 1450 0 1 0 0 0 4246 0 0 6 27 0 0 22754 241 2874 27 217 0 0 0 166 0 0 0 42 0 430 41 0 18 2 0 0 0 0 0
 7182 11 25 1108 70 0 204 0 0 0 872 0 0 1277 8 0 60 0 0 0 0 0 128 0 0 0 0 0 39 0 385 135 19 33 12 1611 250 189 0 112 0 584 1538 41 458 0 303 47 0 388 681 314 2 0 0 3881 0 79 5 0 11 0 16 0 0 0 287 15846 0 285 126 0 0 0 0 0 0 97 1298 187 39 0 1148 365 0 0 118 68 0 0 5 0 2 64 68 642 0 657 0 107 277 0 0 0 0 144 0 896 0 0 96 0 105 0 0 0 0 0 0 34 189 0 0 2305 3012 690 0 722 0 0 121 0 0 0 0 0 1738 0 487 0 0 0 47 78 0 44 249 0 0 61
 116 0 0 0 143 6 0 0 0 14 4513 2822 0 0 845 0 12 1221 0 611 0 385 1499 8 0 0 0 0 6 128 0 0 0 12 11 0 29 0 0 0 0 83 0 0 0 961 2742 213 0 0 12013 0 0 0 0 753 35 0 1521 8 258 1352 671 0 0 65 0 8 51 0 0 0 197 2096 786 0 1015 0 87 0 504 0 4249 529 0 0 0 0 133 87 0 0 0 19 0 746 0 0 200 80 9 106 0 0 0 2407 431 0 2 0 4023 192 13371 691 129 0 0 0 2801 0 0 152 2347 8 0 0 0 6 0 12 0 5 0 109 13 696 3629 114 38 19 0 0 224 0 237 26 783 0 753 125
 127 86 0 0 0 0 0 0 711 28 23 30 0 795 2539 0 1368 247 0 0 1087 223 0 0 1072 0 0 0 14 1189 0 41 1092 1338 2471 411 33 96 0 605 17 241 0 0 0 678 607 0 0 0 0 447 0 80 0 0 0 231 1225 12 0 0 0 4260 272 0 0 606 0 0 2357 0 0 0 2534 31 0 0 0 761 0 0 63 0 0 24 0 0 0 0 578 254 617 0 0 3548 0 0 0 448 844 9073 8 1183 508 1 1069 0 747 761 0 52 134 120 131 0 10944 26 0 14 99 10 30 0 8757 0 145 0 0 0 0 1 0 0 0 136 9085 0 0 0 0 1905 0 29 0 36 0 0 0 0
 0 8 0 12 10 7 9 1396 0 7 4592 457 294 39 0 53 507 38 98 0 0 1 0 0 0 50 822 0 141 0 158 0 0 462 0 2324 7 0 0 1739 22 0 0 0 0 0 101 33 0 0 784 17 56 163 0 0 746 525 11 212 0 9 1091 0 0 43 0 0 0 5 0 592 0 451 0 0 1895 59 56 120 0 0 301 72 0 0 969 0 3 0 0 0 544 82 0 913 0 5940 6908 517 69 0 0 576 538 0 0 0 0 0 205 199 60 412 0 0 0 0 345 0 0 921 0 0 235 0 652 0 0 0 0 580 0 541 19 4209 252 214 0 0 0 0 738 1887 0 0 101 0 0 11101
 210 0 198 0 138 0 0 0 9 270 46 0 177 0 0 0 0 0 0 37 0 0 12 1378 0 1173 578 7 0 45 242 0 0 0 1 39 46 0 11 62 219 0 108 23 0 0 0 0 0 5 0 0 21 108 0 36 0 34 0 0 0 0 804 0 0 6 0 329 21 0 12 69 0 0 2 0 0 46 4 0 90 170 0 7 63 0 72 0 4476 521 0 0 730 0 226 11 50 27 0 0 0 0 0 519 644 0 0 0 0 0 23 0 2494 23 152 649 0 0 0 0 0 0 4 0 0 5 0 4 3314 0 0 0 13 0 0 0 0 0 0 702 0 537 1062 4218 128 26 11 0 538 221
 0 0 1206 0 0 0 27 0 0 0 439 0 14 0 198 1 0 0 0 0 0 71 844 0 420 0 0 0 0 78 0 0 0 2118 0 0 264 0 415 87 735 14 0 13 0 0 8 0 74 0 3 172 111 0 0 49 0 0 3557 5 72 0 293 184 0 0 18 0 26 0 0 0 0 615 31 0 0 26 116 0 1442 334 0 133 85 0 121 12 11 26 0 627 255 895 2632 1297 4587 12 22 299 0 14567 1560 16 0 15 0 11 102 0 0 0 0 0 0 31634 0 7 6 0 0 0 559 0 0 0 0 0 7993 95 0 1062 0 528 0 0 0 0 863 349 150 0 15 0 247 371 0 0 0 0
 33 0 836 111 104 91 23 72 11 0 5 0 0 4 999 0 59 0 118 1161 0 0 0 0 0 0 4 32 113 0 2225 16 0 5 314 0 0 63 160 1410 0 0 0 0 0 4428 0 48 0 0 0 759 0 0 0 12 0 0 66 0 0 0 0 0 0 0 212 5110 529 0 1312 0 0 0 7 0 147 514 100 52 0 16 81 0 0 0 0 0 0 12013 711 0 180 1676 0 185 0 110 0 5 0 361 1518 691 0 0 0 51 2 0 0 7043 311 0 88 0 0 1854 24 0 19 4080 2666 7 187 1329 0 157 449 706 0 0 0 980 12 0 0 0 0 228 1002 48 626 0 269 0 45 2676 0 0
 0 16 217 0 128 0 108 1373 0 9 141 0 0 0 739 132 0 0 551 0 82 9 0 2287 23 7705 73 0 0 48 0 0 0 0 2487 30 0 61 0 0 0 1868 0 98 942 1128 0 0 476 0 0 1854 1092 180 22 0 0 0 618 752 0 0 0 0 0 0 47 0 1921 0 0 15 0 24 0 0 2986 169 91 0 0 1754 1 212 1277 0 422 18 0 946 2757 0 40 0 578 0 52 11 3176 1377 0 0 0 0 48 0 2491 1770 0 120 0 0 0 1 472 0 0 0 0 896 147 0 119 0 1755 1412 0 1391 262 409 0 13 743 0 0 841 0 0 415 0 3727 89 31 0 53 0 0 62 270 1909
 0 0 7 318 0 13 0 0 1874 3230 10127 0 0 0 0 10 118 0 682 0 269 282 0 339 0 51 1754 2334 135 0 1833 107 0 1757 8477 535 0 0 168 0 1176 0 0 532 0 0 0 652 222 0 0 282 0 138 1209 0 0 0 379 0 0 0 1095 2232 0 0 15992 35 24 0 298 2 19 1357 7991 0 0 40 0 414 1374 0 0 0 0 0 19 2301 0 4003 0 0 0 0 245 5 0 0 5 367 0 97 159 0 608 0 0 0 0 5 0 1824 0 0 2555 444 544 27 5 17428 0 1274 0 0 0 1119 0 0 0 0 162 976 12 1876 0 0 0 0 0 154 0 49 0 0 608 0 0 0 871 0
 5 0 1 0 32 0 0 0 0 47 114 0 16 690 0 0 1018 311 2575 0 0 0 9 0 2225 48 1542 127 0 0 25 0 134 0 0 397 0 0 0 0 0 0 36 0 303 239 0 1553 0 154 0 0 4 0 47 0 3 0 88 0 67 0 0 0 177 0 0 0 0 317 0 0 162 0 1361 357 0 0 0 219 58 0 1542 922 0 0 0 0 0 3634 4542 16 0 0 2238 0 689 3 369 0 50 347 0 141 0 0 0 0 298 0 10 0 0 1 0 0 0 62 0 1559 0 0 551 0 0 80 0 0 3021 88 4 0 0 0 0 0 0 353 2711 0 0 0 0 0 0 0 58 2194 75 44
 217 0 0 0 0 0 1 256 0 0 14 767 1521 0 1260 0 0 0 0 963 0 3 0 0 0 0 0 0 168 147 4943 96 58 0 0 45 0 0 98 0 1201 0 1 140 54 0 90 60 5 0 0 317 0 0 2605 0 0 0 665 794 26 0 1581 0 0 324 5 273 0 0 315 0 0 0 358 0 0 0 2 0 0 7 0 3622 0 139 0 0 1693 0 0 184 0 582 0 0 4 0 0 0 0 0 18 0 12 3 0 0 4 41 0 0 502 209 0 144 0 0 0 0 297 22 255 0 705 708 263 230 0 69 28 1790 2279 0 13637 0 495 2 2278 1065 323 321 4 0 7 0 1263 0 0 6
 0 501 1119 138 0 3 101 40 0 0 231 0 0 10 0 1 177 0 9 1 0 116 0 731 106 558 0 433 714 30 0 0 0 0 2 0 0 0 0 0 272 92 424 50 93 0 0 39 38 0 3420 0 0 0 0 885 1740 4 183 3633 3314 53 0 420 0 2 901 0 54 5 300 0 0 0 0 381 247 0 1063 0 203 873 0 508 262 0 311 1412 15992 0 0 1571 745 6990 0 344 2879 212 0 0 199 188 104 0 5 30 40 0 157 0 0 0 0 2631 6831 16171 44 481 0 0 0 0 0 4 99 0 0 0 16 368 0 0 0 0 0 0 173 29 55 0 173 2800 0 0 0 0 40 0 244 39
 16303 5 0 0 445 1070 0 98 2810 582 0 135 1971 254 48 0 0 0 0 48 2 0 0 59 0 11 0 0 0 0 0 0 0 0 0 0 0 0 904 5 60 0 235 0 4 135 0 0 248 1678 63 268 0 14 250 0 940 1120 26 0 93 0 0 2799 15311 13 14 0 2233 368 4 0 0 2296 0 18 151 87 0 0 0 11 0 0 0 0 0 0 172 423 2 0 0 302 0 0 68 0 0 0 1004 31 4548 1069 17116 498 0 0 0 504 842 0 0 60 0 0 95 1243 224 0 263 232 859 200 0 118 0 0 262 2375 0 2 0 0 0 0 478 2658 0 0 0 3 0 0 0 0 278 0 269 791
 0 0 12013 0 119 2113 0 0 0 0 424 460 9 1098 28 108 0 314 0 24 47 0 0 0 0 57 22 0 9 0 36 399 500 0 13 21 0 0 0 2184 1367 0 0 1050 3633 392 149 0 103 0 45 0 0 81 0 26 103 1036 1370 0 0 350 0 207 0 173 831 0 0 0 0 46 345 0 3008 0 4218 813 131 1053 0 0 451 0 365 0 0 3 198 4590 0 0 0 160 0 0 723 86 0 0 89 23 25 0 102 0 6 55 0 5393 0 94 115 1337 48 479 0 24318 47 7165 488 0 0 0 4 0 497 0 1113 0 118 14 0 0 187 0 0 304 0 0 0 49 36 0 43 0 0 0 0 0
 0 28 157 369 1521 84 3 0 0 0 8 60 0 244 0 158 6908 0 0 9 557 0 1367 0 161 689 138 0 321 0 148 632 0 0 419 3 0 0 30 0 5 25 176 0 1263 0 616 1576 0 0 0 0 379 0 574 11 0 0 2 83 107 0 0 0 0 0 0 0 0 17 20 0 4 174 0 269 104 0 0 39 0 16 61 2 0 0 555 0 0 0 8 295 13375 72 25 3 0 2169 2686 0 702 985 9 0 0 98 0 8 0 30 0 0 13901 0 0 500 6 0 0 0 0 2204 651 134 0 0 0 0 0 0 584 0 1201 0 0 63 34038 63 22 734 0 0 220 66 0 0 0 0 0 1679
 0 0 0 0 0 0 0 135 6 0 0 0 27 89 0 0 2657 340 279 0 0 0 0 0 402 19 0 0 38 0 0 56 0 4 0 0 999 37 81 7 147 41 1289 696 189 29 946 0 0 0 0 10 69 0 0 0 0 0 0 34040 0 72385 6100 0 238 0 27 0 2600 0 791 411 0 0 0 0 0 0 0 27 0 0 0 0 0 0 0 46 0 1906 260 0 8 143 0 820 0 0 0 443 0 326 0 40 0 0 0 0 379 326 357 42 0 72 0 0 0 18293 282 0 0 0 13 628 0 0 0 41 0 0 0 0 0 1749 2206 0 7322 0 0 345 38 11 66 1444 327 0 0 0 7980 15
 1378 0 48 1027 5 312 1635 1652 0 52 0 0 746 1193 115 18 441 0 12 0 0 0 0 0 57 13 848 72 30 0 106 0 278 63 0 0 26 0 23 0 0 0 0 0 223 15 0 0 0 0 0 183 997 0 361 0 0 0 0 11 0 0 0 14 0 0 518 208 173 0 0 0 0 0 2878 3887 0 0 0 198 193 7 506 8 0 0 107 0 23 0 0 0 0 0 286 69 18 0 0 3 0 0 0 0 0 11405 0 15 189 0 0 0 0 0 0 0 0 0 0 0 11 0 3949 16358 272 0 0 951 18315 0 0 0 0 0 649 18417 0 375 597 201 0 0 0 0 0 0 16 142 0 20
 0 637 261 0 0 1064 1373 0 14492 4 0 439 816 0 0 696 942 0 0 0 1044 0 104 1373 0 682 0 0 32 46 0 24 729 35 1961 5 0 0 0 0 2874 180 57 208 0 0 0 0 0 0 0 0 0 565 9180 1204 0 0 4 2 0 0 0 168 2 0 183 0 0 0 3230 2790 0 0 116 0 0 9 0 0 0 702 34044 0 0 0 0 0 325 0 22754 0 46 0 0 3080 285 1 0 0 0 1365 16171 0 809 2481 0 450 1094 0 0 0 0 668 0 10 0 0 106 0 0 0 24 0 320 900 0 0 0 0 80 762 24 0 11 0 11 11 0 0 0 323 38 0 101 0 0 46 324 24957
 0 0 0 0 0 10 233 0 0 0 0 808 0 59 0 0 87 0 0 422 186 0 126 2555 92 0 0 0 0 0 0 0 0 31 264 0 873 183 0 6 0 336 0 536 0 0 0 0 0 69 310 180 222 0 0 152 0 0 676 0 0 4551 0 125 0 6 0 0 319 0 223 4636 4257 264 0 0 808 274 0 1849 575 0 233 0 0 0 635 0 0 0 45 15 5388 41 0 0 244 0 14 84 0 28 20 8 0 0 321 0 0 0 46 0 0 0 0 0 0 0 1465 0 224 0 556 124 195 56 0 1025 0 0 0 0 97 0 0 0 0 0 101 184 0 73 1712 2232 255 4 375 0 0 69
 0 0 0 44 0 0 0 137 9061 145 0 0 0 2366 1392 0 0 0 71 0 0 2918 11 0 0 610 326 0 0 0 409 0 0 414 359 0 2098 0 1087 126 0 84 5 0 0 0 23 0 0 82 0 690 356 33 0 0 0 37 0 136 0 0 0 0 0 65 8 30 4 0 0 0 0 0 0 1023 0 37 0 0 0 0 0 0 23 0 0 0 0 29 60 338 7044 1027 250 0 0 18303 0 609 64 0 1574 0 0 0 0 496 0 0 650 352 217 0 47 1969 0 0 206 2 477 0 0 0 0 0 0 0 122 9 0 0 0 487 2255 0 0 257 3 0 0 1366 0 62 0 78 313 0 15 0
 0 911 0 0 0 0 223 0 0 0 0 3300 0 0 6 0 0 0 0 2211 0 0 296 714 0 119 0 0 70 671 0 1 520 34044 0 5976 147 16052 0 0 22641 0 28 0 126 75 0 0 2924 0 55 0 23 7098 390 0 0 842 0 0 204 0 0 0 0 904 0 0 0 51 0 0 0 0 26 268 186 0 15382 0 0 0 0 0 65 81 81 1921 7 0 72 0 0 0 0 1069 1451 103 18293 0 30 4399 0 2936 0 2340 0 0 48 2212 344 0 84 0 0 205 44 0 8 0 21 0 0 0 214 0 213 0 0 0 7 0 1682 0 0 3727 240 0 2702 38 0 0 0 0 0 0 0 219 1 3
 272 324 0 2545 0 0 0 0 417 0 0 663 541 101 41 91 0 0 0 0 0 94 0 0 367 0 28 2 410 34 34 59 0 25 0 85 0 12 0 0 0 55 26 314 0 122 0 0 0 979 0 234 7 650 219 121 0 3463 0 0 0 0 2977 0 33 0 42 0 1215 0 0 0 489 911 0 0 0 34 0 0 81 0 0 405 2453 0 0 821 0 0 186 0 0 0 0 0 42 0 0 0 0 1852 1868 42 34 0 0 0 0 2391 0 33994 116 0 0 6749 0 0 88 44 0 44 0 700 134 0 11 69 0 0 2315 118 0 0 10 0 34 0 9 127 3 25 0 2158 2391 0 23 13 72 0
 954 0 2226 37 0 0 0 551 279 2676 0 408 0 0 0 0 198 245 488 37 0 175 0 0 84 0 0 0 186 15379 0 0 0 3019 479 0 1850 35348 1973 6 0 437 0 738 1916 0 120 0 0 2480 0 0 321 0 0 1852 0 1752 701 14195 15 0 255 239 0 0 0 3007 0 70 0 121 6 0 61 0 0 0 0 547 1948 257 0 1400 0 0 0 147 0 820 0 0 0 0 0 123 0 0 0 0 105 0 68 0 23 0 0 43 0 0 368 0 10 2701 0 0 0 895 0 1277 609 0 0 0 0 0 292 1043 0 0 0 0 0 1749 540 14 0 0 0 0 382 0 0 215 7 81 246 0 0 2278
 0 0 0 0 0 43 0 3 42 0 61 0 0 0 16624 453 0 73 688 1 0 0 23 0 9 0 0 155 121 49 36 0 0 471 0 0 0 62 359 0 0 0 7156 9 481 74 0 0 77 0 0 0 387 277 608 2371 0 19 0 0 4627 345 89 45 0 4423 0 0 42 40 8987 0 0 5 3311 0 0 332 14742 4 0 257 0 0 0 0 0 588 1876 0 184 169 0 449 24336 0 626 65 0 162 0 0 197 424 23 8 53 144 6762 268 0 0 0 2 489 0 0 3 53 511 0 0 233 15 611 10699 214 69 0 76 359 113 1247 162 0 0 0 2530 40 657 49 2319 6 0 594 0 0 0 76 0
 17616 7038 0 118 4025 1 0 0 568 1 70 233 0 0 0 1033 50 102 1127 0 0 0 37 71 0 268 0 6 232 21 507 0 54 75 90 102 0 690 448 97 0 0 0 1255 0 484 0 0 1119 439 434 0 0 0 21 0 0 488 0 0 0 0 76 15 0 105 0 211 24 307 573 0 0 677 343 0 4937 0 362 4060 38 0 0 0 0 227 344 0 0 75 0 0 0 0 112 1264 891 0 31 0 1922 0 0 0 3 0 0 0 0 162 0 175 6 0 0 7 1 419 0 0 37 0 623 3132 87 18 0 0 0 0 5 16 35 0 0 1873 74 472 0 0 232 0 0 284 0 1275 11 2427 0 0
 0 610 0 0 97 0 146 488 35 347 0 8 570 0 60 92 172 0 12 0 64 2933 0 58 0 1273 0 0 0 0 0 31 0 0 3300 0 0 1173 0 0 0 150 0 0 0 0 0 19 4 0 424 47 0 0 0 0 0 378 91 0 106 679 7 0 0 57 0 0 763 0 34024 0 3542 1 0 0 0 57 0 0 0 0 0 223 97 0 14 64 1612 139 0 0 0 414 0 0 0 0 21 172 0 277 14 0 667 269 0 0 386 2355 0 0 18 0 0 0 261 0 0 0 0 638 0 0 0 0 219 521 300 317 0 303 0 0 551 183 3520 0 0 188 0 23 1528 0 565 71 120 0 0 0
 205 0 0 27 0 0 0 458 0 0 0 54 91 0 0 0 0 0 512 0 0 0 0 0 0 0 0 0 0 201 0 0 18 0 370 0 9 0 0 39 0 0 476 0 0 179 222 0 0 0 0 0 0 80 0 30 0 0 0 0 7 147 0 210 8693 0 29 111 0 122 0 231 126 2743 13 2 232 0 0 710 63 0 0 7 0 18278 2781 0 38 616 1303 0 2 0 282 32 180 875 0 2192 1480 440 3 0 0 126 580 0 91 623 48 0 2507 0 0 0 57 256 36 0 0 0 1207 0 0 428 0 399 1064 449 0 0 282 0 0 0 9 0 0 0 0 901 10 0 670 1928 1944 45 0 82
 0 0 1659 0 6908 5441 0 130 37 0 0 160 0 0 0 18285 0 326 0 0 601 827 0 81 0 0 151 15 0 417 0 0 0 11 0 0 0 16 0 7 2783 0 0 218 0 853 0 933 0 0 0 24 0 699 14 0 2593 3 554 0 98 0 401 0 4612 902 63 942 686 0 0 0 0 0 0 0 0 0 0 1516 0 133 8 46 114 0 0 0 0 0 101 1014 3 0 0 29 0 0 504 0 5 486 0 0 611 261 695 64 0 53 0 0 0 574 38 0 0 0 358 0 0 0 24 0 0 1682 0 0 0 0 102 0 0 0 0 0 272 0 0 0 0 398 13 6 0 0 0 32 0 5499
 0 0 0 67 0 256 0 0 4536 2226 0 0 108 0 0 168 0 3340 580 1909 4542 82 0 620 55 33 0 1046 27 20376 0 0 0 1104 0 0 469 0 78 623 561 36 0 0 0 44 0 0 0 281 0 0 1647 7214 7 40 131 0 0 88 7 0 243 0 956 237 0 0 0 1 0 130 0 0 0 24 4249 0 0 138 1192 0 0 84 136 0 0 158 1467 0 0 0 2 539 264 0 0 0 0 18 0 120 620 0 605 0 0 77 629 0 0 80 0 0 491 33 540 1571 0 0 21 0 64 1846 0 0 0 0 0 0 0 2 3 0 0 44 442 0 8 110 0 0 0 3169 611 0 0 199 526 13
 0 116 32 0 53 88 0 1209 0 58 56 0 0 3633 0 0 0 0 75 0 0 0 0 113 136 1342 2229 255 0 0 0 0 0 0 24958 0 554 19 0 0 705 81 900 0 0 1020 97 24323 380 759 0 1232 51 0 0 91 0 228 0 0 1363 0 0 0 867 4092 0 1 0 0 217 600 0 0 0 0 1918 462 168 24 82 0 0 79 22 98 91 0 0 8 0 1404 0 0 0 0 143 2715 2 90 0 0 41 0 0 0 0 0 6 8 365 0 0 86 0 0 1437 11072 104 21 0 0 0 9903 242 71 0 8 223 0 146 9 2555 0 354 0 0 114 0 791 39 0 0 0 0 53 7935 1 104 0
 0 0 311 0 578 363 0 235 2075 512 245 0 0 0 0 40 0 0 0 0 33 0 0 0 0 0 0 177 0 34044 56 0 412 70 66 0 17 24 0 0 0 0 0 0 3573 0 0 0 0 1042 2 38 0 0 0 0 0 976 0 775 0 44 515 0 979 527 276 1574 23 0 110 751 0 0 0 102 152 11 0 82 0 0 152 0 0 1000 66 40 21 0 499 989 0 150 923 0 0 176 0 0 0 92 0 5 29 253 0 1189 10 0 0 424 104 5 0 49 0 35723 448 107 0 0 14 0 28 0 0 389 156 128 0 242 0 0 0 0 0 0 0 767 0 0 119 0 0 72 0 0 1993 0
 0 18 20 1213 0 617 102 0 0 69 147 0 0 125 32 0 1273 0 6 0 5 0 17715 1110 0 0 0 269 0 0 0 0 0 0 2929 32 0 0 6 0 233 0 0 0 43 692 430 0 65 4 0 0 80 0 1048 0 425 4554 12 184 0 967 850 478 0 0 49 1195 0 0 0 2396 0 0 33 7993 0 29 9 0 87 0 0 0 445 168 0 6064 0 43 12 20 333 0 258 0 27 52 9 0 25 0 72 209 0 0 9108 1972 0 4366 0 69 0 698 0 330 31 0 32 0 10 2 0 697 1244 3012 0 0 241 72 1013 1497 0 0 133 0 14 0 0 26 0 140 0 0 68 0 4674 530 0 0
 0 0 0 238 689 0 0 0 119 0 0 37 0 0 2271 0 34 0 935 20 0 0 69 14 303 0 0 0 0 2305 11 0 8510 13 0 0 71 0 131 686 508 42 171 0 0 0 144 31 11 0 156 11933 696 265 0 26 602 0 66 93 121 0 2336 1571 536 620 0 196 0 0 0 0 9 28 40 1599 50 0 0 0 0 0 0 0 0 105 0 101 6 139 0 123 75 0 0 1736 92 46 116 0 0 0 0 2799 0 0 0 30 11 99 0 183 24 0 0 23 0 224 0 146 1075 0 39 0 0 0 13 0 0 135 218 42 0 0 0 0 140 0 0 0 7196 17 0 455 0 98 0 0 0 0
 0 0 0 334 0 35 0 0 1168 262 0 24 113 0 0 0 0 0 0 14 73 0 118 517 518 0 100 0 4089 159 54 21 0 28 310 73 719 0 0 0 0 4 161 841 1010 38 337 0 0 20 387 2100 3862 0 103 0 4218 0 864 0 96 0 206 0 82 0 26 0 0 0 284 0 2248 0 1016 126 44 98 0 0 201 0 0 0 0 900 92 0 22699 0 0 0 0 0 2342 0 86 0 3848 144 2 1 0 0 12 28 911 0 2996 0 0 0 890 0 47 2995 0 0 0 0 0 91 0 23 0 598 166 0 129 0 1516 0 0 17 1 355 690 0 642 0 0 0 0 0 0 767 7167 0 0 374
 15471 13 0 0 226 210 3594 4 1774 184 70 0 258 9 0 0 0 0 570 0 683 199 23 0 21 5 169 0 223 22 7242 0 0 0 15 0 0 0 0 0 0 0 0 104 0 607 0 0 0 0 0 36 0 2044 16594 0 31 516 45 0 387 0 2164 0 0 0 0 0 352 0 0 0 0 90 21 25 0 0 0 816 177 0 0 38 0 91 0 0 0 19 15319 0 14 0 198 5 1 608 10 0 309 472 2288 0 424 228 288 0 0 1754 1289 59 4 0 0 0 84 0 12 0 0 0 0 0 100 0 0 474 102 58 408 41 3 0 408 0 1018 2456 0 0 28 0 0 3 0 0 0 348 0 10
 57 0 0 45 0 0 0 188 0 74 1 907 0 1770 8 897 0 0 197 72 401 895 4169 8 1072 1732 0 0 77 23 0 0 0 0 4 0 7153 817 50 263 0 0 244 1587 30 13 0 236 0 5 514 0 0 0 466 0 1876 4 1285 0 1 13 695 0 251 20965 88 0 587 0 133 51 0 0 0 0 0 387 0 0 284 2234 20 23 0 0 237 40 0 272 0 0 16 0 0 9236 30 0 16054 0 0 0 61 0 0 1732 7 786 0 38 0 0 0 0 83 60 94 0 0 1749 1450 46 0 791 0 191 6 38 17 120 0 566 0 715 1352 0 23 0 0 399 15 1 0 34 3085 0 0 20965 778 904
 36 1209 0 13637 406 154 0 0 36 380 0 2 0 0 0 46 0 452 0 34 140 237 0 1521 10693 169 0 51 0 1 0 0 99 702 126 127 0 0 0 0 0 0 0 0 9464 0 14 180 0 0 0 0 318 0 0 84 124 0 18 0 0 0 0 268 59 0 14 7044 3 11 0 3 0 4670 561 497 2362 0 0 363 104 126 0 18 0 438 216 767 0 231 1087 0 0 457 0 4192 318 97 2096 77 0 870 40 150 0 0 0 2342 0 0 212 0 261 0 0 0 20 788 474 3016 1006 0 0 0 6 26 0 298 10485 72595 21 494 0 0 0 0 0 0 0 686 556 132 0 1608 0 0 0 86 325 42
 1967 0 55 0 0 0 0 0 1535 99 17 0 0 65 327 0 27 2477 132 38 12 0 0 18401 0 0 0 0 0 0 0 0 0 0 6 939 1644 52 0 56 343 0 75 0 0 0 0 589 0 0 0 1329 0 26 0 0 260 0 0 22 0 0 214 98 24 0 15 47 16 606 0 0 232 17 0 962 438 0 0 60 46 146 0 993 47 0 0 20 0 0 1830 0 0 0 743 0 41 1526 0 8 2 411 0 0 0 803 0 181 0 0 0 19 0 123 2 56 0 0 3 0 29 26 0 0 640 0 0 0 73 0 653 0 0 0 6 230 0 0 0 715 0 0 1 0 511 37 44 1 1328 0
 0 0 0 0 0 0 0 0 0 76 312 0 268 73 0 27 0 1000 0 5 1947 0 0 77 0 232 0 0 173 0 28 52 0 0 267 14 97 361 0 0 0 0 991 35712 0 0 0 16 0 0 3 0 0 430 24 31 0 4 0 0 0 0 0 3633 0 0 2646 12 47 554 1922 20 0 640 0 2230 156 0 0 4453 9 0 2 0 26 0 0 114 0 39 0 790 0 0 0 0 18 0 0 0 0 0 580 0 784 15 0 0 247 0 0 0 91 15378 0 9 0 0 345 0 176 1884 1540 6 0 0 18 420 1670 0 103 0 0 0 82 2491 0 0 0 284 0 80 0 0 0 106 0 0 0 4587
 1 176 77 3108 3566 14 0 0 25 188 721 0 49 115 0 489 49 0 3 223 0 211 20 0 820 0 0 90 0 897 104 8 4109 425 544 810 0 511 151 0 0 83 0 0 361 74 0 0 0 100 0 20 17 0 0 409 0 0 0 1 0 0 0 611 0 29 1420 0 127 46 0 0 0 0 5 2793 23 0 0 0 0 500 0 33984 42 270 3 0 0 0 18 3 4 0 107 17618 299 199 0 0 36 0 0 0 270 144 0 0 26 0 0 68 0 283 289 0 0 0 0 13 0 20 0 0 0 0 0 0 0 0 0 0 485 0 0 0 638 0 0 0 1200 0 0 0 0 139 4 250 0 0
 2 0 0 12 0 0 0 0 0 0 2097 0 0 11 67 0 0 0 12720 0 0 24173 0 58 915 0 635 87 77 130 0 0 130 257 376 557 16 44 66 846 32 2656 0 1045 2 1876 0 0 64 479 0 52 0 1045 385 13 59 3347 0 10 73 0 417 477 93 58 0 653 163 122 0 0 0 416 0 82 0 0 10 20 0 2 0 551 5378 191 0 0 254 3 0 0 0 0 35663 42 0 480 0 0 0 200 0 17 0 147 2 117 0 8 86 0 0 775 0 0 0 0 0 13 320 0 0 625 0 0 20 740 0 0 9103 0 0 1 0 1329 14 0 0 72 0 0 0 0 1754 92 0 37 187 2401
 333 11 189 0 0 0 0 0 237 207 0 244 0 398 69 0 116 0 0 11 19 0 0 398 0 0 0 1571 287 0 0 7 0 0 0 0 55 16 0 4 0 0 0 0 0 0 0 447 11 0 21 0 31 66 0 2615 0 473 16 0 1622 0 0 1046 594 146 14 250 0 0 11 0 26 10 155 0 287 247 47 1127 407 0 0 0 12 3191 0 8665 0 0 0 2241 0 411 0 443 35 307 2740 13 6 0 42 2218 1401 0 50 5 571 30 122 0 11 0 335 0 8692 0 0 0 5 0 0 0 14 139 0 0 0 0 136 0 104 3021 0 0 744 0 54 14728 0 0 0 389 0 1092 0 2207 0 1046
 997 379 626 0 0 0 0 0 0 25 886 0 0 2588 0 37 0 0 0 0 529 2670 0 0 0 417 1760 77 0 514 2347 0 1351 0 905 0 0 0 0 11 0 0 850 0 0 0 0 0 3248 0 630 261 475 0 156 1887 2278 14 72 0 0 0 80 1393 0 10 4670 76 0 1695 214 1034 0 0 0 64 0 0 390 0 1329 0 0 1420 0 0 0 0 98 0 0 18 0 371 0 0 0 0 0 505 2 49 11992 0 0 6908 0 0 0 16115 0 578 0 2 291 150 0 33 0 764 105 16312 115 0 22 0 760 0 0 0 548 313 3 23 0 120 0 360 0 6405 0 21 15 0 0 1875 0 1364 0 0
 0 0 0 0 1423 1429 0 11 0 0 0 0 0 0 54 0 0 1 0 2363 6 12 0 0 0 43 0 0 220 12 0 0 0 0 51 115 32 0 0 139 0 14 97 0 0 16 121 0 0 5 238 0 565 44 0 0 0 74 0 0 902 2 0 614 476 0 0 0 0 0 0 27 220 83 0 35723 5 26 125 0 0 0 190 489 13 49 0 0 8 55 249 0 0 939 0 0 0 376 0 711 163 0 1228 0 0 59 233 554 0 0 134 0 3421 0 4252 0 848 94 0 1 0 1423 456 2 0 0 756 134 19 52 44 213 215 21 0 421 0 0 544 0 0 0 0 26 0 0 0 0 0 1069
 5 0 3633 1262 55 20859 0 917 0 0 77 56 48 66 2401 2 5 0 0 0 888 64 2 0 0 0 0 1751 6 77 0 1255 19 0 0 0 160 52 114 0 338 0 0 1092 0 132 2657 10 0 4561 33 0 0 0 0 0 0 0 0 0 708 0 0 247 9 0 270 691 0 0 0 216 1 2967 0 2 0 0 2566 0 0 165 0 0 106 397 0 0 1 482 0 0 72 0 982 424 0 0 0 30 0 0 3556 0 0 945 152 36 187 0 0 0 559 311 0 15730 0 0 319 14 1235 0 0 3 3 0 48 277 0 0 194 293 0 24332 83 1511 19 0 67 0 0 0 768 152 1644 729 0 0 458 6
 0 11 1 0 0 0 323 0 0 0 0 93 0 1011 10 2081 1 0 113 4428 0 0 0 0 484 0 10 0 0 22 0 0 0 0 1050 0 1 0 17 0 21 549 0 68 452 11 41 2049 561 0 168 247 915 2093 16058 0 0 183 0 0 0 1540 40 0 205 0 0 74 0 0 0 7 0 0 0 0 0 292 0 111 0 0 86 311 0 129 0 0 0 0 0 328 0 7 69 1162 24 0 0 34 18395 87 219 0 0 529 0 0 331 0 58 0 63 0 853 0 0 145 766 1418 0 0 786 222 22 1206 0 639 0 0 0 0 0 2410 10 0 0 0 0 260 189 0 3 1694 0 0 0 0 838 0
 171 0 26 0 0 0 0 0 0 0 0 0 3 80 0 0 1085 0 0 0 426 0 0 1209 0 198 369 0 0 0 94 40 0 0 0 0 0 0 46 14 0 0 0 2516 741 0 0 0 1632 35 7 1123 0 0 183 0 0 88 14 89 0 2087 731 327 249 32 22748 261 0 0 442 9 0 0 0 47 1052 0 0 0 1052 2676 0 0 70 1107 4 1152 27 36 0 598 39 0 45 597 3223 51 6 40 0 0 0 0 52 0 1075 8 1 0 114 28 0 0 1638 0 19 720 0 9 0 181 0 0 0 0 152 0 0 98 0 0 651 0 767 0 91 15 0 0 0 77 0 86 0 0 1013 137 0 0
 0 748 0 1948 1604 0 0 45 0 0 0 3 0 212 83 0 0 0 0 0 0 0 0 0 215 20 0 0 0 1039 0 1576 0 0 313 0 0 1174 87 0 69 0 837 53 0 0 0 4256 0 22 343 0 0 382 6 150 0 146 503 0 2 0 0 0 0 0 247 1733 0 491 0 0 371 198 424 0 0 72 13 0 0 0 47 76 0 1 0 0 1752 221 0 0 54 185 174 0 0 248 0 70 28 0 0 0 109 0 0 122 35696 0 0 15 111 151 0 0 0 20 0 624 0 1765 332 0 0 0 126 234 66 2232 0 0 746 139 0 544 0 0 0 13 0 8 37 0 0 2 12826 0 9 3007
 210 0 302 0 0 0 0 246 72 24 0 0 0 0 766 0 1680 1149 0 0 0 0 0 0 0 0 0 0 0 0 0 0 20 326 0 9 0 0 121 322 233 1370 3 0 2319 0 345 0 1594 9 0 1368 2377 0 234 474 266 0 0 173 15 0 0 29 24 91 0 454 429 0 0 0 2 0 26 0 23 4543 94 0 89 506 290 18 0 0 0 0 24 0 412 0 0 0 67 858 0 2135 8 0 258 16 76 592 696 0 0 153 1 0 0 0 8 0 0 0 0 0 0 38 361 820 354 0 34 127 1768 0 4 0 19 879 0 0 10 0 0 8 13 162 0 0 0 0 274 0 0 4669 0 68
 0 82 0 2248 823 99 0 462 0 1638 0 211 0 81 0 1156 0 3173 0 0 0 57 0 303 45 0 0 4 0 0 0 0 0 0 598 0 0 0 0 0 85 780 0 0 81 0 0 0 76 978 0 0 0 0 10 0 1145 0 0 0 0 0 0 272 0 0 40 2367 11 0 1097 0 0 0 0 26 0 0 7 0 44 0 481 598 6 0 0 0 349 0 0 0 0 42 35 14492 82 734 1772 0 0 0 1605 0 63 0 0 282 91 5 0 0 0 279 0 0 0 15 89 0 710 42 152 0 69 51 0 0 23 30 0 0 0 261 0 0 0 70 0 1571 114 255 2 0 210 0 0 8 93 76
 2247 0 24 0 424 0 89 1921 0 0 0 0 97 0 0 0 0 0 0 542 0 1247 0 98 0 0 466 0 0 0 98 0 0 0 0 193 30 0 97 266 0 0 0 6 0 2076 22 837 0 0 26 0 0 0 158 2657 24 19 174 25 42 370 173 0 69 105 0 0 0 146 52 0 860 2 0 2232 0 0 0 0 0 429 11 11 1072 77 341 6 0 0 0 0 409 0 0 262 0 0 654 137 0 0 409 0 0 10 271 0 978 0 0 0 0 0 0 298 0 0 0 0 0 0 0 0 0 1 165 155 0 1490 35 17 32 256 0 0 0 0 11 34 20956 177 0 26 0 879 0 4425 0 40
 21 231 319 0 0 1224 611 0 1664 0 266 0 633 1396 0 536 0 0 51 798 0 0 0 0 1 0 0 17 0 0 1566 59 0 621 718 158 0 10 0 0 0 0 0 0 1441 4080 2232 0 0 0 2278 0 0 0 0 0 57 0 0 71 0 0 0 0 6 6 0 268 271 0 450 116 355 0 1006 221 104 32 120 2936 24 0 0 0 295 0 156 0 0 7205 0 286 0 0 0 45 83 0 90 197 959 0 132 0 0 0 189 556 0 0 0 0 0 2192 0 0 0 248 902 963 0 50 0 0 0 520 2 81 0 234 0 272 0 24 4 0 17 16 0 298 28 0 237 0 0 0 84 0 0 264
 46 0 0 291 20 0 0 2 0 155 7 0 0 0 1337 767 0 0 0 1 0 0 0 0 0 0 1277 7037 0 0 1 48 0 7553 19 0 0 11 0 91 244 0 0 0 0 0 0 496 434 0 0 0 1 4585 34 0 0 0 75 0 3 0 10 0 0 0 0 0 10 0 3544 0 0 0 0 209 0 0 0 9 18 19 6 2010 0 171 1061 0 0 34 0 3302 233 54 0 455 409 0 0 4 0 80 341 0 0 527 0 24 0 0 65 941 15 8 0 128 1110 840 4473 0 187 0 0 0 266 2874 0 0 39 415 0 652 0 0 794 24 0 22123 113 0 0 0 0 0 77 0 12 0 0 65
 139 126 201 0 0 100 866 1768 0 11 0 25 0 6 0 834 0 0 84 0 5398 2248 0 0 0 23 17 74 0 0 34038 84 264 0 179 0 0 9 0 215 0 0 341 0 512 0 0 186 621 0 0 0 751 0 0 0 0 91 0 0 652 0 242 510 0 1 0 0 0 234 0 116 1948 0 414 0 0 0 0 689 863 0 69 0 23 0 0 377 0 166 0 0 4428 26 8 0 617 210 15966 0 62 134 0 0 1268 2390 184 120 895 1877 1 0 1 0 23 0 14 344 1396 18 0 0 0 0 0 0 150 0 86 0 0 0 845 385 0 0 0 0 34 0 1 0 500 653 413 3100 3 0 485 71
 0 2071 223 44 246 0 0 0 55 25 42 0 0 48 41 0 0 7 326 140 1272 10 0 8 140 2275 873 0 0 0 0 0 381 0 389 0 0 0 0 917 0 0 0 3 0 97 6 0 0 1185 10 409 1 634 0 0 0 2120 1 7 0 539 0 45 1809 0 4336 0 1023 60 0 2 0 0 0 0 0 0 0 0 14 0 1346 0 5322 7204 0 61 25 507 0 15 19 0 0 0 0 0 674 0 7 0 0 92 0 0 1891 30 5 0 264 0 35 0 0 0 59 0 0 0 78 98 42 1082 0 0 0 0 0 65 324 0 0 321 3 0 2423 0 34 0 0 0 0 72 92 426 0 98 25 832
 0 0 166 152 48 0 0 0 30 536 0 0 1010 0 0 28 3 0 38 44 28 0 0 0 0 687 0 0 0 130 0 298 6 81 0 0 8 104 355 2 0 0 6 1156 48 0 0 50 0 0 0 0 992 191 0 124 0 137 0 14 0 331 0 28 400 0 0 0 332 63 0 1710 58 0 0 0 6 4004 1284 1525 569 0 0 0 60 537 8 0 0 409 25 0 14 15 0 305 0 96 1821 7985 0 32 0 417 0 0 4 41 0 1623 956 2 4561 0 22617 1075 98 0 0 91 0 1377 0 0 0 372 101 0 1796 740 577 0 0 16 2555 0 0 0 321 287 0 0 579 6719 0 0 0 1363 0 0
 0 9 28 0 60 0 0 1542 0 0 2326 364 0 0 0 21 0 0 387 47 0 0 179 0 60 0 1955 1 52 1693 0 0 224 0 0 0 0 0 584 0 379 0 0 80 5 0 1830 0 0 2329 2643 0 0 1232 0 94 0 59 0 0 556 867 206 0 0 0 0 0 3 0 0 0 0 0 234 0 0 0 0 55 0 0 0 0 1 80 1563 109 9 730 0 0 0 77 0 0 924 0 346 233 0 0 118 31 0 0 0 0 0 0 17101 0 0 0 0 0 0 133 2757 0 0 0 22754 1 0 151 0 223 847 0 192 0 32 548 0 78 113 169 0 54 0 0 0 2090 140 450 0 0 0 0
 245 0 0 3230 1495 0 0 1519 113 0 0 0 4811 84 284 13 415 0 0 0 691 0 0 974 0 171 0 0 0 0 29 0 0 2327 0 0 0 0 142 0 718 0 184 55 0 0 0 2 0 0 38 0 0 10 5 2077 1577 0 734 0 0 0 589 0 829 0 0 0 3 2092 3427 0 0 0 1 0 0 74 27 6 268 0 992 0 24 2 1926 13404 7 0 0 0 0 0 0 91 0 0 99 0 0 61 77 0 0 1048 42 8 12 0 316 472 97 650 0 620 176 280 116 38 557 59 0 0 8 62 0 58 0 0 3136 0 0 56 78 15 0 0 56 3 17 1152 11 0 0 0 0 0 0 42
 6 0 1816 0 1 103 0 64 80 0 515 243 8582 8 68 151 0 34044 24 175 158 0 1287 4211 357 0 341 0 404 0 0 0 0 48 4 22 416 0 1751 24967 0 0 0 0 0 320 2691 2127 36 0 0 825 27 0 0 0 0 17 0 683 2098 0 4 4 224 231 0 35 1755 0 0 0 2 594 5 0 0 25 31 0 0 0 3230 1972 0 0 19482 0 55 0 0 0 47 1896 0 0 0 696 0 0 0 0 527 0 35 1795 69 0 0 54 545 70 2 0 2239 183 0 242 1 1 22754 0 164 0 0 35 0 194 0 1144 0 507 0 0 0 0 0 0 13 104 14 0 0 0 0 3104 354 6 3269 0
 0 0 164 0 539 11 13 170 1044 319 0 0 0 53 297 1 35 18 96 0 0 0 0 1263 24170 0 0 0 2 220 0 78 0 213 0 0 0 411 13 0 0 0 202 0 30 480 52 71 0 0 1672 7318 222 0 3680 0 20699 0 0 0 0 0 67 0 23 211 0 0 0 105 2 5 0 0 6 0 0 0 0 335 44 0 1904 79 0 0 0 20 0 269 0 0 144 11 0 0 0 1014 0 0 0 0 421 0 87 0 387 10 0 0 0 0 437 26 26 0 0 0 0 77 0 0 0 46 78 0 90 0 0 0 0 0 24450 2144 695 0 0 0 0 0 66 0 680 0 0 1 350 0 0 0
 0 15804 17 0 0 0 34 0 0 0 18213 0 8 100 48 608 0 0 1973 0 36 0 375 0 0 858 1114 0 0 0 9 4046 0 25 44 787 0 0 0 187 0 347 3 0 0 29 0 2322 0 21 0 28 702 281 0 0 12950 0 674 129 0 0 32 12 27 109 33 661 0 0 0 0 0 0 52 20 0 698 0 0 1069 143 1267 66 11 0 0 0 2353 0 0 0 3 620 2049 0 1 267 2282 50 475 0 0 0 0 36 4 31 26 0 0 1148 0 84 0 0 0 0 263 0 54 137 580 1084 0 0 11 104 48 0 0 0 584 0 129 494 117 0 0 0 61 0 0 0 81 464 0 165 579 0
 1232 153 2 0 0 24 0 0 0 0 12 483 10 17 873 153 0 0 93 0 8850 103 15337 465 759 0 246 0 0 0 1596 0 0 518 295 19 0 0 0 0 1862 127 0 0 12 0 0 21 0 0 0 2 0 14 1211 106 0 2248 7 0 0 396 210 80 40 14 0 67 0 66 33 0 495 4 0 0 56 516 0 0 565 408 0 4519 0 2347 0 0 0 263 0 0 0 0 20 0 13627 0 0 0 155 0 658 0 41 0 0 0 34 1404 2790 0 0 89 942 0 0 1 0 21 1957 246 0 501 2 14 0 0 793 0 0 97 50 92 1 1358 0 0 493 39 0 131 1209 2347 0 0 0 4247 0 0
 0 400 261 0 91 98 0 20 0 0 102 0 515 0 0 62 401 0 2 45 316 590 0 0 73 0 0 16 14578 116 8 0 1 0 99 179 2419 683 0 0 3 1414 0 2510 0 1155 0 0 1858 125 0 0 0 249 0 371 0 0 2 54 1289 0 0 19 10 237 0 1644 0 0 0 0 6 0 17 0 0 24 0 1521 0 0 91 0 0 0 0 0 317 0 0 5 401 0 0 0 3 0 0 60 548 50 193 0 0 0 0 0 608 259 0 70 0 34 498 307 10 0 33 1371 1721 126 0 144 0 0 1972 0 77 0 106 0 1063 0 18347 0 36 0 59 0 87 0 605 895 0 2252 0 255 0 0
 0 92 0 207 0 145 0 0 1887 0 119 0 0 700 0 155 0 0 1948 0 0 250 0 0 37 0 0 0 0 0 548 0 0 169 111 87 0 0 0 0 0 23 229 173 0 82 0 0 0 0 0 0 0 0 83 60 0 570 0 0 122 198 156 0 2 0 0 300 184 16 630 4428 0 2568 0 1640 0 4 0 0 0 1567 0 0 0 3 22 254 691 54 0 63 124 3566 0 0 3 1887 0 0 1 0 0 19 0 38 999 0 0 1447 312 6 0 3258 0 0 0 589 22724 56 70 0 9 0 0 0 0 60 127 759 0 158 23 0 0 0 0 734 1081 42 0 0 0 1373 104 0 34 0 0 0
 1848 0 71 1074 62 47 3566 17 476 0 0 0 54 2 0 5102 0 0 158 80 0 121 1765 0 0 0 2876 0 225 524 0 0 75 0 91 0 0 0 0 18 0 0 0 22405 43 18 608 0 0 0 405 0 91 0 471 273 0 0 24 0 39 70 0 1518 0 551 0 0 34 0 0 14 1846 0 178 0 599 1387 0 0 7 0 4126 23 0 0 0 0 0 495 0 917 18347 0 4 0 0 0 0 1403 129 0 0 0 1621 0 0 1323 0 11 471 0 2630 271 6 0 1766 0 1569 18 0 1 0 10 0 13 841 59 0 0 7 250 0 0 0 140 0 0 180 272 0 55 1894 0 1289 384 380 8521 222 0
 0 0 0 4 0 0 34 403 0 1176 255 0 0 0 30 973 0 0 0 0 2317 0 0 0 0 0 0 0 0 1542 0 0 0 0 0 0 0 160 195 0 0 3799 101 0 0 199 53 1638 84 360 0 0 171 0 519 0 0 0 0 107 0 0 0 27 0 0 0 768 17 0 269 649 87 3332 0 0 7321 174 192 101 0 0 0 51 0 0 13637 127 968 21 27 73 1391 243 0 9 1539 1651 0 0 133 311 0 227 0 0 0 66 139 0 0 13 0 0 173 112 35 0 0 0 0 0 0 0 0 731 517 0 84 120 0 140 40 0 0 710 0 343 0 0 0 59 0 253 0 0 0 0 0 0
 10 53 1414 23 1 48 18 556 564 0 0 48 11 0 0 0 441 68 272 165 164 0 0 25 80 72605 0 0 10 35 173 471 0 0 1790 0 13 0 0 0 0 9 1173 272 0 0 0 0 0 72 0 0 0 0 35 0 0 0 0 146 1 1046 0 0 82 0 0 1036 32 0 0 207 899 17 4 0 0 0 0 217 0 0 18143 0 0 418 0 14 117 0 0 0 0 0 11 625 0 62 0 0 11 0 0 1371 0 0 0 77 1578 0 14 0 425 0 1904 21 25 0 1637 0 48 33 250 2174 180 8520 0 0 9476 217 6847 0 0 0 4587 705 259 41 0 0 269 14 1490 0 0 10 904 10 33 12
 0 1 0 0 0 0 120 0 234 1327 0 0 0 172 0 0 0 0 0 368 842 1024 228 0 0 780 0 138 76 0 8397 220 1035 0 16171 8 666 303 0 0 0 0 34 92 0 0 0 0 0 0 89 0 0 1297 0 506 0 0 9 1076 0 0 0 8537 0 112 58 75 0 0 1754 0 559 212 217 0 0 1747 0 3557 2671 477 1296 44 16 3 0 0 1 0 0 623 226 146 446 0 0 0 59 448 0 0 0 70 0 29 0 0 0 0 512 0 8 0 0 0 0 0 166 0 0 0 0 153 55 209 0 293 0 0 0 257 15 56 0 0 8125 679 0 558 0 0 0 13 0 2296 0 1065 104 20
 9 0 707 0 131 536 0 0 59 1029 0 8524 59 0 216 41 0 303 0 34 186 212 148 0 0 0 685 920 0 0 34 8 31 0 0 0 0 0 0 0 62 153 0 0 216 1 4 0 0 78 0 70 0 24967 5 127 594 2 0 75 18 6 0 0 2412 0 0 0 0 22 0 0 0 312 658 0 223 1038 706 254 234 0 11 31 0 0 1296 0 0 0 242 0 0 0 3622 0 589 0 571 0 0 0 297 0 262 895 1175 14555 0 0 0 349 574 2353 659 0 0 0 7 92 0 5 10 6 0 0 521 0 2812 0 420 106 66 0 0 0 671 0 0 11792 0 28 474 1840 0 152 0 0 37 66
 0 0 0 0 0 78 0 20344 2448 0 0 0 0 0 0 25 0 0 1076 15 0 0 123 0 0 58 0 61 0 0 15 1 0 45 0 209 0 0 0 0 211 0 0 0 37 877 0 0 16 0 212 0 0 0 32 0 0 0 0 0 784 0 0 0 65 36 0 0 30 338 8 2267 830 0 0 0 0 0 61 9 0 0 81 0 0 7044 437 0 387 0 0 0 0 0 0 0 0 0 0 15382 0 0 0 20 0 108 0 0 0 6 2 137 26 0 0 0 0 527 0 20 0 0 239 0 0 40 28 0 0 0 0 0 0 0 0 2289 14 0 4 128 734 198 5 239 0 15638 0 0 0 8
