150
 281 1058 0 86 0 0 77 0 0 327 0 5601 4 6 0 0 279 51 3 351 75 1844 0 0 0 299 0 17 0 10 0 187 0 0 58 0 0 0 72 53 47 0 0 54 0 0 30 0 5612 0 0 0 146 0 1294 423 147 0 0 0 0 10 0 8168 1005 0 350 0 0 149 159 0 0 0 3 0 0 15 0 0 0 108 0 151 8 5 0 85 123 0 0 81 0 0 47 10 0 0 43 3 27 0 0 195 0 0 0 35 29 176 0 87 0 0 0 4 0 0 2031 0 0 0 0 530 5 0 0 0 0 16 0 5 0 0 37 1198 33 0 0 36 13 0 35 381 0 119 0 104 0 0
 0 3 77 142 0 1 0 0 5 0 89 6400 0 0 0 0 0 0 0 350 2 250 376 0 2 72 74 258 0 6540 235 0 0 0 4 0 2729 1937 121 0 0 0 0 0 481 0 0 7 71 0 0 1050 15 678 83 30 0 15304 1907 0 0 4 0 0 0 38 209 240 0 0 0 1013 0 0 86 552 65 0 6 0 0 1225 0 0 57 0 192 0 2747 0 594 0 11 1284 0 62 5462 0 1270 21 0 0 0 4570 0 0 69 237 389 0 0 31 420 92 0 35 0 39 20 0 1854 0 0 0 0 0 2 0 0 0 69 0 5952 0 0 0 0 0 0 101 0 0 0 0 297 410 0 0 10 159
 127 0 8323 0 36 0 4 0 0 115 27 16 0 2023 0 0 13215 1269 12 8 0 0 9 0 0 0 0 0 44 0 0 28 119 211 0 0 16 0 250 3 0 3574 0 740 0 0 0 0 30 0 374 0 182 0 0 0 0 0 0 0 626 0 0 0 121 0 0 0 566 35 0 0 0 0 45 0 59 33 488 0 14 2001 41 12 0 0 0 0 0 0 0 0 249 0 0 1639 0 0 139 0 168 66 0 73 1529 59 169 0 181 0 0 0 235 661 243 1917 0 0 3 0 76 0 0 2 0 1 0 701 0 30 0 0 3232 0 0 0 0 80 0 0 0 0 115 1263 28 231 0 0 0 4845
 0 0 0 423 0 0 103 0 38 76 0 0 0 0 0 14 0 1198 0 72 436 6 0 0 92 0 31 0 0 0 0 0 44 0 2078 0 0 42 59 134 206 0 0 0 269 0 0 0 0 3229 741 274 0 0 22 1689 0 0 0 371 5021 72 0 1958 93 1334 105 0 536 0 0 0 181 0 0 2862 14 8092 188 0 0 505 0 2 261 471 0 0 0 0 11 0 0 0 0 131 0 236 985 0 338 0 0 327 0 106 0 0 2 4 205 0 0 0 532 0 0 138 25 0 0 9 0 15 0 26 27 0 3 0 95 10 30 323 0 0 45 0 0 100 0 736 3596 0 0 0 0 1462 105 688
 3848 808 0 84 507 580 0 164 0 8053 0 0 0 0 177 12 0 479 0 81 0 173 0 0 0 37 0 158 0 3677 0 380 0 93 847 0 0 559 0 0 0 7 0 102 34 12 0 266 0 0 28 0 33 25 0 15 7 0 0 0 0 0 338 0 0 2670 0 12 0 446 0 0 187 137 0 1 10 552 0 71 0 0 22 10 0 97 0 0 52 0 511 0 0 0 0 906 36 8 5032 43 0 0 757 558 0 0 0 0 1 0 0 46 0 3360 0 161 0 4916 4 0 31 211 4 0 0 181 0 0 4 0 0 11163 0 9 0 0 0 0 0 76 30 133 0 182 0 0 0 10703 0 7
 0 0 114 116 0 6 0 9 45 955 13 0 0 26 0 0 0 132 0 37 0 0 0 398 73 233 0 313 135 15 49 0 24 0 14 0 0 53 21 405 0 0 43 973 0 43 19 229 0 283 0 3 0 0 562 7 0 0 59 0 369 0 0 41 114 8 1126 0 0 74 2 1596 0 0 8666 0 0 0 270 0 0 0 48 0 675 30 0 1975 0 52 1 0 0 0 0 850 0 0 12 131 55 4722 305 0 0 1 390 0 0 115 0 117 35 0 0 61 0 29 341 0 528 339 0 0 0 1561 616 1782 157 0 0 0 0 0 105 327 2400 345 0 0 92 0 0 0 24 1036 0 361 0 0
 0 984 0 0 52 136 0 0 0 0 0 0 0 0 1093 1588 0 1881 71 0 2005 322 0 61 0 0 327 1 0 0 24 0 0 0 0 0 18 0 45 77 0 0 0 289 125 0 25 8676 0 176 11 3 0 0 103 0 93 99 0 105 8 49 282 1801 108 0 21 0 404 0 0 89 38 0 1876 0 1032 0 0 0 0 3 471 0 0 0 0 0 0 415 0 0 0 44 0 518 0 0 0 396 0 612 2237 0 6 0 199 0 99 0 236 0 345 0 0 524 213 887 435 1669 611 0 0 0 0 0 74 27 53 37 0 900 14 0 580 143 152 50 30 47 0 6 31 190 0 0 0 0 311 0
 35 2114 64 76 0 0 0 10 0 0 0 4 0 0 36 175 458 0 21 0 477 4 10885 119 113 64 0 0 12 0 1 192 0 0 0 50 27 0 0 51 121 0 0 117 0 49063 108 0 4 0 21 0 0 0 0 0 168 0 0 0 320 0 0 0 0 4 0 13 0 0 0 404 43 0 368 119 4 5 391 1248 0 0 69 0 4585 2245 0 0 5 311 0 0 0 30 589 17 0 843 441 41 395 227 0 11 265 0 0 0 1509 0 0 0 12 573 0 0 3847 3 0 0 0 88 0 0 0 266 4603 0 0 0 0 112 0 0 10 355 0 0 0 0 165 73 0 729 0 0 0 103 238 0
 35 0 124 0 0 0 0 126 171 0 0 33 17 0 5597 64 0 0 0 0 6121 7 0 0 43 0 0 0 580 0 0 3392 20 50 0 10 266 925 0 0 145 0 0 8 4 533 0 344 0 0 0 0 483 111 90 94 4995 0 23 0 2279 0 3 0 1906 73 398 0 0 0 0 0 0 0 221 0 0 0 11 0 202 294 0 282 0 1218 7 33 0 458 27 3 0 2726 0 23 486 0 33 0 79 0 0 0 482 0 227 0 0 38 0 1401 10 0 0 297 0 0 19 0 0 0 448 0 280 41 5606 10 0 0 0 29 4 2676 0 0 181 0 0 0 14 3133 122 0 0 0 0 355 0 0
 0 599 0 0 0 0 323 395 0 1 0 0 0 157 0 0 0 0 0 215 3 0 0 104 259 47 0 0 0 0 222 0 120 63 51 0 68 0 0 23 0 814 61 210 9 0 166 0 88 13 0 0 228 236 0 0 380 2270 0 282 24 14772 0 0 0 847 0 195 7 58 0 563 54 85 0 0 102 90 0 12 0 0 0 0 0 1567 112 0 0 0 162 9 0 51 38 0 0 0 5621 0 244 1625 0 371 0 0 140 40 0 0 0 0 0 0 0 0 0 0 0 0 0 0 109 0 140 17 29 47 0 0 0 0 158 0 2 0 313 843 1578 0 297 172 2 120 905 0 16 0 0 131
 207 0 0 21 101 0 935 224 36 18 91 0 34 0 366 0 0 51 65 33 41 4613 0 2881 0 0 0 1573 0 10 0 0 151 295 0 188 52 0 14 0 14256 0 0 35 0 1951 0 0 39 0 96 556 0 1506 0 0 0 3 499 0 0 0 1293 0 0 0 266 0 0 0 0 252 0 341 1158 0 121 4761 2982 0 0 0 0 0 0 0 0 0 0 0 0 0 0 0 0 5 0 232 0 6962 326 12 7694 0 0 12 633 123 228 5 0 0 14 10733 0 0 28 0 0 0 0 0 0 43 0 627 385 426 0 1 175 0 0 19 0 158 0 17 0 0 0 0 0 0 9 0 3468 253 2793 84
 0 0 0 109 1 174 1502 0 0 47 1213 0 84 7 0 0 37 421 0 30 1 0 101 207 72 0 0 119 0 0 23 0 0 0 207 0 60 12 52 286 0 12 0 37 15150 0 354 11 43 57 30 0 268 0 0 0 0 1257 18 0 0 331 0 1545 0 23 7 0 130 0 242 26 619 0 0 4 0 0 0 242 33 0 0 3 349 216 0 233 82 5 0 75 16 0 0 116 0 0 0 0 0 0 0 33 0 14 0 57 0 524 4388 4587 0 0 122 0 0 364 0 14792 87 0 0 708 0 0 3038 0 0 0 388 38 0 0 0 0 0 0 0 0 164 170 0 221 280 4 3 7 0 14
 0 320 280 7611 204 304 12 4883 0 60 0 0 0 0 0 30 0 0 4526 7 0 1 0 0 0 117 3 0 321 617 28 0 204 0 125 0 0 423 308 0 161 306 0 62 0 0 0 0 60 0 88 93 0 189 0 49057 405 209 0 0 0 815 0 5613 7 0 0 200 0 36 0 477 290 0 0 0 0 256 0 216 15 178 46 0 0 0 0 1124 240 0 0 1237 0 0 2047 0 0 0 7 0 54 0 10 58 18 0 0 0 27 354 7704 775 0 0 0 274 7 95 0 0 116 2 773 2613 0 563 0 88 39 808 0 0 49 108 228 0 993 0 0 0 0 0 0 324 0 0 11 189 0 11
 0 16985 0 19 1471 0 169 2208 414 0 6 0 2802 450 16 5 521 0 0 0 93 53 19 475 0 0 338 0 25 77 1467 8 0 0 0 344 0 0 53 279 6 0 2 0 57 1707 360 59 23 146 6 0 116 0 388 74 0 2 0 0 2681 0 0 0 0 5 1098 0 0 25 15 0 177 0 41 3698 0 38 0 0 0 3 0 319 644 153 0 642 271 0 136 11 0 0 0 0 0 71 0 0 5 85 6 8323 185 0 21 1 6373 0 263 0 316 0 0 0 3 0 0 4 0 398 0 388 0 0 0 0 10 0 497 0 498 0 0 405 0 0 0 0 0 0 0 0 0 26 180 0 1525 199
 162 643 2 277 0 203 0 0 0 30 0 41 0 0 48 0 0 0 0 27 0 230 136 0 930 29 4 334 0 20 0 0 0 0 92 71 0 0 52 4495 0 3 222 0 0 632 0 467 15669 0 0 21 0 0 157 0 0 0 0 0 0 100 0 767 130 483 0 10 0 93 165 89 54 1 583 0 0 0 0 9 25 0 0 110 0 0 0 0 0 5299 0 11 0 59 0 296 0 0 148 0 0 0 4 0 27 0 70 235 949 0 13 0 0 0 405 0 0 0 0 1044 0 0 189 0 0 0 214 0 0 591 0 2 0 10 0 0 4330 0 0 0 48 0 66 91 25 0 82 0 0 0
 19 0 0 0 0 793 0 0 0 73 112 82 0 0 190 0 3 0 0 164 0 0 3 0 0 10 685 0 0 0 0 3 0 0 552 0 0 0 25 108 0 0 0 1985 0 0 0 0 0 0 4920 0 889 0 2140 464 2242 4 131 0 43 69 0 0 3 89 0 0 5 5 253 0 0 0 0 670 0 132 136 12 3276 254 0 0 68 0 871 0 0 94 185 0 20 0 0 747 0 0 60 52 0 0 3 0 0 0 0 0 0 10 0 408 174 95 1497 0 0 342 0 0 0 174 0 67 0 0 15 0 51 0 182 0 0 0 7 0 0 0 0 0 0 26 0 64 0 0 10378 0 0 0
 0 52 0 117 346 0 208 0 49 395 124 0 227 0 76 0 142 0 0 4610 0 0 0 0 358 580 722 52 119 0 43 0 473 308 797 201 492 0 0 15 0 0 221 0 0 47 0 0 1 0 0 0 146 0 77 0 6 0 0 0 0 723 0 0 122 65 80 0 31 0 0 0 0 0 476 2723 27 2136 741 2 0 0 0 0 0 0 0 0 0 0 115 0 57 311 0 0 0 0 110 7 0 0 0 11 0 0 35 28 1561 0 2 0 0 1 238 238 48 0 49 0 14 0 222 695 10 0 0 3 0 0 268 20 108 4 1149 0 881 0 288 0 11 288 0 147 180 727 328 21 1 417
 0 0 0 0 0 0 0 234 7 149 0 0 6 85 603 44 460 0 2749 32 3 0 54 3 0 149 0 1440 144 0 0 6 47 0 0 0 0 0 412 0 120 0 24 181 96 3295 101 24 231 0 0 0 0 201 0 90 0 104 65 7 0 0 0 0 0 410 37 0 0 0 0 0 0 195 11 118 87 6541 0 288 162 0 0 0 2113 459 1296 83 0 0 9 0 2756 0 91 0 237 0 15 572 0 26 0 0 0 176 2095 57 0 60 0 280 1289 83 123 0 0 0 0 69 1046 6 3539 0 7 144 89 0 0 0 306 65 20 702 0 0 207 233 0 0 450 135 1112 0 3 203 0 165 0 634
 0 15 0 2 104 105 0 0 1 14 0 1369 0 62 2 113 0 0 355 0 0 6 0 0 11 2671 253 0 66 43 134 0 0 189 0 0 0 0 79 0 56 447 88 0 0 1471 0 0 158 4 7 35 30 0 0 0 0 0 13 0 0 710 0 0 1 223 93 0 2 0 384 0 0 0 0 0 156 0 0 1 38 44 40 0 0 0 0 0 0 0 1180 0 747 79 3829 209 0 179 42 0 3 1104 0 0 0 0 0 28 0 0 3 45 0 2725 0 53 538 19 2611 0 0 327 107 5361 13 0 74 0 294 2 7 0 502 7 0 0 126 0 0 0 0 0 0 0 0 2847 0 5400 50 0
 0 0 0 0 0 0 186 13 278 0 0 0 0 100 0 0 0 0 237 0 7 0 272 4 0 6 0 44 0 0 0 15689 0 0 0 0 42 0 0 0 59 0 0 37 14 946 0 415 231 0 0 66 119 8245 10 0 0 0 0 0 10 0 0 297 0 0 647 0 58 0 8 0 0 1713 0 110 0 191 0 0 29 90 116 0 0 1360 0 103 23 0 0 0 0 0 0 48 338 30 0 225 0 313 0 131 33 626 143 411 0 60 396 121 0 0 27 59 0 0 1 0 112 0 0 0 1 0 0 3470 1331 0 0 0 0 0 0 0 0 216 0 50 0 73 6 42 0 527 0 0 0 0
 0 0 0 0 63 154 0 0 0 0 0 0 1443 0 58 52 0 0 0 0 15 0 137 0 26 729 49 0 30 199 0 0 0 1270 13258 0 44 102 174 0 471 66 8169 0 315 0 89 0 646 2865 12 0 213 0 2 437 70 0 0 0 0 0 0 0 101 0 0 0 0 0 96 49064 0 24 0 1452 189 68 12 0 29 0 0 530 0 47 5230 0 0 417 5 87 1 0 3 233 190 0 0 109 521 5 333 12 0 0 7 0 0 0 0 0 0 0 0 0 0 0 0 334 2395 0 0 0 0 44 0 45 0 16 0 361 49 0 0 0 244 0 0 362 2 0 0 269 82 0 1 0 0 362
 0 0 48 0 0 279 0 0 0 46 0 10 0 0 0 2 25 30 0 57 0 1 0 46 860 0 2035 0 528 0 415 0 75 0 0 0 118 0 9 105 108 180 0 0 0 0 0 0 0 140 362 216 0 203 25 238 0 2277 929 0 1027 0 0 0 27 0 2 0 0 0 0 320 0 0 39 0 19 0 0 3 0 0 9 0 81 0 122 34 0 3741 0 0 0 21 104 128 141 16990 1 0 112 0 0 73 1224 0 0 0 0 6 32 172 0 0 0 0 0 294 0 64 0 514 0 0 0 2853 7 95 0 0 0 0 93 0 0 0 76 527 1366 316 1045 0 0 0 768 0 606 0 0 109
 841 0 0 99 54 19 210 0 327 489 0 0 160 0 0 0 159 0 178 0 0 109 3 495 0 0 10 0 0 1261 325 1088 2641 389 62 0 2 0 317 60 0 0 264 0 0 188 2776 1454 0 99 0 0 315 2156 0 620 0 0 149 0 5 86 316 0 0 0 0 65 136 0 0 2 0 0 35 1010 112 0 0 0 0 205 32 0 0 0 13 44 0 46 59 32 740 0 0 0 415 44 312 0 0 26 248 0 0 66 6 5027 0 67 1809 0 0 0 0 0 177 8 1 0 2715 0 11 0 0 249 403 233 2064 18 223 605 0 82 141 0 0 1 0 0 0 0 89 0 0 43 0 0 0 0
 0 180 0 3 7 0 0 0 12 0 0 0 7 0 521 0 213 0 0 0 115 0 0 311 0 195 11 28 0 0 4 0 0 0 0 0 0 20 0 37 0 0 0 1949 0 0 0 40 0 1651 16 349 663 203 1 0 23 75 204 69 0 40 0 117 251 40 4 0 1286 0 1148 0 8 0 0 0 3 7 0 0 36 58 699 0 0 21 685 0 0 3 61 0 0 503 8247 89 5575 0 0 85 0 1432 156 7652 1 0 9 0 0 0 0 272 0 0 8 169 0 0 0 260 0 42 0 59 511 0 0 155 288 0 0 389 1228 351 0 2666 13341 0 0 0 0 0 191 0 5 6 0 3 0 141
 284 0 982 0 681 0 7 0 0 0 52 0 99 0 0 3 0 3 0 0 0 0 80 685 65 71 586 12550 11 106 0 89 458 0 0 0 1588 0 1521 0 1 0 0 0 0 152 17 26 2778 0 0 10 37 10 3 0 0 0 82 0 0 14 10 506 0 0 1905 2938 0 238 2 0 0 0 0 0 0 11750 404 252 144 0 0 0 0 0 283 0 82 0 833 0 130 909 535 0 0 3 82 335 95 0 0 7 0 0 0 7 0 28 632 40 0 0 0 0 0 5621 18 0 0 7 10 19 76 0 70 0 0 12 112 0 0 563 0 97 0 0 0 337 343 0 0 0 2384 4 0 7 6 0
 0 0 73 91 0 0 585 0 148 0 16 64 0 10 0 0 0 0 0 0 0 30 1 0 0 19 150 0 78 35 0 0 263 38 0 0 0 1 23 27 5 419 0 0 350 0 0 540 0 2341 0 0 164 0 255 0 0 935 14 341 315 31 17058 633 0 29 5 0 0 181 34 0 37 0 0 0 0 10 0 0 78 191 9 13 0 2848 107 0 0 0 112 0 0 0 0 0 0 0 38 0 0 599 11 1268 0 0 7 53 28 0 0 793 7 128 43 0 0 0 0 3 234 168 0 0 0 0 0 0 870 212 5 0 0 0 0 0 0 0 567 68 0 126 0 645 5408 129 0 0 0 9
 336 0 15 0 271 2 0 0 38 529 20 849 0 0 0 0 0 6156 0 0 0 0 0 0 0 0 34 0 0 0 61 0 0 148 0 4 177 0 0 3 13 0 0 0 484 8 122 0 105 59 337 0 223 24 0 152 177 0 602 0 111 0 20 212 0 3 0 0 0 0 0 0 0 0 0 206 0 0 0 89 1074 0 297 70 0 283 0 0 0 0 316 122 345 0 0 554 0 0 3 0 178 0 5 88 0 2273 123 0 28 0 0 0 258 0 0 37 1043 0 405 95 0 106 0 443 229 0 0 0 0 125 0 0 0 85 0 882 0 30 0 20 0 0 0 0 0 199 1077 108 0 88
 0 0 4259 38 0 0 0 6 87 965 0 0 231 521 0 0 0 0 550 0 73 190 4 0 0 36 774 415 292 19 4 83 0 0 0 0 500 307 0 0 0 37 0 8 0 0 0 0 49 0 313 12 0 0 0 0 1 0 0 0 0 507 0 16 0 54 11 8085 14 78 946 0 1 185 10 0 0 0 4288 0 162 28 99 607 0 401 0 256 0 0 0 0 60 0 0 36 0 35 1980 114 5527 0 3 135 0 0 240 0 0 0 0 107 322 18 0 434 218 0 521 0 0 0 0 31 0 0 0 595 1008 12 6 0 0 0 7 415 0 38 110 53 205 0 0 0 250 0 9 0 0 0
 4 279 0 7628 701 0 33 0 0 392 188 547 0 0 211 404 0 0 0 34 0 0 50 254 0 0 24 0 1082 0 66 43 283 0 0 0 8 48 600 0 975 0 0 0 2372 0 48 12 0 0 0 0 0 34 537 2 0 0 319 13228 0 0 6100 40 0 0 0 117 0 5 127 0 0 0 3 8636 556 3775 229 0 0 0 0 4 0 49 0 1565 0 9 0 0 266 0 0 0 0 0 36 267 238 0 0 0 0 12 0 231 0 0 2 754 0 0 0 0 26 596 0 195 0 0 701 0 0 9 6 435 10 28 82 0 171 7 135 0 0 241 0 82 9 46 0 0 0 92 0 0 10 0
 0 0 235 419 0 0 8098 19 910 100 0 341 0 0 0 561 1561 18 0 10 0 3649 0 70 0 0 479 0 6121 204 0 3631 0 0 2 735 0 8100 0 0 0 56 504 0 183 0 81 1628 0 0 4 189 0 9 11039 0 0 0 0 0 0 5 8 0 388 275 0 0 1321 1443 72 0 0 0 0 49 14 117 170 0 223 0 0 9 0 0 5 0 2061 0 0 22 32 372 7693 90 94 0 0 2128 0 18 0 0 0 18 0 0 0 422 0 41 0 0 0 0 3 0 1516 0 0 152 0 0 0 0 88 0 0 292 0 0 664 340 183 0 0 15 106 0 0 0 0 0 0 0 98 584 353 10
 2740 0 27 2 407 0 0 0 266 0 209 0 0 0 964 636 0 350 0 94 5 0 0 0 13 576 0 0 0 0 15 0 68 2780 0 607 0 219 0 0 2 222 10 414 6541 0 0 0 0 0 0 0 0 1588 0 17 348 49 141 0 0 24 5621 3 32 0 0 0 0 0 0 0 21 423 0 274 504 1082 1321 12 185 0 2918 50 0 29 0 381 0 110 0 272 63 0 0 72 0 0 81 0 267 0 0 0 0 13 690 11 80 23 0 7633 0 0 0 82 0 4 7 0 0 0 0 153 6 453 0 432 0 39 0 0 3 0 253 67 3 0 183 774 0 0 0 0 8 5041 0 0 71 0
 0 0 0 1 0 0 843 0 0 670 0 36 1 0 50 0 10 0 16 0 12 22 0 167 0 235 419 0 0 0 221 178 654 0 425 0 0 0 0 0 2 0 1829 78 274 0 21 0 0 168 0 109 1328 0 282 0 0 0 0 0 0 509 0 0 0 504 0 34 83 0 0 77 340 47 312 18 0 0 0 12 249 0 2 2402 196 11 0 13 0 371 0 65 422 0 0 0 17 0 26 2075 0 0 4 0 188 0 1 56 3 6 0 54 56 0 79 162 127 4 125 0 2 0 630 7303 0 7 0 0 663 85 9 0 9 0 65 0 335 7 50 86 0 98 277 115 388 4 0 2 0 0
 557 30 0 0 16 0 84 723 0 0 0 7 0 44 75 37 0 0 8 77 882 0 0 12 0 0 692 715 0 357 0 0 283 5743 0 373 1620 144 5 398 0 0 0 0 0 0 0 646 279 119 0 676 358 0 17 0 0 0 254 2644 283 0 305 0 0 934 0 2 0 0 7 0 15630 0 24 24 0 0 0 403 0 771 0 14 0 1403 0 597 52 0 0 750 4 0 5575 274 0 0 0 613 0 1320 43 0 0 35 0 0 644 0 0 35 0 67 0 286 0 0 716 0 0 8 0 241 0 0 86 44 10 142 95 668 18 0 0 0 0 127 7 0 44 198 2 414 0 4 334 0 0 1184
 50 249 0 98 0 1 31 85 0 0 0 230 0 5 4599 5 0 4 0 338 0 74 0 3 122 0 0 0 133 2977 0 1276 0 0 0 1110 204 0 21 0 0 12 0 5468 0 0 0 47 0 0 0 786 18 0 29 0 368 0 176 10 1082 49 0 281 0 0 40 21 0 0 0 416 178 0 229 1605 113 0 27 0 45 0 0 0 9 0 3 860 0 418 768 0 0 105 3132 0 4 86 0 0 0 0 0 0 0 8 919 0 26 88 0 2 0 0 2887 571 0 58 169 0 0 35 266 520 1 17 174 0 0 478 10 0 0 2 0 0 508 0 0 0 0 0 228 0 0 180 47 84 191 0
 0 0 9 0 0 0 4786 139 282 0 0 0 0 19 0 0 0 827 673 237 0 213 0 179 353 3 1 6 4347 0 24 0 2 45 174 92 0 0 0 0 1477 0 5121 0 38 6 36 53 9 0 189 0 0 0 5 101 288 0 1561 0 0 0 0 0 0 0 123 0 0 289 6518 0 149 64 439 57 1160 0 0 0 0 0 0 1159 0 200 0 0 0 0 113 0 1008 0 0 30 7643 0 0 0 699 48 0 343 0 0 0 511 272 0 0 0 0 16 0 0 0 0 0 0 0 1053 0 0 97 0 395 0 2836 0 0 0 0 0 0 726 7 0 14 465 0 0 0 42 0 3 0 0 5 224
 1284 351 204 540 106 1082 0 0 0 235 0 464 633 0 0 25 0 2165 225 1240 1 0 1544 86 719 9 0 624 378 0 0 930 0 0 0 0 0 0 19 142 0 0 647 0 0 0 616 0 100 0 458 0 0 0 5 6 0 7 127 30 442 51 48 99 0 1340 0 0 0 13 2 0 933 0 11 0 158 0 310 842 0 15301 0 0 0 340 6509 0 0 0 0 97 212 0 0 423 101 0 439 17 0 0 5 10 0 254 1048 159 20 333 1558 0 0 0 8 30 0 368 0 62 14 281 2316 0 241 977 15 0 0 0 0 0 49032 78 0 0 0 323 0 2034 0 0 0 2 87 28 43 0 3 177
 677 0 0 3000 96 2878 0 0 0 0 0 0 954 153 15 3104 0 320 1073 0 0 0 0 0 0 0 0 0 0 1568 66 14 0 0 0 339 100 216 61 0 0 0 0 243 0 260 1 347 0 0 52 1338 0 1510 0 3 0 0 0 0 0 1 0 0 0 0 578 85 0 0 29 342 0 3829 150 113 0 297 23 72 2 0 0 0 0 0 148 0 371 88 13 156 1019 0 201 0 0 0 0 0 0 314 0 43 32 5 8 213 0 0 3 180 0 0 73 0 84 0 0 0 0 0 0 0 0 0 2752 15666 18 59 165 0 235 3 0 2 90 685 0 568 492 506 0 25 450 209 0 0 87 137
 264 0 465 0 0 0 332 0 0 303 3 0 0 62 71 509 22 48 659 809 0 498 24 0 23 0 1556 0 0 0 0 1552 0 398 3596 463 0 3410 199 288 362 6 0 24 824 450 0 166 661 31 0 0 0 0 530 616 122 0 0 0 0 0 0 0 0 14 0 302 0 0 516 1 0 99 0 414 0 0 111 126 0 0 0 0 23 527 0 0 461 5 282 14 511 8 0 8 18 957 0 1948 0 0 0 0 0 0 128 0 0 24 0 0 300 486 212 0 222 0 0 0 0 0 13 226 0 0 0 0 1684 0 8 0 0 0 72 0 0 489 11 0 217 7017 14 744 21 0 40 0 256 0
 0 0 0 0 37 0 0 164 0 2183 0 0 0 0 0 0 154 0 0 22 0 0 0 5 0 0 14 36 0 8088 71 16 0 0 10 0 0 0 6 218 18 0 0 0 0 2 58 185 1266 0 0 414 0 20 0 0 18 2265 0 8290 50 419 0 0 0 0 0 28 0 83 1641 0 0 593 0 0 35 15 592 983 7 2 20 59 0 0 0 87 14 42 0 521 0 62 0 0 17 2006 188 0 0 36 0 0 0 956 537 0 0 219 3 12 0 46 14 0 42 3 45 0 0 186 541 0 0 306 0 0 0 0 0 62 28 605 443 0 384 0 0 23 74 130 30 112 1293 13 33 114 276 83
 0 93 0 0 545 0 0 0 30 0 24 0 618 0 0 0 0 7 21 20 7 0 0 0 279 0 0 59 522 8 1228 117 0 119 1 0 225 0 0 44 0 1 0 0 652 2 0 87 0 0 11 0 0 0 22 790 0 673 0 0 194 82 0 188 0 0 8181 1282 285 151 0 1399 0 0 0 0 0 47 235 108 0 89 0 38 0 111 0 13 397 263 0 1 0 0 49 0 38 0 0 0 135 251 0 116 1 1 0 0 0 778 0 572 0 428 190 0 203 0 288 101 0 0 0 0 4604 1638 0 393 70 889 0 33 0 20 0 0 64 0 0 0 0 53 5 0 0 185 34 5 4 1291
 0 0 5621 0 5 109 0 0 0 173 0 27 0 0 6 108 66 0 0 0 0 0 105 11 0 0 0 744 0 0 0 0 3738 87 0 512 0 0 0 17529 0 0 0 0 291 0 1362 34 2334 0 0 472 0 0 0 0 0 333 0 0 0 40 122 0 191 0 1 0 0 0 431 64 6 0 0 0 198 18 54 0 84 11 1 30 0 0 0 0 0 5184 0 0 0 29 0 0 1 0 213 2 0 0 87 17 0 992 8676 0 0 0 354 183 0 0 36 0 9 0 243 2 0 309 31 1768 0 0 28 0 0 0 500 260 0 4 959 320 9 0 8 630 153 0 0 31 5 281 5 53 0 0
 35 5 0 291 0 422 580 84 74 0 351 0 0 1991 0 643 19 1006 0 58 0 0 119 0 249 0 6161 0 2 0 0 58 0 0 616 57 1 0 215 0 28 458 0 0 3563 285 0 1117 0 0 137 0 0 3 23 11 2281 0 191 0 181 233 10 83 573 3 0 768 52 0 0 0 17 0 0 0 0 0 1 0 0 0 0 4 475 0 753 0 626 36 163 7 121 0 0 0 0 0 0 0 702 0 0 791 739 207 0 12 0 1 258 4 0 0 33 104 1001 249 246 0 0 27 576 0 6 0 86 0 0 0 14 281 3527 583 1532 0 15 4 0 237 0 0 0 0 5318 251 11 29 0 14
 33 945 113 2 0 0 220 8 26 0 0 4 1 0 0 7 0 0 0 11 0 52 0 82 95 180 64 139 5628 0 0 0 97 364 0 0 1050 294 0 15 53 0 120 0 0 244 0 3738 0 6825 88 0 158 0 0 0 0 1 3514 0 0 0 0 36 10 0 0 4 0 11 0 122 0 17765 2744 0 308 0 0 56 0 37 266 10 0 64 422 0 1 0 1 0 0 2 0 0 52 0 42 0 0 85 300 0 39 117 0 407 0 301 249 48 0 0 2 0 2 151 0 346 462 303 0 0 1517 0 4 0 0 3 215 35 34 0 61 0 5460 0 64 0 0 0 875 0 297 0 0 0 23 50
 0 300 0 75 0 0 0 0 0 0 0 0 0 11 6 0 2956 0 613 0 250 17 6 0 673 2749 786 0 1530 0 0 0 3 0 279 46 0 0 255 89 357 23 296 0 0 1636 0 3 0 0 266 202 160 0 8 0 408 22 0 138 0 271 0 146 0 636 10 0 1750 67 34 9 32 0 0 75 11 0 0 82 0 772 0 97 16 9 1123 0 0 11 0 0 6 0 17 0 37 0 0 0 4 0 0 0 0 149 30 0 22 0 395 455 580 0 0 0 253 7 0 16940 0 8450 138 0 0 0 0 0 7 127 0 15 1604 0 0 0 0 0 8 531 128 206 0 0 0 11 0 0 474 387
 172 0 78 0 0 69 0 52 0 0 2208 0 8 0 0 34 4 0 64 0 0 111 23 242 456 0 0 939 0 0 0 0 0 299 0 22 277 0 1391 0 0 0 1254 248 0 53 514 0 0 3 0 14 4293 0 596 2168 0 131 34 13 0 0 0 3 0 0 0 0 567 0 0 132 235 871 0 881 0 0 19 7 0 586 143 156 36 751 55 0 80 0 0 122 0 0 0 0 0 9 5 122 0 0 0 0 44 0 234 338 313 4 0 0 0 0 326 0 0 10725 43 0 0 182 18 505 18 0 0 0 0 0 41 0 555 0 73 0 0 5 2760 0 2 0 13 268 142 580 49 5 0 0
 9 69 313 650 0 0 56 0 0 148 0 158 0 0 0 0 0 0 0 0 1 193 0 0 0 0 0 108 8512 191 50 0 0 0 0 1005 0 0 0 0 580 0 0 0 0 398 591 29 101 204 4 37 0 54 0 0 0 0 2010 1 504 578 1 216 11 224 1731 16 664 4 0 0 0 0 13446 0 2 0 13 119 520 0 0 156 324 142 0 0 336 57 710 1589 0 0 0 0 0 0 8237 0 0 0 0 0 0 50 0 0 0 0 74 0 11 0 0 0 1044 13 318 0 0 777 456 28 50 0 0 231 541 458 0 0 228 164 0 181 1579 261 0 0 0 0 0 0 0 43 97 0 0 0
 0 343 56 69 205 0 0 0 141 0 19 0 584 0 15090 26 29 0 37 736 0 149 0 15 0 198 0 80 0 0 7695 0 0 331 0 0 0 131 0 182 0 1429 259 7101 0 0 0 73 39 0 11 0 0 0 280 0 169 99 5 0 0 1 0 33 0 0 0 0 176 611 0 0 8 2243 0 11 0 0 13216 168 0 0 0 0 4862 20 0 850 22 21 0 11 29 0 0 0 0 2363 0 0 0 457 0 11 4 0 0 46 17 0 0 544 0 0 521 56 0 222 408 0 8 317 1857 0 0 0 0 51 0 138 0 0 0 426 4 445 0 0 0 0 159 6 104 190 0 0 4 0 0 112
 198 0 18 0 0 0 0 64 0 37 16 0 0 0 0 638 32 0 458 0 0 1 0 0 0 0 71 3251 0 0 4 58 0 0 0 3 0 0 0 0 0 0 0 0 951 0 0 4 26 106 0 217 87 33 0 0 28 0 0 0 0 0 584 0 0 298 0 0 0 63 48 0 0 0 0 173 2 988 0 0 0 0 3 0 8273 506 0 4 0 0 0 0 0 767 0 117 19 4 15 7 176 1441 0 7 517 123 1372 0 1162 0 45 281 0 215 111 0 0 0 0 177 208 0 50 18 0 0 0 0 101 52 0 23 0 0 194 0 301 0 0 0 0 0 37 46 2 0 454 37 12 294
 0 0 0 927 144 2815 0 0 26 0 0 0 0 0 0 183 0 0 0 0 0 0 0 66 0 93 0 0 24 17 10 87 0 3 0 0 403 0 0 0 0 27 0 25 271 0 0 0 17 650 0 0 1625 0 0 7707 0 332 445 111 0 0 0 0 670 707 0 21 0 90 404 1559 64 84 591 7 2749 475 0 0 180 9 2151 0 0 0 27 0 0 183 5 0 0 0 340 875 142 166 100 2 0 14 68 0 0 6 199 2167 561 0 106 0 0 297 658 161 506 278 2062 191 0 118 0 562 40 66 0 1 0 0 166 71 0 0 0 1062 0 156 0 3 278 682 0 6 0 0 130 873 0 0
 8 0 186 0 253 0 0 565 146 0 108 0 20 0 64 280 403 17 0 0 0 0 0 0 18 0 0 232 0 5138 404 0 0 0 838 75 80 0 6 0 5 6 0 8 0 0 4607 0 0 3 0 456 245 0 680 0 33 19 139 170 0 137 1 0 0 79 0 0 682 91 359 0 0 231 0 0 0 0 0 0 0 57 7 1757 0 315 0 184 0 0 1799 0 0 0 7 705 0 11164 0 0 152 0 0 13 0 34 0 113 0 0 0 6 117 15 616 0 0 108 0 0 0 148 42 0 0 0 0 1 0 0 103 40 6 6 0 6 0 1589 313 11 0 0 0 4 4 0 0 121 0 87
 386 178 0 0 0 54 0 0 299 33 0 0 0 0 0 0 864 844 0 138 0 0 29 0 171 1 0 0 32 0 553 28 1401 5523 0 0 0 31 3 0 54 0 0 0 7610 0 0 9 353 0 7 0 0 0 0 0 2679 0 0 0 0 5 0 0 0 0 0 0 0 0 0 14 1062 321 0 0 384 334 0 1 0 0 80 0 134 34 0 0 330 16 20 0 0 0 2852 13 9 407 0 7 0 31 162 15110 0 316 340 0 195 23 0 2805 0 0 200 0 2 0 0 0 0 0 0 0 0 0 0 0 0 60 0 0 1767 0 0 0 0 28 4927 0 0 297 14 58 0 74 0 0 0 0
 0 0 1262 0 3007 0 0 175 0 5621 0 136 0 93 0 4526 94 22 0 0 53 0 1503 0 0 4 4238 0 0 0 3 0 0 0 1359 49 0 315 0 527 0 566 2775 0 0 0 14 0 93 0 196 153 0 2348 0 660 168 0 0 0 29 0 0 0 334 0 0 244 0 0 11 59 0 0 0 20 0 187 40 0 0 233 19 0 0 0 0 0 0 472 0 109 109 5 130 0 0 0 0 0 352 0 235 109 3 0 5 0 31 0 12 101 0 0 0 4 29 0 145 0 0 20 0 123 345 0 0 355 0 526 106 636 99 0 0 0 199 225 0 0 12 0 1180 221 0 346 45 0 0 85
 0 0 0 18 0 243 4 137 0 0 181 0 23 0 5 0 0 122 0 0 0 44 0 0 0 0 0 4 3 5 227 0 0 0 1440 1653 6 0 92 85 283 138 0 0 0 28 1085 0 0 0 980 87 7 0 0 0 0 0 34 0 0 43 0 1225 39 1050 0 0 0 308 0 0 0 34 343 54 141 0 27 34 0 1 827 0 0 0 624 0 7 0 0 10658 0 392 0 2 0 1531 0 0 53 2 0 0 0 1 5597 0 0 0 104 0 0 0 0 780 0 14 0 0 286 0 0 0 7 0 0 0 0 27 218 69 0 0 0 0 587 15691 0 0 0 0 1 59 0 0 0 0 71 174
 2237 0 157 1165 0 916 58 17141 0 0 0 235 0 361 1206 357 1715 0 0 0 10 0 0 0 0 224 0 3215 0 0 0 155 140 96 205 135 0 423 0 17059 156 0 0 441 3922 0 1312 0 330 2 6790 0 39 1050 0 2034 14 0 8 0 667 0 1 202 27 3515 159 0 0 0 237 26 86 32 0 14 790 2 0 208 58 366 0 0 0 125 138 0 0 21 0 29 0 0 0 700 0 0 124 0 0 0 59 0 25 6 0 0 0 5 189 260 0 1254 0 375 7 0 0 27 0 0 573 0 59 0 9 0 218 189 64 444 0 258 0 0 0 1 25 1248 0 0 0 11132 120 16 139 0 0 283
 0 0 128 0 337 0 0 7 0 196 152 1058 22 0 0 0 0 192 18 0 0 0 96 0 0 0 9 0 0 0 342 0 0 0 0 0 381 0 515 0 280 0 768 0 0 33 0 17040 52 0 287 460 0 6 112 4 0 450 0 15 0 0 186 0 0 36 0 0 0 0 0 0 0 15425 0 0 75 0 370 0 6 229 0 0 47 1033 0 0 0 0 0 4 0 15 0 149 0 0 218 0 0 0 604 0 0 2 8 0 0 45 543 0 28 0 0 0 150 348 0 1 0 38 0 44 14 0 0 0 0 6 0 194 54 99 28 144 247 0 59 0 30 0 119 0 0 0 1 0 0 0
 0 0 15 0 0 0 73 84 0 65 98 3 0 0 60 0 107 0 2 583 0 0 0 2823 246 595 0 192 0 99 0 4 1 69 0 0 0 0 121 0 5 0 0 1 0 53 0 172 0 2741 80 0 90 0 0 1058 5632 0 158 0 0 0 191 59 0 0 3 467 0 0 2 0 0 570 0 0 186 31 0 7 843 0 549 59 0 0 0 43 13 0 349 0 6 0 15 138 4 0 0 2245 751 0 0 0 1 0 0 740 0 0 0 0 0 408 558 133 197 410 0 0 67 0 0 112 415 327 0 0 0 3745 0 178 0 0 0 109 0 0 7 1224 843 0 0 0 24 48673 81 199 0 34
 0 115 101 1955 0 188 0 0 0 0 474 19 0 2757 824 0 0 153 64 19 0 304 59 0 948 64 0 0 27 650 0 2346 3135 0 0 979 121 0 0 165 510 0 0 0 1519 350 0 0 22 0 0 0 8154 0 343 0 2 0 472 68 0 0 274 144 0 56 0 0 0 7 0 0 0 0 0 0 0 0 0 3 0 0 18 0 105 0 182 0 0 1 0 0 0 0 116 550 178 24 240 11 141 278 44 14 0 0 530 0 0 250 14 0 0 0 0 0 0 0 5584 0 25 454 0 57 3775 0 0 27 0 274 0 0 0 0 438 0 464 0 0 0 0 180 4 634 76 0 100 4869 0 137
 183 0 84 44 10 6 0 325 108 0 0 0 0 0 52 0 1102 0 5 16 10 0 12 0 93 0 1028 0 19 1454 0 9 144 1330 121 0 0 125 0 0 0 8 0 0 0 995 0 650 0 0 24 0 85 7 0 119 46 1010 0 0 0 0 27 0 257 9 0 256 0 72 76 3311 57 4 0 0 0 0 4 11 0 573 0 0 0 43 89 275 1217 2 1797 23 0 0 52 220 0 250 32 0 0 0 0 0 0 0 25 4 65 0 0 0 22 1 0 0 327 0 0 44 0 248 0 0 0 0 12 0 193 616 0 7 33 0 0 0 0 3676 0 839 34 0 0 0 139 121 0 288 0 570
 962 0 211 779 737 0 1186 7 0 132 0 0 291 735 172 0 84 0 0 0 187 0 0 0 0 0 0 95 0 21 0 286 0 0 0 0 3 62 33 7 60 0 0 316 0 0 0 15303 0 0 276 110 0 0 3 0 0 208 22 685 0 1886 24 2400 0 25 0 265 0 1072 3 1 249 0 0 678 0 25 27 76 0 0 0 0 4 0 0 0 0 0 0 0 0 0 0 31 42 0 0 561 796 83 0 803 72 0 74 0 8 38 0 0 0 0 49 0 0 1300 1048 0 72 0 0 10726 8 13 0 0 0 593 0 738 85 152 0 0 17 0 0 200 0 0 0 32 0 0 0 0 146 295
 32 0 15304 0 122 2176 0 90 171 0 564 843 320 0 146 6 151 0 2 212 321 2677 23 0 742 0 4 0 0 70 20 38 0 0 564 0 133 212 0 939 5680 70 3 0 0 0 287 275 0 0 41 411 56 664 0 504 0 126 0 4 2697 3 0 0 0 0 0 0 0 42 34 28 0 16 0 14 0 0 49 0 3408 13 158 90 0 0 0 0 117 747 0 0 25 32 0 0 0 0 676 0 1 2253 0 28 170 231 1048 10 0 64 0 0 0 92 1559 0 470 0 126 0 0 448 52 0 5575 0 2 74 0 5 0 0 483 44 0 0 0 65 0 1530 0 11 0 0 64 7 0 0 0 182
 30 473 0 0 63 0 0 0 0 0 346 652 8 0 3 0 67 7 117 0 150 0 0 1237 110 0 0 302 17542 182 1 87 0 0 37 0 50 354 0 0 29 0 83 9 1062 0 5585 56 155 206 400 0 553 0 1 223 42 66 59 0 15 284 0 0 0 0 0 11 0 96 498 0 57 0 0 2 153 101 0 93 0 0 291 40 67 0 5 163 91 15 0 0 0 103 6 313 620 102 68 31 0 169 0 0 616 0 7 0 0 0 216 2042 568 0 0 0 11 0 93 117 0 0 36 0 0 75 11 0 0 257 176 1521 0 0 159 456 0 15 0 2591 983 93 0 0 3 0 0 237 9 0
 0 0 2 0 285 0 0 5 274 0 145 0 0 12 0 0 0 7 0 121 108 14 0 0 0 0 12 0 178 0 0 0 313 0 6 0 0 11141 0 0 0 0 143 0 192 0 0 31 737 0 0 33 0 16 1522 3 1347 504 0 0 0 1 665 76 0 0 0 0 230 35 151 5 0 198 137 0 0 39 0 4 2 0 79 0 238 154 121 4 0 458 199 0 547 0 87 0 195 3 0 181 15124 174 0 0 118 0 0 3391 327 0 1922 239 692 293 0 0 0 146 10 342 11 71 52 0 310 0 0 8233 0 20 0 0 1255 182 0 0 0 15706 0 82 132 0 0 0 0 1 0 5553 2 379
 32 3 279 10 0 256 0 624 0 271 0 76 27 6 79 67 23 0 39 5 116 4563 0 260 0 0 0 187 0 0 0 3632 0 0 993 0 9 385 6 388 0 0 552 8178 0 0 68 0 17530 0 314 237 400 0 0 0 0 0 0 355 15 0 0 46 1321 48913 0 0 0 0 0 460 22 0 92 105 109 8 0 0 0 0 225 0 0 0 15063 6786 0 0 0 0 45 2 0 0 1509 0 3507 31 69 0 0 0 0 0 0 0 0 16537 0 0 0 0 0 0 0 50 9 8085 0 3734 0 0 7646 0 0 969 58 1317 0 56 0 0 27 0 0 0 0 0 0 27 40 65 68 1036 1604 11163 682 206
 0 214 0 0 52 0 0 40 50 5677 79 0 0 216 0 14 2192 84 116 0 10 134 1216 0 0 0 0 0 0 894 0 9 1064 0 4 0 580 1 104 0 4 0 0 0 0 0 0 367 136 295 252 65 0 0 16 0 0 10 0 70 137 0 0 17 10 343 0 37 0 0 117 1036 480 0 1206 0 0 0 0 59 141 8 0 0 351 0 68 1558 0 158 0 0 0 0 50 0 0 3 0 424 6541 0 0 0 0 0 5 159 37 548 56 0 0 12 61 115 0 18 0 0 0 0 0 0 0 17 0 1197 0 0 275 3 1078 0 0 0 0 0 0 27 0 0 0 48 0 3 19 0 139 407
 0 654 0 0 16 0 0 639 0 201 297 6830 0 92 0 0 0 2016 0 2279 0 0 2208 0 37 57 146 636 70 0 0 149 30 2786 124 138 77 29 0 489 0 0 0 277 43 0 3 737 0 282 30 0 0 0 1566 104 1 0 7 47 2744 0 0 0 29 0 0 0 448 0 0 0 1030 0 14 0 58 0 0 4451 151 522 0 2 65 0 27 29 11 0 0 24 0 0 663 0 145 0 2080 602 52 0 0 306 1016 0 0 0 0 0 0 3464 0 0 387 0 0 0 130 21 169 0 274 0 0 0 0 197 0 146 0 0 0 15 0 0 9 0 588 0 167 0 0 4 95 37 0 5 0 0
 414 0 0 0 0 0 117 0 0 0 1232 0 2803 0 0 0 0 0 0 125 5180 6 21 0 59 0 0 0 571 0 616 0 0 0 41 0 164 0 1 46 1418 0 3 0 0 0 1625 0 0 0 74 15 0 0 0 46 0 0 0 11 625 316 0 0 86 70 15706 4 1 6 0 3135 20 0 0 0 0 170 0 0 523 0 0 9 0 692 2 867 1346 76 0 0 0 0 723 37 0 62 0 0 0 7287 162 0 0 0 0 0 0 0 0 466 0 331 588 0 383 46 0 0 0 0 0 60 6679 56 0 179 58 718 5 0 0 0 0 16 84 0 37 0 0 0 0 0 0 3 1582 0 20 0
 0 0 3 0 192 0 0 305 0 138 0 0 55 0 108 13 0 0 0 0 177 0 77 0 0 0 44 0 2270 14 0 0 100 0 0 215 0 233 112 0 0 835 119 0 3 0 49 435 7101 84 0 847 2956 0 0 0 0 0 50 47 0 32 246 316 33 0 60 0 0 0 0 0 0 0 0 0 228 0 98 0 0 13512 59 8 540 77 70 0 0 0 20 0 0 0 0 0 0 0 0 0 10 0 5 0 65 0 26 0 150 1 0 0 39 26 9 0 0 9 0 0 347 0 0 179 0 106 0 0 2050 0 288 13 0 0 0 69 3 46 5372 0 0 85 299 255 563 98 3 0 33 637
 5 0 653 66 0 14 105 0 216 0 58 20 0 43 0 8323 65 20 10 180 92 18 0 0 0 47 1569 0 0 1117 130 0 0 0 48950 12022 0 0 0 0 154 0 0 481 520 0 60 865 0 875 37 0 415 4145 99 0 294 0 0 93 0 10 33 0 12 0 0 6 0 0 106 0 0 188 48 38 8 0 354 0 0 0 0 0 36 1955 0 1 0 674 0 206 0 134 157 16922 0 0 7104 0 0 1 0 0 2 16 121 0 56 0 0 0 0 0 0 33 0 0 43 37 0 0 0 0 0 0 0 0 0 0 108 0 68 6 0 28 0 5730 0 1 0 59 213 0 8301 0 0 0 1453 0
 363 188 0 0 178 66 0 11 446 0 0 0 149 296 106 0 0 3392 0 0 112 149 0 0 119 0 283 0 0 0 7 0 25 8 5448 287 4 52 534 0 52 0 199 0 0 0 0 21 282 0 0 79 5292 121 99 6 101 0 119 8 0 0 114 0 0 0 376 0 5 238 0 285 0 330 0 339 0 589 4 0 2 16 878 906 0 0 0 0 0 664 0 0 0 1160 0 0 0 1012 0 0 0 0 2 0 22 0 4846 0 2616 0 0 9 227 0 0 0 0 0 0 0 0 2 0 8601 0 976 362 3 0 0 611 0 0 11163 0 0 0 24 16 3 389 3638 96 0 0 0 0 8634 372 0
 0 31 0 109 0 0 0 0 0 0 0 300 0 0 0 0 204 178 64 233 19 29 40 178 0 0 79 0 0 0 7714 1640 2590 49 0 0 75 39 0 0 361 7050 0 0 62 0 0 0 0 0 97 26 0 67 47 12 0 0 0 0 0 0 0 1140 18 0 1379 0 0 146 704 1061 511 104 0 3133 0 0 0 41 0 6 53 0 479 0 30 67 332 0 6 0 0 0 128 192 88 344 37 299 0 0 0 0 0 3725 0 47 0 0 206 370 344 92 166 0 0 0 0 19 0 267 0 2245 23 0 0 0 0 3 0 193 184 0 0 0 198 0 0 0 0 0 0 0 547 65 0 2986 0 0
 0 137 290 4 4 0 1 211 0 100 138 0 10 0 0 0 21 501 0 0 0 403 4999 0 0 0 506 0 0 0 1066 88 0 352 0 0 0 0 0 6738 0 6 18 0 2263 6 808 0 0 0 126 0 11 0 48 0 112 0 0 0 0 0 571 0 4 595 262 0 78 0 2 0 969 0 0 399 0 0 61 1007 0 2187 0 0 1 2006 0 383 0 347 0 0 0 593 0 0 348 0 0 0 6 15 56 0 1166 0 15366 199 0 0 0 276 1000 0 0 0 38 191 0 31 54 3 184 0 38 83 0 140 46 0 0 0 0 86 40 40 0 0 15 0 116 0 78 0 2 0 969 0 0 20
 875 0 4580 17 30 0 0 0 1 0 0 0 0 3 0 8 95 3404 1050 0 0 0 0 0 96 90 22 131 62 312 107 0 127 0 88 0 0 0 337 0 0 27 0 0 0 100 63 77 0 0 0 0 16 0 8 16 23 0 0 0 823 0 0 0 146 0 0 16 0 0 247 131 28 0 0 0 0 0 0 0 506 810 227 0 0 137 0 0 0 17 19 213 38 0 85 0 26 0 0 9 0 36 0 4 208 4 0 195 0 0 0 0 489 55 297 0 0 0 0 0 73 0 0 0 0 12 20 7 65 0 0 0 22 0 0 0 96 20 0 0 52 43 419 0 0 0 0 203 0 0
 308 203 6 0 0 16 0 0 205 0 0 0 0 0 0 7 192 1 182 172 0 181 345 0 30 0 117 0 25 49 0 0 0 0 0 0 258 0 51 0 0 0 7 0 0 5190 0 6 0 2 0 172 657 0 160 154 4580 0 0 15 0 34 0 0 0 0 3 314 3673 0 0 0 42 0 0 0 0 0 0 0 167 0 0 118 0 96 95 31 56 0 72 112 4 0 0 0 211 7915 0 0 353 0 0 122 0 0 0 89 13481 7 43 58 577 0 0 55 638 0 158 0 44 8 0 0 13 75 0 0 0 264 0 0 263 0 0 4 6 2809 0 602 7 0 0 271 0 0 0 0 0 0
 192 233 31 48 0 318 563 0 136 0 0 88 57 10733 0 10 0 0 0 0 0 67 52 0 441 15663 0 0 12 0 0 0 3 528 0 5 0 0 0 0 4 143 0 1 0 42 0 2687 0 0 0 5510 0 0 0 0 0 0 362 0 305 0 0 8100 209 4 0 0 0 0 6 1010 0 19 0 0 0 0 4 0 4280 0 151 0 7 0 229 24 0 750 72 0 0 130 0 27 64 305 0 1250 1583 0 177 1 43 0 0 408 146 18 146 0 0 0 0 1237 0 0 0 54 0 0 682 0 0 1958 258 0 333 0 79 0 63 0 5031 527 592 0 0 511 1676 0 193 0 1 0 0 0 0 4
 0 0 0 251 47 0 0 0 0 41 0 962 372 0 0 74 0 0 292 269 0 0 0 224 28 43 13 0 0 62 506 0 0 0 0 0 0 20 1427 842 198 70 0 6 1446 0 3 7 0 2 110 13 0 21 2874 423 26 186 66 215 38 0 0 0 0 89 407 0 568 659 335 93 22 671 92 531 0 36 0 0 2809 2 0 585 0 0 0 0 0 0 0 500 2203 0 121 0 0 227 0 123 0 43 0 0 0 25 0 8 0 278 380 12 0 0 0 9 0 20 1295 0 398 0 88 317 44 1032 23 0 0 0 1 0 12 0 0 7 0 2 4 0 0 624 0 5 0 56 0 0 0 39
 156 0 891 0 0 2683 0 0 251 593 5 0 41 0 49 0 0 0 56 0 0 8266 0 45 1 0 0 282 0 0 0 0 0 0 0 510 0 0 100 1538 10 213 668 0 0 119 0 0 0 24 4 0 0 0 124 2860 67 39 0 0 0 243 0 742 6962 58 107 0 0 0 0 278 1479 31 0 0 0 0 10 0 2 51 0 1206 339 0 59 0 89 0 0 0 0 0 0 36 0 2780 4 0 0 74 203 0 0 0 1 0 0 184 0 0 0 0 0 0 0 0 0 0 0 9 4 0 4 659 0 173 0 0 0 0 0 202 99 273 169 11 0 0 0 0 105 0 13 66 143 0 33 67
 26 0 0 0 0 32 0 0 27 0 0 824 14 0 15 0 0 0 0 0 0 0 0 0 54 2 149 21 0 0 0 0 2385 0 0 0 0 294 0 583 0 179 0 0 3 0 0 0 0 140 0 101 0 0 0 0 462 376 139 19 0 220 0 1162 0 14 0 0 0 475 0 1581 3 21 747 58 0 121 0 0 126 0 726 0 679 4 0 0 0 250 613 0 0 0 0 2305 314 0 0 68 0 0 52 6161 0 2 0 10 0 0 0 54 47 0 0 311 0 0 0 0 93 0 1044 6 282 0 0 35 0 1042 8 8 0 0 0 0 2764 1793 0 1229 171 0 82 882 136 0 25 457 0 234
 0 47 0 0 0 5 76 0 6782 0 0 155 0 0 564 0 0 0 0 0 0 10733 281 0 0 0 52 0 0 0 0 523 116 998 50 0 0 23 0 0 0 26 5 3 0 11 23 0 0 3 0 0 216 0 885 0 2062 8 0 36 0 0 0 0 67 0 291 257 0 4 40 386 378 934 0 62 0 511 38 0 0 24 1238 0 0 0 0 0 0 25 0 1552 0 0 27 0 112 0 0 0 4 0 64 0 774 0 0 2 1 0 3 0 0 0 0 0 0 183 0 977 7 12 0 0 5174 0 1 0 1579 295 2050 0 617 0 0 218 932 0 0 10587 100 0 3 0 0 157 0 0 36 0
 18 0 0 0 0 0 28 0 0 634 0 38 3 127 450 0 0 288 82 441 0 1562 285 0 0 98 616 0 0 0 0 14 183 0 62 0 0 0 0 0 0 0 96 3 0 0 0 411 246 207 534 0 0 159 0 0 135 0 0 0 47 979 3268 16 599 1045 0 0 0 18 0 637 66 0 2912 0 93 0 121 43 0 0 42 0 0 385 44 0 718 1182 0 0 251 0 64 0 94 2 113 562 0 549 8 0 0 2 131 0 499 4 1206 0 232 11 1448 4883 9 11 5184 42 0 0 0 0 0 8 30 0 0 0 6399 0 0 62 59 0 1218 0 0 303 0 561 56 50 2 0 17065 0 0 0
 11 484 27 23 0 213 158 0 37 0 85 0 0 99 0 0 0 0 0 3 6 0 15 17410 0 122 0 73 210 53 0 0 0 9 47 0 0 0 0 0 0 704 0 0 0 0 0 48 161 115 0 151 0 0 2726 0 0 0 0 0 0 0 342 0 0 188 110 1511 53 0 0 151 69 3 112 156 25 17 0 15 0 4 0 87 33 617 0 2236 0 0 245 4 97 0 0 0 0 6 0 0 14 1552 0 0 0 17 0 0 5 0 0 1297 67 310 0 18 0 0 0 0 0 0 0 110 0 58 15430 170 1511 0 81 0 13 0 159 0 0 0 12 442 521 26 0 31 2 0 0 0 0 0
 4246 13 0 180 32 1 808 0 0 1 506 0 0 863 0 0 31 0 0 0 0 0 1766 0 0 0 0 0 283 0 0 0 108 0 111 114 0 78 0 86 0 352 2068 31 193 0 128 35 0 20 1050 115 7 0 0 0 10 40 3 0 8 0 8 0 0 0 83 10492 0 200 206 0 0 0 0 0 0 69 365 76 151 0 281 564 12 276 0 23 0 0 4 0 6 28 47 1041 0 257 0 252 28 0 0 0 0 37 0 313 0 0 0 0 30 0 74 0 0 0 3 65 78 0 0 705 2313 270 0 0 0 0 96 0 0 0 0 0 728 0 213 0 0 0 33 59 180 18 233 0 0 9
 0 0 0 0 117 11 0 0 0 8 1624 474 0 0 299 0 30 320 0 0 0 214 0 0 2 0 56 0 3 91 36 7 0 5 27 0 23 0 0 0 0 73 0 0 0 562 8068 227 0 0 5704 0 0 0 0 478 17 0 784 0 311 745 458 0 0 33 0 0 0 0 0 0 806 154 0 0 461 0 176 0 525 0 0 235 0 0 0 0 14 885 4 0 6 56 0 316 0 0 384 1140 12 88 0 0 0 340 191 2 0 0 1729 766 8537 315 162 0 0 0 8093 127 0 57 3632 7 0 0 0 5 0 9 0 5 0 105 9 1719 1755 6 37 23 0 272 157 0 52 152 470 0 494 0
 59 19 0 7 0 0 0 0 165 7 9 87 0 935 2138 1010 3104 79 0 0 2348 0 0 0 580 0 0 0 87 374 0 0 260 924 697 506 47 193 0 390 0 284 0 6 0 37 149 0 0 0 0 0 0 61 4 0 0 178 1424 0 0 0 0 3671 174 2 0 166 0 0 1641 0 0 0 1477 54 0 0 0 488 0 8 46 457 0 10 0 1 0 0 253 314 322 0 0 2754 0 0 0 526 953 3497 23 365 330 1 355 0 0 283 0 41 0 0 266 0 5122 38 0 0 70 24 55 0 1971 0 152 0 0 0 0 14 0 0 0 0 3501 0 0 0 0 1109 0 13 0 9 808 0 0 0
 0 6 0 0 0 21 37 2962 0 0 2717 0 130 0 0 784 624 59 95 27 0 22 0 1 8 0 0 0 0 0 0 0 0 504 0 1157 65 4 0 0 0 0 0 0 0 0 93 14 0 0 604 13 75 56 54 0 316 351 8 0 0 1 462 143 0 0 0 2 0 9 0 535 0 107 0 0 2608 35 113 0 0 0 0 112 0 0 992 0 3 0 0 304 123 437 0 622 0 4692 2809 112 256 0 0 73 348 0 0 0 90 0 0 263 185 205 0 0 22 0 230 0 0 461 0 0 0 0 228 177 0 0 104 254 0 342 3 0 67 0 0 0 0 0 208 1366 0 0 0 0 0 5536
 0 0 57 0 116 0 1 0 3 173 18 0 181 0 0 0 0 0 112 19 20 0 7 1274 9 445 361 12 0 82 53 0 958 0 1 40 344 0 9 84 0 0 35 0 0 0 0 0 0 7 0 0 6 35 0 44 0 29 0 3 0 0 469 0 0 3 0 0 22 0 0 40 0 0 1 0 0 27 0 0 0 108 0 4 68 39 35 0 4870 4 0 0 293 0 39 34 70 20 0 12 0 0 0 131 184 0 0 0 0 0 108 0 1643 7 31 414 0 0 0 0 0 0 6 20 0 8 68 0 1801 0 0 1 4 0 0 0 0 0 0 610 0 379 413 3601 167 4 0 0 177 215
 0 1 2348 0 0 0 15 0 0 0 390 0 87 0 96 27 7 0 3 0 0 48 627 0 229 0 0 0 0 845 0 0 0 365 0 0 361 0 159 0 390 5 0 0 0 0 0 0 1137 0 0 46 36 0 0 22 12 0 2150 6 43 0 41 92 43 0 0 0 10 60 0 0 0 792 48 192 0 13 0 0 0 211 0 90 0 0 50 0 115 25 0 229 116 468 1564 199 391 14 43 88 0 7548 79 0 0 4 0 5 0 0 0 0 0 0 35 14961 0 0 2 0 0 0 321 138 0 0 0 0 4587 65 0 572 0 185 0 0 38 93 541 81 75 0 53 6 107 0 0 8 0 0
 623 0 340 36 0 8 9 83 0 0 3 0 20 3 636 0 122 0 65 432 0 0 0 0 0 0 4 68 100 0 1497 4 108 0 108 0 0 34 69 235 0 0 0 0 0 2890 28 24 0 30 0 865 0 0 2 5 0 0 54 5 0 0 0 0 0 0 0 3579 263 0 324 0 0 0 8 0 116 528 0 29 38 18 48 0 0 0 0 0 0 5713 5 0 0 696 0 167 0 84 0 1 0 135 813 315 0 0 0 0 4 0 0 653 673 0 92 0 0 1292 26 8 108 2756 1615 4 95 369 0 28 372 95 0 0 0 624 7 84 0 0 0 0 931 20 742 0 52 0 132 1552 0 0
 0 11 79 15 184 0 41 606 0 8 99 0 0 0 1116 72 30 0 181 0 42 0 0 1245 13 5528 230 0 0 4 0 0 0 0 1720 10 507 26 0 0 4 985 15 88 995 401 0 0 279 0 2 454 619 103 17 0 25 0 480 548 0 0 0 0 0 0 38 0 1113 0 0 19 0 0 0 10 1362 971 38 0 0 595 0 86 471 1 179 0 0 620 1305 0 105 0 254 0 557 8 3391 3113 0 0 0 13 2 0 710 342 0 45 0 0 0 11 408 0 0 4 0 670 70 0 56 69 0 700 0 127 164 127 55 11 543 0 0 249 0 0 311 0 603 11 0 0 0 0 0 47 85 1035
 0 0 5 122 0 10 172 0 1743 727 6158 0 0 0 0 9 69 0 274 0 49 260 9 360 0 6 595 1561 398 0 1407 259 0 190 1601 292 0 0 0 0 348 0 0 125 0 0 0 396 96 128 0 99 0 56 396 0 0 0 245 0 0 2 483 3582 0 0 10733 128 26 0 664 4 0 576 4585 0 318 10 0 333 1272 0 0 0 0 0 8 1020 0 0 0 0 0 11 189 1 0 0 51 31 0 14 111 0 278 0 0 0 0 29 0 1187 0 0 2208 581 129 46 1 0 172 370 0 0 0 388 0 0 0 0 0 319 8 1744 8 2 0 0 0 63 0 40 0 0 499 0 67 0 444 0
 1 36 89 70 27 0 0 0 0 20 130 0 140 249 0 0 61 492 1640 45 0 0 0 0 497 3 2075 388 0 0 0 0 72 0 178 70 0 0 0 0 0 0 198 0 308 0 0 895 0 264 0 0 4 0 35 113 0 0 139 0 0 0 174 0 149 0 1 0 0 787 0 0 109 0 928 26 0 0 0 125 55 0 2075 477 0 0 0 0 23 1401 1625 26 0 0 484 0 774 2 223 82 17 404 0 175 41 0 0 3 1200 0 0 0 0 5 0 0 0 47 0 1312 0 0 400 0 0 0 0 0 1379 628 0 0 2 0 0 0 0 233 93 0 0 0 2 0 0 0 0 484 8 17
 0 0 8 0 0 0 2 88 0 0 0 757 824 0 312 0 0 0 0 806 0 6 0 0 0 0 0 4 0 71 3410 60 184 0 0 76 0 0 22 14 2343 0 0 111 29 0 101 31 0 0 0 480 0 1120 2633 0 15 0 301 1166 38 0 2739 28 2 150 0 50 37 0 334 0 0 0 524 1 0 0 2 0 0 0 0 2776 1 5 0 0 1604 0 0 84 33 98 0 0 67 0 0 0 15 0 183 0 102 29 0 0 0 0 2916 0 309 166 0 200 0 0 3 0 296 0 188 0 477 288 194 210 182 213 61 2240 3698 0 8644 0 223 0 790 1414 375 123 0 0 0 0 471 0 0 5
 0 370 388 52 0 4 11 531 0 0 148 0 0 0 0 1 110 0 40 7 0 85 0 395 43 579 0 307 8 0 0 0 0 0 0 0 0 0 0 0 89 0 332 29 0 0 0 39 30 22 4238 0 0 0 0 549 1039 0 110 1876 1800 105 82 67 0 0 480 0 62 22 198 0 0 65 0 402 106 0 842 0 109 847 0 0 960 0 673 320 10733 0 0 1321 314 656 0 800 766 113 0 1402 148 153 90 0 1 0 168 0 101 0 0 0 0 1540 2731 7714 58 294 64 0 3 0 0 0 272 2 0 0 4 843 0 0 0 0 31 0 0 0 0 0 1 1482 0 0 0 0 23 0 231 8
 8625 0 0 5 319 600 356 629 8100 156 69 0 660 44 84 0 0 0 0 10 0 0 0 66 0 0 0 0 0 0 0 0 0 1 0 0 0 0 434 3 58 0 183 0 30 72 0 0 62 5481 27 0 5 42 483 0 287 677 6 0 72 0 0 2784 6770 38 127 116 474 763 181 0 0 691 0 59 58 269 0 0 0 0 0 0 0 0 26 0 114 312 0 0 0 0 0 0 15 0 0 0 521 0 1625 591 0 624 0 0 0 286 957 0 77 185 0 0 0 394 44 4 182 75 886 84 70 73 0 10 170 1684 0 18 0 0 0 0 302 1481 0 0 0 33 0 0 0 0 356 0 336 1527
 0 0 5713 17 56 866 0 0 0 0 224 859 3 1170 0 35 0 214 0 23 38 0 0 0 0 65 83 0 1 0 10 518 345 0 40 1 2 0 0 2749 0 1212 0 530 1876 185 85 0 197 1 19 0 0 55 0 23 78 1007 934 0 0 107 0 196 4 65 811 0 0 30 0 27 207 0 4600 0 3673 323 137 557 0 0 92 0 622 0 0 39 0 2725 0 0 232 69 149 0 781 0 0 0 44 0 45 0 123 0 0 0 0 6536 0 48 57 486 54 699 0 6 31 7852 0 0 0 0 5 10 363 0 0 34 0 76 0 45 84 0 75 930 185 2 0 34 19 0 0 0 0 0 0 0
 0 23 124 779 1500 0 6 0 556 0 43 31 0 164 25 60 2807 0 0 16 0 0 840 0 0 774 35 282 200 0 35 220 0 0 217 9 0 6 176 0 4 36 19 0 471 0 295 133 0 0 0 0 398 0 228 0 0 0 2 9 0 0 4 0 0 0 1011 0 0 0 13 0 26 14 0 79 45 0 0 123 0 66 16 0 0 0 159 0 0 0 20 86 8483 0 96 6 0 1407 2107 0 597 353 10 0 9 167 0 25 0 0 0 0 7428 0 0 174 5 0 0 0 0 740 227 59 0 17 0 0 0 0 171 0 0 0 0 50 15286 0 0 815 0 0 77 47 12 0 0 0 0 1036
 0 0 0 0 0 0 0 0 0 274 0 0 103 100 0 0 1387 168 0 0 0 0 24 0 68 11 0 0 31 0 0 8 0 1 0 0 632 0 7 13 58 106 800 307 109 0 620 0 0 0 0 8 0 0 0 0 0 0 0 15303 0 48965 4845 5 238 0 15 0 2087 0 1531 185 7 0 0 0 0 0 0 21 0 0 0 0 0 0 0 34 0 212 47 0 0 105 0 511 25 0 0 156 0 152 156 21 0 0 0 0 245 89 160 0 0 0 0 0 41 8646 260 0 0 0 8 287 0 0 0 44 0 0 0 0 0 1237 678 0 3775 0 0 0 22 4 19 2037 160 8 0 0 4585 11
 107 0 84 287 0 158 64 841 0 29 0 0 316 398 111 16 103 0 6 0 0 0 0 0 200 20 658 92 91 0 93 0 139 0 0 0 48 0 0 0 0 60 0 0 115 4 0 0 0 22 0 60 272 15 174 0 0 0 0 20 0 0 0 2 0 934 285 219 85 0 0 0 0 0 2779 1430 0 0 0 139 225 32 287 7 0 0 252 0 109 0 0 0 0 0 97 0 14 0 0 4 0 3 0 0 0 5405 0 0 78 0 5 0 0 0 0 0 0 37 4 0 34 0 1883 8748 89 0 0 518 0 5 1 0 0 0 761 11162 0 59 500 135 19 0 0 0 0 0 30 157 0 0
 166 452 89 0 0 697 606 0 7459 21 0 180 637 0 116 350 506 9 0 0 754 0 0 606 0 1446 83 0 23 34 80 26 573 0 2126 26 0 0 0 0 1582 188 5 235 0 0 0 0 0 0 0 0 0 359 3820 742 0 0 10 1 0 0 1 0 4 0 81 128 0 0 2016 8088 0 0 0 0 10 7 0 0 0 91 15304 0 0 0 0 0 327 0 15430 0 30 1 0 2037 187 38 0 37 0 1376 7714 0 438 680 0 247 980 0 0 0 0 572 0 0 0 0 25 0 0 0 8 0 0 580 30 0 0 0 114 507 43 434 11 0 25 19 0 0 0 223 0 0 644 0 0 0 224 8272
 0 0 0 0 0 0 414 0 0 0 9 630 0 0 0 0 0 0 0 121 91 0 0 2208 0 0 0 0 0 82 0 0 331 195 65 0 842 807 0 3 0 777 0 165 0 0 13 0 0 27 156 81 70 0 0 355 0 0 1049 0 0 1637 0 134 0 7 38 0 16 0 103 2754 1909 138 0 0 215 1252 0 52 63 0 239 0 0 0 424 0 0 0 170 109 6534 41 0 2 124 0 4 0 0 18 188 5 0 32 202 0 0 0 28 5 0 0 0 0 0 0 899 0 157 0 246 67 224 21 0 573 0 0 0 0 49 0 0 0 0 0 182 74 0 822 331 1501 116 21 143 0 0 1
 0 0 0 41 0 0 0 0 3490 352 0 0 32 2130 1581 0 0 0 50 0 0 1879 11 0 0 493 151 0 0 0 432 0 0 510 149 0 956 0 573 3 0 0 5 0 0 0 14 0 0 82 0 572 188 111 131 0 0 15 0 59 0 0 0 0 0 66 8 15 73 0 0 0 8 0 0 955 0 76 0 1 0 0 0 0 0 0 0 0 0 0 89 0 227 287 194 0 0 0 9 0 4 0 1058 0 0 0 0 295 0 0 431 604 240 0 15 286 0 0 153 0 227 0 0 0 22 0 0 0 5 18 0 0 0 213 690 0 0 188 83 0 0 0 0 67 0 83 138 25 0 0
 0 517 0 0 1824 0 0 0 0 0 0 985 0 0 33 101 14 0 0 1227 0 0 0 8 0 56 0 0 0 258 0 14 896 15304 0 4741 263 13509 0 0 15304 0 97 0 87 68 1 0 1278 0 32 0 0 4263 767 0 0 585 0 0 411 0 0 0 0 434 0 0 1 33 0 0 0 0 12 226 93 0 6824 0 0 0 0 0 49 40 105 1006 16 0 0 0 0 0 0 591 313 98 8646 0 92 1571 0 2029 0 1551 0 1 28 2868 1215 0 93 0 0 0 34 3 2 0 21 0 14 0 87 0 95 0 0 0 2 0 847 0 0 603 122 1 737 31 73 0 0 0 0 0 0 100 0 0
 235 155 0 2178 13 0 0 0 572 0 0 979 271 0 54 56 0 0 0 0 0 56 0 0 285 0 0 1 155 0 69 131 0 36 0 119 0 23 0 0 109 134 0 220 7 1140 0 0 0 314 0 180 0 431 271 118 0 2270 0 0 0 0 1307 175 37 0 102 0 1820 1 0 0 204 743 0 0 0 30 0 0 41 0 0 253 1040 0 0 361 0 0 93 0 61 2 0 0 0 0 0 0 0 1284 1066 0 0 0 0 0 0 1710 0 15239 37 10 0 4036 0 0 25 37 4 49 0 320 2779 0 8 61 151 0 1551 54 0 0 0 0 15 0 61 61 0 62 37 574 1710 0 150 1 0 0
 318 11 2742 36 0 0 0 380 273 1541 0 1082 0 0 0 0 27 115 89 27 0 16 0 0 82 0 0 0 120 6823 176 0 0 4613 204 0 635 17006 665 0 0 175 0 343 1105 1 118 68 0 2159 0 0 102 0 0 1284 0 1036 143 16703 615 1 714 115 0 0 0 2679 0 33 0 420 11 0 58 0 0 0 0 371 1044 202 0 3132 4 0 0 71 0 511 0 0 0 0 0 0 0 0 0 0 184 0 47 0 36 0 0 7 0 0 324 0 0 737 0 96 0 166 0 314 0 0 0 0 0 0 146 578 7 0 0 0 0 3002 1200 0 0 0 0 0 102 0 0 133 0 42 247 0 0 790
 0 0 0 0 0 65 4 0 22 0 34 0 0 0 8905 18 0 48 343 0 0 0 33 0 0 0 0 0 423 45 83 3 9 292 0 0 0 140 16 0 0 0 3840 9 342 114 0 0 44 0 0 0 206 216 308 591 0 22 0 0 5343 55 44 10 0 2882 0 0 29 13 3444 0 0 0 1281 7 0 154 7653 20 73 148 0 0 0 31 0 0 1476 0 151 0 0 111 62 0 742 23 0 76 0 17 50 333 0 7 164 735 4697 195 0 0 0 21 339 0 0 0 0 488 0 0 0 9 252 8242 117 108 0 116 17 104 126 70 0 0 0 1464 38 0 50 1557 5 0 332 0 0 0 2 0
 17762 223 0 96 1968 11 0 0 0 1 289 61 0 0 0 527 17 46 366 0 0 0 51 0 23 245 0 17 70 9 624 0 62 75 154 50 0 313 195 0 91 0 0 1713 0 177 0 0 388 30 564 0 3 0 105 0 48 622 0 0 0 0 18 4 0 32 0 0 0 152 0 0 38 0 405 0 5632 0 311 4904 74 0 0 0 0 83 97 0 0 0 0 0 946 0 0 1361 1139 0 6 6 223 34 0 2 10 0 0 0 0 118 0 51 5 0 0 0 1 219 0 65 0 0 740 2975 0 35 0 0 0 0 2 11 32 0 1 644 28 0 0 0 147 0 0 15 0 714 8 657 0 0
 0 228 0 0 94 0 241 336 32 136 0 0 106 4 25 122 64 0 5 0 32 83 0 2 0 369 0 0 0 0 0 11 0 0 1794 0 0 445 0 0 0 0 0 0 7 0 0 0 0 0 0 31 0 0 0 73 133 160 89 0 93 415 7 0 2 154 0 0 596 0 15282 0 4300 27 0 4 0 60 0 0 0 0 0 115 187 0 2 53 1556 146 0 32 0 132 0 0 0 0 0 61 0 119 10 0 42 52 0 0 275 1552 0 2 0 0 0 14 0 0 0 0 0 146 0 0 0 0 53 138 191 238 0 308 0 0 267 406 4133 0 0 149 0 0 2069 19 117 24 38 0 0 0
 20 0 0 9 2 0 0 56 0 0 0 43 191 0 0 138 0 0 526 0 0 0 0 0 106 0 0 0 2 264 0 0 0 0 158 0 0 0 0 151 0 41 387 0 0 105 67 0 0 9 0 0 0 32 0 27 0 0 0 0 0 78 37 0 3003 0 0 0 0 99 0 104 206 1941 21 0 75 30 0 319 32 0 0 4 0 8657 1943 0 31 279 1263 0 2 37 144 101 95 264 0 6009 101 478 5 0 3 66 231 0 28 353 37 0 1716 0 0 0 41 1238 44 0 0 0 171 0 0 220 0 559 297 139 0 0 252 0 0 0 5 0 5 0 0 177 6 0 414 249 519 24 0 77
 0 0 254 3 2809 5540 90 119 9 0 0 0 0 0 0 8648 0 0 0 0 3546 1113 0 631 0 0 0 58 0 975 0 0 1 13 0 0 0 15 23 1 8080 0 0 94 0 722 0 1084 0 0 77 6 7 623 10 0 1390 0 415 0 0 0 194 0 5140 982 121 395 395 0 0 0 0 0 0 58 0 0 0 895 0 0 7 27 58 0 28 0 0 0 89 685 15 0 0 1 9 0 596 0 0 622 0 0 339 89 285 0 0 127 0 0 22 0 59 0 0 0 184 1 0 0 0 0 0 875 0 0 0 0 122 0 0 0 0 0 112 0 0 0 0 604 4 0 0 0 0 0 0 5562
 0 0 0 0 0 215 0 0 1620 206 0 0 0 0 0 31 0 177 280 14 1625 52 195 299 50 0 0 2956 113 13106 0 0 0 0 0 0 1962 0 15 183 293 35 86 0 0 58 0 0 0 95 0 0 52 4300 5 16 50 0 0 46 98 0 230 0 581 241 0 0 0 0 4 24 0 0 0 162 3671 0 0 0 400 11 215 0 99 353 0 60 1770 0 1 0 5 294 0 0 0 0 0 14 0 119 299 0 231 0 0 72 137 0 0 0 0 0 33 68 656 1321 0 0 8 118 41 1734 0 0 0 0 0 0 0 4 1 0 30 59 164 0 0 52 0 0 0 3387 244 0 0 79 366 1
 0 85 10 0 54 0 1 396 0 55 0 0 0 1831 795 0 20 0 27 0 50 0 0 151 0 920 1494 116 8 0 0 0 0 0 8274 0 177 0 0 0 148 0 0 0 0 464 69 46 188 294 0 1404 136 0 0 89 0 205 0 0 432 38 0 0 571 1374 0 2 21 0 81 220 0 0 0 0 979 232 0 29 45 0 0 20 6 37 89 0 0 28 7 3135 0 0 0 0 117 552 5 287 0 0 60 0 0 0 0 0 36 10 29 0 0 64 0 0 37 5003 94 0 0 50 0 6004 122 37 0 7 115 0 108 7 2208 0 100 0 0 367 0 313 93 0 0 0 0 20 152 3 171 0
 0 3 158 0 394 230 0 177 342 526 150 0 0 0 0 13 0 73 0 0 33 0 0 0 0 0 0 214 0 15304 56 1 205 106 54 0 0 29 0 114 0 0 0 0 2666 0 34 0 0 545 2 0 0 0 0 0 0 654 0 511 0 0 154 0 547 1067 140 920 85 0 68 661 0 0 0 43 355 0 0 70 0 0 200 5 0 621 48 14 32 13 0 356 0 97 1536 0 0 108 0 0 0 99 0 1 0 13 0 381 10 0 0 962 0 0 0 86 0 17065 301 65 3 0 1 0 43 0 0 261 0 44 0 451 0 69 0 0 0 0 0 859 0 0 0 0 0 92 0 0 2108 0
 0 0 9 697 0 0 257 9 0 67 29 0 0 30 22 0 958 0 0 0 28 0 8315 0 0 0 0 0 0 0 0 0 0 0 1280 47 0 3 0 0 0 0 0 0 69 258 0 0 16 0 0 0 39 0 413 122 266 3007 3 56 0 0 346 332 0 0 37 2337 0 0 0 2082 0 0 0 4587 0 7 8 0 48 0 0 0 275 150 0 4696 0 26 8 135 188 0 252 61 37 112 0 0 100 0 36 422 0 0 3514 288 121 200 0 370 0 412 0 226 47 17 6 0 0 4 2608 345 976 2313 0 14 0 35 682 1166 0 0 90 5 39 0 0 45 0 111 0 0 32 0 5148 189 0 0
 0 0 0 154 774 0 0 0 0 7 0 19 0 0 419 0 22 0 423 8 33 44 138 33 94 0 0 0 1 707 22 0 7089 8 4 0 50 0 58 395 296 12 202 0 0 0 37 45 185 0 22 5541 350 146 0 172 1451 0 25 263 0 0 1661 1321 257 112 0 123 0 0 0 0 0 30 24 2628 0 147 0 0 0 0 24 0 0 42 0 44 3 238 0 30 0 0 0 2940 80 23 37 0 0 0 24 2787 0 13 0 0 18 94 0 89 10 0 4 22 0 146 0 0 559 0 14 0 0 0 8 0 0 114 147 22 0 0 0 0 0 0 0 0 4261 12 0 0 0 37 0 3 0 0
 29 0 0 302 0 56 1 0 979 162 0 24 126 0 176 0 0 0 0 2 45 0 158 282 2253 0 121 0 1973 97 37 15 0 7 0 212 352 0 0 0 209 3 113 747 682 59 306 0 0 0 264 867 2395 0 59 0 1786 0 507 0 66 0 157 0 98 0 0 1 94 0 131 0 162 19 2956 200 46 95 0 0 135 0 10 0 0 580 125 0 15390 0 0 0 0 0 1566 40 69 0 5141 97 7 0 0 0 8 28 223 125 2302 0 48 0 302 0 38 2050 0 0 0 0 0 20 0 23 0 178 0 0 189 109 1105 0 0 19 1 0 503 0 149 0 0 0 0 0 0 217 3848 16 0 549
 10595 1 0 0 216 175 1355 7 1262 83 77 0 61 5 0 0 0 0 356 0 528 3 0 0 6 0 109 174 0 13 3926 0 0 0 18 0 0 0 0 0 0 0 0 119 0 0 0 0 0 0 0 31 49 330 8896 0 25 201 0 0 160 9 1558 0 0 0 0 17 238 0 0 0 0 67 2 44 106 0 0 490 0 0 0 31 0 0 0 0 0 142 6757 0 71 0 49 19 1 96 5 0 265 408 843 0 224 144 205 0 0 592 865 19 0 0 0 0 91 0 0 0 0 0 0 0 185 0 0 225 617 75 550 275 0 0 254 0 591 1279 0 7 7 0 0 0 0 0 0 1602 0 34
 0 0 0 18 0 0 0 87 0 84 3 106 0 1525 42 573 0 29 0 0 182 326 2005 0 200 1035 0 0 47 14 0 0 0 0 171 0 3809 775 17 182 23 0 53 1167 0 17 0 210 0 9 528 0 0 0 219 0 1476 2 859 473 16 11 216 0 20 15706 61 0 433 0 59 6 0 0 0 14 0 169 0 0 131 480 23 36 0 0 149 62 0 53 0 0 60 0 0 1962 10 3 13509 0 111 0 0 22 2 0 10 236 0 59 0 0 0 0 64 185 84 0 0 3002 309 178 0 0 0 0 0 59 26 130 0 336 0 27 745 0 113 0 0 0 8 0 0 69 2976 0 0 15706 302 434
 60 396 37 8645 271 189 0 0 130 390 0 4 0 0 0 58 0 299 0 69 91 52 0 821 8208 22 0 0 0 0 0 0 74 281 85 140 0 0 0 0 0 0 0 0 2232 0 5 188 0 2 0 0 233 0 0 0 138 0 22 0 0 43 2 147 65 0 11 651 3 32 0 2 0 5408 139 278 1558 13 0 617 171 67 0 0 0 183 204 757 0 0 1148 0 45 162 0 0 140 86 953 57 0 845 13 89 0 49 0 1566 0 0 88 0 89 8 0 0 66 1527 153 4584 284 0 4 0 4 14 12 0 5744 49064 42 0 0 0 167 0 108 3 0 81 0 112 0 935 0 0 0 69 313 45
 758 0 15 0 0 0 0 0 864 281 47 0 0 47 167 0 28 42 0 42 33 0 0 11124 0 18 0 0 0 4 0 0 0 0 3 0 246 40 0 170 106 0 0 0 0 0 0 1531 0 0 2 371 0 38 0 0 108 0 0 184 8 0 0 0 10 0 0 33 10 344 0 0 23 4 0 230 256 0 0 62 18 113 0 943 48 43 0 0 0 0 545 0 0 0 546 0 0 832 5 5 0 215 0 0 0 269 0 220 0 0 0 0 0 52 14 17 0 0 3 0 50 43 0 0 642 0 137 1 565 0 274 0 0 0 5 412 19 0 0 296 0 0 21 0 508 0 0 38 701 0
 0 0 0 0 0 0 0 30 0 58 303 11 195 432 1 8 0 456 0 0 2107 0 0 31 0 179 0 0 66 0 0 0 0 0 194 24 216 188 0 0 0 0 356 17060 0 0 0 1 0 4 2 0 0 369 55 9 0 7 0 0 0 0 0 1876 0 10 1580 0 70 244 2681 9 0 312 0 1499 48 0 0 4915 0 0 3 0 38 0 0 60 0 10 0 0 0 0 0 0 0 0 0 0 0 0 241 223 605 8 0 0 107 0 0 0 89 6822 8 10 0 0 0 0 95 1053 2037 3 0 0 0 229 877 0 155 0 0 0 65 61 0 0 0 120 0 0 0 0 0 13 0 0 1 391
 65 163 27 693 3323 4 0 2 5 149 458 0 77 0 0 339 43 0 2 105 0 0 12 0 337 0 0 73 0 674 3 23 4737 133 297 0 0 57 0 0 0 72 0 0 526 60 0 0 0 99 1548 12 189 0 0 124 11 0 36 1 0 0 0 252 0 1 1081 0 77 0 0 17 0 0 1 1958 45 0 0 3 0 0 21 15279 19 404 0 0 354 0 59 3 0 0 199 17762 127 3 0 33 27 0 0 0 0 120 0 0 9 0 0 26 133 200 341 0 0 12 0 11 0 34 0 0 2 0 58 34 0 0 0 0 207 0 69 0 428 0 0 0 645 0 0 0 0 72 0 147 0 0
 2 0 0 2 0 0 0 0 1 22 955 0 0 150 52 2 0 0 8049 0 0 7110 0 62 530 0 106 8 407 63 0 0 119 131 355 0 11 28 171 431 22 1587 0 930 7 1744 0 0 76 176 0 26 0 2986 208 0 0 877 0 6 50 0 773 207 0 31 0 351 21 203 0 0 0 521 0 10 0 0 9 66 0 15 0 280 6509 304 0 0 0 3 0 0 0 13 16973 335 0 280 0 0 0 0 1 6 15 22 2 2 0 8 0 11 0 381 0 0 0 0 0 17 116 0 0 266 0 0 43 833 0 0 3512 1 0 49 0 371 141 0 0 68 0 0 0 0 0 44 0 6 171 1216
 218 6 80 0 0 0 0 0 163 234 0 472 0 0 27 0 27 0 0 8 3 0 0 0 0 0 0 115 139 0 145 4 0 0 0 0 64 481 0 6 0 0 0 0 0 0 0 194 0 0 40 0 11 89 0 2970 0 0 23 0 1541 0 0 2956 364 28 10 141 0 0 0 18 0 30 761 0 269 0 19 680 184 0 0 0 30 747 0 3502 0 0 4 1211 0 204 0 44 57 81 1938 8 4 0 12 472 2692 0 114 5 0 0 1140 0 5 0 17 0 1632 0 0 0 8 0 0 0 11 6 500 4 31 0 0 47 90 1379 0 0 657 0 19 7653 0 0 0 212 0 260 0 445 7 130
 363 334 517 0 0 29 0 60 0 0 306 263 0 1475 0 46 0 0 0 61 293 710 0 26 0 178 1185 39 0 3421 843 0 731 0 87 0 0 0 0 11 0 0 291 0 0 0 0 0 1468 0 371 188 294 0 318 1366 790 80 92 0 0 0 172 97 0 16 5408 118 282 203 0 543 48 0 0 0 0 840 115 172 363 0 0 1085 0 0 0 0 166 0 0 3 0 127 0 0 0 0 0 288 0 634 5698 186 0 2809 0 5 0 7601 0 0 0 7 279 55 0 24 0 293 78 8629 50 0 0 0 146 0 0 0 204 218 1 41 0 717 0 249 0 3179 0 0 0 0 4 1737 0 601 0 0
 0 0 0 0 305 205 0 26 275 0 0 0 0 0 68 0 0 1 0 1561 3 52 0 0 0 24 0 0 97 42 0 0 0 0 182 75 33 0 51 146 0 189 77 1 0 0 159 0 0 5 176 0 222 32 0 0 0 416 0 0 2895 2 60 273 279 0 0 0 0 0 98 14 128 73 0 17065 0 20 71 0 0 0 77 339 0 0 0 0 4 48 10 9 0 396 0 0 0 355 0 339 228 0 1471 0 0 19 111 282 0 0 107 0 2620 0 1880 6 548 3 0 10 0 320 618 2 10 0 1151 2 106 48 0 31 0 0 0 369 0 0 292 0 0 0 0 38 0 0 0 0 0 591
 0 131 1875 469 62 15665 0 482 0 0 72 11 276 365 1540 10 0 0 0 0 654 27 4 0 0 34 0 1047 0 82 0 668 11 0 0 0 13 30 75 0 140 0 0 260 0 0 1387 20 0 219 9 0 0 0 0 0 0 0 0 0 315 0 0 107 35 0 740 343 0 0 0 123 0 2960 0 0 0 0 7976 0 0 56 0 63 112 130 0 0 5 486 0 0 0 0 713 223 0 665 0 0 0 0 2195 0 0 618 63 1 24 0 0 0 2006 136 0 10571 0 0 155 0 300 0 5 0 6 0 0 716 0 0 173 112 0 62 64 86 63 0 0 0 1 0 423 113 838 357 0 0 149 3
 13 39 0 0 0 0 222 0 0 0 0 95 0 681 7 637 2 0 100 2889 0 0 0 0 206 0 36 10 0 110 0 0 0 0 258 0 2 0 0 0 10 1681 14 21 173 39 42 1430 0 4 36 189 423 150 13512 0 87 184 0 0 0 2037 16 0 4 0 0 27 0 784 0 0 0 0 0 0 9 135 0 0 0 0 51 10 0 162 0 0 0 15 0 0 0 0 0 712 102 0 0 5 11122 32 124 0 0 341 0 0 85 0 70 0 68 0 1053 335 0 225 254 1319 0 0 504 88 49 2348 0 283 0 0 5 0 0 343 16 0 4 0 0 224 135 0 13 139 53 0 0 0 570 0
 236 0 10 0 16 0 0 0 0 0 0 0 6 88 0 0 636 0 0 14 217 0 0 391 0 52 779 56 0 0 408 13 0 0 0 0 0 0 33 3 0 0 0 2115 803 2 68 23 2775 7 2 565 0 0 78 46 0 0 118 0 0 436 497 18 251 27 15424 228 0 1 201 0 2 0 0 46 274 0 0 0 534 1551 0 0 0 1363 4 663 279 19 0 178 123 0 387 327 717 0 6 39 0 0 0 0 134 0 421 8 3 1 108 68 0 1 2780 9 0 0 91 0 0 0 0 0 2 0 59 0 0 609 0 0 1529 0 273 0 0 0 0 0 0 29 0 54 0 0 2942 157 0 0
 124 199 0 1044 1004 0 0 282 0 0 0 0 0 145 56 125 0 0 0 0 0 0 0 0 79 65 0 0 0 533 0 1285 0 129 189 15 0 1177 302 0 55 5 182 64 138 0 0 3667 0 0 179 0 13 206 20 112 0 114 58 0 1 0 0 0 0 0 107 960 0 236 0 0 389 95 44 0 0 112 35 0 14 0 99 0 1 2 0 0 1048 82 0 0 0 142 185 0 0 192 0 20 11 0 0 0 48 0 0 47 17050 0 0 0 36 108 0 0 175 0 0 0 0 0 154 0 0 0 114 96 50 1501 0 0 737 6 0 174 0 0 0 4 0 0 19 0 0 0 8641 102 0 2679
 122 0 307 0 0 0 0 472 83 29 18 0 0 0 556 0 122 416 0 0 0 0 0 0 12 0 11 0 0 8261 2 0 0 206 0 11 0 0 172 0 78 934 4 0 809 0 0 0 2708 22 36 993 329 0 180 227 130 0 0 141 11 48 0 324 36 0 0 32 520 5 0 0 3 0 38 0 25 0 84 0 59 331 268 59 0 0 0 0 9 0 0 0 0 6 22 983 27 673 117 0 188 0 0 3480 341 0 0 110 2 0 72 131 49 0 0 0 0 0 0 1 195 0 170 0 30 44 747 0 8 0 12 514 0 134 3 0 0 173 17 234 0 0 0 0 1245 0 0 5403 0 0
 0 28 0 2885 542 249 0 163 134 2780 0 87 0 10 0 415 30 3388 0 2 0 30 0 303 0 0 0 0 0 0 0 0 0 0 178 8 0 0 0 0 76 606 0 0 42 0 0 0 18 569 0 0 0 0 0 0 0 0 0 0 0 0 0 201 0 0 46 518 34 0 590 0 0 0 9 57 0 0 12 7 37 0 293 3522 10 0 0 0 167 0 0 0 0 0 17 7507 0 205 1386 0 0 0 2721 0 48 0 0 260 45 51 0 0 0 0 0 0 0 4 115 33 320 23 31 0 39 39 0 0 13 10 0 0 0 0 0 0 0 22 0 138 83 243 4 0 397 0 0 0 89 73
 1510 0 21 0 224 0 56 625 0 2 0 0 71 0 1 0 0 0 0 107 0 1424 0 95 0 0 278 0 0 0 56 0 0 0 8 58 0 0 69 157 0 0 0 6 0 847 3 402 0 0 20 0 0 0 121 1387 8 5 87 36 0 623 273 0 40 0 0 0 0 44 245 0 882 0 0 1501 0 0 0 0 0 178 18 0 580 418 378 0 4 15 0 0 127 29 0 259 0 0 382 86 0 0 203 0 0 361 726 0 977 0 0 0 0 0 0 204 0 0 0 1 0 122 0 0 0 0 192 44 0 92 17 69 32 191 22 0 67 0 23 22 15703 110 0 71 0 310 0 1579 0 0
 0 62 141 0 0 190 0 0 0 13 102 0 420 1281 0 263 0 0 32 685 0 47 0 0 2 0 1 30 0 0 123 137 0 136 652 60 0 5 0 0 0 0 0 0 992 2756 1501 0 0 0 790 0 0 0 0 0 15 0 0 26 0 16 0 0 26 4 0 1254 291 0 352 78 172 0 685 77 0 17 180 1985 80 0 0 0 0 0 209 0 0 4294 0 245 0 0 0 164 41 0 88 142 1006 0 40 0 0 0 36 801 0 0 0 0 0 6009 0 0 559 323 493 349 0 0 0 0 0 327 6 129 0 5 0 174 0 93 0 0 30 0 0 247 108 0 167 0 0 0 48 0 0 59
 26 0 0 0 15 0 0 5 0 0 3 24 0 0 264 757 0 0 0 4 0 0 11 0 60 142 470 642 0 0 0 0 0 5532 27 0 0 18 0 12 124 0 0 0 0 0 281 1082 374 0 0 0 2 5018 0 0 204 0 0 0 19 0 7 0 153 1 12 0 80 0 2494 0 0 0 0 58 12 0 43 0 16 56 5 422 0 236 573 0 0 0 0 1247 169 36 342 301 728 0 0 10 0 78 135 0 0 549 0 8 0 0 42 710 65 8 0 389 375 441 1564 0 76 0 0 66 108 1506 0 0 30 507 0 228 0 0 1166 29 0 15284 98 0 0 0 0 0 148 0 33 0 150 27
 6 67 185 0 0 281 837 746 0 5 0 36 0 6 0 388 0 0 0 0 6538 2887 0 0 0 1 0 50 0 0 15299 282 21 0 70 0 0 6 0 0 0 0 150 0 526 0 0 93 735 0 14 51 661 0 0 78 0 241 0 0 228 0 12 523 0 66 7 0 0 226 0 85 1044 3 309 0 48 218 0 508 556 0 84 0 38 0 0 306 0 399 1 0 2890 0 8 0 352 0 13390 0 60 74 0 0 1448 1703 84 119 1019 552 0 0 21 0 10 0 42 138 674 33 0 0 0 51 0 0 78 0 0 21 0 0 634 208 0 0 0 0 29 0 3 0 55 388 178 2963 3 0 338 91
 0 2005 240 0 70 0 0 0 61 0 23 0 0 322 12 0 0 2 176 154 460 6 0 171 85 1248 127 0 0 0 0 0 393 44 279 25 0 0 0 596 0 0 0 4 0 94 0 0 83 691 4 124 1 445 0 172 0 751 3 4 0 354 0 28 511 32 2563 315 108 60 0 2 63 0 0 0 0 0 0 0 10 0 974 0 6393 4282 0 47 0 142 0 0 0 0 0 0 0 0 224 0 12 1 0 99 0 0 1026 0 0 0 538 0 33 0 0 0 0 0 0 0 32 37 0 208 0 0 0 0 0 69 0 55 0 102 5 0 1335 43 47 0 0 19 0 92 18 323 0 0 65 1072
 0 492 56 124 20 0 0 0 9 263 0 21 97 0 0 56 11 0 82 37 10 0 68 0 0 48 0 0 0 119 0 114 6 42 0 713 0 0 172 2 0 18 5 415 30 0 0 245 0 0 0 22 626 37 0 0 0 22 0 0 0 381 0 2 246 0 0 0 154 68 0 1560 0 0 0 0 0 0 933 2129 227 0 35 58 38 67 0 0 0 135 65 0 7 4 0 18 0 64 1350 4578 0 8 58 215 0 0 3 16 0 839 581 0 1641 0 15273 421 95 0 0 172 0 3113 0 0 0 191 71 0 2245 711 410 0 0 31 2208 0 0 0 277 159 0 0 158 2731 0 0 0 432 1 0
 0 6 64 0 63 0 0 2075 0 0 835 197 0 14 0 8 0 0 0 83 0 0 74 0 31 34 2054 3 40 1604 0 0 157 0 0 0 0 0 0 0 0 0 0 246 5 0 41 0 0 470 1542 0 0 363 0 73 0 65 0 3 121 713 58 0 0 0 0 0 8 0 73 0 0 0 136 0 0 0 0 70 0 0 0 0 1 0 974 85 79 795 0 170 0 0 0 0 132 0 47 148 0 0 75 20 0 0 0 0 0 0 17627 0 57 0 0 0 0 0 740 0 0 0 15430 3 0 0 6 105 1011 0 0 0 42 377 0 83 126 131 0 46 0 0 0 1664 9 251 0 0 0 16
 115 0 0 727 850 0 0 1579 421 0 0 0 3366 44 123 12 276 0 64 0 400 0 0 442 0 176 0 0 0 0 1 0 0 1574 0 0 0 0 43 61 651 0 75 73 0 0 0 2 0 0 0 0 0 0 4 645 129 0 815 0 0 0 127 70 358 155 0 0 0 112 1054 0 0 9 0 0 0 213 46 4 1250 0 629 1 18 0 1007 8231 25 0 4 24 0 0 150 89 0 0 77 0 0 144 55 0 326 1326 124 6 3 0 206 408 184 431 0 138 0 348 23 82 219 50 0 4 76 174 3 104 0 0 2982 37 0 32 0 34 0 0 21 0 0 412 0 0 0 0 0 0 0 36
 10 10 517 0 3 263 0 8 60 0 5 140 1579 45 29 72 0 15304 33 81 90 0 868 3667 80 0 89 0 209 0 0 0 0 2 0 14 226 0 714 8276 0 0 0 0 0 151 124 2613 44 0 0 811 25 0 0 0 4 11 223 339 956 0 4 57 0 0 0 58 0 1208 0 0 3 355 0 22 0 65 10 0 0 0 727 288 0 0 12620 0 199 0 0 0 20 0 20 0 0 349 0 0 0 0 349 0 1 2242 0 0 6 38 188 79 3 0 477 17 0 250 0 1 15430 0 166 0 9 104 0 154 0 326 0 286 0 0 0 0 0 0 8 90 10 0 0 40 0 2055 612 3 1211 0
 0 0 166 0 0 34 0 25 509 155 934 112 0 18 122 4 17 81 0 0 0 0 0 471 0 0 0 0 0 128 0 0 73 72 0 0 0 3304 0 93 0 0 0 0 31 293 53 112 0 0 77 3772 114 0 555 0 15409 0 0 0 0 0 0 0 19 398 24 0 0 152 5 4 0 0 17 3 0 0 0 0 37 0 956 109 0 0 41 66 0 336 0 0 152 0 0 0 0 525 0 0 0 0 4 145 0 0 117 4 0 0 0 0 174 28 0 164 0 0 0 27 0 0 0 27 112 0 304 0 0 0 0 0 7931 5985 152 0 0 23 0 9 24 0 392 0 0 5 121 0 0 0
 0 13317 63 0 0 0 46 0 0 0 8504 0 9 185 0 276 0 0 665 0 0 0 154 4 0 881 0 0 0 0 79 1975 0 47 50 261 0 0 0 178 0 404 1 0 0 611 0 1643 0 12 0 0 349 277 0 0 8597 0 482 150 0 0 40 42 0 51 55 473 0 0 0 0 0 0 95 5 0 0 101 0 559 331 178 50 18 0 0 0 1554 0 0 0 4 299 913 0 0 158 656 29 0 0 0 0 0 27 5 20 27 0 0 682 0 91 0 0 3 0 71 0 29 261 228 295 0 0 146 90 20 0 0 0 1510 0 29 345 420 5 0 0 58 0 0 0 6 203 0 64 247 0
 363 182 0 0 0 43 0 0 0 0 6 0 16 6 847 0 0 0 112 0 5690 48 6766 156 287 0 472 372 0 0 2768 0 0 235 170 18 0 0 0 0 1333 44 45 0 5 149 0 9 0 48 0 2 0 9 372 78 0 2887 2 0 0 1929 0 32 16 6 0 0 0 23 1 0 258 20 0 866 86 66 0 0 140 0 0 1594 0 843 0 0 0 72 0 0 0 0 22 0 8642 0 0 82 11 0 630 0 35 14 0 0 8 3135 8091 0 0 43 404 0 0 3 56 12 149 246 7 282 178 7 0 0 438 0 0 93 38 11 0 1058 0 0 183 70 0 58 359 3632 0 0 0 1906 0 0
 0 321 0 0 180 3 0 9 0 0 36 34 457 38 0 173 260 0 5 0 275 700 0 0 89 0 17 167 10484 71 66 0 0 0 83 8 1465 0 0 0 8 249 0 1493 0 665 0 0 1405 30 0 0 0 316 0 600 0 105 4 105 958 59 0 13 10 52 0 0 0 11 0 0 3 0 68 0 0 0 0 802 0 0 93 0 0 0 0 361 926 0 106 0 165 0 0 0 9 2 0 253 327 0 413 0 0 0 0 0 341 188 4 113 45 4 275 259 19 0 10 274 842 12 46 21 0 0 5887 0 93 0 40 0 975 0 0 0 78 169 37 0 14 0 371 326 0 1262 0 289 0 0
 0 99 0 186 0 67 0 0 1366 0 0 0 0 326 0 0 0 0 1044 0 0 194 5 11 15 0 0 5 0 69 350 0 0 187 0 0 0 0 0 0 0 28 102 76 0 45 0 0 0 0 0 0 0 0 19 185 0 128 0 2 99 145 0 0 0 355 0 243 77 16 527 2890 0 1544 0 978 0 3 0 0 0 5743 0 0 0 0 9 97 315 164 0 367 77 2195 0 0 29 1361 0 0 0 0 0 8 0 0 634 27 0 313 276 0 117 1817 0 0 0 4 15343 74 92 0 5 0 0 0 0 92 51 293 0 78 28 0 0 0 0 527 0 12 0 0 0 606 0 0 61 0 0 0
 51 0 0 418 77 0 2195 7 265 0 0 0 37 2 0 6415 0 0 60 172 0 0 0 0 0 0 1519 0 75 74 0 0 75 2 93 0 0 0 0 56 0 0 0 15228 0 0 307 0 7 0 159 14 91 0 109 0 0 0 43 0 0 110 0 709 0 286 0 0 62 0 0 3 49 0 72 0 0 3109 0 0 0 0 1981 137 0 0 0 2 0 232 11 596 0 26 0 0 0 0 0 3117 0 0 13 0 834 0 0 728 0 8 274 0 7912 163 24 0 744 0 126 84 8 10 0 3 0 0 225 106 0 0 4 194 0 0 0 108 0 0 79 740 0 126 1098 33 869 145 70 7081 155 0
 0 0 0 3 3 0 15 263 0 471 129 0 53 0 10 591 0 0 0 0 3619 0 0 0 0 0 0 649 0 1031 0 0 0 0 0 0 0 69 0 0 0 0 41 0 0 0 39 2780 115 173 0 0 284 0 138 0 0 0 0 0 3 0 0 0 0 0 0 250 28 0 336 386 0 1291 0 0 3770 0 1730 643 0 0 0 109 0 32 8644 13 58 24 43 141 115 63 0 0 2010 840 0 0 72 111 0 411 0 0 0 4 6 0 0 9 0 0 288 27 11 16 0 0 0 0 0 0 0 360 131 9 40 119 0 144 27 0 0 250 0 12 0 0 0 152 0 239 0 0 0 0 0 0
 10 92 249 10 4 8 20 350 568 0 0 0 0 0 0 0 0 31 740 30 0 0 150 2 73 49063 0 0 92 0 143 390 0 0 917 0 12 0 0 0 0 0 445 235 0 0 0 0 0 47 0 0 0 0 0 0 0 0 0 36 3 2956 0 0 72 0 0 371 17 0 0 1254 979 47 4 0 0 0 0 81 0 0 0 55 1 139 0 63 0 6 0 0 0 41 79 266 0 47 0 0 26 0 0 312 0 0 0 148 138 0 6 0 388 0 190 9 41 0 254 7 8 59 181 2521 546 7091 0 0 2237 0 2735 0 0 0 366 274 95 9 0 0 306 86 1575 0 0 3 434 0 101 29
 0 7 0 0 0 0 1 0 0 579 0 0 0 211 14 81 0 0 0 254 650 500 62 0 0 255 0 52 42 0 7013 0 329 0 7714 0 385 308 0 0 0 0 31 82 0 81 75 0 0 0 13 0 0 215 18 0 0 0 2 318 0 0 0 7104 0 351 31 225 0 0 854 0 562 35 81 0 0 591 0 570 1547 398 783 0 34 0 0 0 0 0 0 353 108 112 53 0 0 0 131 0 0 0 40 39 0 8 0 30 0 0 526 0 0 0 0 0 0 0 80 0 0 0 0 7 0 84 0 0 0 24 0 164 14 16 17 0 6899 153 0 305 0 0 0 9 0 702 0 977 171 22
 5 0 318 0 58 262 0 0 89 506 0 3266 65 0 142 1 0 308 0 2 93 597 95 3 0 1 142 145 0 0 0 76 8 0 0 0 0 0 0 0 29 109 0 0 85 4 5 0 10 83 0 38 0 8276 7 77 355 0 0 29 0 0 0 0 2091 0 0 0 0 184 0 0 0 276 630 0 105 0 95 118 180 0 34 7 0 1 1038 0 0 0 117 0 0 30 2845 0 128 0 197 80 25 0 570 0 98 292 420 7482 0 0 0 202 241 1673 353 0 0 0 0 52 0 0 6 6 0 0 344 13 719 0 229 116 0 0 0 0 412 0 0 5522 0 4 480 221 0 53 0 0 9 120
 0 0 0 0 0 630 4 15087 673 0 0 0 0 0 0 8 0 0 24 10 0 0 764 0 106 0 0 41 0 0 7 3 0 19 0 0 0 309 0 0 398 0 0 0 73 645 0 0 44 0 76 0 0 0 23 0 0 0 0 0 995 0 0 0 28 29 0 86 92 134 0 226 565 0 0 0 0 3 74 3 0 71 34 0 0 649 171 0 22 0 0 0 0 5 0 0 0 0 0 6825 26 0 0 66 0 38 0 0 0 5 2 156 7 0 0 0 0 191 0 52 0 0 191 0 0 20 4 0 38 0 1 0 0 0 0 273 0 0 4 333 815 52 2 89 1 13283 0 0 0 0
