150
 0 1264 0 601 0 20 134 0 0 171 0 5983 0 1 0 0 623 112 0 101 0 3260 0 0 0 471 0 0 2 0 0 202 0 0 0 0 0 0 601 0 0 0 0 0 0 0 50 0 5984 0 0 0 800 0 306 812 2973 0 0 0 0 0 0 27004 4225 0 44 0 0 213 58 0 0 0 1 0 25 0 0 0 0 0 2 0 0 12 0 0 11 0 0 238 0 0 0 0 0 0 56 6 114 0 0 202 0 0 0 0 606 59 0 28 0 0 0 0 185 0 3735 0 0 0 0 7873 0 0 0 0 0 2 0 102 0 0 67 2608 67 0 0 77 0 0 0 1007 0 45 0 434 0 0
 0 49 178 680 0 0 0 0 0 38 0 4736 0 0 0 0 0 0 0 462 193 353 528 0 0 22 601 93 0 4860 326 0 0 0 0 0 3525 151 0 0 0 502 0 0 946 0 0 157 20 0 0 489 0 1829 530 38 16 18541 107 0 0 0 0 0 0 0 3439 0 0 0 0 1755 0 0 117 310 0 2 0 0 0 2115 67 5 13 3 0 0 607 0 1147 0 0 69 0 55 6050 426 69 30 6074 0 0 15919 0 0 0 570 0 0 54 0 1531 0 0 50 0 0 16 0 3384 39 0 0 0 0 2 191 0 0 54 0 1868 0 0 680 0 0 573 100 0 0 0 0 566 0 0 36 0 58
 0 0 11641 0 20 0 0 0 0 99 0 0 0 228 0 0 13973 2962 0 7 838 0 0 0 0 77 0 0 41 0 2 7 125 458 0 0 33 0 32 0 0 1324 0 385 0 0 0 2 0 0 0 0 282 0 0 0 294 0 17 0 268 0 0 0 190 0 0 540 99 38 0 0 0 0 667 0 0 0 1531 113 0 227 503 23 0 0 0 0 0 7 0 0 838 0 0 2901 0 0 790 2 469 50 0 178 2006 0 339 190 146 0 0 0 314 417 140 367 51 0 259 0 176 0 0 0 0 0 0 871 0 70 0 0 10429 0 48 0 0 0 0 0 0 0 578 0 0 148 0 0 0 28245
 0 0 0 812 0 0 12 0 0 4 0 0 0 0 0 9 0 1929 0 388 858 0 37 0 0 0 143 21 0 0 212 0 0 53 15100 0 0 64 0 218 257 0 0 0 0 0 0 19 68 3417 351 403 4 0 82 1095 0 0 0 717 7870 0 0 367 0 2994 246 0 0 0 0 0 335 0 542 1293 1 5243 207 0 0 395 0 36 797 821 0 0 0 0 5 1 0 112 0 400 0 0 2688 0 536 0 0 68 0 54 0 0 0 0 507 0 0 0 44 0 0 127 0 0 0 0 0 1 0 0 260 0 0 0 31 0 3 805 0 0 0 0 0 132 0 246 1387 0 0 0 0 1643 0 682
 7787 1010 0 205 62 463 0 0 0 26258 0 0 0 0 0 0 0 143 0 53 0 752 0 0 0 6 0 44 642 7682 0 962 0 0 1066 0 0 110 0 0 0 0 0 0 0 71 0 318 0 0 238 0 14 0 0 0 9 64 0 0 66 0 569 0 308 1624 0 284 0 844 0 92 0 263 0 0 274 115 0 48 0 0 0 0 0 81 0 0 37 0 923 0 0 0 0 673 241 0 9013 5 350 28 1130 651 0 0 0 0 0 0 0 0 0 3509 0 805 0 5749 0 0 0 470 11 0 8 335 1156 0 0 0 0 30414 0 0 0 0 0 0 0 181 46 42 0 254 0 0 0 22183 0 0
 0 0 497 0 0 15 0 0 56 1073 0 0 0 0 0 0 0 0 0 0 0 0 0 22 173 426 0 68 9 0 0 0 3 0 0 0 0 71 0 293 0 0 4 941 0 244 0 622 0 467 0 0 0 0 435 0 0 0 0 0 888 0 0 0 14 0 976 0 0 175 0 2967 0 0 9207 0 0 0 2621 0 0 155 41 0 895 361 0 0 186 210 0 20 0 0 0 986 0 0 9 14 35 26791 318 0 0 0 32 0 0 110 0 0 0 0 0 0 0 47 221 0 1210 364 0 0 0 2688 99 203 58 0 0 0 0 0 302 75 2064 644 0 0 0 0 0 0 24 428 0 1067 0 0
 0 1332 0 0 35 56 0 0 0 0 0 0 0 0 3289 2277 0 3735 0 0 424 0 0 40 0 0 68 0 1 0 0 0 0 0 0 0 0 0 0 0 0 0 0 0 0 0 35 9207 0 283 0 0 0 5 12 0 7 445 0 201 0 0 1750 459 3 16 0 0 32 0 0 224 146 0 3384 0 361 17 45 12 0 0 821 0 0 0 0 0 0 30 0 0 0 0 0 108 0 0 0 1007 0 0 914 0 3 0 332 0 350 0 0 0 2065 166 0 0 523 1227 765 1239 184 0 0 0 0 0 175 0 210 0 0 0 22 0 1647 0 679 82 363 58 0 0 0 37 0 0 0 0 0 0
 5 1493 38 10 259 0 0 5 0 302 0 0 0 0 5 5 334 0 0 0 395 0 30224 0 578 0 0 0 0 0 0 205 0 142 159 0 0 0 0 0 0 0 0 395 0 91482 321 0 0 0 0 0 2623 0 0 0 0 0 3 0 756 3 0 0 0 11 0 36 0 0 0 1210 10 0 717 125 0 9 0 2868 0 5 2 0 4861 3366 0 0 0 601 0 423 0 0 1054 0 0 0 261 82 447 133 0 0 89 0 0 0 1992 0 0 0 33 1840 0 0 7787 244 0 0 0 313 1548 0 214 897 16104 0 0 0 0 0 0 0 5 99 0 0 63 0 0 0 0 2557 7 0 0 28 162 0
 51 86 143 0 0 0 0 141 0 0 0 0 35 0 3716 111 0 0 11 0 2467 0 0 0 0 0 0 0 463 0 0 3509 16 0 0 306 296 994 0 27 200 0 0 6 0 1647 0 22 0 0 0 0 795 73 0 684 9013 0 36 0 32 0 0 0 1105 0 22 0 97 0 0 0 0 0 571 0 419 0 0 0 16 1346 0 49 0 0 0 44 0 0 0 0 0 1478 104 0 31 0 0 0 191 15 0 0 0 0 0 0 0 0 0 1706 0 0 0 50 0 0 15 0 0 0 638 0 416 0 5969 0 0 0 2 179 0 1624 0 0 0 283 0 0 0 829 61 0 0 0 0 0 4 0
 0 0 0 0 0 0 57 0 0 0 0 7 0 582 0 0 0 0 0 75 1 0 0 0 1384 71 0 0 3393 0 659 0 0 71 71 0 0 0 0 23 0 1021 5 576 0 119 793 0 317 2 0 0 681 557 0 0 0 1612 0 0 0 26851 0 0 0 1066 0 364 0 260 0 981 0 0 0 0 9 0 0 0 86 5 0 0 0 1744 0 0 0 0 428 0 0 0 35 187 0 0 5984 0 576 2809 0 0 0 0 83 0 0 0 0 0 0 0 0 0 0 0 56 0 124 0 57 0 236 1 0 0 0 0 0 0 0 0 26 0 401 668 2538 0 1029 297 38 0 953 0 220 0 42 99
 613 0 209 193 672 0 209 400 0 24 186 0 3 0 207 0 0 0 0 0 58 16109 0 1292 0 0 0 1744 0 0 0 0 236 0 0 0 0 0 60 0 17215 0 0 495 0 285 0 0 3 0 53 0 92 1447 0 0 190 0 1210 0 0 0 2477 9 0 0 897 0 0 0 0 403 0 1112 1555 0 41 0 5085 0 0 0 0 0 0 0 0 0 0 0 0 33 0 0 0 0 0 2998 223 9794 68 44 12279 0 0 1172 0 143 681 0 0 167 0 22789 0 0 38 0 0 0 0 0 0 85 0 838 503 0 0 1 826 41 0 0 0 289 0 0 0 0 0 0 0 0 0 27 10337 571 1449 84
 0 0 3 680 19 0 2688 0 0 0 0 0 208 0 0 71 191 454 0 71 2 0 0 246 314 0 0 45 0 0 3 0 0 0 265 0 54 25 0 624 0 50 0 3 17957 0 751 0 190 0 71 0 171 0 0 0 0 2484 7 0 0 206 0 2969 0 0 6 0 153 0 222 5 3255 0 0 0 0 0 0 320 0 0 0 0 327 630 0 76 503 0 0 0 58 0 0 523 0 0 0 0 0 0 0 7 0 0 0 0 0 651 4887 4973 0 0 0 2 0 697 260 11673 0 0 0 1425 1 0 269 0 0 0 446 92 0 0 0 129 0 0 0 31 294 0 1 624 623 4 0 29 0 0
 0 274 486 1493 0 624 0 28245 0 107 0 0 1 0 0 50 0 23 4962 0 0 0 284 0 0 221 4 30 609 1611 121 0 133 0 163 0 0 821 599 0 0 105 0 38 0 165 0 0 20 0 22 0 0 538 241 91482 474 599 0 0 0 0 0 15537 3 0 0 681 0 32 0 1009 30 0 0 0 0 1653 0 7515 0 42 293 0 0 0 0 736 3076 39 0 696 0 0 8001 0 0 0 0 0 243 0 182 73 5 0 0 0 127 2065 12279 2017 0 0 0 0 0 0 0 0 221 0 797 1177 0 0 0 0 115 0 0 0 82 29 314 0 1227 0 0 0 0 0 0 217 0 0 0 829 0 163
 0 29563 0 62 6996 32 94 3735 287 0 0 0 10102 360 0 0 1015 0 0 0 1087 0 0 1078 0 0 206 0 0 108 586 0 0 815 0 0 0 0 49 0 15 0 49 0 0 5314 141 38 16 213 0 0 172 0 222 5 0 0 0 0 8379 0 0 407 0 0 807 0 0 0 0 0 19 0 0 7647 0 11 0 0 0 0 0 0 80 89 0 347 318 0 667 134 0 0 0 0 0 191 0 0 0 146 0 11641 32 0 363 0 4002 0 14 0 207 0 0 0 0 0 0 0 34 447 0 192 0 0 0 0 0 158 741 0 483 2 0 803 0 2 0 1 0 0 293 0 0 0 0 0 2006 86
 350 1769 0 615 1517 505 0 0 0 361 0 205 0 0 205 5 3 0 0 19 0 795 459 0 1301 9 0 117 0 0 0 0 0 0 102 20 0 130 109 4973 0 13 426 0 0 1075 0 246 27773 0 0 14 0 0 74 0 0 0 34 0 0 225 0 787 221 160 0 0 0 81 674 368 134 1 333 0 0 0 0 0 0 0 0 124 0 0 0 0 0 9106 0 0 0 45 95 64 0 0 0 0 0 0 0 0 71 0 159 313 2964 0 1 0 0 4 528 0 0 0 0 360 0 0 1218 37 0 0 332 0 0 143 0 2 0 0 0 0 858 0 0 0 159 0 0 0 0 34 0 0 0 0
 0 0 0 0 0 109 0 0 0 26 321 0 0 6 0 0 0 0 0 536 0 0 0 0 0 32 0 0 0 0 0 78 155 0 435 0 0 0 0 0 0 0 0 8168 0 0 0 0 0 0 9013 0 1227 0 187 449 3366 3 99 0 190 173 244 0 5 0 0 0 13 12 524 0 25 0 0 0 0 173 77 0 334 276 0 506 120 0 620 0 5 0 75 41 10 0 0 1106 0 0 0 0 101 0 49 0 0 0 0 0 0 1 0 528 0 50 2994 0 0 462 0 0 0 0 0 92 84 0 63 31 0 0 582 0 0 0 0 0 0 0 0 0 0 0 0 0 0 0 20724 0 14 0
 0 83 0 221 896 0 174 0 0 10 143 0 630 0 0 198 0 0 0 15865 0 0 0 0 1384 1647 1490 109 0 0 17 0 5582 699 1387 599 0 0 0 32 0 0 482 0 0 0 0 0 6 0 0 0 729 4509 108 127 249 0 0 0 0 1607 0 0 0 112 0 0 77 0 0 0 31 0 26 3387 66 2400 1130 0 0 0 0 0 0 23 6 11 178 0 193 0 1 218 0 0 0 0 164 0 232 0 0 0 0 0 0 0 2688 0 2 0 0 64 75 7 152 0 0 0 0 0 671 2131 14 0 0 0 0 3 266 1 29 86 736 0 2290 0 193 0 0 193 0 236 42 2391 225 5 0 11
 0 0 0 0 0 113 0 628 13 213 0 0 0 137 0 0 35 0 1314 89 33 0 38 5 0 177 0 1061 116 94 0 0 0 44 0 0 0 0 611 0 32 200 283 0 53 3465 0 20 0 0 0 0 0 0 0 181 0 132 317 0 0 0 0 7 0 290 304 0 0 0 0 0 0 970 20 894 0 4862 0 193 681 0 0 0 2365 16 2484 8 0 14 510 0 1481 0 575 0 148 0 23 358 0 3 0 0 0 0 1456 0 1517 0 350 165 2385 601 135 0 0 317 0 218 3197 0 437 0 0 0 9 0 0 0 276 212 10 13 0 0 176 1345 0 0 360 0 3289 0 0 519 0 829 0 0
 0 0 0 15 14 83 0 0 0 3 6 1706 0 104 0 0 250 0 569 0 0 2120 0 1 0 1621 571 0 129 244 0 94 2 0 0 0 0 0 34 0 0 1072 22 0 0 580 24 0 244 0 3 38 361 11 0 0 0 0 0 0 0 1425 0 0 0 970 132 0 0 0 192 0 0 0 0 0 129 0 233 41 91 0 0 0 148 214 0 0 0 0 1555 0 1106 64 2959 0 0 176 475 0 0 952 0 0 0 0 0 0 0 0 0 14 299 960 42 156 5564 25 1624 0 0 171 0 11 51 0 178 0 11 0 0 0 990 20 0 0 0 0 58 0 0 0 0 0 0 4792 0 25 205 0
 0 0 0 0 0 62 19 0 571 0 2 0 0 29 0 0 0 0 3132 0 0 0 193 0 0 15 0 0 0 0 0 27786 0 0 0 0 20 0 0 0 25 0 578 6 0 6313 0 1192 38 0 382 0 0 11418 6 0 0 0 0 0 0 0 0 50 0 0 2415 0 0 0 35 0 0 1241 0 164 0 133 0 0 9 0 174 38 0 4347 0 64 24 1 0 0 0 0 0 0 206 859 189 0 0 401 0 0 23 352 596 287 90 0 471 141 21 0 71 358 0 0 0 0 138 0 0 0 2 0 0 1255 1008 0 0 0 0 0 0 0 0 0 38 0 0 507 0 189 0 997 0 0 361 2
 0 0 0 0 0 200 0 0 0 0 0 0 1059 0 185 0 0 0 0 13 0 0 181 0 17 1725 109 0 606 235 35 0 0 69 39892 0 0 49 937 0 821 0 7132 0 1347 0 0 0 2605 5025 0 0 1149 26 1 262 80 0 0 0 0 0 0 0 0 0 715 47 0 0 0 91482 0 28 0 2929 67 0 0 0 6 0 0 7875 0 18 0 0 0 0 1 327 0 0 0 1362 0 0 0 55 1016 81 391 0 0 0 0 0 0 221 0 0 0 0 392 0 0 0 0 840 2064 0 0 0 0 0 0 407 0 31 0 123 0 0 0 0 295 0 0 0 108 0 0 618 94 0 0 0 0 1609
 0 0 139 0 0 90 1230 259 0 71 0 0 0 0 0 0 220 152 0 110 0 24 0 0 600 0 250 0 196 0 808 0 444 0 0 0 191 9 0 19 157 582 0 0 488 0 0 0 118 0 528 86 0 0 0 52 0 1068 1010 0 2309 121 0 0 11 0 0 0 0 0 0 756 0 0 50 0 0 0 0 0 0 0 0 20 189 0 158 0 0 1 0 0 0 0 132 124 596 29566 0 0 382 0 8 0 1715 0 0 0 0 0 415 800 0 0 0 0 0 209 0 1175 0 997 0 0 0 892 4 382 0 0 0 180 0 0 0 0 110 102 4348 407 1326 0 0 0 0 0 0 0 0 0
 0 0 0 0 608 32 1044 0 171 1613 0 24 0 0 0 41 571 0 380 0 0 138 0 844 0 0 24 0 0 1341 843 520 1311 0 0 0 0 0 452 0 211 0 562 0 0 208 1220 1260 6 0 0 0 1347 763 0 837 0 0 0 0 0 513 0 0 0 0 0 104 667 0 0 0 0 0 107 649 138 0 0 0 0 463 0 0 0 0 0 0 0 0 0 30 897 0 0 47 0 0 0 0 0 0 112 0 0 0 23 9013 0 81 3722 0 0 0 0 0 0 0 0 0 1293 0 0 0 28 162 30 426 1425 107 133 329 0 82 456 0 258 0 0 0 0 0 307 0 0 0 0 0 0 0
 1 0 0 21 0 0 0 0 71 0 0 0 82 0 1016 0 524 0 0 13 578 0 0 108 0 103 38 0 0 0 0 0 0 0 0 0 0 0 0 50 0 0 30 2400 0 0 0 28 0 1216 5 2065 288 621 0 0 32 0 364 100 0 0 0 0 2065 0 0 0 2668 0 1802 0 0 0 0 2 257 0 0 0 73 205 375 0 0 70 0 0 0 0 11 0 2 1210 27196 29 6123 0 0 0 0 332 36 1493 30 0 8 0 0 0 0 16 0 0 606 11 0 0 0 3137 3 76 30 38 922 0 0 70 193 0 0 718 2136 376 0 1399 39787 0 0 0 0 0 220 0 219 0 0 0 0 127
 624 0 1416 0 880 0 20 0 238 0 109 0 445 0 0 0 0 0 1 0 0 0 3 838 112 48 2941 10122 0 0 0 96 47 0 0 0 2277 43 2981 0 0 0 0 0 0 58 0 0 919 0 0 0 191 0 6 0 0 0 95 0 0 44 0 395 0 0 367 5044 0 336 22 17 0 0 0 0 0 18104 343 697 236 0 0 0 0 0 265 0 0 519 620 0 222 0 196 0 0 0 0 119 317 0 0 7 56 0 78 0 0 0 2605 135 0 0 359 0 0 5984 1 0 0 3 248 74 25 0 94 0 0 0 56 0 117 1824 0 81 0 0 0 0 116 58 0 0 2064 0 0 9 5 56
 0 0 0 239 0 0 8 50 53 0 87 136 0 0 0 0 0 0 0 0 0 5 0 0 0 284 475 0 319 70 0 0 324 0 0 0 0 0 0 0 0 0 0 0 462 0 0 450 459 289 0 0 522 0 894 0 2 1010 507 221 356 32 29566 642 0 8 50 220 0 0 0 0 661 0 533 0 0 0 0 0 223 91 17 0 0 1544 0 0 189 0 0 0 0 0 0 0 0 0 146 0 0 1626 5 69 0 0 7 62 0 0 0 588 0 0 0 0 0 8 0 0 10 0 0 0 4 0 0 0 620 507 2 0 0 0 0 0 206 0 155 560 0 64 0 0 25 10 0 0 0 159
 220 0 87 0 392 0 0 0 86 196 5 88 0 0 0 166 0 2463 0 0 0 0 0 0 0 0 32 0 0 0 99 0 0 191 0 0 316 0 0 34 31 0 0 0 1078 0 0 27 117 0 364 0 9 0 24 0 146 0 597 0 0 0 0 0 0 0 351 0 0 0 0 0 0 0 0 648 0 0 0 0 3289 31 491 0 0 1831 0 0 0 0 384 61 117 271 0 331 0 0 0 0 0 0 0 107 0 32 0 0 238 0 0 0 265 68 0 14 1206 0 471 381 87 174 0 845 178 0 0 0 0 163 0 0 0 0 18 1984 0 70 0 42 0 0 1 0 0 0 228 224 0 314
 3 0 1508 0 0 0 0 0 8 1392 0 0 0 398 0 0 0 0 415 0 32 71 0 0 0 44 799 1192 569 0 0 19 0 0 4 0 1209 161 2 0 0 6 0 0 0 0 0 0 44 0 401 0 0 0 0 0 0 0 0 0 0 62 0 147 0 0 0 5220 0 323 743 0 0 269 0 0 16 0 1512 0 36 0 0 158 0 494 0 894 0 0 0 0 0 0 0 0 0 839 0 14 5984 0 4 0 0 0 162 0 0 0 0 0 560 0 520 0 101 0 1016 0 3 0 0 173 0 1 0 184 1259 21 0 0 0 0 0 30 0 30 139 0 319 1197 1 1156 774 0 0 0 0 0
 0 407 0 12279 0 0 0 0 0 0 91 5587 0 0 471 32 0 0 0 777 0 0 61 424 0 0 275 0 228 0 0 53 522 0 0 0 0 0 1148 872 239 0 0 0 1917 0 51 25 0 19 0 0 0 34 651 0 0 0 206 13973 0 0 2456 0 0 0 0 0 0 0 103 0 0 0 6 45171 448 35 458 0 0 0 0 63 0 0 0 2263 0 23 0 0 897 0 0 0 0 0 0 1687 471 0 0 0 0 0 0 242 0 21 0 712 0 0 0 2 30 723 0 0 0 0 1425 21 0 0 0 1396 0 0 94 0 113 0 0 0 0 513 4 7 0 0 0 0 0 79 31 0 0 0
 0 0 198 0 0 0 5243 0 88 14 0 0 0 0 6 852 2688 0 0 1 0 2192 0 225 231 0 923 0 2439 364 0 1329 0 0 2 1106 0 5243 0 0 41 0 29 0 900 0 95 2887 28 0 50 0 0 26 30252 1 0 0 0 0 0 0 0 0 0 353 0 0 2619 1409 0 0 215 0 142 0 60 157 79 45 0 75 0 0 0 0 0 0 2400 0 0 53 20 12 12279 106 0 0 0 641 0 0 0 0 0 1 0 0 0 518 0 69 0 0 0 0 0 0 2994 0 1316 325 0 0 0 0 277 0 0 1875 0 0 1574 1650 2795 0 0 0 167 0 0 529 0 0 36 0 0 0 101 16
 819 0 0 0 733 280 0 0 231 0 0 0 0 0 2664 585 0 403 0 53 0 0 0 0 425 342 0 0 0 0 32 0 0 919 19 160 0 641 0 0 0 628 0 146 4863 0 0 0 0 64 0 0 0 2277 0 0 1056 403 127 0 0 24 5984 0 124 0 0 0 20 0 0 0 24 0 0 97 1256 832 2619 174 623 0 3083 0 0 0 0 703 0 0 0 567 0 0 0 68 0 0 68 0 0 0 0 24 0 0 2179 0 3 146 0 1492 16 0 0 111 0 0 121 6 0 0 0 200 0 582 0 513 2 0 0 0 0 0 697 136 0 0 309 799 0 0 0 0 42 8007 588 0 1544 0
 0 0 0 0 0 0 1066 0 0 288 166 0 0 0 0 0 0 0 0 0 0 2 0 54 0 326 1311 0 0 0 40 0 352 0 261 0 0 0 0 76 2 0 3326 263 403 0 0 0 0 350 0 162 855 0 1750 651 0 2 0 0 0 521 0 33 166 32 0 32 0 0 0 0 462 0 0 8 0 0 0 0 0 44 1 3438 339 199 0 117 0 0 0 92 1075 0 0 0 0 0 14 1455 6 0 0 0 128 0 0 49 0 10 0 0 0 0 297 186 530 7 0 0 0 0 195 1031 12 20 0 0 1425 111 23 0 566 0 0 0 6947 12 1 0 0 556 382 148 192 1 0 1 0 0
 73 0 0 0 0 0 107 2391 0 34 0 7 0 41 0 0 0 0 0 3 1984 0 0 71 0 0 1824 78 0 328 0 0 618 3476 0 995 1683 542 2 447 0 9 0 0 0 0 0 2101 318 0 0 339 1650 0 0 2 0 0 38 1218 618 0 93 0 0 983 0 0 0 0 0 0 27333 0 8 24 0 0 0 471 0 3372 0 33 1653 3668 528 1147 12 0 3 1947 0 0 6123 567 0 0 689 1801 293 4341 0 92 0 11 2 0 80 0 0 38 0 2 0 73 0 0 1496 0 0 6 0 326 0 0 29 0 0 0 0 2557 16 0 0 0 0 0 0 13 0 41 0 146 7 0 566 0 0 1929
 0 1149 0 0 0 0 13 0 250 0 323 146 0 0 16109 1 0 0 0 538 0 31 0 0 154 0 0 0 680 5084 0 4167 0 0 0 0 408 0 0 0 0 0 0 6123 0 0 0 58 0 0 0 620 142 0 2 0 808 0 83 0 0 300 0 569 0 0 0 0 0 308 0 498 222 8 75 4355 1 0 987 0 241 0 0 0 0 0 0 620 0 0 2332 0 0 19 2615 5 0 11 0 0 0 0 0 0 0 0 88 0 0 0 74 0 0 0 1274 35 0 137 222 0 0 82 897 843 3 0 937 38 466 931 0 0 0 0 0 838 1209 0 0 0 0 0 13 0 0 0 0 82 28 0
 0 0 117 0 0 0 7010 0 199 0 0 0 0 284 0 0 0 0 420 697 0 162 2 87 201 0 0 0 7552 0 0 0 0 4 937 0 0 0 0 0 586 0 8220 0 0 0 7 9 0 0 829 0 0 0 0 24 22 73 2688 0 114 0 167 0 0 45 30 0 0 50 4863 0 46 5 2766 62 0 88 0 0 0 0 0 724 0 2795 0 0 0 24 0 0 1313 0 31 363 12231 0 0 0 570 0 0 717 0 0 0 923 116 0 0 0 0 58 0 0 0 0 0 0 0 3089 78 0 190 0 35 0 3685 0 0 0 0 0 0 649 18 0 71 276 0 0 0 30 0 0 0 0 0 1653
 69 57 10 108 382 228 2 0 0 0 0 240 1830 30 0 1 0 3491 482 854 283 0 6996 12 897 0 0 814 753 0 0 989 0 236 0 0 0 0 15 0 0 0 1284 0 0 0 99 0 0 0 1249 0 0 151 9 275 0 0 0 50 26 16 1 2 0 5 175 0 0 0 153 0 875 0 0 0 107 0 0 668 142 18541 0 86 0 221 4863 0 0 0 0 16 345 2 0 0 369 0 848 124 0 0 63 15 0 0 1326 58 0 235 3760 0 0 0 0 359 0 321 0 0 0 0 1762 67 1163 239 0 0 16 0 821 0 91482 223 0 292 0 117 0 250 0 437 195 9 0 89 0 0 0 0
 682 0 0 4490 52 1293 23 73 0 0 32 0 549 49 0 806 73 756 228 0 48 0 0 0 0 20 0 0 0 4634 136 140 0 0 0 569 0 86 0 0 0 0 0 393 0 894 0 462 0 259 350 2072 0 0 0 0 0 0 0 0 0 0 416 0 0 0 331 95 0 0 0 276 0 7503 87 0 0 491 0 67 134 0 9 0 90 0 0 0 601 0 220 0 0 0 311 0 0 0 0 0 0 245 0 0 20 50 4 507 72 508 0 220 0 0 0 0 0 0 0 0 0 0 0 21 0 0 8417 27840 134 39 27 0 192 0 0 0 530 0 0 44 0 7875 0 5 360 599 0 0 263 0
 69 0 651 0 0 0 1849 0 0 393 21 0 0 151 0 14 221 152 1446 520 0 0 47 0 0 0 2277 0 567 0 0 6995 0 888 1297 1016 0 1706 235 193 64 0 0 0 214 47 0 109 1054 0 0 0 0 0 3115 99 61 0 4 0 0 0 0 0 0 0 0 222 0 0 1627 0 0 141 0 394 0 0 161 0 0 0 0 44 129 997 0 0 257 0 130 0 0 25 0 0 0 2541 0 154 0 0 0 0 0 0 0 0 0 0 0 0 407 0 0 0 446 0 0 0 51 0 86 62 0 0 0 0 1744 0 0 0 0 0 0 0 0 5585 14 0 0 9786 4 685 3 0 28 0 29 0
 0 167 0 0 0 0 0 178 0 1656 0 5 0 0 0 0 584 0 0 21 0 0 0 0 0 141 3 0 0 5172 20 0 0 501 355 0 78 0 1 538 0 407 0 0 0 63 227 91 1705 0 0 287 0 490 0 0 0 2659 0 43106 56 132 0 20 0 0 28 0 0 0 4378 0 0 1054 0 0 241 0 682 2688 0 0 0 222 0 0 0 9 0 21 0 766 0 205 0 5 0 232 25 0 0 113 0 0 0 888 2990 59 0 94 4 0 0 12 0 0 5 1 4 0 0 225 99 0 92 169 0 0 0 0 0 620 606 0 643 0 0 0 0 0 20 174 8 382 306 0 125 14 265 225
 839 1087 34 0 126 0 62 822 0 0 9 0 1446 76 0 24 0 0 0 5 0 0 7 0 71 0 0 0 0 78 2136 0 0 125 25 0 0 0 0 3 0 1 0 0 1817 0 137 6 0 0 61 0 0 0 0 2017 0 55 0 0 234 0 0 1218 0 0 7157 1727 355 1072 0 547 0 0 0 0 0 0 314 164 0 560 0 0 0 49 0 0 23 94 0 0 0 0 0 0 0 0 0 0 191 331 0 277 0 0 0 512 0 0 0 44 0 394 0 0 0 0 193 68 0 0 0 0 16078 2902 0 1 0 1227 0 0 0 134 0 0 174 0 0 504 0 51 0 0 0 32 246 0 4 2483
 0 0 5984 0 1 0 0 0 0 3 0 550 54 0 28 348 0 0 1096 0 0 0 0 189 3 0 0 1493 0 0 4 0 29 57 0 5939 118 0 0 33229 0 0 0 0 209 0 1414 0 1507 0 24 922 0 0 0 16 0 391 0 0 0 133 168 222 103 0 0 10 0 0 511 0 28 0 11 0 60 0 0 0 302 63 0 8 0 0 0 239 0 8220 0 0 0 522 0 0 5 0 524 0 0 0 181 0 0 1084 9206 0 0 0 327 572 0 5 0 5 0 0 265 0 0 404 0 0 365 0 0 0 0 0 0 894 0 0 1416 565 279 0 58 948 736 0 0 0 0 193 1 0 23 0
 148 0 0 509 0 0 463 181 602 0 57 0 0 8001 0 982 2 0 0 5 0 0 152 0 1653 48 2467 0 0 289 0 0 0 0 99 838 0 0 0 0 0 47 0 82 15748 163 0 1833 0 0 0 0 0 1 0 9 1999 250 0 0 0 76 5 98 331 244 0 1009 0 0 0 0 7 0 0 0 0 0 0 0 0 0 717 0 1078 0 560 0 1186 0 0 3 49 0 0 0 270 0 0 0 1703 0 23 1745 36 613 0 284 0 0 402 0 0 0 790 99 1801 89 222 0 0 73 0 4 50 0 0 0 0 111 3 559 1697 1176 2006 0 33 11 0 148 0 76 0 0 0 331 0 23 0 0
 77 743 73 0 0 0 970 0 21 0 0 0 0 0 0 5 0 0 0 0 0 115 0 0 14 220 40 241 15537 0 1 0 29 1059 0 0 360 0 0 1 663 0 19 0 0 265 0 29 0 5852 107 0 363 0 0 0 0 0 10429 0 4 0 571 35 358 0 234 3 0 14 0 0 0 34575 1481 0 624 0 0 87 0 648 628 0 0 0 518 0 112 0 0 0 0 0 39 0 143 0 71 0 0 0 0 0 0 83 0 48 0 0 838 22 0 0 0 0 39 540 0 896 986 0 0 0 2006 0 0 244 0 502 246 0 32 0 40 0 6123 0 130 0 4 0 423 0 271 0 0 0 0 0
 0 751 0 106 13 0 599 0 0 0 0 0 0 0 10 0 3641 512 0 0 508 227 15 0 258 1314 2271 0 1977 0 0 0 33 0 90 3 0 0 0 170 762 0 26 0 0 4378 0 0 0 0 3137 9 252 0 0 0 808 0 0 729 0 64 0 530 0 973 0 0 459 40 0 31 0 0 0 142 38 0 0 425 0 270 51 0 0 16 480 54 0 0 0 0 234 0 241 0 0 0 0 0 0 0 0 0 0 58 50 0 0 0 887 788 1647 0 0 0 571 9 0 28439 0 45068 127 0 0 0 0 0 0 0 0 23 2969 0 0 0 0 0 0 0 340 372 0 0 0 1 0 284 483 0
 10 0 39 1 0 0 58 5 0 258 3735 0 0 0 0 0 0 0 5 0 0 0 73 697 4278 0 0 861 0 0 0 0 0 30 0 0 49 0 1701 0 0 0 0 32 0 53 5579 0 0 0 0 1 667 0 1148 914 0 14 0 59 0 147 0 0 0 0 0 0 274 0 0 83 1433 2683 0 2262 37 0 0 0 0 403 0 762 0 1496 267 0 3 0 44 49 35 0 0 0 0 0 0 253 0 0 0 0 40 0 0 206 1338 0 0 0 0 502 391 0 0 22789 17 0 0 582 53 0 0 0 0 0 0 0 69 0 1138 0 16 0 0 0 3530 0 0 0 2 141 0 0 317 0 0 0
 0 137 401 995 0 0 0 0 0 0 0 58 0 0 0 5 298 0 0 0 64 503 0 0 0 0 0 29 45036 72 18 0 0 0 0 2295 0 0 0 0 360 0 0 0 0 22 0 45 0 0 0 20 0 0 0 0 0 0 7732 0 1256 1638 0 133 0 43 32 0 1574 0 0 62 0 0 39857 0 0 0 37 125 997 0 0 36 871 0 0 0 0 105 314 2969 0 0 0 0 35 0 26987 0 0 0 44 0 0 133 0 0 0 0 185 0 0 0 19 0 2309 0 522 0 0 0 413 0 0 0 0 302 884 47 0 0 681 555 0 8 2277 569 0 107 0 221 0 0 0 85 0 2391 0 0
 0 520 311 26 2793 0 0 0 160 0 284 0 683 0 18209 4 0 0 0 1496 90 1338 0 54 0 320 1 209 0 0 12279 0 0 117 0 0 0 234 0 0 0 1048 641 9794 0 10 0 26 0 0 0 0 0 0 604 0 49 0 10 0 0 2 3 0 0 0 0 0 372 184 0 0 0 3327 0 5 0 0 13973 599 0 0 515 0 28245 0 0 570 0 18 0 0 507 1 0 0 0 1997 0 0 0 47 0 0 0 0 0 0 0 0 3 0 0 0 1016 11 0 0 528 0 78 133 3384 0 0 0 2 49 0 1299 0 0 0 721 0 360 0 1 44 0 58 1 29 186 0 0 0 0 24 138
 475 0 0 0 0 0 0 52 0 0 0 7 0 0 0 1997 44 0 47 0 0 0 0 0 0 0 0 3382 0 0 0 314 0 0 0 9 0 0 0 0 0 0 0 0 478 0 0 533 0 0 0 501 93 16 0 0 0 0 0 0 300 0 0 0 335 5425 2377 0 290 7 205 388 0 0 0 214 0 67 0 0 0 0 3 0 11623 642 0 5 0 0 0 0 0 0 0 160 15 0 0 20 94 1767 244 0 1808 30 1684 0 725 0 133 416 0 182 0 0 0 0 0 335 192 0 210 95 0 0 0 0 54 56 0 0 0 0 538 0 318 0 0 0 0 0 0 530 26 0 165 191 0 209
 0 0 0 0 728 4490 0 41 107 0 0 0 0 0 0 32 0 0 0 0 0 0 0 0 0 0 0 0 0 0 22 0 0 0 2 250 32 0 0 0 0 5 0 9 318 0 645 70 7 3115 0 0 1733 0 0 12279 0 613 858 54 0 0 0 0 0 425 0 0 56 0 1187 2650 123 207 143 0 1314 262 0 37 0 0 1681 0 0 0 0 0 0 104 0 0 0 1 116 570 0 805 0 0 0 0 0 0 0 0 86 3327 1840 0 530 0 0 0 352 591 383 458 1449 220 0 53 0 435 13 68 0 3 0 0 186 159 0 0 0 773 0 538 0 0 0 1075 0 1 0 0 269 570 171 7
 0 190 0 0 571 0 0 143 0 0 241 0 5 0 350 1047 31 0 0 0 0 14 0 0 0 0 2 319 0 7042 0 0 0 0 2923 30 0 147 34 0 0 0 0 81 0 0 16109 121 0 0 0 996 162 0 626 0 0 2 0 93 0 310 0 0 0 436 0 0 1792 239 164 0 0 133 0 0 0 0 0 0 163 478 3 456 0 584 236 0 49 0 7675 1 0 96 0 668 0 30415 0 0 40 0 0 0 46 5 0 0 0 0 0 0 89 45 99 0 1 3 0 0 0 0 0 0 0 8 0 0 0 0 0 90 0 19 0 0 0 5124 401 0 0 0 0 0 149 0 0 0 0 23
 1203 380 0 0 0 49 0 56 173 7 0 0 0 0 0 0 608 1326 0 0 0 0 126 0 473 0 0 0 191 0 1840 32 1706 6123 0 0 0 0 3 0 0 37 0 0 1303 0 24 0 338 0 0 71 0 0 0 0 1624 0 0 0 0 0 0 0 0 0 0 0 0 0 0 0 773 152 0 11 0 803 0 0 0 0 172 0 187 2 0 0 599 0 0 0 0 0 1544 0 0 52 0 7 0 573 36 12915 0 0 206 542 102 0 0 3405 0 580 102 0 111 96 0 1709 0 478 0 0 0 95 0 0 50 0 0 0 0 47 3 0 0 82 8812 0 0 491 0 58 0 105 0 327 0 0
 0 0 1619 0 3172 0 0 224 0 5984 0 148 218 14 0 4847 14 0 0 225 61 0 1725 0 0 0 1420 0 0 0 0 0 0 0 4266 51 0 20 0 102 0 99 3509 0 0 0 0 0 0 0 0 392 0 32 123 0 8 0 0 0 32 0 0 3 566 0 0 225 0 0 0 504 0 0 0 283 0 0 275 0 0 148 0 0 0 0 0 0 0 246 0 135 0 0 304 0 0 0 0 0 294 0 314 158 512 0 0 0 49 0 0 68 0 0 0 595 0 0 0 0 0 220 0 11 362 0 0 798 0 0 54 3115 0 1545 0 0 86 1346 0 0 0 0 1555 479 0 896 0 0 0 111
 0 0 0 0 0 91 221 0 0 0 0 0 164 0 63 0 0 158 0 4 0 304 0 0 0 0 0 174 0 0 43 0 0 0 1062 1167 0 0 0 0 833 1299 0 0 0 0 881 0 0 0 428 0 157 0 0 0 0 0 0 246 0 480 0 1787 145 1264 0 0 0 624 0 0 0 0 540 200 127 0 0 1148 0 0 1056 0 3 0 835 0 20 0 0 29772 0 0 0 117 0 1977 947 0 0 0 0 0 0 244 15537 0 0 0 201 0 0 0 0 2016 0 22 0 0 221 36 0 0 4 0 0 0 0 0 106 189 0 0 106 0 2059 27840 0 0 0 0 0 38 0 0 0 0 0 0
 914 0 762 713 0 888 0 34419 0 0 0 314 0 123 1929 1384 0 29 0 0 0 530 0 0 11 28 0 10399 0 0 0 506 0 79 271 0 1477 923 0 29566 212 0 91 360 330 84 2618 0 235 0 9744 0 13 361 0 8041 9 0 135 0 55 0 0 190 0 1269 1149 0 0 0 0 7 275 248 0 0 2017 0 0 0 0 207 69 0 0 0 0 0 0 24 0 0 1 0 0 682 0 0 11 507 0 0 530 0 220 0 0 0 0 0 829 3124 0 0 0 575 0 0 4 71 0 193 1840 0 0 0 1156 0 87 347 72 858 0 265 0 0 0 0 0 128 0 0 0 30415 50 0 297 0 0 641
 0 0 0 0 173 0 0 0 0 0 452 773 0 0 0 0 0 970 2 0 0 0 44 0 0 0 0 838 0 0 403 0 0 0 0 0 0 0 106 110 491 0 784 0 0 66 0 29346 569 0 73 0 0 15 321 595 0 360 0 0 544 0 16 0 0 0 1 0 0 16 0 0 0 13671 0 0 388 0 541 0 82 458 15 0 58 0 0 0 0 0 0 68 0 25 0 83 0 0 101 188 0 4 1574 0 0 0 50 0 190 12 629 0 125 0 0 0 189 57 0 1 0 3 0 22 0 0 0 0 0 0 0 245 477 445 0 127 32 0 51 0 361 0 127 0 0 0 15 0 0 0
 0 0 63 0 0 0 317 205 0 38 86 0 0 0 0 0 0 0 12 1054 0 0 0 1150 104 77 207 102 0 0 2 0 0 137 0 0 0 0 5 0 0 0 0 0 0 110 0 191 0 751 256 562 82 0 0 1264 15537 0 37 0 0 1 245 40 0 0 0 821 0 0 0 0 0 1570 0 0 0 0 0 10 668 0 3115 0 0 0 0 0 56 87 19 0 20 0 0 0 26 0 0 3366 1496 54 0 0 0 0 0 385 51 0 0 0 0 474 881 174 0 1192 0 0 0 0 0 321 0 0 0 0 0 0 0 521 0 935 0 0 0 0 0 2136 0 0 0 0 0 91482 321 0 0 46
 0 0 0 367 0 128 0 0 0 74 0 0 0 4742 901 0 0 27 17 21 0 54 0 0 2688 0 0 0 0 995 0 32 829 0 0 881 57 0 28 50 1629 0 0 0 1711 462 0 0 0 59 0 0 8724 0 101 0 0 343 960 0 0 0 116 529 0 0 0 1 0 0 0 0 0 0 1 0 0 0 0 0 0 0 1 0 593 0 800 0 0 0 0 0 0 0 19 35 10 71 0 0 160 641 456 22 0 246 7875 0 0 0 50 108 0 0 0 0 0 0 5817 1087 386 193 0 92 35 0 218 0 0 1210 0 0 0 0 428 0 449 0 0 0 0 53 0 1830 507 0 0 28242 0 263
 245 0 198 304 0 1 0 519 578 0 0 0 0 0 0 0 870 0 0 0 0 0 284 0 1087 0 428 0 0 1414 0 0 129 856 0 0 0 155 0 0 0 0 3 0 0 1345 0 69 0 0 283 0 201 2 0 45 0 649 0 0 0 85 0 0 30 44 0 1134 0 89 88 1706 92 0 0 1041 0 0 0 30 0 1839 0 0 0 0 181 0 1266 0 457 11 0 0 109 29 0 0 0 0 0 0 0 0 0 0 0 0 25 0 31 0 37 0 0 24 0 0 0 41 0 75 0 1 0 0 0 0 364 99 0 0 47 0 0 23 0 35 0 666 114 0 0 7 0 38 0 465 0 463
 239 0 0 2017 1106 5 351 0 0 12 0 0 464 351 0 0 134 0 0 0 0 0 0 0 0 0 0 0 0 0 0 22 0 0 0 308 71 0 186 0 0 34 0 407 0 0 0 18540 0 0 103 5 50 0 33 0 0 1775 25 1820 0 312 0 1898 0 0 0 96 0 212 0 1 162 0 0 682 0 0 0 507 0 0 0 0 0 0 0 0 0 0 0 0 0 0 501 15 41 0 0 1075 1387 0 0 0 3 0 437 0 213 0 0 0 0 0 0 0 0 4348 1326 14 55 0 0 22789 0 0 0 1 0 1054 0 385 0 0 0 0 6 0 0 200 0 0 0 10 0 0 0 0 542 49
 227 0 18541 0 471 3193 0 0 0 0 1840 3439 245 0 0 15 99 0 332 218 141 1624 0 0 1106 0 0 0 0 0 59 146 0 1 651 0 310 200 0 743 9252 0 0 0 0 0 491 209 0 0 36 73 0 1075 1 1256 24 114 0 1 744 18 0 0 0 143 0 0 0 9 0 0 0 0 388 22 0 0 210 0 1706 0 0 82 575 0 0 0 221 1667 0 0 103 303 0 0 0 0 713 0 0 1612 0 38 0 0 1326 50 0 0 0 0 0 242 2879 72 821 0 127 0 0 0 222 0 6123 0 0 0 0 7 0 0 989 302 0 0 0 0 0 3716 0 164 0 1 205 0 0 0 2 254
 361 1073 0 0 0 0 0 0 0 183 207 1050 78 0 0 0 57 0 221 1 70 0 0 696 0 0 246 337 34566 582 0 0 0 0 0 0 82 101 0 0 46 0 0 0 773 0 15527 0 183 423 888 0 1589 0 0 669 165 565 3 0 0 641 0 0 0 0 0 54 0 575 196 0 112 0 205 0 99 100 87 0 0 1 1593 0 0 0 278 11 0 33 0 0 0 116 10 584 1626 252 87 17 0 350 0 0 99 0 0 0 70 0 259 3549 0 0 0 0 0 0 1087 174 0 0 67 0 0 0 0 1 0 507 0 1977 0 0 174 1256 0 25 0 1624 1259 0 0 0 0 0 0 194 14 0
 0 0 501 49 193 18 179 0 403 0 87 0 14 0 0 0 0 2 0 559 25 0 0 0 0 0 284 0 11 0 0 0 401 0 0 0 0 30415 0 35 0 0 310 0 0 0 0 859 2557 0 0 47 0 71 1977 0 1679 0 0 0 0 34 1446 2 0 0 40 0 1031 0 0 0 0 222 0 0 0 0 0 5 0 0 2 0 745 74 0 1 0 47 0 7 5587 0 8 0 103 49 0 0 27805 0 32 0 0 0 0 3509 68 0 0 0 1830 624 0 0 0 530 2 276 0 67 0 0 141 0 0 11559 0 1 0 0 1176 17 0 3 0 27840 0 0 12 0 0 0 0 0 0 6123 0 1493
 0 3 571 5 0 82 0 156 0 72 0 117 303 15 9 0 0 0 14 23 256 4856 2 1653 156 0 90 829 0 118 0 1329 0 0 0 0 0 1341 0 222 0 0 0 7152 0 0 0 68 34261 0 150 454 1207 0 0 0 0 9 0 569 23 0 0 0 2619 91482 0 0 1 0 0 7875 238 0 54 372 0 0 0 0 0 0 0 0 84 0 18541 5849 638 125 0 0 0 0 0 0 1418 0 10429 8 189 0 0 0 0 0 0 0 0 32439 0 0 0 0 0 0 0 133 5 6880 0 2578 0 0 1490 0 0 380 210 2086 0 68 0 0 0 0 0 41 0 0 23 0 0 0 55 1388 1538 30410 1075 372
 0 94 0 0 0 529 0 92 11 9208 0 0 0 0 0 54 3068 0 0 0 50 224 1821 92 0 0 0 0 14 287 0 0 880 0 0 0 360 0 0 0 0 0 0 0 0 0 147 1849 667 1875 32 0 0 0 558 0 0 0 0 157 0 0 0 54 0 5 0 191 0 0 59 1388 1016 0 1929 0 0 0 200 25 221 35 0 0 0 0 0 1562 0 0 0 0 0 0 0 244 0 16 0 293 4863 0 0 0 0 0 0 74 0 0 1 0 0 0 7 0 0 14 0 0 0 0 129 0 0 7 0 1464 106 0 509 0 881 0 32 0 0 308 246 0 0 0 0 22 0 5 0 0 0 357
 0 3115 0 0 0 0 0 1065 0 901 50 9678 0 102 0 0 0 8181 0 4693 0 0 3735 0 302 1 5 1989 174 0 0 0 0 3530 143 0 20 22 0 1256 0 0 0 191 0 26 33 0 0 610 361 0 0 0 3760 245 0 0 0 680 1456 0 0 0 32 0 12 0 0 0 0 0 0 0 9 0 0 0 0 0 419 483 0 0 0 0 0 136 0 0 0 0 0 1 1055 0 168 3 2286 184 49 277 0 1194 214 0 0 0 0 0 0 437 0 105 447 0 0 0 756 0 0 0 403 0 0 0 0 340 0 44 0 0 51 33 0 0 40 0 0 0 0 2 0 0 30 191 0 0 0 0
 287 0 0 0 0 54 0 0 71 0 633 87 10109 4 0 32 0 0 0 236 8215 125 13 0 331 0 0 0 330 0 99 0 0 0 0 0 98 0 94 112 579 0 0 0 0 0 1733 0 0 0 5 0 0 0 0 92 0 0 0 0 78 435 0 0 107 0 27840 0 0 0 0 829 0 0 0 0 0 1367 0 578 7875 80 0 0 0 1106 0 2931 1671 32 0 0 0 506 989 5 0 0 0 0 0 1286 74 0 0 0 1287 0 0 0 0 1531 0 44 331 0 35 295 548 0 0 0 0 0 5322 49 0 3090 0 875 1 0 0 0 2869 5 207 601 222 0 0 0 0 0 0 0 103 0 0 0
 0 0 1 0 86 0 0 768 0 0 0 0 21 0 3024 0 0 0 0 0 0 0 244 0 0 0 0 0 1612 44 0 0 9 0 0 0 0 76 0 0 0 239 0 0 10 0 0 0 9794 150 218 1066 3641 0 0 0 0 0 82 58 0 0 506 76 0 0 0 0 22 0 0 0 0 0 0 0 0 0 575 0 0 39892 51 0 831 0 185 0 0 0 9 0 304 0 0 0 0 210 0 0 530 45 0 0 838 0 163 0 126 0 0 0 0 0 0 0 0 0 0 0 601 0 0 1218 0 54 0 0 8001 0 641 0 757 0 0 44 3 12 14643 173 0 0 1311 0 44 126 0 0 7 80
 100 0 0 35 0 71 5 0 86 0 0 56 0 10 0 11641 22 0 0 254 0 23 0 0 0 0 4356 0 82 677 0 0 44 0 91477 13973 0 0 0 0 0 0 0 1432 1653 222 4 273 0 570 152 0 1192 826 350 0 0 0 0 0 0 0 287 0 0 0 0 0 0 0 221 0 0 0 938 11 0 0 403 0 0 0 0 0 673 367 638 0 0 420 0 897 0 937 0 28970 0 1 9794 0 0 0 0 0 0 16 0 0 68 0 0 0 0 0 238 0 0 0 190 40 0 0 0 0 0 0 0 0 0 0 187 1 0 0 0 859 0 7572 1 0 0 274 0 0 11641 0 0 0 1754 103
 762 128 0 144 222 161 0 22 0 48 0 0 40 482 1039 0 0 3504 0 0 0 1615 0 0 125 0 618 12 0 0 0 0 125 44 5981 617 1 238 196 0 107 21 1134 0 0 0 0 0 0 0 6 127 5505 0 0 0 216 0 45 0 0 0 0 0 1330 0 0 0 1 988 0 1134 0 369 0 364 10 1627 11 0 40 0 405 1359 0 0 0 0 0 1574 0 0 0 1929 0 0 0 1294 160 0 0 932 82 0 1 0 28078 0 3057 69 0 0 630 41 0 1723 0 0 128 0 0 0 0 8819 0 239 207 0 0 0 99 0 0 30415 0 0 0 55 0 0 0 2189 253 0 0 0 0 45171 440 0
 0 23 0 869 0 0 0 0 0 0 0 124 0 0 0 0 364 335 143 426 2 6 4 582 0 1 155 0 0 0 12279 4378 630 0 0 54 39 0 0 0 13 4882 0 0 143 0 0 0 109 0 44 163 0 335 0 33 4 0 0 0 0 35 118 976 243 0 1679 0 0 530 1367 770 1699 4 0 828 0 0 0 134 0 10 0 0 923 117 10 92 0 0 0 5 0 0 0 396 0 741 69 30 0 0 0 0 24 2959 0 155 0 0 257 169 556 0 186 0 0 0 0 0 0 3137 17 3366 6 0 0 0 0 4 0 233 329 0 0 0 86 174 1155 0 0 0 0 0 730 112 0 4490 0 0
 0 542 150 0 0 0 247 1 0 350 475 0 28 0 0 0 32 1256 0 0 33 471 7013 0 0 0 415 0 0 152 801 312 0 568 0 0 9 0 0 5852 0 0 1 47 1612 96 0 0 0 0 64 0 0 41 205 0 0 0 0 1 0 0 132 0 0 990 90 0 0 0 0 0 399 0 3603 1201 0 0 317 1615 0 1679 0 0 0 232 0 188 0 0 0 0 0 0 0 0 261 1409 0 0 2 24 20 0 0 0 13666 235 0 0 0 623 0 0 0 0 3 91 0 32 62 0 152 0 11 205 0 236 0 0 0 0 0 95 0 303 0 0 0 0 0 0 160 0 0 0 405 0 0 0
 1227 0 4972 54 0 0 0 0 107 0 0 0 0 0 0 3 0 10265 361 0 0 0 0 0 0 82 0 99 374 5 163 0 0 0 143 0 0 0 626 0 0 361 0 0 0 0 0 0 0 0 0 0 0 0 0 327 380 0 0 4 2914 464 0 0 727 0 2 20 0 0 3 99 107 0 0 38 0 0 0 0 643 226 0 0 180 263 0 0 0 220 21 43 3 0 111 0 14 0 0 0 0 193 0 0 0 7 0 149 0 0 0 0 0 662 50 19 0 0 0 0 335 0 0 0 0 0 0 0 25 0 0 284 2 0 0 0 0 0 0 0 45 480 75 0 6 0 0 299 0 0
 624 202 0 0 0 0 0 0 89 109 0 0 0 0 0 0 0 0 0 937 0 335 599 0 249 0 60 0 33 0 0 0 0 0 0 0 276 0 3 0 0 0 101 0 0 8220 0 17 0 0 0 0 1054 0 36 419 4973 0 0 0 0 46 0 0 653 2 5 382 2227 0 0 0 12 0 26 0 0 0 0 0 350 0 0 53 0 0 132 5 309 0 840 143 0 0 0 0 2795 6529 0 0 101 0 0 139 0 0 0 416 39861 0 1 51 0 6045 0 200 1998 0 99 6 3 0 0 0 0 238 1 0 0 871 0 0 513 0 190 340 7 10112 0 331 0 0 0 318 0 0 0 0 0 0
 19 426 23 133 0 248 419 0 667 647 0 19 186 22789 0 0 0 0 0 0 0 136 109 0 771 27755 0 0 2 0 0 1156 0 0 0 0 0 0 0 0 0 596 0 0 0 12 0 8379 0 0 0 15284 44 0 0 0 0 0 207 0 293 0 0 5147 0 595 0 1 0 0 0 649 0 1156 0 0 39 0 0 0 856 0 122 0 9 0 178 5 0 799 55 403 6 140 0 11 143 318 0 3728 2268 0 492 0 0 166 0 528 129 0 0 0 0 0 0 696 0 20 0 0 0 0 0 0 0 367 1488 0 0 0 0 0 7 0 9013 1311 1141 0 0 0 1241 0 179 0 0 0 0 0 0 4
 0 0 0 0 0 0 0 0 0 0 0 649 64 0 0 20 0 0 0 403 0 0 0 184 0 0 0 41 0 0 7851 62 0 0 0 0 0 59 568 0 0 530 0 1 1068 0 16 0 0 0 619 0 0 24 1544 0 0 103 25 0 0 41 0 0 0 619 290 0 959 1061 0 98 0 55 0 196 1101 0 0 0 10112 0 0 1054 0 0 15 0 0 0 0 914 3734 0 143 0 0 43 0 530 0 480 245 0 0 15 0 0 0 103 15 0 0 0 0 13 601 13 2484 0 32 0 168 756 109 1377 450 0 0 0 0 0 23 0 0 0 0 0 0 71 85 1186 0 0 0 34 0 0 0 14
 44 0 887 0 50 1314 0 0 43 1054 3 0 8 0 36 447 0 0 663 0 0 27178 0 0 0 0 0 134 0 133 0 0 0 0 0 1016 0 0 338 4366 0 332 288 0 0 45 0 0 5 381 0 0 0 8 155 1524 92 0 0 0 0 1750 0 1130 9794 415 0 0 0 0 0 0 1903 38 0 0 0 0 183 0 26 16 0 1929 364 0 110 315 209 121 0 0 0 0 0 77 0 919 0 0 0 418 198 0 0 0 7 0 0 1209 0 0 0 0 0 0 0 0 0 0 0 0 0 0 1 400 34 160 0 57 0 0 0 279 445 103 49 29 0 0 0 0 190 0 0 78 208 0 28 0
 0 45 0 0 0 0 0 0 0 0 0 620 5 0 0 838 0 3 0 0 0 0 0 0 0 0 0 0 0 0 0 0 2064 0 1020 0 0 486 0 0 0 230 0 0 0 1 0 6 0 44 422 68 0 0 0 0 166 649 236 0 0 305 0 1569 0 0 233 26 0 1007 0 1601 0 0 0 90 0 2795 0 0 105 0 2012 0 1075 0 0 0 0 104 0 0 0 0 0 2659 360 171 2 0 0 0 0 2467 0 0 0 0 0 0 0 550 0 0 0 206 0 0 0 0 0 0 2309 3 131 0 0 839 0 691 0 0 0 0 0 0 898 447 0 3152 0 0 95 1264 0 0 44 1636 0 506
 0 0 24 0 0 1 0 0 873 280 2580 70 0 0 651 0 0 0 0 0 0 22789 346 0 0 0 456 0 0 0 0 1811 620 618 0 0 0 32 10 0 0 21 0 0 0 0 0 0 0 10 0 72 133 250 2290 19 8188 0 64 317 0 0 0 0 136 0 49 964 0 533 185 824 3012 718 432 25 0 923 543 0 0 0 4348 0 0 0 0 618 0 18 0 6996 0 0 0 0 73 0 0 0 30 0 72 0 799 0 0 4 274 0 0 0 56 0 0 0 117 0 0 239 3 125 504 0 8220 37 0 0 0 1875 8001 0 301 0 0 101 3760 0 0 22060 0 0 26 0 0 0 0 0 32 0
 0 4 0 0 0 0 0 21 0 0 0 0 0 132 360 0 0 1793 0 261 16 2263 50 0 0 41 99 0 0 0 0 0 0 0 268 456 350 0 0 0 70 0 70 16 63 0 0 287 222 45 196 0 31 58 0 0 293 0 361 0 0 1410 3366 0 638 361 0 0 0 0 0 2577 0 0 3600 0 53 0 0 0 0 112 18 0 0 122 18 247 62 2858 0 0 53 0 0 0 22 0 135 651 0 1520 0 0 0 0 0 0 143 0 722 0 86 30 580 28245 0 71 8219 92 0 0 0 0 0 0 0 0 0 0 4863 0 0 268 0 0 0 0 0 245 0 651 0 0 0 0 29566 0 0 0
 0 1078 0 117 0 314 0 0 444 0 0 0 0 106 0 0 0 0 0 0 0 0 0 32510 0 96 241 26 746 0 0 164 0 605 36 0 0 68 0 0 0 15 0 0 0 0 0 73 0 187 0 475 0 395 644 0 0 0 0 0 126 0 276 0 2847 0 31 2994 61 0 0 236 0 0 321 333 0 111 732 0 0 0 0 5 67 1387 0 914 0 0 1146 0 81 0 0 24 0 0 0 0 119 6996 0 0 7 0 0 0 2 0 0 2484 272 355 0 0 0 0 0 0 0 0 0 0 0 2 13671 468 2970 38 0 0 115 0 313 0 0 0 284 0 1016 12 0 0 0 0 0 47 0 0
 653 0 7 582 164 41 0 0 0 0 1531 78 0 2916 987 0 0 0 0 0 0 0 674 0 0 0 0 0 161 0 0 0 3 0 73 0 0 223 22 0 0 32 1455 15 200 0 50 114 4 0 361 155 0 0 0 0 0 0 44 0 78 0 0 0 0 0 361 22789 0 256 257 0 0 0 0 0 0 81 717 25 236 0 536 1161 0 458 36 0 0 0 0 0 0 174 14 357 0 462 431 32 203 0 0 0 0 167 0 1346 0 0 0 0 74 0 655 0 0 0 0 38 223 0 0 15 2659 264 0 3137 0 0 346 0 0 0 0 0 310 0 524 0 0 375 37 0 0 0 76 0 0 0
 574 0 0 0 221 0 0 0 0 0 1733 1820 0 0 896 0 23 756 0 205 0 24 0 0 2 0 0 0 0 0 0 0 0 0 3 0 0 0 0 0 0 317 0 0 0 435 5243 43 0 0 9252 0 0 0 0 483 0 0 901 0 0 98 824 0 0 0 0 0 1 0 0 0 0 69 0 0 449 0 0 0 1189 0 0 1707 0 0 0 0 0 2290 1 0 7 68 21 384 64 7 447 976 0 0 0 0 0 507 0 0 0 0 61 0 44947 584 74 0 0 0 5243 0 0 274 1329 18 0 0 0 0 150 0 0 0 0 319 38 7648 3384 10 191 37 0 99 28 0 56 0 1256 219 1254 164
 0 0 0 0 0 0 0 0 805 82 1 8 0 1290 1600 802 821 0 12 0 32 0 0 0 463 0 0 0 0 1007 0 0 1653 989 1411 643 0 86 0 231 0 0 0 0 0 50 0 0 0 0 0 0 0 0 0 0 0 0 1068 27 0 0 0 2227 9 0 0 628 0 85 5177 1 0 0 585 0 0 0 0 451 0 0 12 0 0 59 0 0 0 0 32 150 777 8 0 766 0 0 90 108 1231 10429 14 799 0 0 328 0 0 1029 0 78 0 0 641 0 9109 0 0 59 159 238 0 0 286 0 1149 0 0 16 0 0 0 0 0 0 10429 0 0 0 0 784 0 1156 0 1156 0 0 0 3
 0 0 0 0 3 0 0 826 0 0 8413 0 174 287 0 0 156 0 381 0 0 0 0 0 186 0 179 0 0 4 0 0 0 643 0 0 388 0 0 0 0 257 0 1531 0 0 0 0 0 0 331 0 0 14 0 0 384 29 0 0 0 5 447 310 0 54 0 0 0 0 0 927 0 202 0 0 1102 11 0 0 0 0 426 138 0 0 1228 0 0 0 0 29 0 168 0 0 0 28154 10112 198 618 0 0 120 874 0 0 0 82 110 0 262 0 196 0 0 15 0 148 0 0 725 0 0 209 23 681 618 0 0 73 66 0 1384 0 0 247 0 0 0 0 0 610 4348 546 11 0 0 0 9252
 0 0 29 0 221 0 0 0 4 6 7 0 116 0 0 0 0 0 0 1156 11 0 0 2484 0 858 141 42 0 204 228 0 0 0 107 30 0 0 20 0 0 0 839 59 0 0 0 0 0 155 0 0 0 839 0 0 0 7 0 0 85 0 0 104 179 0 0 0 360 0 48 0 0 0 3 0 0 32 0 0 0 224 0 0 78 14 0 0 8939 256 0 0 209 0 56 0 2 1 0 0 0 0 14 256 0 0 0 0 0 20 4 0 2902 0 0 47 6 0 0 0 0 0 9 51 0 0 0 0 459 0 0 2 0 0 0 0 0 86 0 840 0 433 1116 2172 0 2 7 0 30 246
 0 0 32 0 0 0 23 0 0 0 18 0 0 0 79 0 0 0 0 0 0 73 203 0 458 0 0 0 626 2290 0 0 0 759 0 0 123 0 39 0 22 50 60 0 0 0 0 0 732 0 0 241 89 17 0 0 0 12 1677 26 249 0 272 1084 85 0 8 0 0 0 0 0 20 667 0 0 18 86 0 0 0 481 0 82 0 0 71 15 30 0 41 178 0 281 2277 2795 0 22 480 107 9 1474 1248 0 0 3 0 0 39 0 0 0 0 0 0 18001 0 0 0 0 0 0 0 0 0 0 0 0 4973 71 116 1148 0 824 0 0 0 0 34 0 0 0 68 44 0 0 42 9 0 0
 0 0 206 89 218 0 0 2 54 38 0 0 8 0 585 0 0 0 39 513 197 0 0 0 0 0 0 600 24 46 1903 86 0 0 897 0 93 38 0 326 0 0 0 0 0 4877 23 35 0 0 0 1195 0 35 0 0 0 0 266 0 0 0 0 158 0 0 0 0 1875 0 659 6 0 0 0 0 5 1210 0 123 0 1 16 0 1 0 0 0 1 9252 0 0 0 615 275 105 0 0 0 0 0 310 901 584 0 0 0 0 0 0 281 3115 55 0 91 0 0 581 6 6 3 1481 34 9 45 717 0 23 528 0 0 0 0 585 0 0 0 0 0 33 227 59 36 0 109 0 641 6996 0 0
 81 44 0 0 235 263 1 683 0 0 380 0 0 0 736 80 0 0 335 0 74 2 1 855 0 5984 318 0 0 202 0 0 0 0 1159 5 26 10 0 0 0 2688 0 0 649 1192 0 0 318 0 26 1446 407 12 11 11 0 0 360 0 0 0 0 0 0 0 114 0 870 0 0 21 0 0 0 0 1679 0 0 0 0 971 0 17 262 0 643 0 2264 1627 0 0 0 0 66 0 99 78 3509 829 0 317 0 3 38 0 1425 1431 0 25 0 0 0 3 528 0 0 238 0 420 20 0 544 0 0 682 0 323 0 0 162 30 0 0 0 0 0 0 108 0 0 0 0 0 852 0 0 10 247 2305
 0 0 1 158 0 0 0 0 1710 2391 2467 0 0 0 0 0 0 0 350 0 109 888 0 528 0 0 990 3751 22 0 543 235 0 1078 329 103 0 0 0 0 1819 0 0 267 0 0 11 290 132 0 0 445 0 125 1007 0 0 0 265 0 0 3 0 1196 0 0 22789 151 163 47 55 0 0 77 4973 0 43 6 0 295 2483 0 0 0 0 0 0 0 0 0 0 0 0 0 1218 0 0 0 0 530 0 0 190 0 416 0 0 19 0 5 0 1683 0 0 3735 0 937 0 0 0 191 1849 0 0 0 192 0 0 24 0 0 794 0 1744 0 0 0 0 0 0 0 102 2340 0 11 0 0 1 15 0
 0 0 0 159 0 0 0 0 30 0 0 19 0 584 0 46 225 0 2902 0 405 0 829 0 0 244 1455 0 0 0 0 56 11 0 0 658 0 0 0 0 0 0 457 0 624 0 0 1010 0 1263 0 0 0 0 115 0 0 0 669 0 0 0 0 0 439 0 0 0 0 619 71 0 14 0 989 0 0 0 0 1127 35 0 1455 285 0 0 0 0 287 1706 1732 0 0 0 1078 0 799 0 426 94 0 32 0 5 0 0 0 3 0 0 0 22 0 0 0 11 0 10 0 2619 1 0 7875 9 0 0 0 0 1679 80 0 0 0 0 0 0 0 148 0 0 0 0 0 0 0 0 0 1078 326 0
 0 0 0 0 0 0 0 209 0 0 0 1130 901 0 401 0 0 0 0 1160 0 0 152 0 0 0 0 0 0 20 1706 0 0 0 0 840 0 0 2 0 32 0 0 59 0 0 100 0 0 0 0 808 0 971 2946 0 15 0 225 736 0 381 850 0 39 140 0 107 0 0 566 0 0 0 854 1 3 0 0 0 0 0 0 52 0 0 21 258 2950 0 0 302 12 191 0 0 0 0 72 0 3 0 0 0 22 9 0 11 0 0 0 0 61 555 0 0 0 0 16 0 407 0 0 0 0 1491 0 101 254 97 18 3366 0 0 45171 0 9 3 2017 1716 26 163 117 0 0 0 821 0 0 0
 0 796 192 0 0 0 216 0 0 14 0 0 0 0 0 0 164 166 0 0 0 323 0 22 17 386 0 106 12 0 0 0 0 0 19 0 0 0 0 0 247 0 391 0 0 0 134 28 3 0 1472 0 0 0 0 7 1326 0 2902 3384 459 0 0 44 1 118 753 0 5 0 457 0 0 0 0 507 54 0 661 0 0 1066 0 0 167 0 55 751 22789 0 0 2619 384 3115 0 583 3808 213 0 0 9 392 530 0 0 0 0 0 0 0 0 7 0 2277 9668 12279 12 0 0 0 0 0 0 0 0 0 0 0 86 668 0 0 0 107 0 0 0 1 0 0 0 2994 24 0 0 327 37 0 90 0
 16105 0 0 0 491 1148 169 80 5243 22 0 0 1425 0 205 0 0 0 0 5 0 0 0 0 0 0 0 0 0 0 493 0 0 2 0 0 1827 102 0 1 2 0 28 0 0 67 0 0 17 6452 18 278 12 0 150 0 353 975 46 0 528 0 658 3514 5609 0 0 0 1009 351 0 0 0 0 0 51 269 558 0 0 0 0 0 42 0 0 41 2432 1188 391 0 0 0 0 0 0 15 0 0 0 844 35 4378 143 0 1186 28 0 0 1329 1196 0 20 0 0 303 190 513 410 0 800 0 1227 0 82 40 0 0 9 5314 0 0 0 0 0 0 589 6996 0 0 0 37 0 0 0 0 123 0 0 1977
 0 0 9252 0 544 620 23 0 0 18 29 270 0 1909 0 839 0 184 0 0 114 1 166 0 95 173 0 0 0 0 7 1010 212 0 332 0 40 0 0 1314 0 1250 0 191 3384 145 0 43 0 0 20 0 5 73 0 0 0 214 989 0 0 310 0 241 0 0 1021 0 0 1127 28 0 559 0 16109 0 2227 171 226 426 0 0 0 0 0 0 0 112 0 8387 0 0 76 0 0 0 75 0 0 0 0 139 0 0 0 0 0 0 0 4862 0 101 1 350 62 109 0 259 37 6635 0 0 0 0 4 0 1221 0 0 34 58 8 0 0 179 0 0 0 670 0 0 44 0 0 0 0 0 0 0 9
 7 317 143 351 2531 0 23 0 0 0 0 0 0 508 0 0 10103 0 0 21 233 0 1133 0 0 799 127 338 372 0 46 664 0 0 0 43 0 0 0 21 0 0 0 0 821 0 1875 1278 0 102 0 0 963 0 45 1 0 0 0 447 0 0 0 13 0 0 324 20 0 23 14 0 248 0 0 591 530 0 0 11 0 0 25 0 0 0 0 0 0 0 14 158 45135 83 53 26 363 2104 2287 0 638 96 0 0 4 0 0 0 0 0 0 0 1493 0 0 937 1 0 0 0 0 2015 305 176 0 8 32 0 0 0 222 0 411 0 0 92 18541 0 3 109 0 0 158 0 0 0 0 0 0 1388
 0 0 0 0 0 0 0 426 0 0 0 0 13 36 0 0 2851 304 932 0 0 0 0 0 87 0 0 3 31 0 0 114 0 0 0 0 584 35 0 0 274 138 2931 128 321 0 1627 0 0 0 0 0 0 0 0 0 0 0 0 18541 0 91463 28234 0 624 0 23 0 2121 0 1977 337 82 0 0 0 0 0 0 0 0 0 0 330 30 0 0 46 0 970 0 0 0 382 0 923 0 0 0 0 0 145 0 10 0 0 0 0 265 0 285 284 0 0 0 0 69 9199 894 0 927 824 0 73 0 0 0 62 0 0 0 0 0 696 1879 0 35 0 0 0 12 0 0 250 339 0 0 0 4861 0
 0 0 199 353 0 29 912 0 0 10 0 0 384 888 319 0 218 0 0 0 45 0 136 0 0 37 288 0 0 0 0 0 241 14 0 0 0 91 0 0 0 0 0 0 187 0 0 0 0 0 0 223 290 33 335 0 0 0 0 1 0 0 0 0 0 989 1134 262 80 9 0 0 0 0 4883 8433 0 0 0 265 314 0 523 18 0 0 32 0 4 0 0 0 0 0 0 35 2 0 0 0 0 0 0 0 0 9230 0 0 57 0 0 0 0 0 0 0 0 0 0 0 34 0 171 16599 247 12 0 103 0 4 0 0 0 0 793 30415 0 530 32 90 284 0 0 0 0 0 606 327 0 0
 555 0 209 0 0 2463 663 118 1248 24 0 190 264 0 174 462 395 0 0 0 2814 0 0 683 0 1866 235 0 0 46 3 163 360 0 2400 0 0 0 0 0 3175 128 283 314 0 26 0 0 0 0 0 0 0 274 2959 843 0 0 0 0 0 0 308 0 0 338 0 0 0 0 0 5243 0 0 0 0 0 3 0 0 0 0 18541 0 0 0 4 0 522 0 13671 0 146 41 0 8188 10 558 0 6 0 762 12279 0 1453 1425 0 330 1391 0 0 163 0 44 0 0 0 0 0 0 0 0 2 0 0 1647 606 0 0 0 0 483 85 0 0 0 1 0 0 0 0 184 0 0 80 0 0 0 184 27228
 0 0 0 0 0 0 146 0 476 0 0 420 0 0 260 0 0 0 0 0 79 0 774 3735 33 0 0 1114 28 667 0 0 0 28 57 0 1066 0 0 0 0 618 0 330 0 0 0 0 44 117 0 207 0 0 0 569 0 63 361 0 0 4378 0 0 0 0 0 0 0 0 201 8419 103 34 0 0 0 0 0 45 0 0 0 0 0 0 394 0 0 0 0 667 4854 82 0 0 143 0 533 1 0 13 0 54 0 68 16 0 0 0 32 0 0 3112 0 0 0 0 1491 0 28 0 222 21 309 248 0 143 0 0 0 0 0 0 0 0 0 20 254 0 0 2290 5501 1903 0 0 310 0 125 0
 0 0 0 114 0 0 0 0 10405 569 0 0 0 3512 2538 0 8 0 81 555 0 7528 0 1 0 18 419 0 0 0 638 0 0 922 83 0 888 0 1840 25 0 0 0 0 0 0 3 0 0 0 0 44 300 0 0 0 0 10 0 25 0 1 0 0 0 0 35 63 0 0 0 0 679 0 0 239 0 213 0 0 0 0 0 0 0 0 0 0 0 0 0 890 630 353 245 61 0 0 0 0 0 0 1264 0 0 40 0 509 0 0 293 288 1149 55 0 167 0 21 469 0 1346 23 0 0 0 0 26 0 0 0 0 0 0 524 15 0 0 93 7 0 112 114 0 437 0 437 193 0 403 0
 0 0 0 0 0 0 0 0 0 0 0 753 0 0 5 0 0 0 0 855 0 0 0 12 0 544 315 0 0 608 23 0 0 18541 0 27565 641 39892 0 0 13671 0 44 0 220 22 1 0 1679 0 10 0 96 722 48 0 0 1054 0 0 111 0 0 0 0 0 0 0 0 146 0 0 0 0 86 57 1087 0 5828 0 0 0 0 0 880 0 578 1259 0 0 0 0 0 0 0 143 355 24 9199 18 0 4189 1 8141 0 2688 0 0 82 1293 0 0 119 0 0 0 0 0 33 0 0 0 0 0 19 0 86 0 0 0 0 0 570 0 0 0 41 0 2557 30 0 0 0 0 633 0 0 143 10 0
 198 79 0 3735 0 0 9 0 0 0 0 361 1745 0 18 544 0 0 0 0 0 84 92 0 1134 0 0 0 44 361 137 14 0 31 5 1029 0 578 0 0 176 377 247 184 157 976 0 0 0 96 0 42 86 293 0 0 0 1612 49 0 0 0 1624 380 0 0 0 0 0 69 0 0 64 1102 0 0 0 361 0 0 300 0 0 697 418 0 0 0 0 0 1087 0 0 0 0 0 0 0 0 0 0 1727 1794 16 53 0 0 0 0 4476 0 18537 6 14 0 858 0 0 0 6 0 16 0 149 3641 0 78 0 236 0 3760 544 0 0 0 0 0 0 0 0 2 53 0 1931 5314 0 0 71 0 0
 98 50 1314 414 0 0 0 141 34 6996 0 228 0 0 0 0 0 117 256 30 0 0 0 0 0 0 0 0 325 5852 351 30 0 16109 599 0 1720 29036 1446 0 0 0 0 1650 870 0 295 0 7 3728 0 0 160 0 0 1727 0 1326 732 33802 0 0 371 118 0 0 0 1624 0 38 0 0 0 0 0 0 141 0 0 805 2309 202 0 829 0 0 0 20 0 923 1 0 0 0 0 75 0 0 514 0 0 0 14 0 0 0 0 0 0 135 0 1 77 2557 0 53 0 0 0 655 0 0 0 0 0 0 167 1148 3 0 0 2 0 4490 1725 38 0 0 0 7679 0 0 0 0 0 0 1149 0 0 2017
 0 0 0 0 0 21 17 1212 0 7 10 0 0 0 16728 138 0 74 444 0 0 4 0 0 0 0 0 222 0 7 0 0 0 0 0 0 848 310 33 0 0 0 7787 0 117 53 0 0 249 697 0 0 50 90 22 1106 0 0 30 0 4 340 0 0 0 4877 0 0 90 6 10270 1 0 0 306 0 0 419 1493 0 0 128 0 0 0 0 0 0 581 0 584 0 0 279 268 0 36 19 0 263 0 0 46 391 0 18 0 443 0 103 0 0 0 0 364 0 0 0 0 0 0 0 148 0 104 11641 124 138 0 19 33 24 33 183 0 0 0 586 114 0 34 3760 0 107 587 0 0 56 0 0
 34575 630 0 126 257 585 0 0 920 0 49 209 0 0 0 102 0 56 812 0 0 0 0 0 0 265 0 7 0 0 156 0 109 444 794 57 0 584 149 139 0 0 0 808 0 282 0 0 192 0 33 0 0 0 4 0 31 1186 0 8 0 0 0 3 0 839 0 0 0 0 370 0 11 12 32 0 15536 0 261 0 667 0 5 0 12 0 225 0 0 13 0 0 743 272 0 1222 2127 0 0 3 970 0 0 139 0 0 1 0 0 30 0 0 1 0 0 85 0 26 0 112 47 0 36 5082 0 12 0 0 0 31 2 0 33 0 16 1496 260 171 10 0 0 0 0 15 0 1182 0 1364 0 0
 0 681 5 0 0 0 0 364 33 228 0 33 681 0 220 0 228 1053 0 0 124 2816 0 0 0 1847 0 0 0 0 0 9 0 0 459 0 0 858 0 60 0 0 0 0 12 0 512 0 502 0 171 223 0 0 0 0 0 349 96 166 0 808 193 0 0 263 0 0 331 0 18541 0 1508 0 0 0 0 48 107 0 0 0 508 187 0 0 0 61 1562 5 0 0 0 23 26 0 0 0 0 0 0 99 0 0 26 109 0 0 0 2688 0 0 0 0 0 0 163 162 0 3 0 213 0 209 0 0 12 256 220 571 0 624 0 0 1750 30 1512 0 0 392 0 3 1436 0 174 71 0 0 0 0
 0 0 0 45 0 0 0 662 37 0 0 10 0 0 0 0 0 0 106 0 0 0 0 0 0 0 127 0 0 221 0 0 0 0 350 0 0 5 0 236 0 4 261 0 9 201 0 0 0 594 0 0 0 116 0 5 0 24 0 0 20 382 0 0 9507 0 0 755 0 126 0 132 257 367 32 0 0 8 16 245 124 115 0 0 0 9186 367 0 31 73 816 0 0 244 236 132 982 49 0 7662 1299 1208 12 0 0 40 133 0 0 101 0 0 1241 0 0 0 69 0 0 0 0 0 2491 0 0 87 0 0 269 224 0 0 104 0 0 0 0 0 0 0 6 0 0 0 842 123 0 11 0 530
 0 0 0 0 10112 6085 1 45 0 492 0 124 0 0 0 9207 92 24 0 0 430 3289 0 66 0 0 0 2 0 3033 0 0 0 99 0 0 0 0 0 0 5242 0 0 93 0 886 0 3284 0 10 0 0 0 828 37 0 2895 23 518 0 0 0 538 0 8218 1416 0 1210 35 0 0 0 0 0 0 26 0 0 0 1801 0 153 0 0 60 0 0 0 0 0 0 0 0 0 0 0 11 0 638 0 0 156 50 0 22 209 355 0 0 155 0 0 0 0 0 0 0 0 2532 9 0 1 242 0 0 570 0 0 0 0 54 0 0 0 0 0 349 50 0 0 0 903 0 0 0 321 0 0 0 6123
 0 15 0 79 0 118 0 0 1733 1547 0 0 0 0 0 47 0 0 22 0 1733 199 312 30 0 284 0 3641 73 13799 0 0 0 762 0 0 0 0 74 8 141 0 94 0 0 0 0 0 0 445 0 0 45 252 0 0 121 0 0 92 0 0 76 0 852 305 0 0 0 0 0 185 0 0 0 362 2115 0 0 0 888 0 809 0 135 0 0 0 2193 7 0 103 21 488 0 0 0 0 0 60 0 319 30 9118 779 32 3 22 263 47 20 0 0 0 0 0 0 2600 0 50 6 0 0 1739 0 0 0 0 0 0 0 5 0 0 49 12 178 107 13 0 1 0 0 3509 101 0 0 38 207 0
 0 323 0 0 5 0 0 1007 0 35 303 0 0 3384 463 0 82 0 71 0 0 0 0 65 2 989 1891 0 0 0 0 0 0 0 27228 0 0 49 0 58 188 10 9 0 0 449 81 268 96 209 0 1068 667 0 0 96 0 101 0 100 513 244 0 0 1647 1402 0 0 0 0 0 104 0 0 0 0 2653 3076 0 36 90 0 0 0 0 0 96 0 0 0 12 829 0 0 0 25 202 270 12 808 0 0 0 0 0 0 0 0 0 0 530 91 0 0 0 0 0 8827 117 31 0 236 0 2439 143 67 0 0 187 0 29 510 3735 282 225 0 6 10 31 195 0 0 0 0 0 1 0 512 0 0
 0 0 0 0 766 681 0 441 788 108 140 0 0 0 0 6 0 0 0 0 41 0 0 0 0 0 0 0 227 18541 114 16 198 0 275 0 0 6 0 5 0 0 0 0 892 0 0 0 0 143 0 67 0 0 0 13 0 0 0 190 0 3985 335 0 435 736 426 1010 111 0 221 1054 0 0 0 43 569 0 0 0 0 0 595 0 0 580 0 0 20 1 1561 101 0 81 1252 0 0 321 0 0 0 106 987 0 0 0 16 1133 0 0 0 209 218 21 0 281 263 29566 1230 0 0 0 533 0 18 29 0 94 0 0 0 222 0 31 0 0 0 0 0 1388 0 0 0 0 0 0 0 0 2400 0
 0 2 0 682 1 4013 1682 0 0 8 0 0 0 71 0 0 378 0 0 0 114 0 9066 0 0 0 0 84 0 0 0 47 0 0 1573 234 0 0 26 0 0 1 0 0 38 668 224 0 0 23 0 0 41 0 196 134 0 1235 1 302 0 1 896 364 0 0 241 32 0 0 0 3608 0 0 0 4973 0 3 0 0 16 5 0 0 0 324 0 28245 0 0 0 0 21 0 1136 0 12 0 0 0 9 0 0 111 46 0 10429 193 0 0 0 169 0 573 0 98 0 9 0 0 0 0 0 49 1705 2659 0 35 140 0 0 1929 0 0 0 0 0 0 0 0 0 45 0 0 0 0 8215 829 0 0
 0 0 0 246 799 0 0 0 124 0 12 15 0 0 1653 0 193 0 0 0 1 105 263 174 224 0 0 0 0 15 0 0 9794 0 1 0 82 0 0 15 100 0 16 0 0 0 167 0 19 0 9 8955 462 729 0 0 1835 0 175 103 551 0 589 2619 510 496 0 64 0 0 423 403 225 33 0 1213 0 0 0 0 0 0 461 0 0 17 0 41 0 0 0 363 0 0 0 4490 24 0 6 0 0 0 0 3530 0 86 0 0 2 384 0 1087 0 88 123 0 0 14 0 0 397 6 0 0 0 0 0 0 0 43 350 67 0 0 0 0 202 0 0 0 721 0 0 0 0 0 0 0 197 0
 32 218 0 206 0 444 0 0 2343 36 0 36 0 0 0 0 0 0 0 0 7 0 315 1134 817 149 0 0 164 258 257 32 0 82 0 332 750 72 0 0 0 502 190 1106 0 0 407 0 0 0 0 620 2063 0 219 0 92 0 62 0 77 0 239 0 0 0 137 5 0 0 99 0 0 2 3641 254 0 381 0 0 790 0 5 0 0 1647 0 0 13671 502 0 0 0 0 3760 263 81 0 0 0 0 0 0 0 0 0 191 496 2650 0 0 0 0 0 114 8001 0 0 0 0 215 2 0 73 0 222 0 0 0 206 0 0 0 33 107 0 44 0 213 0 0 0 0 0 480 3137 7786 0 0 1166
 22533 0 0 0 246 120 1689 38 4324 302 90 0 57 0 0 0 0 0 0 0 0 0 0 0 0 2 31 0 0 0 3919 0 0 0 0 0 7 186 0 18 1 0 0 0 0 0 0 236 0 0 0 8 175 494 16697 0 220 1024 167 0 0 0 2688 0 0 0 0 0 1908 0 0 0 0 0 0 740 0 0 0 613 0 0 0 31 0 0 0 0 0 0 5774 0 0 0 46 284 0 896 0 0 623 528 3439 0 29 2251 184 0 0 990 2930 2 0 0 0 0 186 0 96 0 0 0 0 0 32 0 0 3076 0 0 0 0 1 0 784 0 408 15 0 0 82 0 0 0 0 0 0 107 0 34
 0 0 0 40 0 0 117 263 0 288 0 0 3 2216 68 1635 0 36 0 0 53 135 424 0 102 1312 0 0 0 0 0 0 0 0 3 0 7787 1021 0 800 0 0 13 507 0 0 0 101 0 0 1210 0 0 0 9 0 581 0 2931 0 0 30 3101 14 0 27840 92 94 0 0 0 0 0 0 0 0 0 350 0 0 99 1078 0 0 0 0 445 4 72 0 0 0 0 0 0 609 5 12 39892 0 73 0 0 0 0 0 0 0 27 0 0 0 0 0 5 0 84 0 0 4490 339 0 971 0 0 0 0 0 14 0 0 394 0 1227 98 0 10 0 0 0 0 0 0 137 5085 0 0 27840 0 0
 0 1007 0 45171 108 57 0 0 88 469 0 5 21 0 0 227 0 1230 0 137 239 56 0 901 11454 0 0 0 0 0 0 0 175 1630 220 40 185 0 0 133 0 0 0 0 914 0 1 128 0 0 0 2 426 0 0 207 0 14 37 0 0 0 0 103 112 0 38 3115 33 24 0 0 0 25 0 1955 2688 0 0 0 0 40 0 0 0 282 72 1130 0 0 1555 0 0 0 0 0 125 0 888 22 235 1066 6 78 491 0 0 3760 59 273 0 0 209 0 0 0 35 1977 101 16100 168 0 1 0 26 0 3 245 1390 91482 368 0 0 0 0 0 466 0 0 0 1140 254 0 1010 0 3 40 0 407 143
 547 91 218 0 0 0 0 0 962 0 58 0 351 13 339 0 0 0 0 30 24 0 40 30402 0 0 0 0 0 0 0 0 0 0 0 0 0 28 0 0 0 0 0 0 0 0 329 1977 0 0 0 717 0 0 0 0 99 0 0 0 0 0 0 0 0 0 0 37 1 760 0 0 51 0 0 147 483 278 0 150 7 73 0 188 31 0 0 0 0 0 5587 0 0 0 0 0 26 1080 0 0 4 29 0 0 0 0 45 314 0 0 0 0 0 40 21 0 0 0 0 0 0 0 0 0 337 0 0 0 58 0 567 3 499 0 0 107 20 0 0 716 2 0 0 0 583 0 0 558 98 743
 0 0 0 0 0 0 0 606 0 0 522 0 103 167 0 4 0 443 0 0 2368 0 0 32 0 2872 0 0 300 0 0 114 0 0 101 114 86 17 0 0 0 0 101 29566 0 0 0 35 0 0 0 243 0 0 11 0 0 3 0 0 0 0 0 3384 0 0 2277 0 0 221 921 1 0 594 0 1903 148 0 0 8953 1 0 4 0 0 9 0 184 1 5 0 296 0 0 0 0 102 117 0 0 0 350 1035 618 331 0 0 0 0 0 0 1 96 5852 0 0 0 0 0 0 0 0 248 5 0 0 0 458 2057 7 0 0 0 0 78 0 4 0 0 0 0 0 0 0 0 0 0 0 0 0
 0 105 22 766 1765 3 0 0 6 392 1379 0 45 72 0 364 102 0 0 1667 0 0 0 0 865 0 0 100 229 420 0 14 8504 0 491 595 0 0 0 0 0 276 0 0 108 7 0 0 0 159 0 6 43 0 0 10 0 0 0 2 0 0 0 104 16 0 881 0 20 41 0 0 0 365 0 367 0 0 0 0 0 112 0 18321 124 1067 0 0 403 0 51 0 0 0 86 34575 340 0 0 603 0 0 0 450 0 0 0 0 0 0 0 248 441 262 221 0 0 605 0 5 0 0 0 0 58 0 0 0 0 0 0 0 9 0 0 0 394 0 0 1 1553 0 0 20 0 0 1 196 0 0
 0 0 0 49 0 0 0 0 0 0 888 0 0 0 115 63 0 0 44752 0 0 26492 0 0 311 0 0 0 900 0 0 0 45 339 327 1250 0 0 468 844 10 2277 0 723 0 1744 0 0 507 282 0 38 0 746 193 667 0 1930 0 0 2 0 817 316 3 0 0 595 47 257 0 0 0 1016 0 115 0 0 0 35 0 0 0 1750 4843 221 0 0 0 0 0 0 0 162 29566 0 0 0 0 0 0 197 24 23 0 23 0 6665 0 0 544 558 0 0 0 0 0 76 0 0 620 0 0 897 0 0 0 1066 0 0 10429 512 0 0 0 717 0 0 0 0 1026 0 0 0 0 1 0 33 105 0
 265 0 142 0 0 0 0 0 466 314 0 227 0 0 32 1 535 0 0 78 0 0 0 0 0 3 0 1299 376 0 41 0 0 0 0 0 173 735 0 0 0 0 0 0 0 35 0 599 0 50 0 0 0 0 0 2991 0 0 35 439 1555 0 0 3641 592 21 0 542 0 0 5 614 0 0 0 0 1175 0 36 1075 485 0 0 0 361 1763 0 2891 0 0 284 809 0 198 0 0 0 0 366 0 0 0 284 1078 771 0 229 0 534 0 976 0 0 0 0 30 583 0 64 0 0 0 0 0 38 0 0 0 0 0 46 0 530 1679 1 0 1054 0 0 1493 0 0 0 538 0 1652 0 1078 12 467
 597 0 7875 0 0 55 0 0 0 0 1347 262 0 6996 0 62 0 0 0 0 488 2557 0 0 0 27 1621 0 0 302 3439 0 98 0 0 0 0 0 0 0 5 0 1312 0 0 0 0 0 2910 6 812 452 509 0 258 4348 2017 12 0 0 0 92 297 0 0 0 25 53 1750 0 0 272 0 16 0 0 0 0 0 297 714 0 0 881 0 23 0 0 0 0 45 11 0 0 0 0 0 0 0 487 30 0 9220 0 0 10112 0 0 32 12279 0 306 0 0 90 0 0 0 0 1053 0 16463 133 0 0 0 0 0 0 0 1038 0 0 0 0 0 0 595 0 0 0 0 0 0 0 1744 0 683 0 0
 0 0 0 0 347 356 0 31 305 0 0 0 0 0 0 0 0 0 0 2688 0 68 0 0 0 0 0 0 0 5 0 0 0 0 0 0 0 0 16 5 431 0 110 1 28 0 257 0 0 0 1216 0 32 62 0 0 0 0 0 0 3515 0 0 9 318 0 0 0 0 0 570 0 124 317 0 29566 0 10 66 1 0 0 163 363 0 89 0 0 0 0 350 0 10 1129 0 0 0 327 0 751 19 0 1562 0 0 0 157 1750 0 0 221 0 816 0 98 0 1644 0 0 38 0 756 155 0 0 0 736 0 4 22 0 55 0 93 0 287 0 0 491 0 0 0 0 0 0 0 0 3 0 143
 0 42 3384 821 0 27832 0 0 0 0 22 0 265 157 2890 0 0 0 0 0 352 124 0 0 0 0 0 1219 1 330 0 0 0 0 0 0 56 35 0 0 0 0 0 1653 7 128 2849 237 0 0 0 0 0 12 34 32 0 0 0 0 384 0 0 0 0 0 267 462 0 0 0 120 15 5085 0 0 0 0 5100 0 0 210 0 0 382 378 0 96 0 1198 142 23 0 0 667 29 0 2196 0 63 0 0 1585 0 0 1587 120 0 0 0 0 0 232 73 0 22753 0 0 200 0 315 0 9 0 0 0 0 519 0 49 0 174 0 268 5 1184 35 0 504 0 0 0 812 235 0 750 0 0 0 0
 24 14 0 0 0 0 184 0 0 0 0 277 109 0 13 2605 0 0 0 4877 0 0 0 0 599 0 12 0 0 224 0 0 0 252 271 0 0 0 0 0 198 149 50 283 302 3 0 6374 0 0 0 1218 441 58 39892 0 263 54 33 0 0 250 0 0 0 0 0 36 0 138 0 0 0 0 0 0 0 0 0 0 0 1 16 0 0 74 0 0 0 188 0 0 0 0 0 1683 0 0 0 210 30403 0 1127 0 0 261 0 0 310 0 0 0 78 0 1365 111 13 54 765 856 0 0 1256 187 92 32 0 581 0 0 0 0 0 540 0 0 0 0 190 184 300 0 16 596 0 0 0 11 95 0
 54 0 13 0 0 0 0 0 0 0 0 0 0 314 0 0 1063 0 0 0 87 0 0 1007 0 46 351 373 0 0 146 6 0 0 0 71 0 0 12 533 170 0 0 3735 1063 0 0 35 919 22 0 1468 0 0 0 4 0 9 236 10 0 926 245 5 894 21 13671 874 0 0 460 0 0 0 0 0 513 0 12 0 196 6996 0 0 275 2509 0 393 90 0 510 222 11 0 0 2 2391 0 0 0 0 0 0 0 174 0 1117 0 0 0 319 297 0 34 919 0 0 0 0 0 0 156 0 0 8 0 274 0 0 0 72 0 2006 0 567 77 0 0 0 0 0 0 0 0 0 0 3641 762 0 0
 208 0 0 2309 1359 0 1 0 49 0 412 1 1 36 5 0 24 0 0 0 0 0 0 0 0 0 0 0 0 196 0 361 0 0 829 0 0 1555 10 0 125 1 0 143 0 0 0 2227 0 0 77 0 0 192 0 382 18 55 0 215 0 0 0 0 0 0 0 478 0 502 0 49 411 79 256 0 0 138 740 0 0 0 159 0 0 0 0 0 1326 466 0 0 9 680 128 0 0 245 0 504 13 0 0 0 142 0 159 98 29566 11 0 0 89 29 0 0 0 0 0 24 0 0 419 11 0 0 0 317 987 1903 0 36 144 0 0 937 0 7 0 0 0 0 15 0 0 0 44576 68 4 1624
 61 0 560 0 0 0 0 246 2 6 134 0 0 0 0 0 595 822 0 0 0 0 0 0 6 0 0 0 0 11373 0 0 0 0 0 0 0 0 150 614 542 989 0 3 3407 0 0 0 916 283 0 881 540 0 42 137 0 0 0 160 54 560 0 0 85 166 0 244 1014 0 47 0 0 23 0 0 36 2934 84 0 73 0 88 125 0 0 0 501 0 0 0 0 0 2 25 3289 0 1796 11 35 202 0 0 432 462 0 0 170 0 0 11 0 7 0 0 0 0 0 0 0 340 2474 191 0 361 0 897 0 18 0 0 325 0 0 0 0 0 0 0 619 0 0 0 0 0 0 0 25 0 0
 0 159 0 1293 1588 22 1 226 0 919 0 317 0 0 0 1192 0 3509 15 0 0 12 0 318 0 0 0 0 42 0 0 0 38 0 222 0 0 0 0 0 113 0 0 0 0 0 0 0 0 99 0 110 0 0 0 15 0 0 0 0 0 0 0 0 0 0 17 1653 34 0 419 0 0 0 0 0 0 0 44 0 6 0 0 427 21 0 0 6 190 0 0 0 0 0 0 951 0 311 51 116 0 0 919 0 0 0 0 894 40 0 11 4 0 0 0 0 0 3 0 558 245 16 0 0 0 28 18 0 0 183 0 0 0 94 0 0 0 0 0 1299 102 47 0 0 447 0 0 133 159 106
 5314 0 1 0 29 0 544 1418 0 49 0 0 82 0 0 0 0 0 0 174 0 1068 0 381 0 0 103 16 0 0 175 0 0 0 0 0 0 0 81 129 15 0 0 0 0 408 0 1531 0 25 193 0 0 0 185 2851 2 28 1072 740 0 0 641 0 70 0 0 0 0 38 49 0 1227 1 0 1903 0 0 0 0 0 1341 1 0 463 0 11 0 86 0 0 0 0 0 0 265 0 0 808 42 19 0 197 0 0 192 385 0 239 0 190 0 0 1363 19 10 0 0 0 0 0 0 0 380 840 63 0 1084 0 1207 0 0 0 220 0 0 123 0 381 193 27840 164 0 0 16 135 0 4353 0 0
 0 96 127 41 0 759 354 1 0 0 0 0 394 856 0 513 0 0 11 0 0 0 0 0 0 0 0 7 28 0 1299 0 0 530 1054 0 28 1 0 0 0 0 88 0 40 1481 1903 0 0 0 2017 0 0 0 0 0 2 0 0 308 0 0 0 0 21 0 0 0 570 0 108 0 191 0 0 19 20 54 5 7889 94 0 0 0 0 0 599 0 0 858 0 260 9 0 0 257 308 0 0 28 602 0 0 0 0 0 64 5500 0 0 0 0 0 7662 0 0 420 0 389 19 0 0 214 0 0 68 0 0 0 317 40 9 0 44 0 0 0 100 0 153 48 0 469 0 0 140 16 0 0 530
 20 0 0 0 0 0 0 21 0 478 0 0 0 0 227 1130 0 0 0 40 35 0 381 0 0 128 262 3093 0 0 19 0 0 5975 0 0 0 2 0 30 143 0 0 0 0 0 0 228 0 1 1196 161 0 9008 0 0 64 0 7 0 85 0 0 0 0 1 0 137 0 0 6766 0 0 0 0 157 44 0 10 0 45 68 0 1066 0 54 453 0 0 0 5289 1287 800 0 0 1230 24 0 0 0 0 292 23 0 0 651 0 2 0 0 7 425 52 0 0 0 190 0 4378 0 25 0 0 0 224 2994 0 0 241 921 206 681 0 0 736 50 0 13141 0 0 0 0 0 0 310 0 8 0 0 0
 0 40 327 0 0 0 1066 897 0 0 15 0 0 0 0 424 0 0 0 0 4863 1293 0 0 0 10 158 2 0 0 18541 618 0 0 185 0 0 0 62 0 0 0 140 0 108 0 0 1087 36 0 0 0 1054 0 0 0 0 0 105 0 681 0 195 108 0 0 59 0 0 538 0 323 2309 0 68 0 0 101 0 977 1622 0 84 0 112 0 0 1577 0 13 16 0 4877 0 35 0 494 0 39892 0 48 46 0 0 1068 5314 302 319 1214 0 0 0 0 0 0 0 14 83 682 7 215 0 0 0 0 0 246 0 0 0 0 0 288 193 0 17 0 0 0 0 0 0 0 290 0 5085 0 0 117 0
 0 4846 0 0 92 0 0 0 11 0 16 0 0 0 0 1 0 0 3090 356 262 0 0 3 68 7167 0 0 35 0 0 30 528 0 276 0 0 1 0 419 0 0 0 0 0 0 0 0 437 1271 0 0 0 982 0 0 0 1496 0 0 0 1384 0 0 5587 0 8199 407 225 5 0 0 0 0 0 0 0 0 0 0 0 0 602 24 4553 858 0 10 38 265 0 1 0 0 0 0 0 0 384 0 0 0 0 106 0 0 862 0 0 0 1038 168 0 0 0 0 72 20 0 0 0 0 0 625 0 0 0 0 0 0 0 352 0 350 12 0 367 0 0 0 0 0 0 0 839 68 0 0 104 3281
 0 0 210 512 59 0 133 0 183 513 0 0 225 0 0 50 0 0 94 6 50 0 4 0 0 205 0 0 0 45 0 829 0 0 0 0 60 218 191 0 0 134 0 942 90 0 0 43 0 0 0 0 585 0 0 12 0 0 0 0 0 0 0 0 697 0 0 0 419 78 0 1598 0 0 0 0 0 0 841 19826 66 0 38 2 146 263 92 49 0 292 104 0 0 3 0 495 0 63 1903 4933 0 12 0 87 0 0 0 7 0 0 852 0 4378 0 12909 1117 381 0 178 191 0 829 186 0 0 1740 0 0 3366 1130 287 0 0 0 3722 0 0 0 623 58 0 0 217 9889 0 0 0 513 0 0
 0 1 50 0 48 0 0 1455 0 0 3433 340 0 2 0 6 0 0 0 205 0 0 0 0 0 0 2306 0 28 2969 0 0 26 0 0 0 0 0 494 0 0 0 0 112 1 0 45 0 0 1635 6994 0 0 762 0 175 0 112 0 0 5 1060 143 0 0 0 0 0 81 0 0 1 0 0 372 0 0 0 0 437 0 0 0 0 64 275 1141 111 4 109 0 541 0 310 0 0 12 0 1436 232 0 0 709 167 0 0 0 0 0 0 34319 0 0 0 0 0 0 0 0 0 50 0 13671 512 0 0 0 201 1216 0 0 2 12 222 0 0 0 680 0 257 502 0 0 929 138 331 0 0 0 0
 117 1 158 2391 570 0 0 2538 0 0 2288 0 1703 0 174 0 1750 0 0 72 1531 0 0 858 0 128 0 0 0 0 0 0 0 849 0 0 0 0 151 4 1052 0 207 503 0 0 0 0 0 0 0 0 0 5 11 3 1276 0 109 0 0 0 0 0 1650 0 0 0 0 0 773 0 0 0 0 0 0 332 0 0 0 0 585 0 0 32 1259 45025 8 0 0 0 0 610 799 96 0 0 0 0 0 224 110 0 0 815 143 0 0 0 117 528 0 293 0 530 0 1168 167 94 1038 0 0 1 4 0 17 0 835 321 5085 0 0 303 218 230 0 0 303 26 2 1192 0 0 0 518 0 0 0 6
 44 0 4981 0 0 262 0 0 5 0 12 542 562 123 68 80 0 18541 0 0 0 0 2897 2227 0 0 205 0 0 0 0 0 19 38 0 0 458 0 772 27228 0 0 0 3 0 370 0 1177 0 0 0 1021 0 0 0 507 0 0 0 432 888 0 0 0 87 0 0 0 0 0 0 0 0 2065 0 0 0 104 0 0 0 0 2391 193 0 0 12346 0 332 0 0 0 0 0 0 0 0 462 0 0 0 2 1384 0 0 3361 269 0 0 0 274 437 3 0 1009 299 0 0 0 2 13671 0 186 0 0 0 0 584 838 1007 0 571 9 479 0 0 0 0 1 530 0 0 0 0 0 8188 0 0 304 0
 0 0 186 0 0 34 0 157 102 200 989 0 838 0 141 0 0 44 0 2 6 0 0 819 255 0 0 557 0 124 0 23 0 0 0 0 0 437 0 0 0 0 0 25 102 0 0 138 2 0 428 35 401 0 0 0 27790 0 0 0 0 0 0 0 15 447 0 0 0 74 0 11 0 335 0 0 0 0 0 5 6 0 888 0 0 1 0 35 15 0 0 0 40 15 0 0 0 428 1 0 0 6 0 5 0 0 174 0 0 0 0 2 5 8 0 276 5 0 3060 0 827 0 384 0 5 0 49 3 0 0 0 0 26584 7627 796 0 0 0 0 0 247 0 35 0 0 0 170 1065 0 0
 20 39864 0 0 0 0 7 538 10 0 8910 0 40 32 0 353 0 0 1418 0 0 0 198 1 0 1227 0 0 0 0 4 61 0 43 49 121 599 2282 0 380 0 32 0 0 838 184 0 2902 0 71 0 211 659 90 0 0 44966 0 407 0 0 0 0 152 1 0 21 1148 0 0 13 0 7 0 0 0 0 571 154 0 1780 235 818 987 0 341 0 0 2688 0 0 305 12 30 786 0 0 0 1608 0 322 0 7 0 27 0 0 56 0 0 0 1075 0 186 0 0 0 0 243 0 0 641 133 44 0 0 136 530 59 0 0 0 1981 0 4 117 0 0 0 0 5 0 0 0 0 0 8 190 1038 0
 762 235 118 0 0 85 0 0 0 0 1 12 45 63 1066 101 0 9 321 0 2205 41 5745 288 0 0 246 0 14 0 635 0 0 68 947 0 0 0 0 0 4348 0 0 0 0 0 0 0 0 0 0 1 0 1128 64 32 0 1293 0 0 2 107 2833 260 0 0 3 0 0 303 2 0 403 0 0 2090 95 0 0 0 0 0 0 1710 0 3439 0 0 0 158 0 0 0 0 0 0 45150 0 0 0 187 0 948 0 19 0 5 0 1 829 5243 0 0 197 1210 0 0 4 12 71 70 1134 3 50 11 56 512 0 765 0 0 0 241 321 0 1264 0 0 282 1 0 0 1007 1328 0 20 0 103 0 0
 8 281 0 0 32 0 0 0 0 0 77 0 735 0 0 0 94 0 21 20 620 624 0 0 1050 0 0 0 21951 40 0 0 1 0 530 0 2331 0 0 9 81 838 0 6958 0 419 0 0 581 71 0 0 5 15 0 862 0 127 4 53 1792 335 1 14 510 56 0 540 0 4 0 0 5 0 0 0 0 0 0 901 0 0 0 0 0 0 0 141 0 0 0 0 50 0 0 3 0 0 0 168 68 0 30 0 0 0 0 0 1507 100 1 1 0 55 222 276 0 0 2 360 704 25 7 0 0 0 7409 0 0 0 8 0 239 9 0 0 39 49 70 0 0 0 601 135 0 3711 0 50 0 0
 0 106 1351 1715 0 20 0 0 4348 266 0 0 0 19 0 0 0 0 2309 0 0 245 0 0 0 293 0 0 0 0 1381 0 0 157 0 0 0 0 0 0 0 238 103 56 0 90 0 0 0 0 0 0 0 0 2 0 0 0 0 0 350 42 180 0 13 2065 117 276 207 0 7875 4877 0 2277 0 1152 0 0 0 2 32 6765 0 0 0 0 0 560 584 0 0 164 71 1681 5 0 9 4348 0 0 0 0 60 0 0 480 585 0 0 360 265 0 55 2854 0 0 0 90 13663 0 547 0 1 0 0 0 0 0 36 209 24 575 238 0 0 0 0 997 588 284 0 0 0 683 0 0 38 0 0 333
 45 0 25 1117 0 0 1681 0 318 0 0 0 0 0 0 4722 0 0 0 297 0 360 0 0 0 0 2994 0 0 0 0 0 0 0 159 0 0 0 0 9 0 57 0 13655 66 0 22 0 20 0 758 303 0 0 109 12 0 0 85 0 3 138 0 384 0 571 0 0 55 0 0 0 45 0 0 0 0 815 0 0 0 0 424 0 30 0 0 0 0 1750 179 419 0 0 79 0 0 0 166 829 0 0 0 0 0 0 0 822 0 50 315 1 5115 0 7 0 897 0 1299 9 78 0 0 23 0 0 0 14 0 0 0 245 0 81 0 29 0 0 228 385 7 0 847 37 2931 204 0 9759 28 0
 0 117 0 502 0 0 0 94 0 821 0 0 61 0 0 143 0 0 0 0 1329 0 0 0 284 0 0 2290 0 1801 0 0 0 2 0 0 0 0 0 0 0 0 41 0 10 0 987 919 578 73 0 0 641 1 256 0 0 0 0 225 0 0 0 0 0 0 0 5316 125 0 0 35 0 302 0 0 35 1127 21 56 0 0 0 0 0 0 45170 40 225 0 62 0 0 526 0 0 250 0 0 0 67 186 0 141 0 0 0 0 0 0 0 0 0 0 641 6 0 0 7 839 0 0 0 0 0 751 256 38 126 319 0 0 0 0 0 607 0 0 0 0 47 0 0 1149 0 0 0 0 0 0
 0 0 838 0 0 20 0 141 36 0 0 0 49 76 13 0 0 0 385 23 0 0 19 0 46 91480 0 0 0 0 0 528 0 0 1020 0 0 0 0 0 0 0 858 198 0 0 0 0 0 7 28 0 0 0 0 0 25 0 0 77 0 3641 0 1 67 0 0 1099 54 1 0 0 1416 57 7 0 0 0 0 0 0 0 0 1008 0 0 0 0 21 377 0 0 0 0 31 897 0 10 0 0 14 0 0 749 0 0 2 310 1299 5195 19 0 528 0 963 0 0 0 0 0 20 0 101 2633 163 9794 0 0 914 0 10107 0 0 0 0 1051 0 0 0 0 0 0 2538 0 0 21 0 96 0 7
 0 0 0 0 0 0 0 0 90 683 0 0 0 81 0 93 0 0 0 32 278 164 12 0 0 2853 0 0 249 0 9555 0 362 0 12279 0 937 624 0 0 0 0 45 0 0 0 602 0 0 0 0 0 0 2795 0 326 0 0 0 1803 0 0 0 9794 0 25 30 32 0 0 587 0 471 100 0 0 0 990 0 0 6993 0 1364 0 0 0 0 0 0 0 0 101 0 60 614 0 0 127 14 99 0 0 0 0 0 0 0 41 0 0 108 0 0 0 0 0 1 0 181 0 0 0 0 0 0 0 0 0 0 0 0 841 0 0 0 0 9596 99 0 0 0 0 0 0 0 15 0 239 0 0
 0 0 219 2959 0 472 142 0 0 0 0 9391 111 0 13 0 0 624 0 0 1087 184 81 5 0 24 234 231 0 0 0 4 0 0 0 0 0 0 0 0 0 143 102 0 111 0 0 0 0 437 0 0 38 27228 157 20 2065 0 0 0 0 86 0 512 3514 0 0 0 0 0 0 0 0 265 948 0 201 0 0 0 42 0 34 233 0 0 428 0 0 0 157 0 1 8 872 0 0 0 0 0 0 0 853 45 0 135 805 1388 0 0 0 16 0 5123 1753 24 0 0 283 5 0 0 0 0 537 0 54 0 231 0 458 99 0 0 0 0 798 0 0 9161 0 0 997 57 0 234 0 0 0 133
 0 0 0 0 0 77 0 13131 1392 0 0 0 0 0 0 0 0 0 356 0 0 603 1687 0 0 0 0 0 0 0 0 0 0 20 0 587 34 168 0 0 447 0 22 26 667 352 0 0 0 0 0 0 99 0 0 0 0 0 0 0 214 0 0 0 31 13 0 0 0 482 0 319 816 0 0 0 0 0 5 0 37 0 0 0 0 3115 40 0 387 0 0 12 0 0 0 0 45 0 73 5852 9 0 0 35 0 133 0 0 0 0 0 762 32 0 0 0 0 0 0 456 9 0 856 0 41 16 0 0 0 0 10 0 0 0 0 381 0 0 7 391 109 46 0 0 0 39434 0 0 0 0
