150
 81 1375 0 127 0 0 21 0 0 607 0 7499 3 0 0 6 286 41 0 661 63 3366 0 0 0 540 0 38 0 0 0 254 0 0 27 0 0 0 234 0 32 0 0 57 0 0 26 0 7563 0 0 0 635 0 3201 553 467 0 0 0 0 4 0 26818 994 0 42 0 0 387 239 0 0 0 5 0 7 7 0 0 0 0 0 355 0 3 0 147 45 0 0 109 0 300 67 13 0 0 170 6 25 0 0 256 0 0 0 10 16 178 0 78 0 822 0 0 0 0 2446 0 0 0 0 474 0 0 0 217 0 5 0 30 0 0 69 1793 69 0 0 91 8 0 269 879 0 139 0 285 0 0
 0 12 166 192 0 0 0 0 0 23 143 5528 0 0 0 0 0 0 0 800 0 1016 488 0 0 71 250 429 0 5821 779 0 0 0 1 0 2863 420 147 0 0 0 0 0 342 430 0 0 133 0 0 2675 24 2529 85 49 0 33624 366 0 0 16 0 0 0 21 2181 125 0 0 0 2076 0 0 269 0 0 0 4 0 0 995 0 0 134 0 0 0 864 886 966 0 0 2298 0 11 6397 0 2270 56 0 0 154 3628 0 0 0 299 361 0 20 0 861 93 0 19 0 119 35 0 3442 0 0 0 379 0 4 0 0 0 91 0 7913 0 0 150 0 0 682 82 0 0 0 0 395 107 0 13 13 234
 378 0 10653 0 18889 0 6 0 0 271 7 57 0 1453 0 0 17691 2805 28 51 0 0 17 0 0 0 0 0 167 0 0 26 158 389 0 0 386 0 62 0 0 3087 0 250 0 0 0 0 4 0 568 0 486 0 0 0 0 0 0 0 786 0 0 0 167 0 0 604 81 65 0 0 0 0 82 0 142 52 774 0 0 1362 68 26 123 0 0 0 0 3 155 0 1259 0 0 1723 0 0 221 0 305 57 0 150 721 138 219 0 181 0 0 0 155 1210 429 2902 1502 0 91 0 86 0 0 1 0 0 0 1440 0 94 0 0 8390 0 0 0 0 88 0 0 0 0 0 1173 0 302 0 0 0 6324
 0 0 0 553 0 0 155 0 20 7 0 0 0 20 0 32 0 2070 0 13 1048 0 0 14 74 0 27 0 0 0 0 0 78 0 4780 244 0 67 24 85 115 0 0 0 468 0 0 2 449 2793 294 859 0 0 32 2812 0 0 0 1267 7619 0 0 2910 96 2782 256 179 0 0 0 0 526 0 0 1958 41 7026 372 0 0 864 11 10 404 993 0 0 0 51 8 0 1 0 0 60 0 342 1483 0 2965 0 0 552 0 248 0 0 0 4 229 0 0 0 502 0 0 289 24 0 0 21 0 24 0 5 75 0 4 0 118 3 0 920 0 0 41 0 223 125 2 0 3547 0 0 0 0 1639 27 505
 6210 1338 0 45 820 376 0 0 0 25902 0 15 0 0 2674 0 0 624 0 0 0 414 0 0 0 79 0 342 0 6014 0 883 0 100 794 0 0 991 6 0 161 8 0 31 53 18 0 306 0 0 19 173 10 24 0 57 9 0 0 0 75 0 492 0 52 2438 0 21 29 710 0 0 88 509 0 0 32 517 0 42 0 0 563 15 0 140 0 0 185 0 721 0 0 0 0 1097 4 8 9099 45 758 386 722 257 0 0 102 0 0 0 0 137 0 2945 0 639 0 9470 20 0 60 516 4 0 0 526 0 0 8 0 0 16545 0 21 0 0 0 0 0 76 227 151 0 141 0 5 0 16463 0 4
 0 60 654 60 0 14 0 10 0 1131 20 0 0 0 0 0 0 533 171 88 0 0 0 728 77 417 0 653 217 0 61 0 29 0 8 0 0 6 263 668 0 0 5 1287 66 11 20 954 0 1023 0 3 0 0 931 15 0 0 0 0 1016 0 0 3 185 15 59 18 0 0 1 2000 0 0 19077 0 0 0 932 0 536 0 76 0 1733 34 0 2239 0 185 4 14 0 0 0 1744 0 0 12 151 60 26197 356 0 4 0 550 0 0 126 0 0 15 0 0 10 0 172 296 0 419 517 33 0 0 2581 877 359 237 0 0 0 0 0 144 639 3870 564 0 0 98 0 0 0 0 1496 0 1883 0 0
 0 1653 0 0 55 138 0 0 0 0 0 0 0 0 1176 2538 0 3101 62 0 3053 0 0 0 0 0 680 0 0 0 29 0 0 0 0 63 32 0 0 0 0 0 0 0 372 0 184 2332 0 316 0 3 22 26 155 0 388 196 0 247 19 0 452 2820 23 0 14 0 578 0 0 31 75 0 3442 0 909 5 0 0 0 3 993 0 2 0 0 0 44 192 0 0 0 56 0 174 0 0 0 906 0 74 8365 7 3 0 61 67 221 0 342 317 606 0 0 531 457 1801 887 2844 218 0 0 0 0 0 78 47 200 348 0 0 14 0 921 177 664 75 96 3 0 28 26 372 0 0 0 0 1264 23
 38 3124 34 109 147 0 9 49 0 0 0 4 0 0 10 126 633 0 0 25 867 125 16222 284 0 108 0 0 18 0 0 231 0 0 0 53 0 0 0 66 63 0 0 787 0 78597 162 15 1 0 33 0 0 0 0 0 19 0 55 0 1215 0 0 0 0 4 0 37 0 0 0 1064 63 0 1257 158 0 16 558 1029 0 4 76 0 8162 1593 0 0 10 479 0 0 0 25 811 0 0 1586 553 0 247 527 0 43 165 0 0 0 716 0 0 40 3 1405 0 0 6209 42 95 37 0 112 194 0 0 427 3870 0 0 0 0 137 0 0 34 994 0 0 0 0 3797 0 0 1784 0 0 0 139 262 0
 36 23 225 0 0 0 0 280 111 0 0 0 0 0 12320 49 0 0 22 0 8418 3 0 0 0 0 0 0 656 0 0 3016 36 54 128 498 714 1678 0 0 350 0 0 22 31 889 0 671 0 0 0 0 0 49 674 145 9099 15 91 0 950 0 3 0 2434 7 728 0 0 0 0 0 0 0 372 0 317 0 13 0 311 784 0 105 0 300 7 44 0 403 71 5 0 4231 516 0 612 0 121 0 177 0 0 0 0 0 185 0 0 104 0 3320 0 0 0 611 0 0 37 0 21 0 817 1 694 9 7542 18 0 0 0 0 11 2433 0 0 2 0 0 0 76 1359 226 0 0 0 0 0 0 0
 0 0 0 0 0 0 207 223 0 10 0 20 0 219 0 0 0 0 0 395 5 0 0 48 179 131 0 0 0 0 717 0 3 97 0 0 0 0 0 43 0 781 66 6693 0 22 1226 3 186 13 0 0 564 297 0 0 0 2938 0 42 0 21016 0 0 0 628 0 617 0 166 0 818 0 0 0 0 132 18 0 11 12 0 0 0 0 1471 327 0 0 0 521 61 0 26 89 203 0 0 7571 0 411 1689 0 732 0 0 382 161 0 0 0 0 0 0 0 0 0 0 0 0 465 0 110 0 237 13 49 47 0 0 0 31 0 0 0 0 1056 256 1270 0 819 266 55 85 1101 0 26 0 0 282
 98 0 0 45 79 0 879 408 90 19 80 0 53 0 587 0 0 1 122 0 184 3919 0 1971 0 0 0 2057 0 4 0 0 109 140 5 0 0 0 17 0 31456 0 0 250 0 2890 0 0 61 0 64 587 0 1644 0 0 376 3 392 0 0 0 1013 0 0 0 427 0 3 0 0 831 23 947 1237 0 0 2519 2303 0 0 0 0 0 0 0 0 0 0 0 0 0 0 0 0 10 0 504 16 11125 679 8 16530 0 0 1174 704 222 564 0 0 0 10 16479 12 0 11 0 0 0 0 3521 0 23 0 1502 1710 570 0 0 572 0 0 23 0 207 0 1140 255 331 0 0 0 0 46 0 8330 443 1775 98
 0 0 0 156 0 58 2439 0 1 0 300 0 210 8 0 72 39 586 0 94 0 25 73 233 101 0 0 139 0 0 29 0 0 0 279 0 225 111 324 407 0 30 0 56 33395 0 723 70 291 138 0 0 503 0 0 0 0 953 37 0 0 628 0 1991 0 127 51 0 113 0 412 88 1964 0 0 4 0 0 0 479 55 0 0 0 500 6714 0 212 433 5 0 63 0 0 0 383 21 0 0 0 0 0 0 34 0 0 0 0 0 346 8027 8171 0 0 513 0 0 1250 53 21278 15 0 219 2099 0 0 1153 0 0 0 252 76 0 0 0 0 0 201 0 5 21 0 1 392 287 2 0 11 0 27
 0 469 193 14398 135 401 20 6331 10 43 0 0 0 0 0 26 0 0 8121 7 0 1 21 0 0 149 7 0 506 1106 194 5 414 0 261 0 0 874 293 0 352 697 0 27 0 0 0 0 30 0 169 178 148 347 98 78597 396 515 0 0 173 1149 0 5540 0 0 0 558 0 0 275 1846 776 0 0 0 0 1397 0 0 24 182 498 0 0 0 0 626 511 0 0 1701 0 0 2455 0 0 0 22 0 70 0 18 93 6 0 0 0 14 611 16560 2639 0 0 0 42 21 134 0 0 146 2 760 1896 0 133 0 92 37 179 0 0 65 124 145 0 1863 0 0 0 0 0 0 442 0 80 0 594 0 217
 163 32424 0 0 1762 11 335 3041 653 0 6 0 4509 533 0 0 430 0 0 0 211 94 13 1922 0 0 633 0 0 82 2646 0 0 29 265 597 0 0 47 206 0 0 0 0 45 2071 498 154 37 386 28 0 33 0 512 75 0 1 0 0 4945 0 114 0 0 0 2124 0 0 5 0 0 0 0 9 6004 0 79 0 0 0 0 0 0 109 531 0 762 514 0 83 0 0 0 0 0 0 180 0 0 7 0 6 10653 92 103 90 8 4147 0 8 0 534 0 0 0 14 0 0 0 26 0 0 859 0 0 0 0 5 0 1221 0 739 0 0 657 78 0 0 0 0 0 77 0 0 12 183 0 719 144
 39 1550 17 101 0 206 0 0 0 34 0 510 0 30 518 0 0 0 0 8 0 956 0 0 1059 0 7 524 0 19 0 0 0 0 108 134 0 0 185 8122 0 0 414 0 164 1139 0 417 22085 0 0 10 0 0 165 0 0 0 0 0 0 212 0 758 78 599 0 0 0 136 491 81 155 1 566 0 0 0 0 18 19 0 0 240 0 0 0 0 0 8166 0 21 0 1 23 773 0 51 201 0 0 59 2 0 77 0 129 155 921 262 28 0 0 3 551 0 0 0 0 976 0 0 242 0 0 0 72 0 0 885 17 6 0 9 0 0 6246 0 0 0 0 0 12 1 52 12 324 333 0 0
 0 0 27 0 0 1038 0 0 0 46 170 0 0 7 105 32 0 0 0 572 0 16746 2 0 0 15 830 0 0 0 0 0 0 0 911 0 0 0 152 29 90 4279 0 2805 0 0 0 0 0 0 8703 0 1805 0 1217 905 1586 6 282 0 291 85 0 0 2 129 0 0 156 0 570 0 9 0 0 306 0 48 5 17 750 209 147 0 0 0 1822 0 0 214 273 0 23 0 0 765 0 0 2 126 58 0 12 0 0 0 244 0 0 5 0 558 58 62 2839 0 0 779 0 0 0 58 0 65 0 0 28 28 54 0 1271 0 0 0 30 0 0 0 0 0 0 0 0 0 0 0 15868 0 0 0
 0 63 0 81 839 0 199 0 54 380 225 0 6717 0 26 224 127 0 0 3877 0 0 0 0 416 921 1985 185 66 0 102 141 1526 160 1538 506 1157 0 0 42 179 0 105 0 0 29 8 0 9 0 0 0 280 0 82 0 0 0 0 0 0 1327 0 336 78 50 266 0 84 0 0 0 50 0 110 2857 56 2491 721 2 0 9 0 0 0 9 0 58 0 0 103 0 68 264 0 0 0 0 0 20 228 0 0 22 0 0 6 446 2581 218 6 0 0 1 524 643 99 0 7 0 23 0 468 2493 0 0 0 10 0 17 995 72 151 19 689 0 43 0 1609 0 122 1609 0 108 183 2569 0 19 14 129
 0 0 0 0 0 0 0 982 14 387 0 0 1 284 1206 62 329 0 1951 103 24 0 82 7 5 344 0 1339 128 0 0 10 32 0 0 0 0 0 246 0 1231 80 62 96 64 2978 71 129 342 16739 0 0 0 490 0 156 0 125 80 0 0 6 0 188 0 528 71 0 0 0 0 0 0 1058 14 209 0 5821 0 1609 563 0 0 0 2473 60 1017 188 0 0 7 98 4263 0 160 0 311 300 30 395 0 20 0 0 0 259 3284 0 0 103 0 633 1376 257 156 26 0 0 0 57 1063 6 739 0 7 349 198 0 0 0 277 220 32 2286 0 0 554 481 0 0 533 189 1188 0 4 423 0 587 0 42
 25 5 0 19 31 0 0 865 0 22 0 3208 0 15 0 47 0 0 507 0 0 4852 0 0 0 2438 443 0 212 11 0 49 0 7 0 0 0 0 84 8 58 1849 175 0 0 1650 0 0 196 0 5 65 34 42 0 0 0 0 20 14 0 2100 106 0 10 1058 104 28 8 0 843 0 0 0 0 0 56 0 0 0 66 16 45 0 24 0 0 0 0 0 1036 0 765 153 8818 0 0 562 26 0 1 173 0 0 0 0 0 20 0 0 3 0 0 1626 0 0 1611 0 2417 0 0 645 277 4272 98 0 161 0 791 4 12 0 2922 0 0 0 0 0 0 0 0 0 0 0 0 4483 0 4279 787 0
 0 0 0 0 1 0 36 0 392 0 42 0 0 142 0 0 0 0 1045 0 0 54 1600 2 0 14 0 16 0 58 0 22130 59 0 0 0 388 0 0 0 131 0 0 35 9 566 0 1069 101 0 0 0 75 10487 0 0 0 0 0 0 9 0 0 611 0 0 1772 0 40 0 10 0 0 2886 0 176 0 518 0 0 27 0 199 53 0 1250 0 176 19 1918 0 0 0 0 0 22 633 73 0 4082 0 1056 0 0 103 680 1309 639 0 103 587 268 0 0 77 0 0 0 0 0 78 0 12 0 1 0 0 2971 1298 0 0 0 0 0 0 0 0 586 0 717 164 60 0 189 0 535 0 0 0 0
 0 0 0 0 14 335 0 0 0 0 0 0 1374 0 158 659 0 0 0 26 2 128 231 1 87 1190 182 0 16 224 0 0 0 2271 13219 0 51 245 762 0 993 447 8665 0 824 0 0 0 1772 2211 0 0 358 0 0 685 120 0 0 0 0 0 0 0 97 0 777 0 1073 0 55 78605 0 378 0 1914 1515 21 25 0 23 0 0 474 20 18 3784 0 0 0 7 198 0 0 0 1471 0 0 0 185 430 29 484 12 0 0 21 0 0 526 0 19 0 0 0 0 0 0 0 1013 3863 0 0 0 0 37 0 26 0 386 0 267 46 0 0 0 363 0 0 4212 0 0 0 273 67 0 0 0 0 1555
 0 0 39 12 0 206 111 0 0 130 0 0 0 0 0 0 47 99 0 0 0 0 0 33 1808 0 1466 0 562 0 691 0 54 0 0 0 220 0 14 82 216 1267 0 0 0 0 0 2 0 355 529 238 0 196 0 653 0 1526 1706 0 1807 164 0 0 43 18 3 0 0 0 0 1262 0 0 15 0 13 0 0 2 0 0 0 0 85 0 238 0 0 6841 0 0 32 39 125 273 1307 32361 1 0 91 0 0 2 1663 0 0 0 0 3 175 275 0 164 0 0 0 659 0 0 0 509 0 0 0 3602 33 60 0 0 0 262 96 0 0 0 76 677 1261 463 2166 0 0 0 0 0 36 0 0 143
 1576 0 0 44 5 27 333 0 645 956 0 0 0 0 545 0 328 0 131 0 0 72 6 994 0 0 0 0 0 1473 754 29 1928 107 48 0 2 0 403 77 676 0 676 0 0 228 1933 3789 0 237 0 0 786 2181 0 1503 0 0 18 0 40 0 525 0 0 0 0 25 0 0 0 0 0 0 24 813 78 0 0 0 297 277 7 0 0 0 21 16 9 0 178 25 888 0 0 73 192 0 536 0 0 22 572 0 0 447 15 9092 0 92 2757 0 0 0 0 0 697 7 3 0 1961 0 0 0 0 276 153 417 2463 32 520 454 24 117 210 18 0 3 0 0 0 0 269 5 0 19 48 0 0 0
 0 7 0 0 10 0 257 0 18 0 0 0 21 0 430 0 457 0 0 0 0 0 0 702 18180 18 21 0 0 0 0 0 0 0 0 0 0 19 102 0 0 0 0 2403 0 0 0 410 0 2725 0 599 678 916 6 0 53 301 346 159 0 0 0 0 563 64 1 0 2091 0 1641 0 11 0 0 0 0 15 0 0 70 0 811 3 0 26 830 0 0 2 50 0 0 419 26917 120 6521 0 0 15 0 1573 221 14486 0 0 16 0 0 0 0 0 0 0 16 26 0 0 0 1038 0 0 12 154 491 0 0 1548 1609 0 0 2408 1000 781 0 4137 14523 0 0 0 0 0 251 0 0 41 0 5 40 293
 378 0 1111 0 585 0 17 2 1 0 185 0 196 56 0 0 0 0 14 0 0 0 0 0 50 5 5298 28586 21 60 0 84 620 0 0 0 2538 0 2870 0 13 0 0 0 0 227 15 0 2786 0 7 5 39 0 0 0 0 0 76 0 0 26 673 894 0 0 2811 2136 0 291 0 0 0 0 10 0 200 32861 498 353 246 1 0 96 14 0 295 0 661 0 1801 0 507 367 26 0 0 7 0 292 198 0 0 8 6 0 0 7 0 0 1737 65 0 0 0 0 0 7538 13 0 0 7 24 117 162 0 56 0 71 0 0 0 0 1430 0 140 0 0 0 0 538 0 0 0 3861 2 0 9 23 61
 0 0 30 108 0 0 586 0 99 0 102 167 0 5 74 0 0 0 0 0 0 0 1 0 0 6 260 0 63 76 0 0 995 21 164 0 10 0 0 0 9 743 0 0 800 0 0 636 0 3194 2 0 637 0 263 0 0 1716 52 296 1554 44 32410 430 0 396 14 0 0 664 0 0 726 0 1 0 0 13 0 0 166 198 58 0 0 1795 277 0 0 0 396 0 0 0 0 0 0 0 75 0 0 1067 14 2287 0 0 4 22 0 0 300 1726 8 113 0 0 0 0 0 1 808 51 0 0 14 0 0 0 1822 240 33 0 462 0 0 0 66 0 530 174 0 200 0 1144 4127 323 0 0 0 0
 284 0 35 0 701 1 0 0 37 864 291 321 0 0 0 0 0 8423 0 0 0 0 18 0 0 0 38 0 0 0 218 0 0 224 869 0 130 0 0 18 113 0 0 148 1928 9 64 0 289 0 516 0 500 32 0 153 169 0 1366 0 0 0 36 166 0 2 30 0 0 0 0 0 0 201 0 968 0 0 0 89 1174 35 365 0 0 691 0 0 0 0 713 212 538 8 0 400 0 64 6 0 354 0 10 254 0 771 84 0 19 0 0 0 245 0 0 4 1432 0 395 82 0 180 0 660 638 0 0 0 0 261 0 80 0 0 0 3149 0 73 0 38 0 0 0 0 0 116 798 142 0 112
 0 0 4970 210 0 0 28 16 20 2483 0 0 358 600 0 0 0 0 454 0 86 247 0 0 0 44 693 1069 493 0 4 190 1 0 0 0 846 613 0 0 0 79 0 9 0 0 0 0 0 0 1056 20 13 0 0 0 1 0 0 0 0 820 0 38 0 57 17 7004 6 371 1185 0 5 646 5 0 0 23 5096 0 231 0 237 211 0 582 0 264 0 0 0 0 4 0 370 24 0 103 2364 168 7456 0 3 0 0 0 264 0 0 0 0 0 450 33 0 805 88 13 430 0 0 0 0 64 0 0 22 207 1883 1 13 0 0 0 12 192 0 29 419 140 367 1296 0 10 604 299 46 0 0 0
 7 381 0 16563 1279 0 36 0 0 1043 197 1614 0 1 578 578 0 0 0 326 0 0 53 314 0 0 148 0 804 0 1 0 96 0 0 0 11 0 976 0 909 1 0 0 3823 0 8 111 0 84 0 0 0 49 345 1 1 0 634 17696 0 0 8378 48 0 0 0 1012 82 0 277 0 0 0 0 11144 0 6890 389 0 0 0 0 0 0 18 0 2528 0 3 0 0 427 0 0 0 0 0 76 424 209 0 0 0 0 0 0 289 0 0 83 1322 0 0 0 0 51 1447 0 481 0 0 2100 0 0 46 9 462 9 102 67 0 289 14 152 0 0 238 0 4 31 112 0 0 0 110 0 0 4 0
 878 0 390 113 0 0 7031 27 385 31 0 705 0 0 0 1124 2581 9 0 0 0 3542 0 751 0 0 650 17 8018 617 0 3143 0 0 6 726 0 7034 0 0 0 106 654 0 970 0 0 1701 0 0 12 5 0 9 16284 0 0 0 0 0 0 8 19 0 4230 1087 0 0 1838 959 413 0 0 0 102 67 17 153 144 0 0 108 0 36 0 0 7 0 2428 0 0 0 28 550 16312 116 81 0 0 2760 0 0 0 0 0 13 0 0 0 587 0 68 0 0 0 0 0 0 2862 0 0 258 0 0 0 0 90 0 8292 685 0 0 1100 889 1125 0 0 0 1068 0 0 1136 0 0 0 0 0 1193 664 38
 3478 0 1 55 848 0 0 12 384 0 298 0 0 0 1478 910 0 965 0 95 12 0 0 0 200 469 0 0 0 0 20 0 0 2793 0 38 0 553 0 0 7 952 0 237 5821 0 0 0 0 0 0 0 0 2538 0 20 901 235 293 0 0 45 7571 0 76 0 0 2 0 0 0 0 23 122 0 86 850 1599 1838 66 0 16730 991 0 0 49 0 865 0 0 0 723 108 0 0 0 0 0 108 0 539 0 891 0 0 26 992 14 0 57 0 14420 0 0 0 117 0 8 0 0 32 213 0 357 9 819 0 1707 1 0 0 0 0 0 383 168 7 0 12 761 0 0 0 0 44 7279 0 0 619 0
 0 0 0 1 0 0 783 0 0 685 0 39 0 106 53 5 0 0 0 0 20 84 0 484 0 699 716 0 3 0 241 215 790 0 552 0 0 0 0 0 6 0 3416 400 859 98 263 542 0 39 0 175 1598 0 452 717 0 0 0 0 0 1378 0 334 0 625 0 38 11 0 0 6 795 408 271 0 0 0 0 0 0 5 0 1382 383 309 0 15 0 4206 0 120 1855 0 0 0 49 0 17 2481 0 0 12 0 160 0 0 52 1 96 0 195 44 0 234 201 652 47 0 0 0 0 720 13692 0 17 0 0 2068 117 3 0 0 0 267 0 22 3 7 0 0 159 427 645 853 3 0 0 0 0
 93 28 0 0 11 0 249 2567 0 0 0 4 0 167 100 109 0 0 9 0 3149 0 0 18 0 0 2570 0 0 678 127 0 102 4278 0 1815 3831 223 16 257 0 500 0 0 0 0 0 604 525 67 0 160 895 0 0 0 0 0 212 1076 102 0 695 0 0 1138 0 1 514 0 14 55 22090 72 0 45 0 0 0 588 0 2113 0 24 1097 1645 655 971 210 0 0 2551 19 0 6521 725 0 0 0 1323 0 1209 32 202 0 75 0 0 109 37 0 65 0 76 0 599 0 0 1912 0 0 22 0 371 0 0 123 45 0 632 456 1771 30 0 0 0 0 58 6 0 37 505 1 237 0 8 477 0 0 1906
 53 382 0 54 0 0 6 19 0 0 0 138 0 0 3918 12 0 1 0 2954 0 9 0 1 168 0 0 3 192 2297 0 1105 0 0 0 0 596 0 0 0 0 11 0 6244 0 0 0 26 0 0 0 659 26 0 27 0 659 0 253 6 210 90 14 730 0 0 10 0 0 36 0 512 447 0 212 3203 104 0 36 24 0 0 0 0 25 0 0 1817 0 110 0 0 26 136 2746 0 0 0 0 0 0 0 0 0 0 3 385 0 0 47 0 3 0 0 1980 366 0 101 490 0 0 39 427 901 0 1 762 158 0 407 27 0 0 1 20 0 347 0 0 0 0 0 207 0 8 91 201 114 277 0
 0 0 12 0 0 0 6602 15 0 28 0 0 0 0 0 0 0 1575 885 383 0 245 0 292 286 0 0 3 7410 0 25 0 5 9 762 0 0 0 0 0 2655 0 7653 0 91 19 31 174 25 0 594 0 0 0 28 93 472 0 2581 0 0 0 0 0 0 329 11 0 0 256 5813 0 297 70 2066 27 1368 432 0 0 0 0 0 717 0 1128 0 0 0 51 137 0 2148 0 0 96 16533 0 0 0 1726 123 0 1247 0 0 0 721 83 0 0 0 91 0 0 0 0 0 0 0 0 1121 0 0 160 0 828 0 1572 0 0 0 0 0 0 846 8 0 2 346 0 0 0 0 0 3 0 0 8 1366
 2298 213 386 0 82 804 0 0 0 342 1192 403 2537 0 0 47 0 3132 106 2108 8 14 1936 16 876 6 0 1496 824 0 0 1135 0 15 3447 82 0 0 37 48 0 0 0 0 0 0 877 0 84 0 798 0 0 0 16 157 0 12 302 26 608 66 82 1533 0 2082 0 0 0 0 0 0 2275 6 14 0 541 0 0 255 0 33623 0 0 0 296 5751 0 0 0 0 136 210 0 0 122 162 0 963 49 0 0 5 35 0 490 2168 16 12 144 1857 0 0 0 21 34 0 0 0 0 0 80 3657 0 267 912 76 1 0 6 0 0 78535 166 10 955 0 538 0 1464 0 0 0 0 15 99 23 0 10 0
 522 0 0 2216 61 1970 0 82 0 447 94 0 2575 137 35 1355 0 1262 794 0 0 0 0 0 0 0 0 0 0 1884 167 77 0 0 0 498 84 252 115 0 0 9 0 586 0 270 586 793 0 0 174 1597 0 5796 0 3 0 0 0 0 0 0 0 0 196 0 410 121 0 0 50 301 0 6204 334 1836 0 365 0 110 0 0 0 0 0 0 124 13 603 168 27 358 254 133 342 0 0 16754 0 0 0 639 0 50 28 14 0 143 0 0 0 232 0 0 137 0 146 0 0 0 0 0 11 0 0 0 5032 22090 0 230 0 0 390 0 0 0 100 830 0 575 934 427 0 44 533 515 0 0 411 62
 486 0 119 0 0 0 596 0 0 449 5 0 0 121 581 256 38 99 1935 1702 0 419 159 0 201 7 2468 0 245 0 0 1945 0 1066 3113 385 0 4458 224 1609 1283 14 0 137 803 620 0 0 733 0 2 0 63 0 5304 877 226 0 37 0 0 0 0 0 0 0 0 500 0 0 1890 0 0 269 0 701 0 0 415 281 0 0 0 8 125 535 0 0 637 10 412 52 1098 110 0 0 0 1436 0 1346 0 49 0 0 0 0 537 0 0 0 0 51 462 867 564 0 386 0 0 0 0 0 29 739 0 27 0 0 2065 0 0 0 0 0 93 0 0 1571 0 0 638 11153 0 1724 26 0 410 0 465 460
 0 0 0 0 0 0 0 256 0 3385 0 0 0 0 0 0 229 0 0 4 0 0 0 0 0 121 22 54 0 7016 134 12 0 81 34 0 0 0 11 438 0 416 0 0 0 5 55 157 1915 88 0 653 0 59 0 0 0 5274 0 10533 177 483 0 102 0 0 387 78 0 11 3308 0 0 813 0 0 53 55 1338 1481 0 5 136 326 0 0 0 194 0 22 0 430 0 367 0 0 0 457 271 0 0 0 0 0 0 2307 5251 1499 0 337 7 0 0 53 9 0 50 27 9 0 0 212 576 36 0 0 0 0 0 0 0 163 16 0 860 0 0 0 0 0 97 44 105 91 3201 0 16 185 151 748
 11 211 1 0 985 0 27 0 32 0 33 0 1896 0 0 0 0 10 0 291 14 0 0 87 206 11 0 33 259 7 1000 1473 0 158 2 0 624 0 0 24 0 0 0 0 2550 0 0 16 180 0 0 0 0 0 155 2639 0 309 44 0 212 113 0 242 0 0 8776 1730 653 167 0 2555 0 0 0 0 0 5 155 169 0 212 0 0 0 171 0 20 569 434 11 7 0 0 48 0 27 0 0 0 195 420 0 73 0 1 0 0 0 907 267 575 0 753 345 0 277 0 1609 153 0 0 0 0 3891 1721 0 723 0 1805 0 101 0 0 0 0 102 21 0 58 0 12 1 209 0 92 91 8 2 985
 0 0 7571 0 0 43 38 0 0 9 0 238 0 47 24 0 0 0 0 0 0 0 0 96 0 0 0 1982 0 10 0 0 6811 137 0 6214 0 0 22 15594 0 23 0 0 653 0 899 36 1900 0 0 466 0 0 0 0 0 484 0 0 0 0 211 206 294 0 0 0 0 0 1769 37 21 1 0 0 661 59 27 0 213 18 0 0 0 0 63 283 0 7657 0 0 0 0 0 0 1 0 457 0 0 25 156 15 0 1762 19086 0 0 0 503 525 0 15 25 0 8 0 299 17 0 458 69 416 0 9 3 0 0 0 621 270 0 8 1089 436 0 0 9 993 124 0 0 140 27 1609 5 96 0 0
 133 8 0 487 0 122 656 151 131 0 213 0 0 2323 15 0 58 0 0 57 0 0 112 0 1367 0 8428 0 0 0 0 2 0 0 877 1249 0 0 0 0 0 620 0 53 2911 1037 0 1952 2 0 415 21 0 11 82 0 2047 0 207 0 2 212 34 127 383 42 0 728 55 0 126 0 36 0 36 0 67 0 2 0 0 0 0 0 1910 0 1722 0 1595 59 377 0 126 536 0 0 82 0 0 0 2527 0 0 3035 767 98 48 42 0 0 406 5 0 0 103 281 2099 419 414 0 0 54 1172 0 2 0 164 31 0 0 22 743 2917 1532 726 300 383 3 0 311 0 0 0 0 4165 0 0 93 0 9
 89 1185 124 2 1 0 1052 10 7 0 0 8 1 0 0 31 0 0 0 105 0 52 0 82 0 232 104 176 5543 0 10 0 146 1816 0 169 1008 490 0 65 779 0 112 0 0 270 0 6855 4 13320 254 0 121 28 0 0 0 0 8432 0 14 0 0 85 85 0 0 4 0 8 0 370 0 16000 4243 0 407 0 0 74 0 748 989 17 0 146 587 54 9 0 0 0 0 3 88 0 24 0 139 0 0 82 642 0 8 341 0 124 263 0 1259 38 0 0 3 0 3 124 0 839 1816 644 0 0 661 0 6 0 0 3 236 116 38 0 75 0 4685 0 162 0 0 0 2286 0 1014 0 0 0 37 76
 0 971 0 96 0 0 408 0 0 0 0 0 0 17 96 0 995 0 86 0 405 52 7 0 665 1951 0 0 1349 0 0 0 4 0 56 56 0 0 0 39 444 0 611 0 0 3307 0 156 0 0 1040 386 317 0 0 0 684 28 0 261 0 1199 0 683 0 543 4 0 2766 114 55 28 59 0 0 162 21 9 0 175 0 1706 130 333 0 0 991 0 0 3 0 0 81 0 34 0 91 0 0 0 15 0 0 0 0 213 25 0 0 0 1064 969 921 0 0 0 443 9 0 32204 0 10846 290 0 0 0 0 0 5 378 0 30 2024 1469 0 0 0 0 206 507 371 414 0 0 0 23 0 0 747 4228
 274 0 94 0 0 0 0 143 0 320 3143 0 14 0 0 1 5 0 70 0 0 182 23 353 3194 0 0 1910 0 0 0 0 300 776 0 0 600 0 3271 0 0 0 231 62 0 0 1590 0 0 2 0 41 6207 0 973 8352 0 151 73 16 0 0 0 2 0 0 276 0 390 0 0 380 1350 1408 0 236 28 0 42 8 0 557 303 129 24 2008 155 0 0 0 0 0 1 0 0 0 0 10 2 279 0 157 0 0 167 32 130 632 822 8 0 0 0 0 484 0 0 16471 102 0 0 1217 31 404 1 0 0 71 0 0 68 0 1553 0 121 0 0 8 2919 0 3 0 13 321 170 239 36 0 0 0
 31 0 1056 557 0 0 197 0 0 0 0 239 90 0 0 23 0 0 0 0 1 342 0 0 0 0 0 151 10979 269 23 0 0 0 0 1816 0 0 0 2 419 0 0 0 1 728 257 24 8 135 134 31 0 1994 0 0 0 0 2852 14 850 919 0 493 19 292 982 33 1100 13 0 0 0 0 14697 0 0 263 0 158 535 0 0 228 783 61 0 0 238 0 156 1997 0 0 0 0 0 8 26899 0 0 0 22 0 0 144 0 0 0 0 159 0 24 0 0 0 1838 5 354 0 0 1564 756 0 0 0 0 198 483 620 0 0 564 147 0 658 2537 392 0 0 0 0 0 0 0 0 48 2390 0 0
 0 2970 24 43 1098 0 0 0 189 0 6 0 1212 0 33552 57 0 0 21 1981 75 466 0 23 0 744 0 205 0 209 16572 0 0 515 0 0 0 163 0 301 0 1345 242 11168 0 0 0 46 350 0 107 0 0 0 285 56 148 69 5 0 0 0 0 46 0 0 0 0 0 150 0 0 8 1590 0 52 0 0 17662 0 0 0 0 0 6428 27 14 1735 1 0 0 219 32 0 0 0 0 3801 104 0 0 615 0 19 26 7 0 117 21 0 22 0 0 0 130 42 0 31 558 0 7 611 3411 0 0 0 16 42 0 1425 0 0 142 884 0 533 0 0 0 0 239 1 149 250 0 0 3 0 0 46
 164 238 98 0 0 0 0 0 0 0 6 0 0 0 0 812 44 0 620 0 226 0 0 0 325 0 84 2723 0 0 8 0 0 0 0 3 0 8 0 0 0 0 0 0 2470 0 0 6 0 235 0 352 46 33 0 0 20 0 0 0 0 0 677 0 0 1338 968 0 0 73 368 0 0 0 0 130 3 766 0 0 0 0 5 0 10630 871 0 3 0 0 0 0 0 966 0 182 37 4 18 45 323 612 24 7 645 0 3250 0 716 0 134 704 0 42 197 0 0 0 0 526 199 0 192 59 0 0 146 0 248 181 0 12 0 0 431 0 353 0 0 0 0 0 91 282 3 0 856 38 39 659
 0 0 0 0 280 2130 342 0 27 0 0 0 0 0 0 91 0 0 0 0 0 0 128 21 0 278 0 81 53 14 11 324 0 3 0 0 578 0 0 0 0 0 0 50 355 0 0 1546 23 5404 0 0 3845 0 137 16568 0 392 1059 47 0 0 0 0 765 823 0 13 0 138 1055 2526 71 189 1020 0 1951 409 0 0 615 8 3459 17 0 0 34 0 0 695 0 0 0 0 532 1759 100 646 388 2 0 9 37 0 0 0 144 1493 1457 0 683 0 0 468 792 575 534 251 2440 251 0 25 0 589 20 0 0 0 0 0 209 154 0 0 75 2717 0 460 0 4 81 1192 0 32 0 0 187 1756 40 0
 0 0 4 0 443 0 0 968 14 0 439 0 11 0 124 628 577 0 220 0 0 0 0 0 0 0 28 416 0 223 572 0 0 536 2117 59 31 14 0 1 6 3 0 31 0 0 3914 0 0 5 0 1871 276 0 515 0 23 59 121 5 0 386 0 0 0 84 54 0 1867 114 49 5 0 528 0 0 0 0 0 0 0 78 7 2796 0 648 188 23 29 0 2504 0 0 1 0 200 0 16545 0 0 110 0 0 14 0 50 369 1293 0 0 0 4 311 0 821 0 0 23 0 0 0 189 129 0 0 1 0 0 218 0 242 67 11 12 0 10 0 1909 1056 30 0 0 0 3 75 0 0 4 0 161
 1027 131 0 0 0 49 318 0 614 34 0 771 0 0 0 0 1819 2033 0 117 0 0 30 2 0 0 0 0 39 0 1423 40 3238 6395 0 0 0 0 5 39 273 0 0 0 14201 0 0 46 444 0 14 0 0 0 0 0 2438 0 0 0 0 8 0 0 0 0 68 0 0 0 0 0 2717 633 0 0 104 355 15883 0 0 0 80 0 84 0 63 24 450 0 41 0 0 0 1854 5 0 448 0 27 0 184 231 20828 0 0 634 226 298 25 0 886 0 0 635 0 9 0 0 0 2 0 0 0 0 0 0 0 59 35 0 0 2728 4 0 0 0 0 8852 0 7 365 36 90 0 87 29 0 0 0
 0 0 3044 0 0 0 0 524 128 7571 0 240 0 23 0 8087 11 27 0 714 55 0 1684 0 0 8 4986 0 0 0 2 0 0 0 1240 9 0 652 0 677 0 0 2926 0 0 0 27 0 96 0 355 164 0 1072 0 779 648 0 0 0 5 0 0 0 477 0 0 665 0 0 18 81 0 0 23 59 0 40 156 0 0 305 0 0 0 0 0 0 0 425 0 134 0 10 350 0 0 0 0 0 501 0 122 217 3 0 29 0 52 0 0 153 0 0 0 696 27 0 39 0 0 47 0 45 777 0 0 996 0 185 248 5273 206 695 0 0 144 462 0 0 0 0 1237 2744 46 839 0 0 0 117
 0 0 0 5 0 696 0 423 4617 0 180 0 0 0 5 0 0 238 0 0 0 78 0 0 0 0 0 0 10 6 298 0 0 0 1368 2974 26 0 49 321 1998 1425 0 0 0 44 1611 0 0 0 1358 15 9 0 0 0 0 0 2 0 0 50 0 547 103 1364 0 0 0 330 0 0 0 19 2872 61 293 0 0 0 0 1 762 0 4 0 1500 0 17 0 0 15671 57 174 0 0 0 1349 0 0 0 0 0 0 35 40 5447 0 32 0 246 0 0 0 74 2634 0 14 0 0 1002 0 0 0 106 0 0 54 0 27 716 115 0 0 1 0 194 22154 0 0 0 0 4 154 0 0 0 0 82 8
 8365 0 131 1957 0 2234 0 15468 0 0 0 155 0 267 2073 416 1119 0 0 0 4 0 0 0 18 154 0 7656 0 0 0 965 341 121 940 49 0 629 0 32416 518 0 0 515 5688 0 1827 0 144 2 10893 0 19 1008 0 2862 30 0 102 0 299 0 14 198 1 3052 192 0 0 0 0 26 699 0 0 0 2639 2 0 0 6 587 16 0 0 76 198 0 0 5 205 59 0 0 63 544 74 0 144 0 0 0 308 0 47 28 0 0 0 11 594 1031 0 230 0 990 14 0 0 77 0 0 1468 0 59 0 26 0 397 399 196 1049 0 242 0 0 0 0 18 2266 0 0 0 16538 99 12 522 0 0 269
 0 0 541 0 630 0 0 7 0 113 36 2715 0 0 0 0 0 1003 15 0 0 0 38 0 57 0 36 0 0 0 959 0 11 0 0 0 4230 0 170 0 345 0 754 11 0 69 0 32377 0 0 589 158 0 7 170 696 0 533 0 129 0 0 231 0 0 156 0 0 23 0 0 0 0 22080 0 0 15 0 167 0 20 389 112 4 26 257 51 0 0 0 0 3 0 132 0 400 0 0 314 2281 0 0 962 0 0 2 9 0 0 166 7 0 15 0 0 0 9 210 0 0 0 38 149 126 0 0 0 0 0 0 0 233 7 196 6 43 65 0 24 0 34 0 251 0 0 0 0 0 0 0
 0 0 28 0 0 0 83 45 0 39 190 10 0 0 103 0 74 0 3 805 0 0 0 1919 674 71 0 293 0 156 0 0 5 106 0 0 0 0 37 0 16 40 0 3 0 51 0 277 0 1756 99 0 126 0 0 1375 5543 0 385 0 0 5 228 84 0 0 0 990 0 0 1 0 0 974 0 0 88 140 0 6 0 0 5132 33 0 0 0 21 162 525 158 0 19 0 0 2092 7 0 0 1593 1926 0 0 0 0 1469 0 250 0 0 0 32 0 367 883 42 0 1057 0 0 11 0 0 170 91 42 85 0 0 6864 0 735 0 2713 8 0 0 0 46 996 1586 0 0 0 32 74370 30 26 0 52
 0 2055 585 2908 0 160 0 0 0 718 0 15 0 4341 1371 0 22 185 83 20 0 138 142 0 1392 90 0 0 0 557 0 1071 1376 0 0 1440 33 0 5 399 1894 0 30 0 3670 800 0 0 20 0 0 0 18294 0 657 0 4 0 3011 0 0 0 86 683 0 102 77 0 0 0 0 0 0 14 0 0 0 0 0 1 6 0 29 0 1271 0 284 11 0 0 507 0 0 0 109 337 49 78 139 17 189 242 45 14 56 891 474 0 0 208 25 0 0 0 0 0 0 0 7413 163 0 871 0 120 6890 0 0 77 114 0 0 0 16319 0 898 0 905 0 0 0 0 177 15 2371 64 0 11 6406 0 509
 219 0 35 78 1 10 0 365 0 0 0 0 0 0 32 0 2152 0 7 9 4 0 42 0 157 0 1496 0 3 973 0 18 36 129 51 0 0 174 0 0 0 0 5 0 0 2071 0 2256 0 0 62 0 235 11 0 230 26 813 0 0 0 0 90 56 0 5 0 456 0 252 114 4221 116 2 0 264 0 3 8 18 0 1468 0 0 0 51 148 53 662 3 2812 0 0 0 185 150 60 208 19 0 0 0 0 0 0 0 9 0 145 0 0 0 44 2 0 0 549 0 0 167 0 0 0 0 0 0 0 0 612 877 0 8 176 0 0 0 0 6653 0 248 49 0 12 0 44 186 11 356 0 629
 910 0 61 2623 750 15 2039 0 0 123 0 0 387 278 285 0 284 0 0 0 88 0 0 0 0 0 0 682 0 51 0 490 0 0 0 0 117 0 36 0 138 0 0 463 0 0 0 33624 0 0 12 74 0 0 4 0 0 483 56 2564 0 2853 31 3870 0 19 151 649 0 766 3 1 276 0 0 517 0 48 69 41 0 0 0 0 6 0 0 0 0 0 0 0 0 0 0 47 73 0 0 1188 1541 0 0 108 68 0 91 0 24 9 0 0 0 0 0 0 0 814 2168 5 58 0 0 16473 11 112 0 0 0 813 0 247 0 334 0 0 20 0 0 380 0 0 0 45 0 0 0 0 226 97
 3 0 33624 0 507 1508 0 79 687 0 1451 2223 648 0 78 7 179 142 0 317 489 2436 24 0 760 0 9 0 0 18 49 75 0 0 356 0 382 380 0 1181 8367 64 4 0 0 0 446 646 0 0 263 131 333 1186 0 850 15 251 0 7 1571 0 0 0 0 0 0 0 0 0 28 137 0 11 0 14 0 0 187 0 4457 0 0 0 90 0 2 0 149 1800 0 0 0 47 0 0 0 0 571 0 31 2907 0 14 154 358 2168 29 0 0 0 0 0 87 1949 18383 993 0 251 0 0 457 274 0 6489 0 0 68 0 51 0 0 1048 203 0 0 25 59 0 1824 0 148 0 0 219 65 0 0 0 141
 34 1914 0 0 0 0 0 0 0 447 451 756 0 0 3 0 232 0 149 0 1536 0 0 1701 43 0 197 2228 15580 1241 0 15 0 0 246 0 75 994 0 0 47 0 0 21 2717 0 5483 284 64 371 1071 0 2356 0 18 561 33 116 64 0 4 267 0 0 0 0 0 12 0 155 847 0 38 0 0 10 182 82 31 154 0 0 663 140 87 0 473 45 147 0 0 0 0 124 0 648 1107 256 200 21 0 47 0 0 877 0 0 0 32 0 277 2934 0 0 0 0 53 0 211 204 0 0 15 0 0 292 0 0 0 412 0 1345 8 0 318 731 0 49 0 2346 1883 73 0 0 0 0 0 479 0 0
 0 0 3 9 1604 0 13 34 859 0 335 0 0 9 0 0 0 0 0 320 147 0 292 0 0 0 42 0 49 0 0 0 1056 0 9 0 29 16521 0 0 141 0 391 0 46 0 0 73 1784 0 0 176 0 8 1339 0 3129 140 0 6 0 1 1943 66 0 0 0 0 549 13 355 0 0 392 0 0 0 0 0 3 2 0 72 0 781 161 46 11 0 564 408 0 1551 0 20 0 298 12 0 78 21758 58 9 0 67 0 0 3016 680 0 1068 0 2570 396 9 0 21 683 34 254 22 104 85 0 1166 0 0 10527 171 23 0 26 2637 223 0 0 0 22154 0 59 123 0 1491 0 0 0 0 6521 0 1708
 7 3 734 49 0 431 0 612 0 204 0 32 40 0 185 44 10 223 0 167 391 8094 0 1397 0 0 0 592 0 0 0 3144 0 0 798 0 9 706 99 512 0 0 380 8769 0 0 0 0 15925 0 440 584 1058 0 0 0 0 0 0 507 30 0 223 3 1784 78250 0 0 0 102 0 388 0 0 81 317 45 12 0 0 0 0 624 0 0 0 33485 13259 0 128 0 13 87 7 99 0 1389 107 8422 45 127 0 0 0 0 0 0 0 0 15080 0 0 0 0 0 0 56 0 12 8665 0 8736 0 77 14487 0 0 1454 201 1832 0 15 0 0 83 0 0 0 0 0 0 0 10 0 52 1840 2476 16544 1192 384
 0 380 0 0 126 0 0 98 76 8359 12 0 0 685 0 15 0 0 229 0 29 131 14 26 0 0 0 0 0 1128 0 0 1571 0 8 0 419 0 0 0 0 0 0 0 0 0 0 654 70 699 65 7 0 0 4 0 0 0 0 184 2089 0 0 24 0 529 0 39 0 0 210 1840 368 0 2073 0 0 0 248 0 179 10 0 145 511 0 283 1696 0 305 0 0 0 0 53 32 0 0 0 683 5821 25 0 0 0 0 0 170 14 576 81 0 0 18 68 170 0 0 0 0 0 0 0 0 0 23 0 1320 9 0 479 2 1610 0 0 0 0 38 0 11 0 0 0 38 0 0 31 0 58 410
 0 5407 0 0 0 0 0 1129 0 1149 611 11087 154 108 0 0 0 2857 0 4288 0 0 3143 0 208 82 189 810 199 0 0 199 25 2920 225 39 0 70 0 785 0 0 0 322 54 0 4 1010 0 390 7 0 0 0 1847 90 6 113 20 488 4152 0 0 138 43 0 26 0 0 13 19 0 0 0 30 0 436 0 0 6352 315 792 0 7 64 112 0 64 4 0 27 29 0 3 1147 0 432 0 2440 200 50 0 0 838 813 9 0 0 0 0 0 620 0 0 236 0 0 0 500 30 0 0 859 0 0 0 0 384 0 1539 0 0 0 24 0 0 11 0 0 0 0 0 0 3 5 39 0 7 0 0
 653 0 0 0 0 0 340 0 0 0 1696 0 4514 87 0 0 0 0 0 215 7617 0 39 0 517 0 0 0 1008 0 597 0 0 0 0 0 192 3 73 37 1612 0 0 0 0 0 3845 0 0 0 34 0 0 0 0 102 0 0 0 44 50 644 0 0 247 64 22154 4 1 6 0 1362 12 0 0 0 0 185 0 0 459 0 0 0 0 690 12 2159 3112 93 0 0 0 0 688 116 2383 10 0 0 0 13905 173 0 0 0 502 0 0 0 0 863 0 443 423 0 810 6191 198 0 0 0 0 103 12637 41 0 523 0 826 0 0 0 0 464 275 189 123 0 0 0 0 0 0 0 5 3808 0 135 0
 0 0 17 0 136 0 0 792 0 1812 0 0 37 0 448 15 0 0 0 0 0 0 27 0 0 0 0 0 2938 26 0 0 170 0 0 731 0 212 0 0 0 851 88 0 0 0 54 0 11017 0 0 794 894 0 150 5 0 0 0 26 0 50 1001 491 0 0 138 0 0 0 0 0 1 0 0 0 377 0 98 0 0 14719 24 11 381 0 49 0 0 0 19 0 0 0 548 0 0 0 0 0 254 0 7 0 1236 37 0 0 49 30 0 0 46 0 14 0 0 6 0 0 610 0 0 237 0 248 0 0 2465 0 269 20 0 0 0 38 5 53 5273 53 0 48 322 546 557 86 9 0 34 99
 23 0 0 0 0 0 54 0 252 0 199 29 0 31 1 10644 71 19 0 139 111 99 0 33 0 89 3237 0 0 1589 0 0 0 0 78530 17415 0 0 0 0 179 0 0 633 1897 0 179 1343 0 1759 80 0 992 6154 116 0 490 0 0 100 0 4 261 0 390 0 0 28 0 0 125 0 0 3 44 79 11 0 968 0 0 0 0 22 0 2909 0 3 0 885 0 289 4 698 381 31115 0 32 11173 0 0 1 0 0 0 29 0 0 15 0 0 0 0 0 19 0 0 0 190 1399 2 0 0 0 0 0 0 0 0 0 308 0 186 12 423 68 33 1839 0 0 0 58 0 0 10486 0 0 0 1183 217
 485 160 0 33 0 152 0 117 295 7 0 0 96 2944 1349 0 0 3012 0 0 0 287 782 0 158 0 102 0 0 0 53 0 0 0 7562 269 7 71 871 0 63 0 493 0 0 0 134 99 664 0 0 246 6419 78 0 15 18 0 139 5 0 0 137 166 1183 0 368 0 7 557 0 505 0 196 0 517 0 967 0 0 2 0 1467 328 0 0 0 0 0 1100 0 0 0 2044 2 0 0 2137 82 0 0 0 30 0 6 0 6270 0 2864 92 0 0 6717 3 0 0 0 0 0 0 0 3 3069 19071 0 911 585 5 0 0 876 0 0 16535 0 0 0 13 0 1 107 3535 227 0 0 0 0 11127 538 0
 0 21 0 242 0 148 0 16531 13 0 0 638 119 0 0 1936 617 521 63 357 59 23 9 1261 0 0 279 0 0 0 16575 3294 3285 0 0 5 98 72 0 0 365 6026 0 0 59 0 0 0 0 0 38 25 0 68 44 19 5 0 0 3 0 0 0 86 0 0 3135 0 0 683 1312 2717 2114 17 0 0 0 0 0 122 0 5 69 0 650 15 149 125 234 0 21 0 0 462 0 726 141 465 64 776 0 0 0 0 238 8770 0 106 0 0 115 63 491 98 209 0 0 0 0 0 0 1045 0 1593 35 52 0 0 0 7 0 207 40 0 0 0 138 0 1030 0 0 0 7 0 799 18 0 2217 0 0
 0 215 387 5 4 0 745 293 32 224 257 0 0 0 0 0 54 841 0 0 0 453 1232 0 5 41 437 0 0 0 8 1381 0 502 0 291 0 0 0 13305 0 0 30 0 2928 28 179 0 0 0 200 0 5 86 518 0 396 0 0 0 0 0 635 0 0 3022 157 0 149 0 1 1047 1468 0 0 1048 0 0 72 1840 0 3472 0 0 0 513 0 854 0 491 0 0 0 1181 0 0 521 0 0 0 26 20 99 0 0 0 22020 215 87 0 0 278 809 0 0 0 0 198 0 38 27 0 0 0 79 43 0 238 49 0 0 0 0 80 20 83 0 0 0 0 362 0 182 0 4 0 1468 0 0 0
 1778 0 8156 24 19 0 0 0 1 0 0 0 0 4 0 0 682 8256 1008 2 0 0 6 0 115 126 0 282 48 366 171 0 0 0 137 0 0 0 562 0 0 20 0 0 0 22 611 8 0 0 0 0 52 0 21 303 15 0 0 0 2127 181 0 0 280 0 0 28 0 0 0 282 116 0 0 0 0 0 0 0 874 789 331 0 0 509 0 0 0 42 20 298 38 0 117 0 17 0 0 11 3521 377 0 6 342 43 0 430 0 0 0 0 618 784 611 0 0 0 0 0 274 19 0 0 0 0 0 0 143 80 0 0 84 0 0 0 85 14 0 0 135 18 40 0 0 0 0 314 0 0
 390 266 9 0 0 0 0 0 377 51 0 0 0 19 0 0 0 1 623 761 0 526 450 0 82 0 92 0 15 41 0 0 0 0 0 0 337 0 49 0 0 0 184 0 0 7666 0 83 0 2 0 54 787 0 223 319 8170 0 0 27 0 52 80 0 28 0 0 707 3600 0 0 0 38 0 0 0 0 0 0 14 46 0 0 89 0 92 125 25 25 0 46 205 4 0 0 844 1123 7787 0 269 664 0 0 158 3 0 0 694 14669 2 0 20 58 0 0 66 812 0 155 0 38 0 0 0 0 248 0 0 0 424 0 0 405 0 68 0 4 4515 0 452 10 0 0 520 0 0 0 94 9 0
 46 417 21 139 0 468 35 0 83 102 0 116 201 16479 0 13 32 0 4 0 0 168 185 3 967 22131 0 0 44 0 0 0 0 623 0 0 0 0 0 17 0 1309 0 1 0 28 0 4924 0 0 0 5264 0 127 0 0 0 0 576 0 580 0 0 7028 69 663 0 0 0 0 16 813 0 39 0 0 269 0 16 0 6170 0 125 0 9 0 638 0 0 732 58 1110 0 70 0 43 63 356 0 1041 2522 0 426 0 0 0 0 558 51 59 294 68 0 105 0 1701 0 0 0 32 0 0 829 0 0 2911 807 0 542 1 8 0 73 33 9093 591 925 180 0 485 2883 0 59 0 1 0 0 0 0 4
 0 0 0 709 47 0 0 0 0 105 0 813 1296 0 0 104 0 0 678 847 0 0 0 259 0 0 23 0 1 0 429 0 22 0 0 0 0 36 2632 1586 263 0 0 32 1387 0 1 0 0 3 210 0 0 5 1855 122 43 284 157 5 33 523 0 0 0 137 525 0 1540 1182 1535 73 50 305 98 560 0 29 0 0 4435 0 0 808 0 0 0 0 0 0 0 707 3137 0 223 0 0 0 0 661 0 50 0 0 0 39 7 0 0 13 524 0 0 0 0 26 0 32 1013 0 572 0 113 1106 174 1836 34 0 0 0 31 0 25 0 0 10 0 0 0 0 0 1593 0 9 0 53 0 0 0 22
 340 88 1048 0 12 1824 0 0 559 813 4 0 112 0 266 0 0 0 753 0 0 26931 0 9 2 6 0 114 0 0 0 3 0 0 0 416 0 0 83 3153 7 71 683 0 0 139 0 0 4 64 12 0 0 3 173 1810 125 0 0 0 0 438 0 722 11046 168 277 0 0 574 0 310 2277 60 0 0 0 0 18 0 3 66 0 2073 517 87 49 7 222 0 4 0 0 0 0 91 0 2766 3 0 214 48 511 218 54 72 0 19 0 226 0 0 0 0 0 0 0 0 0 0 0 17 0 0 4 1206 0 245 0 0 0 0 0 603 196 6 115 17 0 8 0 273 156 0 6 54 198 0 403 81
 0 109 0 0 0 83 0 52 0 0 554 1775 14 33 0 0 0 5 0 0 0 0 0 170 0 0 23 28 227 0 0 0 3852 0 0 0 0 363 0 1187 0 0 0 0 0 1 0 0 0 342 0 153 0 0 0 0 896 771 239 10 0 147 0 1493 0 52 0 0 3 1840 0 847 9 0 3406 37 0 1017 0 0 196 0 2569 0 1189 13 0 0 77 693 84 0 0 0 0 5263 1267 0 0 116 0 0 21 8428 0 2 0 15 0 0 0 514 0 0 20 585 0 0 0 0 96 0 1737 0 593 0 0 103 0 1320 11 0 89 6 0 0 2781 2152 0 780 111 0 71 1342 0 0 176 876 0 972
 0 47 0 0 0 6 0 0 12670 0 0 1548 0 0 309 0 0 0 0 0 0 16479 349 0 0 0 57 0 0 0 0 502 157 1200 0 0 0 44 0 0 0 7 0 0 0 0 26 0 0 4 0 0 510 0 43 0 2909 0 0 49 0 77 0 0 168 0 653 562 0 6 123 888 5396 1074 0 128 0 721 171 10 0 53 720 0 0 0 0 0 0 31 0 1912 0 0 1 0 123 0 0 0 24 0 196 0 714 0 0 30 0 0 0 0 88 0 0 0 0 0 3521 912 7 0 207 0 7666 0 0 0 0 452 2465 0 904 0 0 0 1826 0 0 16199 0 0 0 0 0 0 0 0 0 0
 167 0 0 0 0 0 55 0 0 42 0 104 10 164 533 0 0 678 166 553 0 2521 592 0 0 161 877 0 0 0 0 57 41 0 18945 198 49 0 0 0 0 0 1515 1 0 3 0 650 414 382 0 0 4 239 0 0 224 0 0 0 0 1105 2791 0 64 1008 0 0 78 10 0 1747 84 0 828 0 59 0 4 0 0 0 11 0 0 0 0 0 621 1872 0 0 323 0 163 0 163 2 339 355 0 2179 11 0 0 0 340 0 946 0 982 0 389 18 2632 6428 12 65 7634 96 0 0 0 0 0 21 71 0 0 0 5694 0 163 18945 27 0 300 0 0 627 0 352 63 53 0 0 32424 0 0 0
 1 1928 52 33 0 127 376 0 46 0 13 0 793 131 0 0 0 0 0 5 41 0 13 15469 0 226 0 46 490 22 0 98 0 0 269 0 0 0 0 0 0 2296 0 0 0 0 247 73 76 310 0 263 1306 316 2636 0 0 0 0 0 0 0 301 19 0 644 153 2857 55 0 0 109 0 6 170 178 24 0 18 11 0 10 0 31 68 1541 0 8364 0 0 376 9 140 0 0 0 0 9 0 0 17 1945 0 0 0 67 0 0 0 0 0 1017 92 1264 0 3 0 0 0 3516 0 0 0 0 0 0 22090 307 2867 37 183 0 0 0 167 0 0 0 42 0 430 32 0 32 2 0 0 0 0 0
 6201 6 24 1266 70 0 179 0 0 0 873 0 0 2148 0 0 55 0 0 0 0 0 0 0 0 0 0 0 43 0 395 121 23 161 49 1264 163 166 9 91 0 602 2474 47 349 0 308 52 0 491 1008 233 1 0 0 3265 0 73 9 0 7 0 12 0 0 0 369 16340 0 319 115 0 0 0 0 0 0 93 1239 162 109 0 1111 1458 0 0 114 112 0 0 5 0 0 63 19 971 0 768 0 65 141 0 0 0 0 158 0 824 0 0 97 0 100 0 0 0 0 0 0 35 166 0 0 2301 5274 563 0 964 0 0 113 0 0 0 0 0 1431 0 457 0 0 0 29 140 0 33 212 0 0 47
 116 0 0 0 149 6 0 0 0 14 3814 2126 0 0 834 0 0 1095 0 462 0 120 0 7 0 0 0 0 7 0 0 0 0 12 61 0 48 0 0 0 0 83 0 0 0 914 6922 298 0 0 8403 0 0 0 0 755 31 0 1451 6 216 1317 450 0 0 0 0 9 32 0 0 0 175 1548 876 0 899 0 89 0 414 0 3521 421 0 0 0 0 52 43 2 0 2 15 0 713 0 0 248 54 9 177 0 0 0 2966 424 0 4 0 3667 129 11002 648 173 0 0 0 7027 0 0 158 3144 8 0 0 0 5 0 11 0 13 0 116 20 0 3438 97 39 23 0 0 185 0 187 23 814 0 816 135
 88 148 0 0 0 0 0 0 638 21 34 20 0 937 2815 0 1331 277 0 0 974 111 0 0 656 0 0 0 15 891 0 37 1397 1111 2086 844 52 228 0 479 10 214 0 0 0 24 14 0 0 0 0 329 0 0 0 0 0 215 1343 6 0 0 0 3598 242 0 0 905 0 0 1970 0 0 0 2655 38 0 0 0 754 0 0 53 0 0 29 0 0 0 0 836 440 616 0 0 3508 0 0 0 138 1242 8401 10 818 457 0 959 0 637 666 0 50 163 101 241 0 7383 21 0 38 118 3 30 0 7376 0 299 0 0 0 0 1 0 0 0 0 8411 0 0 0 0 2139 0 30 0 35 0 0 0 0
 0 6 0 0 0 7 10 1367 0 5 5003 336 233 6 0 290 612 33 82 0 0 17 0 0 0 40 521 0 118 0 218 0 0 871 0 2123 2 0 0 1448 29 22 0 0 0 0 100 19 0 0 453 20 29 184 0 0 713 212 19 154 0 9 1133 0 0 30 0 0 0 6 0 542 0 373 0 0 1659 76 47 0 0 0 357 78 0 0 913 0 4 0 0 0 461 81 0 405 0 6230 4515 420 75 0 0 446 409 0 0 0 0 0 136 182 43 514 0 0 0 0 305 0 0 999 0 0 199 0 564 0 0 0 35 837 0 407 19 3478 263 95 0 0 0 0 1349 1261 0 0 1 0 0 7706
 100 0 0 0 143 0 0 0 7 242 37 0 157 0 0 142 0 0 0 39 0 0 10 1009 0 1059 499 8 0 45 265 0 0 0 1 32 32 0 12 40 101 0 103 25 0 0 0 0 0 9 0 0 0 103 0 37 0 45 0 0 0 0 745 0 0 7 0 74 22 0 12 88 0 0 0 0 0 42 0 0 64 45 0 6 61 0 67 0 8926 418 0 0 628 0 181 14 54 23 0 0 0 0 0 414 666 0 0 0 0 0 23 0 1648 14 140 583 0 0 0 0 0 0 0 0 0 3 0 3 2820 0 0 0 11 0 0 0 0 0 0 1503 0 564 1577 3542 181 8 9 0 709 234
 0 1 1072 0 0 0 30 0 0 0 440 0 15 0 121 1 0 0 3 0 0 70 662 0 389 0 0 0 0 33 0 0 0 1803 0 0 246 0 125 0 719 14 0 39 0 0 0 0 44 0 4 36 107 0 0 42 0 0 3487 7 76 0 394 211 0 0 18 0 25 0 0 0 0 1582 49 0 0 29 146 0 1253 237 0 126 41 0 138 14 11 24 0 638 229 839 2509 1132 4235 14 18 254 0 14356 1401 0 0 6 0 10 108 0 0 0 0 0 0 30654 0 4 3 0 0 0 588 0 0 0 0 0 8171 95 0 970 0 591 0 0 0 15 882 292 126 0 11 0 277 271 0 0 0 0
 18 4 634 107 0 65 21 76 0 0 13 0 16 4 910 0 39 0 95 1603 0 0 0 0 0 0 4 70 93 0 2297 13 0 3 122 0 0 52 122 779 0 0 0 0 0 4506 0 58 0 0 0 962 0 0 0 12 0 0 70 0 0 0 0 0 1 0 0 4238 628 0 1241 0 0 0 9 0 404 419 76 71 0 13 61 0 0 0 0 0 0 8403 664 0 201 1696 0 192 0 90 0 4 4 380 1448 648 0 0 0 40 4 0 0 5404 309 0 143 0 0 1632 20 12 23 4263 2575 5 140 1266 0 94 527 682 0 0 0 899 10 0 0 0 0 187 859 49 771 0 185 0 76 1945 0 0
 0 21 182 0 189 0 73 1379 0 9 78 0 0 0 666 105 0 0 526 0 74 18 0 2120 21 7471 55 0 0 45 0 0 0 0 2866 21 0 60 0 0 0 1483 0 167 795 1042 0 0 525 0 0 1397 1165 155 17 0 0 0 335 576 0 0 0 0 0 0 55 0 2152 0 0 20 0 21 0 0 3105 129 76 0 0 3022 0 178 686 0 832 17 0 1107 2756 0 53 2 836 0 63 7 3016 1349 0 0 0 0 55 0 2100 1390 0 117 0 0 0 11 558 0 0 0 0 884 134 0 76 0 1463 544 0 756 235 378 23 18 566 0 0 645 0 0 702 0 1206 91 37 0 39 0 0 60 276 1801
 0 0 18 238 0 17 0 0 2167 2569 8428 0 0 0 0 14 208 0 639 0 182 270 0 439 0 32 3022 1852 192 0 1614 342 0 1438 7455 458 0 0 128 0 599 0 0 511 0 0 0 527 116 0 0 196 0 77 906 0 0 0 300 0 0 1 639 3000 0 0 16479 33 25 0 297 4 0 1363 8168 0 0 40 0 478 995 0 0 0 0 0 11 1817 0 3582 0 0 0 0 242 6 0 0 4 302 0 73 158 0 702 0 0 0 0 19 0 1693 0 0 3143 395 762 29 5 15786 0 656 0 0 0 859 17 0 0 0 151 859 11 2168 0 1 0 0 0 115 0 90 0 0 620 0 0 0 715 0
 5 0 0 0 34 0 0 0 0 45 116 0 45 647 0 0 767 151 1724 0 0 0 8 0 1273 42 2481 106 0 0 29 0 121 0 0 455 0 0 0 0 0 0 69 0 407 209 17 1652 0 208 0 0 4 0 31 0 2 0 90 0 58 0 0 0 318 0 0 0 0 204 0 0 178 0 1122 603 0 0 0 220 60 0 2481 1242 0 0 0 0 0 3320 3845 17 0 0 1928 0 761 2 404 7 49 578 0 0 0 0 0 0 263 0 0 0 0 0 0 0 0 60 0 1824 0 0 413 0 0 52 0 0 3136 98 0 0 0 0 0 0 0 309 2092 0 0 0 1 0 0 0 55 1891 0 33
 271 0 0 0 0 0 1 216 0 0 13 722 1451 0 1055 0 0 0 0 680 0 1 0 0 0 0 0 3 150 134 4458 103 43 29 0 50 0 0 56 0 1066 0 6 81 54 0 82 55 0 0 0 787 0 0 2691 0 0 0 603 720 21 0 2725 0 0 291 0 233 0 0 414 0 0 0 881 0 0 0 3 0 0 0 0 3549 0 99 0 0 2024 0 0 213 26 492 0 0 13 0 0 0 0 0 98 0 333 27 0 0 2 38 0 0 643 153 0 117 0 0 1 0 418 21 112 0 663 766 128 302 0 23 36 1585 2215 0 11144 0 500 0 2639 1486 555 259 0 0 1 0 993 0 0 8
 0 428 859 126 0 0 14 910 0 0 195 0 0 10 0 1 176 0 10 3 0 88 0 719 102 209 0 459 668 18 0 0 0 0 2 0 0 0 0 0 278 92 484 49 53 0 0 400 32 23 4997 0 0 0 0 752 2154 2 278 3442 2820 144 0 341 0 0 1257 0 76 9 292 0 0 0 0 315 248 0 873 0 202 794 0 289 578 0 309 1258 16479 0 0 1838 712 5379 0 233 1549 268 0 0 154 164 100 0 6 26 22 0 170 0 0 0 0 2516 4460 16575 67 490 0 0 1 0 0 4 78 0 0 0 13 256 0 0 0 0 58 0 0 56 63 0 86 2820 0 0 0 0 24 0 161 36
 15153 6 0 0 493 976 11 104 7034 494 59 114 1938 196 45 0 0 0 0 49 0 0 0 28 0 14 0 0 0 0 0 0 0 0 0 0 0 0 805 4 66 0 267 0 0 110 0 0 126 1626 35 326 0 11 335 0 1021 1169 27 27 85 0 0 2919 13242 11 33 0 1839 314 2 0 0 2290 0 24 158 85 0 0 0 0 0 0 0 0 0 0 248 484 0 0 0 0 0 0 0 0 0 0 1011 31 3297 1020 15569 1592 0 0 0 358 1064 113 0 43 0 0 199 1666 136 0 284 301 1795 184 0 93 0 0 234 2059 0 0 0 0 0 0 387 1927 0 0 0 20 0 0 0 0 257 0 238 1349
 0 0 8403 4 76 1822 0 0 0 0 154 810 7 945 0 103 0 250 0 24 55 0 0 0 0 81 0 0 10 0 28 424 449 0 14 14 0 0 0 1919 973 0 0 868 3442 225 137 0 121 0 45 0 0 85 0 28 173 799 1138 0 0 367 0 228 0 251 781 0 0 0 0 42 390 0 3913 0 3562 640 191 633 0 0 664 0 298 0 0 0 148 4995 0 0 149 122 0 0 1016 68 0 0 78 10 93 0 160 0 0 63 0 5814 0 55 82 472 23 836 0 18888 28 8405 66 0 0 0 5 3 482 0 1950 0 259 6 0 0 265 0 0 234 0 3 0 43 31 0 13 0 0 0 0 2
 0 29 148 315 1265 71 3 0 0 0 6 55 0 234 0 138 4513 0 0 12 376 0 1969 0 0 761 122 0 409 0 178 578 0 0 140 13 0 1 33 0 8 24 0 0 993 0 699 1420 0 36 0 0 492 0 830 22 0 0 2 150 20 0 0 0 0 0 0 0 0 15 14 0 9 136 0 256 100 0 0 45 0 13 48 0 0 0 597 0 0 0 10 207 10913 28 64 7 0 2352 4860 0 63 988 8 0 0 104 0 22 0 23 0 0 13868 0 0 724 5 0 0 0 0 2563 688 113 0 0 0 0 0 0 492 0 1457 0 0 94 33618 0 5 1065 0 0 166 17 0 0 0 0 0 1840
 0 0 0 0 0 0 0 209 8 0 0 0 31 81 0 0 3077 347 18 0 0 0 0 0 375 18 0 0 50 0 10 51 0 6 0 0 910 37 85 9 158 50 2162 633 167 32 1107 0 0 0 0 12 90 0 0 0 0 0 0 33621 0 78414 6349 0 343 0 30 0 4836 0 1349 583 0 0 0 0 0 0 0 27 0 0 0 0 0 0 0 52 0 1044 201 0 9 83 0 721 0 0 0 122 0 403 0 28 0 0 31 0 300 229 304 42 0 0 0 0 0 19080 270 0 0 0 11 603 0 0 0 21 0 0 0 0 0 1701 2561 0 6890 0 0 280 24 7 50 1370 219 0 0 0 8162 17
 1825 0 45 1098 0 27 819 1585 0 68 0 0 713 1071 122 16 353 0 10 0 128 0 0 0 35 16 667 49 97 0 178 0 214 51 0 0 22 40 20 0 0 0 0 0 310 27 0 0 0 0 0 160 1070 0 345 0 0 0 0 21 0 0 0 7 0 0 505 239 149 0 0 0 0 0 2037 1379 0 0 0 129 140 55 446 8 0 0 65 0 24 0 0 0 34 0 282 90 33 0 0 3 0 0 0 0 0 7886 0 12 166 0 0 0 0 0 0 0 0 19 0 0 49 0 3021 15384 278 0 0 927 16720 0 0 0 0 0 720 16539 0 308 614 187 0 0 0 0 0 0 16 264 0 20
 52 413 222 0 0 1226 1379 0 14259 5 0 335 634 0 0 800 894 0 0 0 1866 0 75 1379 0 1232 0 0 22 52 0 25 415 25 2464 5 0 0 0 0 2783 160 49 155 0 0 0 0 0 0 0 0 0 462 8795 1467 0 0 5 3 0 0 0 127 18 0 210 0 0 0 2973 7016 0 0 2 0 137 7 0 0 0 678 33624 0 0 0 0 0 369 0 22090 0 64 0 0 2885 371 4 0 0 0 1412 16575 0 812 2091 0 420 1635 0 0 0 0 564 0 8 0 0 89 0 0 0 24 0 296 921 0 0 0 0 61 765 23 0 9 0 22 13 0 0 0 258 24 0 109 0 0 37 259 26950
 0 0 0 0 0 0 237 0 0 0 0 807 0 30 0 0 47 0 0 565 109 0 0 3143 149 0 0 0 0 26 0 0 896 167 232 0 794 165 0 8 0 199 0 227 0 0 0 0 0 46 304 184 183 0 0 507 0 0 1002 0 0 3300 0 119 0 4 6 0 0 0 246 5038 3850 70 0 0 590 230 0 135 82 0 381 0 0 0 750 0 0 0 81 56 5812 45 0 1 225 0 6 0 0 26 40 11 0 0 284 92 0 0 42 0 0 0 0 0 0 0 2026 0 185 0 414 112 141 44 0 987 0 0 0 0 115 0 0 0 0 0 78 159 0 29 1362 2305 229 2 391 0 0 44
 0 0 0 40 0 0 0 119 8387 502 0 0 44 2977 1182 0 0 0 75 0 0 2409 14 0 0 625 312 0 0 0 786 0 0 491 400 0 2307 0 1468 111 2 71 6 0 0 0 22 0 0 82 0 575 373 24 0 0 0 32 0 137 0 0 0 0 0 64 10 28 4 0 0 0 0 0 0 884 0 36 0 0 0 0 0 0 26 0 0 0 0 0 74 141 6717 1098 233 0 0 16719 7 536 28 0 1375 0 0 0 0 491 0 0 685 238 344 0 47 1606 0 0 276 0 474 0 0 0 0 0 0 0 119 15 0 0 0 457 2253 0 0 292 8 0 0 1203 0 80 0 91 336 33 163 0
 0 1654 0 0 0 0 111 0 0 0 0 2613 0 0 14 0 0 0 0 2061 0 0 226 668 0 76 0 0 0 968 0 1 370 33624 0 6236 245 14713 0 0 21985 0 38 0 157 67 0 0 3039 0 45 0 60 6078 275 0 0 803 0 0 147 0 0 0 0 805 0 0 1 69 0 0 0 0 29 0 211 0 13320 0 0 0 0 0 43 92 0 1873 9 0 73 0 0 0 0 1020 1266 84 19080 0 98 3179 0 2733 0 2555 0 0 57 1951 300 0 113 0 0 222 54 0 9 0 39 0 45 0 179 0 190 0 0 0 4 0 1759 0 0 1206 226 0 1784 50 0 0 0 0 75 0 0 196 10 0
 390 522 0 3134 0 0 0 0 367 0 0 990 438 54 0 49 0 0 0 0 0 98 0 0 403 0 27 1 332 34 106 151 0 7 0 113 0 0 21 0 0 107 0 249 0 86 0 0 0 945 0 183 2 685 184 125 0 2938 11 0 0 0 3078 0 17 0 60 0 1486 28 0 0 435 763 0 0 0 34 0 0 71 0 0 383 2574 0 0 722 0 0 211 0 0 0 0 0 31 0 0 0 0 1731 1746 37 35 0 0 0 0 2076 0 33570 79 0 0 5756 0 0 150 35 0 48 0 642 298 0 7 65 76 0 1841 75 0 0 6 0 24 0 8 93 4 63 0 2387 2076 0 21 9 54 0
 957 0 1951 22 0 0 0 481 245 1945 0 724 0 0 0 0 44 296 364 29 0 123 0 0 79 0 0 0 230 13318 0 0 0 3919 506 0 2117 32116 1943 6 0 125 0 830 2149 0 125 0 0 3084 0 0 228 0 0 1731 0 2168 623 13363 11 0 233 213 0 0 0 2438 0 59 0 121 23 0 57 0 0 0 0 667 1838 265 0 1374 7 0 0 134 0 721 0 0 0 0 0 247 0 0 0 0 96 0 19 0 31 0 0 56 0 0 524 0 0 1783 0 0 0 676 0 1240 536 0 0 0 0 0 63 949 0 0 0 0 0 2218 1040 21 0 0 0 0 306 0 0 174 11 94 371 0 0 2639
 0 0 0 0 0 42 0 0 28 0 79 0 0 0 15440 351 0 45 792 2 0 0 31 0 0 0 0 148 122 51 29 0 0 484 0 0 0 90 386 0 0 0 6191 10 529 98 0 0 82 0 0 0 313 192 517 1975 0 18 0 0 4249 336 78 43 0 4503 0 0 43 41 8303 0 0 5 3175 0 0 319 14492 4 0 45 0 0 0 22 0 515 1655 100 220 167 0 419 18945 0 771 79 0 381 0 0 226 484 20 8 50 35 5611 298 0 0 0 0 517 0 0 0 36 181 0 0 189 15 695 10470 250 75 0 108 386 93 943 129 0 0 0 2650 50 697 54 1847 8 0 595 0 0 26 76 0
 16074 6709 0 89 3142 0 0 0 172 1 87 202 0 0 0 595 49 133 2384 0 0 0 54 56 0 202 0 23 301 18 612 0 45 53 50 133 0 647 430 66 1 0 0 1135 0 471 0 0 859 47 381 0 0 0 20 0 0 1579 0 0 0 0 59 6 0 99 0 58 0 0 355 0 0 614 388 0 5543 0 254 3666 71 0 0 0 0 205 203 0 0 52 0 0 0 0 65 1312 802 0 28 1 1058 0 0 0 4 0 0 0 0 149 0 145 7 0 0 3 1 149 0 0 57 0 769 2298 82 23 0 0 0 0 6 13 29 0 1 1731 71 435 0 0 203 0 0 29 0 1498 19 2045 0 0
 0 532 0 0 115 0 139 515 29 370 0 0 497 0 47 78 393 0 12 0 76 1612 0 63 0 656 0 0 0 0 0 24 0 0 2805 0 0 1059 0 0 0 0 0 0 0 0 0 12 3 0 352 59 0 0 0 0 0 36 121 0 178 691 18 0 0 229 0 0 436 0 33609 0 5106 1 0 0 0 28 0 0 0 0 1 310 88 0 7 55 1688 189 0 0 0 335 0 0 0 0 38 175 0 270 21 0 133 185 0 0 473 2573 0 1 8 0 0 0 203 0 0 0 0 383 0 163 0 0 205 418 251 378 111 407 0 0 447 178 5090 0 0 164 0 22 2469 0 204 73 104 0 0 0
 136 0 0 28 0 0 0 785 0 0 0 63 85 0 0 0 0 0 185 0 0 0 0 0 76 0 0 0 2 196 0 0 3 0 26 0 6 0 0 109 0 0 496 0 0 238 292 0 0 0 0 0 0 56 0 56 0 0 0 0 14 55 0 54 7941 0 31 139 0 94 0 125 115 2862 0 3 301 6 0 648 75 0 0 6 0 19066 2900 0 50 592 1484 0 1 2 246 0 722 634 0 2045 1334 343 3 0 0 114 528 0 70 664 49 0 2879 0 0 0 68 208 37 0 0 0 1054 0 0 398 0 0 1014 323 0 0 395 0 0 0 8 0 0 0 8 693 9 0 581 1577 2071 40 0 78
 0 0 1500 0 4515 6456 0 139 46 0 0 230 0 0 0 19080 0 117 0 0 712 1090 0 95 0 0 102 22 0 770 0 0 1 58 0 0 0 10 0 6 7011 0 0 199 0 718 0 1169 0 0 0 21 0 1500 18 0 2588 2 579 0 135 0 431 0 7590 1111 41 1064 828 0 0 0 0 0 0 0 0 0 0 2105 0 136 11 42 59 0 0 0 0 0 174 830 5 0 0 31 0 0 0 0 7 595 0 0 586 222 653 47 0 93 0 0 0 0 33 0 0 0 435 1 0 0 18 0 0 1759 0 0 0 0 74 63 0 0 0 0 0 0 0 0 0 455 16 0 0 0 0 0 0 6499
 0 0 0 48 2 254 0 0 3838 1558 0 0 0 0 0 173 0 2674 497 1359 3845 55 147 776 54 32 0 995 26 17667 0 0 0 378 0 0 435 0 106 659 478 96 0 0 0 45 0 0 0 195 0 0 0 6230 8 39 70 0 0 102 0 0 206 0 1169 186 0 0 0 1 0 106 0 0 0 77 3591 40 0 84 1071 0 0 145 129 0 0 138 1904 0 0 0 5 360 223 0 0 0 0 17 0 125 776 0 543 0 0 71 509 0 0 67 0 0 411 93 691 1838 0 0 22 0 73 2147 0 0 0 0 0 0 0 3 3 0 0 67 342 0 0 73 0 0 0 3008 695 0 0 222 587 8
 0 88 27 0 48 0 1 906 0 60 47 0 0 3442 0 0 0 0 77 0 0 0 0 159 143 1111 2302 229 29 0 0 0 0 0 26950 0 393 6 0 0 614 82 987 0 0 904 93 18934 221 659 0 1353 83 0 0 121 0 299 0 10 1770 3 0 0 898 3425 0 5 0 0 183 688 0 0 0 0 2185 499 149 37 75 0 0 75 5 91 121 0 0 6 0 1376 0 0 0 0 149 2430 2 150 0 0 70 0 0 0 0 0 6 13 299 0 0 90 0 0 1617 7580 206 18 0 38 0 8243 222 69 1 19 310 0 144 5 3143 0 212 0 0 320 0 591 32 0 0 0 0 72 6383 3 111 0
 0 0 305 0 505 346 0 30 1761 185 109 0 0 0 0 41 0 1 0 0 28 0 0 0 0 0 0 160 0 33624 51 1 514 169 89 0 16 23 0 0 0 0 0 0 3514 0 0 0 0 991 3 15 0 0 0 0 0 780 0 599 0 0 499 0 931 483 317 1692 49 0 95 793 28 0 0 199 507 6 0 154 0 0 256 0 0 1149 67 34 28 8 49 994 0 140 1515 0 0 154 0 0 0 131 0 4 32 253 0 1344 9 0 0 692 0 1 0 21 0 32424 408 121 0 0 6 0 11 0 0 427 122 115 0 420 0 0 0 0 0 0 0 1143 0 0 98 0 0 49 0 0 2491 0
 0 33 17 388 0 514 0 0 0 153 95 0 0 94 22 0 1176 0 2 0 0 0 18587 1187 0 0 0 227 0 0 0 0 0 0 3005 37 0 0 7 0 0 0 0 0 41 838 233 0 48 0 0 0 55 0 867 0 327 3870 5 213 0 1811 839 505 0 0 58 1058 0 0 0 2892 0 0 23 8171 0 26 10 0 60 0 0 0 459 286 0 6340 0 50 11 0 0 0 383 0 32 31 8 0 28 0 84 152 0 0 8432 1609 0 4037 0 63 0 605 0 0 32 76 27 0 7 7 0 542 1214 5274 0 0 125 42 824 2063 0 0 126 0 14 0 0 29 0 78 0 4 112 0 7616 594 0 0
 0 0 0 284 761 0 0 0 127 2 0 37 0 0 1800 0 45 0 525 17 25 52 217 20 180 0 0 0 0 2302 19 0 11146 6 0 0 75 0 199 828 582 40 147 0 0 0 158 31 32 0 155 8137 800 280 0 21 1186 0 24 70 121 0 2310 1838 404 634 0 198 0 0 0 0 0 25 53 1435 58 0 0 0 0 0 0 0 0 101 0 167 6 134 0 96 63 0 0 2206 62 59 79 0 0 0 13 2920 0 0 0 23 15 162 0 208 20 0 2 18 0 185 0 90 1043 0 32 0 0 0 11 0 1 169 0 50 0 0 0 0 108 0 0 0 6140 20 0 278 0 91 0 0 0 0
 0 0 0 213 0 27 0 0 1537 231 0 37 105 0 0 0 0 0 0 17 57 0 171 504 2116 0 69 0 3224 142 76 20 0 21 279 70 729 0 0 0 0 3 159 711 827 33 456 0 0 7 168 1811 3864 0 106 0 3805 0 820 0 90 0 198 0 188 0 36 2 0 0 282 0 2096 0 972 114 41 82 0 0 224 0 0 0 0 921 91 0 22026 0 0 0 0 0 1868 210 79 0 3246 124 1 1 0 5 11 20 892 289 5260 0 0 0 639 0 55 2465 0 0 0 0 0 83 0 23 0 507 149 0 100 0 1208 0 0 21 1 247 575 0 387 0 0 0 0 0 0 991 6210 0 0 1491
 16061 8 0 0 239 209 3285 13 1168 213 0 0 226 7 0 0 0 0 323 0 493 156 11 0 55 6 151 1 111 22 7378 0 0 0 13 0 0 0 0 0 0 0 0 98 0 534 0 0 0 0 0 45 0 1699 15412 0 15 567 48 0 385 0 2425 0 0 0 0 0 395 0 0 0 0 84 17 38 0 0 0 1055 132 0 0 50 0 49 0 0 0 48 13259 0 15 0 227 6 0 631 9 0 276 558 2193 0 154 420 228 0 0 3021 2162 59 0 0 0 0 80 0 0 0 0 0 0 0 92 0 0 506 90 63 534 35 0 0 489 0 1095 2287 0 0 21 0 0 5 0 0 0 352 0 49
 39 0 0 49 0 0 0 411 0 105 1 106 0 2273 11 918 0 0 257 23 124 867 3300 0 635 2154 0 0 47 23 0 0 0 0 5 0 6196 767 49 284 2 0 206 1572 23 15 0 305 0 6 419 0 0 0 475 0 1655 4 2157 0 1 18 773 0 255 22154 115 8 817 0 142 41 0 0 0 0 0 47 0 0 282 1924 23 31 0 0 302 44 0 255 0 0 2 0 0 8143 21 0 14715 0 0 0 4 0 0 1441 5 342 0 33 0 130 0 0 70 43 98 0 0 2218 1262 60 0 878 0 172 8 33 17 108 0 704 0 980 1317 0 40 0 0 339 12 0 0 106 2262 0 0 22154 644 805
 44 906 0 11144 692 79 0 0 35 575 0 3 0 0 0 55 0 411 0 106 114 187 0 1450 10343 167 0 0 0 0 0 0 78 791 156 90 0 0 0 0 0 0 0 0 8353 0 0 160 0 4 0 0 387 0 0 108 121 0 21 0 0 0 0 298 50 0 21 5403 4 16 4 4 0 4291 362 529 2580 5 0 293 111 114 0 6 0 454 201 722 0 174 1166 0 0 376 0 3453 293 115 2305 71 0 792 41 140 0 0 0 1868 0 0 115 0 222 0 0 0 22 1346 432 3892 766 0 0 0 7 37 0 0 10642 78591 23 951 0 0 69 0 0 0 0 667 992 77 0 1716 0 0 0 93 449 50
 1698 0 38 0 0 0 0 0 1674 80 26 0 0 19 218 0 19 1894 100 33 19 0 0 16525 0 9 0 0 0 0 0 0 0 0 7 1046 1488 410 0 50 375 0 0 0 0 0 0 1182 0 0 4 1267 0 21 0 0 258 0 0 23 5 0 156 36 20 0 0 29 5 649 0 0 168 4 0 766 252 69 0 43 37 124 0 767 50 0 0 28 0 0 1612 0 0 0 561 0 0 1929 0 4 0 142 0 0 0 584 0 128 0 0 0 0 0 109 8 52 0 0 4 0 36 23 0 0 788 0 0 0 81 0 627 0 0 0 8 234 0 0 0 712 0 0 0 0 341 45 37 4 1301 0
 0 0 0 0 0 0 0 0 0 68 354 0 298 75 0 21 0 883 0 5 2448 0 0 44 0 523 0 0 198 0 16 49 0 0 298 27 241 231 0 0 0 0 995 32414 0 0 0 18 0 4 4 0 0 563 22 31 0 5 0 0 0 0 0 3442 0 0 2519 0 50 414 1568 15 0 654 0 2303 68 0 0 9007 6 0 1 0 21 0 0 80 0 34 0 3 0 0 0 0 58 0 0 0 0 0 581 0 454 12 0 0 277 0 0 0 121 13315 334 8 0 0 280 0 166 1770 1467 7 0 0 16 389 1513 0 110 0 0 0 87 1926 0 0 0 253 0 46 0 0 0 103 0 0 0 4235
 0 186 71 2907 2800 6 0 0 22 163 774 0 45 157 0 517 90 0 3 469 0 243 18 0 811 0 0 82 0 885 95 10 8608 76 365 695 0 441 102 0 0 83 0 0 83 70 0 0 0 77 95 27 33 0 0 293 0 0 0 0 0 0 0 695 0 31 1602 0 104 88 0 2 0 0 1 2911 18 0 0 0 0 57 0 33577 44 194 0 0 0 0 24 3 5 0 237 16076 320 156 0 44 27 0 0 0 250 117 0 0 6 0 0 56 0 303 296 0 0 3 0 14 0 11 0 0 16 0 0 21 0 0 0 0 488 0 0 0 753 0 0 0 1080 0 0 0 0 174 4 94 0 0
 3 0 0 12 0 0 0 0 0 0 2306 0 0 0 52 2 0 0 10549 0 0 26240 0 10 855 0 576 60 131 290 0 0 139 159 505 538 14 62 52 868 67 2537 0 1387 4 2168 0 0 64 472 0 33 0 976 199 0 61 3138 0 10 76 0 596 506 62 54 0 0 164 110 0 0 0 416 0 44 0 0 12 22 0 2 0 448 5793 205 0 0 259 5 0 0 0 0 32350 294 0 489 0 0 0 223 0 15 0 82 3 55 0 8 43 0 0 722 0 0 0 0 0 15 220 0 0 427 0 0 22 742 0 0 8427 2 0 41 0 1267 11 0 0 52 0 0 0 0 1462 61 0 43 196 2237
 258 8 163 0 0 0 0 0 302 155 0 423 0 279 35 0 49 0 0 7 14 0 0 457 0 0 0 1417 263 0 0 6 0 0 0 0 78 606 0 5 0 0 0 0 0 0 0 480 0 0 26 0 27 36 0 2429 0 336 18 0 1673 0 0 995 608 81 9 226 0 0 3 0 42 9 132 0 194 247 202 1175 366 0 0 0 23 3064 0 8138 0 0 0 2068 0 512 0 298 30 341 2839 10 6 0 42 1910 2652 0 17 8 470 0 86 0 10 0 289 0 7911 0 0 0 3 0 0 0 21 99 0 0 0 0 169 0 100 3136 0 0 785 0 51 14479 0 0 0 415 0 1397 0 1903 0 1219
 851 504 469 0 0 0 0 0 0 0 810 0 0 1845 0 10 0 0 0 0 359 1750 0 0 0 128 1600 50 0 598 2223 0 1316 0 908 0 0 0 0 14 0 0 766 0 0 0 0 0 3042 0 427 258 477 0 0 1261 2639 13 49 0 0 0 266 1444 0 12 4291 102 0 1677 256 617 0 0 0 40 0 0 367 198 1267 0 0 1602 0 0 0 0 102 0 0 1 0 302 0 0 0 0 0 328 0 42 8383 0 0 4515 0 0 0 16528 0 422 0 4 206 120 0 24 0 669 85 15192 144 0 7 0 557 0 0 0 549 445 3 28 0 99 0 603 0 6295 0 16 0 0 0 2161 0 1373 0 0
 0 0 0 0 1241 1243 0 49 0 0 0 0 0 0 41 0 0 2 0 2581 7 7 0 0 0 47 0 0 189 50 0 0 0 0 33 91 26 0 0 189 0 7 82 0 0 16 110 0 0 8 229 0 583 51 0 0 0 107 0 0 911 2 0 769 525 0 0 0 0 0 152 27 273 83 0 32424 5 32 75 11 0 0 142 517 1 49 0 0 9 52 179 0 0 1033 0 0 0 505 0 710 160 0 1372 0 0 0 200 452 0 0 141 0 3390 0 3831 0 855 99 0 11 0 1262 580 3 0 0 685 95 19 38 84 147 62 28 0 497 0 0 365 0 0 0 0 21 0 0 0 0 0 1020
 4 0 3442 992 51 22041 0 1256 0 0 71 30 25 60 1575 20 6 0 0 0 786 76 3 0 0 0 0 2167 3 90 0 1235 18 1 0 0 137 67 95 0 646 0 0 1397 0 165 3077 7 0 4214 23 0 0 0 27 0 0 0 0 0 683 0 0 277 10 0 250 792 0 0 0 268 1 2136 0 0 0 0 6809 0 0 198 0 0 82 240 0 0 1 381 0 0 10 0 973 154 0 0 0 28 0 0 3490 0 0 1105 84 31 151 0 0 0 513 282 0 16248 0 0 359 0 1027 0 0 0 3 0 31 684 0 0 155 230 0 18945 70 1373 20 0 60 0 1 0 553 212 1579 729 0 0 118 4
 2 22 0 0 0 0 258 0 0 0 0 109 0 827 14 1752 1 0 84 4505 0 0 0 0 513 0 14 7 0 19 0 0 0 0 1000 0 1 0 27 0 0 472 44 61 184 61 37 1358 546 0 105 242 792 1545 14719 0 69 124 0 0 0 1467 32 0 136 0 0 81 0 0 0 4 0 0 0 0 0 282 0 59 0 0 66 266 0 173 0 0 0 0 0 299 0 0 164 1156 28 0 0 15 16507 71 219 0 0 607 0 0 346 0 129 0 61 0 1151 0 0 140 793 1584 0 0 850 309 66 1072 0 582 0 0 0 0 0 2970 12 0 0 0 0 212 223 0 5 1299 0 0 0 0 736 0
 170 0 15 0 57 0 0 0 0 0 0 0 3 112 0 0 1139 0 0 0 395 0 0 905 0 227 315 0 0 0 138 41 0 0 0 0 0 0 38 6 0 0 0 3111 770 1 0 0 2784 70 4 969 0 0 163 0 0 83 73 84 0 1829 824 281 247 26 22082 242 0 1 629 7 0 0 0 46 1465 0 0 0 871 1945 0 0 90 1127 4 1215 0 31 0 507 45 0 91 594 2564 44 2 36 0 0 0 0 48 0 1589 8 6 0 102 198 0 0 2793 0 14 830 0 11 0 137 0 0 0 0 159 0 0 88 88 0 726 0 721 0 92 0 0 0 0 56 0 93 0 0 967 131 0 0
 0 303 0 1838 1918 0 0 42 0 0 0 0 0 182 70 0 0 0 0 0 0 0 0 0 181 4 0 0 0 863 0 1404 0 0 428 0 0 1237 102 0 78 0 613 63 0 0 0 3594 0 24 341 0 0 199 6 91 0 85 435 0 5 0 0 0 0 0 277 1988 0 362 0 0 571 121 303 0 0 78 24 0 0 0 21 69 0 1 0 0 2168 247 0 0 43 192 153 0 0 231 0 67 16 0 0 0 93 0 415 58 32397 0 0 13 107 151 0 0 60 15 0 0 0 1468 319 0 0 0 137 198 44 2305 0 0 670 99 0 762 0 0 0 11 0 9 37 0 0 0 10448 56 7 2438
 203 0 406 0 0 0 0 425 76 23 0 0 0 0 587 0 1269 1022 0 0 0 0 0 0 0 0 0 0 0 0 0 0 15 414 0 8 0 0 313 372 205 1138 3 0 2185 0 280 0 2725 0 0 1537 2942 0 183 435 0 0 0 175 16 0 0 0 23 66 0 373 429 2 0 0 2 0 21 0 36 4527 98 0 94 562 191 20 0 0 0 0 20 0 395 0 0 0 56 1127 0 2490 17 0 266 0 10 675 800 0 0 74 1 0 0 0 0 0 0 0 0 0 0 30 382 670 276 0 34 107 896 0 2 0 11 528 0 0 10 0 0 9 15 83 0 0 0 0 231 0 0 4290 0 59
 0 59 0 1981 1007 61 0 458 0 2793 0 177 0 186 0 1069 0 3013 0 1 0 45 0 354 0 0 0 0 0 0 1 0 0 0 507 0 0 0 0 0 62 910 0 0 94 0 0 0 59 872 0 0 0 0 10 0 1081 0 0 0 0 0 0 133 0 0 35 1896 49 0 1155 0 0 0 0 48 0 0 8 0 35 0 489 718 10 0 0 0 270 0 0 0 0 7 31 14266 63 664 1555 0 0 0 2760 0 75 0 0 270 71 4 0 0 0 10 0 0 0 6 74 3 648 37 140 0 82 409 0 0 21 18 0 0 0 200 0 0 0 90 0 1420 108 319 4 0 255 0 0 0 70 114
 1959 0 40 0 154 0 53 1533 0 0 0 0 95 0 0 0 0 0 0 178 0 1359 0 82 49 0 13 0 0 0 75 0 0 0 16 81 118 0 93 56 0 0 0 8 0 1863 19 825 0 0 42 0 0 0 163 3077 24 17 197 38 21 302 269 0 88 93 0 0 0 136 72 0 1799 0 0 2305 0 0 0 0 0 429 31 0 656 75 571 0 0 0 0 0 378 0 0 199 0 0 655 68 0 0 514 0 0 0 249 0 830 0 0 0 120 0 0 386 0 0 0 0 0 0 0 0 0 0 0 173 0 1323 31 16 23 214 0 0 0 0 15 45 22144 176 0 93 0 856 0 3171 0 35
 0 172 293 0 0 476 467 0 675 0 302 0 750 1544 0 405 0 0 69 767 0 0 0 0 0 0 0 32 1 0 1414 55 0 674 770 138 1 12 0 0 0 0 0 0 3436 4263 2305 0 0 0 2639 0 0 0 0 0 55 0 0 70 0 0 0 0 7 4 0 228 383 0 127 101 277 0 821 191 115 24 118 2415 60 0 0 0 225 0 215 0 0 6222 0 302 22 0 0 21 84 0 95 158 809 0 94 0 0 0 141 0 0 0 0 0 0 2045 0 0 0 217 853 974 0 58 0 0 0 653 4 77 0 197 0 242 0 34 0 0 10 0 0 274 53 0 302 0 0 0 62 0 0 210
 41 0 0 268 18 0 0 5 0 220 5 10 0 0 1123 722 0 0 0 3 0 0 0 0 18 0 686 5395 0 0 1 37 0 7373 20 0 0 15 0 50 225 0 0 0 0 0 0 798 568 0 0 0 1 9084 0 0 0 0 59 0 0 0 7 0 14 1 17 0 8 0 3641 0 0 0 0 183 0 0 0 16 23 15 8 1713 0 170 650 0 0 26 0 3001 258 54 0 413 513 0 0 5 0 117 383 0 0 352 0 24 0 0 49 823 32 8 0 107 846 415 3208 0 162 0 0 0 142 2866 0 0 47 491 0 564 0 0 720 25 0 21407 82 0 0 0 0 0 102 0 24 0 0 30
 99 114 322 0 0 81 789 896 0 10 0 24 0 4 0 743 0 0 54 0 5819 1982 0 0 0 29 41 76 0 0 33615 88 263 0 149 0 0 16 55 228 0 0 206 0 185 0 0 211 763 0 0 0 793 0 0 0 0 71 0 0 564 0 188 183 0 1 2 0 0 274 0 88 1838 0 700 0 0 34 0 490 1037 0 77 0 23 0 0 827 0 386 1 1 4506 24 10 0 964 60 14641 0 28 122 0 0 1390 2074 213 125 1350 1780 6 0 0 0 26 0 19 383 527 34 0 0 0 0 0 0 183 0 68 0 0 0 654 199 0 0 0 0 26 0 1 0 433 528 425 2272 5 0 531 48
 0 1391 308 37 228 0 0 0 50 24 37 0 0 41 39 0 0 7 513 86 681 9 0 8 152 2128 674 0 0 0 0 0 493 0 287 0 0 0 0 595 0 0 0 5 0 115 5 0 0 1302 8 378 0 691 0 0 0 2008 1 6 0 410 0 42 1583 0 4787 0 772 87 0 3 0 0 0 0 0 0 0 0 9 0 1267 0 5719 6224 0 60 29 494 0 0 14 0 0 0 0 0 664 0 12 0 0 131 0 0 2132 23 0 0 1454 0 34 0 0 0 0 0 0 0 59 91 32 1044 0 0 0 0 0 64 276 11 0 228 3 0 2609 23 51 0 0 0 0 49 83 464 0 83 25 1075
 0 0 200 169 49 0 0 0 17 405 0 159 756 0 0 52 3 0 67 35 29 0 0 0 0 518 0 0 0 139 0 293 8 94 0 0 5 0 277 3 0 0 7 1069 51 0 0 65 0 0 0 0 905 157 0 104 0 85 0 14 0 560 0 49 375 0 0 0 319 61 0 1985 27 0 0 0 6 3207 1501 1390 826 61 2 0 75 423 41 0 0 511 25 0 15 6 0 217 0 49 1950 8160 0 37 0 388 0 0 5 32 0 1561 1169 2 3308 0 21959 1589 82 0 0 54 0 1349 0 0 0 344 186 0 1593 693 645 0 0 26 3143 0 0 0 284 239 0 0 496 4349 0 0 0 1770 0 0
 0 10 53 0 31 0 0 2481 0 0 2201 384 0 0 0 22 0 0 508 43 0 0 153 0 55 0 2424 2 410 2024 0 0 185 0 0 0 0 0 632 0 283 0 0 123 7 0 117 0 0 1874 1911 0 0 485 0 72 0 50 0 0 586 713 221 0 0 0 0 0 31 0 0 0 0 0 328 0 0 0 0 70 0 0 0 0 1 108 2009 117 12 1061 0 233 0 102 0 0 123 0 297 280 0 0 146 42 0 0 0 35 0 0 15662 0 0 0 0 0 17 119 2045 0 0 0 22090 3 0 101 0 247 1018 0 223 0 38 489 0 64 105 178 0 76 0 0 0 1559 77 420 0 0 0 0
 296 0 0 2569 1607 0 0 1270 113 0 0 0 4434 90 223 19 353 0 27 0 702 0 0 903 0 151 0 0 0 0 31 0 0 2723 0 0 0 0 93 0 759 0 189 57 0 0 0 2 0 0 11 0 0 3 4 2087 1422 0 1065 0 0 0 541 0 895 0 0 0 0 1537 2717 0 0 0 0 0 0 70 29 4 226 0 902 0 35 0 1880 10907 21 0 3 0 0 0 155 121 0 0 78 0 0 89 67 0 0 1111 58 15 15 0 261 558 88 685 0 673 161 236 131 67 559 53 0 0 11 58 11 85 0 0 2303 13 0 47 0 31 0 0 47 3 0 1064 16 0 0 0 0 0 0 34
 7 0 1598 0 3 137 0 55 67 0 0 217 7573 18 44 120 0 33624 21 164 143 0 2161 3559 321 0 198 0 130 0 0 0 0 55 0 24 387 0 880 26960 0 0 0 0 0 307 2066 1896 37 0 0 776 18 0 0 0 0 21 0 782 2307 0 4 20 219 113 0 58 1457 0 0 0 2 611 6 0 0 25 26 0 0 0 2569 1609 0 0 16608 0 54 0 0 0 45 2551 0 0 0 800 0 0 0 0 398 0 15 1591 89 0 5 12 513 82 3 0 1846 109 0 208 1 1 22090 0 209 0 0 48 0 229 0 842 0 737 0 0 0 0 0 0 12 100 9 0 0 0 0 2908 288 6 3125 0
 0 0 209 0 0 49 0 167 618 359 0 0 0 10 280 1 31 26 97 0 0 0 0 993 18559 0 0 0 0 273 0 27 0 287 0 0 0 555 12 0 0 0 167 0 79 489 56 78 0 0 832 6886 292 0 1161 0 21543 0 0 0 0 0 60 0 21 257 0 0 0 153 5 4 0 0 9 0 0 0 0 36 35 0 2127 61 0 0 0 22 0 238 0 0 110 0 0 0 0 596 0 0 0 0 397 0 82 0 40 11 0 0 0 0 125 36 22 0 0 0 0 59 0 0 0 42 75 0 105 0 0 0 0 0 26396 1987 616 0 0 0 0 0 56 0 821 0 0 1 189 0 0 0
 0 14441 21 0 0 0 19 0 0 0 18820 0 11 92 38 699 0 0 1942 0 32 0 460 0 0 1786 865 0 0 0 12 3204 0 31 43 588 0 0 0 131 0 578 1 0 0 38 0 1529 0 18 0 18 508 200 0 0 10626 0 973 124 0 0 51 0 39 123 33 598 0 0 0 0 0 0 33 17 0 603 34 0 1451 141 1125 44 12 0 0 0 2571 0 0 0 3 776 2217 0 0 268 2003 51 302 0 0 0 0 27 0 29 31 0 0 1192 0 80 0 0 0 0 271 0 15 242 528 1192 0 0 86 100 49 0 0 0 670 0 121 538 119 2 0 0 57 0 0 0 1 471 0 388 582 0
 485 209 0 46 0 23 0 0 0 0 11 453 14 17 794 170 0 0 73 0 7742 76 13249 514 623 0 425 0 0 0 2751 0 0 582 195 6 0 0 0 0 1225 80 0 0 12 2 0 18 0 0 0 0 0 14 1296 96 0 1982 2 0 0 394 408 76 32 11 0 0 0 38 34 0 827 4 0 0 57 447 0 0 430 409 0 3824 0 2223 0 0 0 184 0 0 0 0 15 0 11139 0 0 0 225 0 993 0 47 0 0 0 61 1376 7017 0 0 77 1064 0 0 3 0 18 1449 369 0 168 38 14 0 0 821 0 0 115 59 73 2 1312 0 0 487 89 0 199 906 3144 0 0 0 3841 0 0
 0 330 280 0 86 113 0 17 0 0 82 0 1307 0 0 58 431 0 5 45 282 683 0 0 129 0 6 9 15220 91 11 0 0 0 92 107 2085 658 0 0 31 1259 0 1791 0 1218 0 0 1637 94 0 0 0 394 0 413 0 0 2 80 1930 0 0 14 7 187 0 2383 0 0 0 0 7 0 21 0 0 19 0 1451 0 0 96 0 0 0 0 0 209 0 0 5 399 0 0 0 6 0 0 58 680 46 190 0 0 0 0 0 447 291 0 104 0 11 465 343 13 0 34 1194 1730 111 5 124 0 0 1766 0 82 0 113 0 910 0 16754 0 23 0 78 0 93 0 617 867 0 1763 0 601 0 0
 0 131 0 564 0 132 0 0 1261 0 98 0 0 660 0 155 0 0 1838 0 0 233 0 0 35 0 0 0 0 0 416 0 0 314 69 80 0 0 0 0 0 19 266 150 0 75 0 0 0 0 0 0 0 0 74 43 0 596 0 1 116 87 190 0 0 75 0 334 189 11 468 4506 0 2460 0 2057 0 4 0 0 0 1618 0 0 0 1 22 223 648 45 0 56 108 3496 0 0 27 1261 0 0 1 0 0 16 0 38 909 29 0 1261 248 0 0 3134 0 0 0 322 22070 55 48 0 6 0 0 0 0 74 272 658 0 116 19 0 0 0 0 535 650 42 0 0 0 1379 73 0 32 0 0 0
 134 0 47 1586 64 35 3496 12 525 0 0 0 82 2 0 5541 0 0 138 266 0 233 1469 25 0 0 2869 0 296 111 0 0 61 0 61 0 0 0 0 57 0 0 0 21779 0 17 517 0 17 0 500 0 94 0 434 0 0 0 23 0 36 76 0 1550 0 746 0 0 49 0 0 7 130 0 158 0 627 1359 0 0 2 0 3253 65 0 0 0 0 0 399 0 595 16754 0 2 0 0 0 0 1373 0 0 0 0 1555 0 0 1330 0 10 520 0 6874 196 20 0 894 0 1416 56 0 12 0 10 0 8 624 151 0 0 7 233 0 0 0 137 0 0 401 250 0 50 2122 0 2162 221 303 11155 183 0
 0 0 0 3 0 0 24 434 0 916 308 0 0 0 0 957 0 0 0 0 3118 0 0 0 0 0 0 0 0 2128 0 0 0 0 0 0 0 122 249 0 0 3101 164 0 0 88 28 2793 0 379 0 0 265 0 418 0 0 0 0 0 3 0 0 25 0 0 0 600 16 0 238 782 82 3194 0 0 6889 178 250 109 0 0 0 43 0 0 11144 68 718 31 48 88 1836 174 0 9 1466 1580 0 0 109 315 0 230 0 0 0 59 99 0 0 11 0 0 269 74 26 0 0 0 0 0 0 0 0 730 411 13 61 125 0 284 36 0 0 977 0 218 0 0 0 66 0 378 0 0 0 0 0 0
 9 66 1259 26 1 21 19 480 713 0 0 28 11 0 0 0 316 62 250 100 137 0 0 23 77 78604 0 0 6 18 867 555 0 0 1769 0 19 0 0 0 0 8 1059 390 0 0 0 0 0 57 0 0 0 0 35 0 0 0 0 91 4 995 0 0 54 0 0 1566 24 0 0 171 1106 26 4 0 0 0 0 183 0 0 16575 0 0 332 0 14 99 0 0 0 0 4 9 427 0 60 0 0 11 0 0 1211 0 0 0 102 1425 0 12 0 513 0 1024 18 21 0 1489 0 21 33 265 2493 176 11158 0 0 8365 271 4427 0 0 0 4235 610 228 45 0 0 232 12 1242 0 0 5 805 6 46 29
 0 0 0 0 0 0 104 0 1417 1337 0 0 0 313 0 66 0 0 0 417 653 833 215 0 0 1003 0 126 82 0 11059 111 2033 0 16575 9 725 407 0 0 0 0 47 91 4 0 57 0 0 0 127 0 0 1132 0 0 0 0 10 429 0 0 0 11173 0 122 15 31 0 0 1436 0 0 194 183 0 0 3014 0 1030 1940 503 1513 37 3 0 0 0 0 0 0 664 208 85 773 0 0 0 151 0 0 0 0 0 0 21 0 115 0 0 185 0 8 0 0 0 0 0 141 0 0 0 0 125 63 119 0 0 0 12 0 206 19 17 0 0 10659 182 0 517 0 0 0 11 0 2296 0 912 111 15
 7 0 645 0 199 405 0 0 71 852 0 7846 50 0 90 39 0 407 0 78 211 209 137 0 0 0 599 904 0 0 0 11 26 0 0 0 0 0 0 0 48 160 0 0 105 2 4 0 0 91 0 60 0 26960 9 104 611 0 0 66 14 3 0 0 2994 0 0 0 0 23 0 0 0 248 993 0 247 834 682 185 183 0 49 19 0 0 1494 0 0 57 216 0 0 6 3581 0 541 0 591 0 0 0 394 0 232 866 927 14296 0 0 0 311 721 2037 1070 0 0 0 6 106 0 6 9 11 0 0 208 0 2016 0 389 100 84 0 0 0 687 0 0 8205 0 17 334 1441 0 157 0 0 46 84
 0 0 0 0 0 87 0 19120 1925 0 0 0 0 0 0 20 0 0 1153 12 0 0 95 0 0 66 0 62 0 0 11 3 0 45 0 573 0 0 0 0 257 0 0 0 69 772 0 0 37 0 177 0 0 0 22 0 0 0 0 0 550 0 0 0 39 41 0 0 98 105 6 2821 794 0 0 0 0 3 88 12 0 0 72 0 0 5401 384 0 458 0 0 0 0 0 0 0 0 0 0 13320 21 0 0 22 0 132 0 0 0 7 3 131 28 0 0 0 0 493 0 30 0 0 229 0 0 34 19 0 0 0 0 0 0 0 0 2841 14 0 4 258 1065 227 7 115 1 14330 0 0 0 9
