150
 19 3 0 32 0 5 27 0 0 0 0 731 58 0 0 15 19 208 2 280 0 1206 0 0 13 41 0 0 6 0 0 8 0 0 0 0 0 0 0 0 5 2 27 0 41 0 0 0 731 0 0 0 22 0 125 306 0 0 0 0 0 12 0 13037 280 0 10 0 0 0 79 0 0 0 0 0 22 21 0 0 0 27 0 0 0 0 0 0 10 0 0 31 0 9 0 0 0 0 40 0 0 0 0 8 0 0 0 26 33 52 0 0 0 0 0 0 4 0 525 0 0 0 0 269 0 0 0 0 0 0 0 59 0 0 13 703 13 0 0 0 10 0 0 51 0 5 0 0 0 0
 0 0 0 21 0 0 0 0 0 0 0 1315 0 0 0 0 0 2 0 31 194 96 93 0 4 7 31 43 0 1378 78 0 0 0 0 0 861 24 0 0 0 0 0 0 830 44 4 0 0 0 0 167 0 83 74 19 0 4965 156 0 0 0 0 0 0 3 73 0 0 0 0 68 0 0 21 656 4 0 0 0 0 421 0 0 8 6 23 1 101 0 1150 0 0 263 0 0 629 101 230 0 192 0 0 814 0 0 22 12 0 0 9 16 201 42 0 0 0 0 0 0 1208 0 0 0 0 0 0 4 0 0 0 30 479 0 0 0 0 0 0 188 0 65 0 0 97 232 0 5 0 0
 0 0 5181 0 84 2 0 0 0 28 0 1 0 247 0 6 1570 529 0 4 2 0 0 0 0 0 0 0 6 0 5 19 8 115 0 0 236 0 20 0 0 467 0 23 0 0 0 2 21 0 0 0 60 0 0 0 32 0 34 0 71 0 0 0 0 1 0 0 27 1 0 0 0 0 34 0 0 0 207 6 0 241 9 0 25 0 0 0 1 0 31 0 112 0 0 78 0 0 144 2 65 8 0 0 119 0 135 21 0 0 0 0 33 178 444 123 0 2 97 9 21 0 0 0 0 0 0 132 19 2 0 0 703 0 7 0 0 29 0 0 0 0 153 140 0 80 0 0 0 5651
 0 0 0 306 0 0 0 0 0 9 0 0 0 0 0 0 0 699 0 52 206 5 36 0 0 0 25 57 0 0 15 0 0 0 0 5 0 45 0 8 254 0 0 0 21 0 0 0 0 588 24 59 4 0 13 175 0 0 0 89 620 0 0 159 0 395 201 0 0 42 0 0 150 0 0 172 0 901 14 0 0 94 0 5 0 435 0 1 0 12 1 0 0 3 0 153 0 0 440 0 1 0 0 0 0 0 0 0 6 2 0 0 0 0 32 0 0 69 1 0 0 46 10 0 0 10 25 0 0 0 0 0 0 273 0 0 2 0 0 19 0 76 237 0 0 0 0 128 12 385
 0 65 0 48 31 73 0 0 0 12967 0 0 0 0 0 1 0 56 0 0 0 41 0 0 0 0 0 62 18 0 0 30 0 0 74 0 0 48 34 0 28 0 0 43 0 32 0 84 0 0 13 0 5 0 0 0 0 6 0 0 0 0 95 0 54 955 9 22 0 179 0 0 154 12 13 0 0 0 0 0 7 0 0 0 0 34 0 0 40 0 188 0 0 0 0 114 7 0 167 16 26 254 207 0 0 0 0 0 0 0 0 54 0 602 0 16 28 1148 0 0 0 14 20 0 1 150 0 0 9 0 0 6561 0 46 0 0 0 0 0 118 3 0 0 16 0 0 0 4910 0 0
 0 0 0 19 0 0 0 0 0 223 0 0 0 36 0 0 0 426 3 0 0 0 2 1 13 101 0 8 7 1 26 12 0 0 0 0 0 85 18 23 0 0 26 0 0 13 0 31 0 29 0 9 0 0 102 15 0 0 36 0 235 41 0 26 3 0 32 0 45 10 0 369 0 0 2490 0 0 3 386 0 24 2 3 0 69 3 0 382 11 56 2 66 0 0 0 134 0 0 0 40 21 9323 79 0 0 0 0 0 0 0 0 358 0 0 18 48 0 5 80 6 136 48 0 4 0 328 99 0 79 0 12 0 6 0 18 0 853 30 29 0 0 0 0 0 0 218 0 11 0 0
 0 637 0 0 21 31 0 0 0 0 0 0 0 32 415 305 0 399 0 0 115 159 0 18 0 20 8 0 0 0 15 0 0 9 0 32 7 0 266 0 0 0 0 178 0 0 3 2490 0 110 0 29 0 16 0 0 0 79 0 0 5 0 69 144 48 0 13 17 33 0 84 23 1 0 1208 0 84 0 21 0 0 23 444 0 2 4 0 39 14 6 0 0 0 6 0 39 0 0 0 51 0 408 435 0 0 0 104 1 0 0 0 140 117 9 0 0 203 175 175 160 31 0 0 0 0 0 13 27 63 0 0 0 1 0 125 46 0 13 158 0 23 0 0 34 0 0 0 466 24 43
 27 787 420 7 29 0 0 0 0 89 0 18 0 0 28 14 57 16 0 3 94 0 6528 0 182 0 0 0 75 0 0 13 0 33 9 0 0 0 0 0 0 0 0 62 0 1812 85 0 0 0 20 0 203 0 0 0 62 0 0 0 162 0 0 0 0 23 0 4 0 4 67 34 5 0 89 8 0 0 0 340 0 0 2 0 883 265 0 0 0 264 3 76 0 0 304 0 0 0 107 0 499 103 0 34 62 0 0 0 96 0 0 2 22 0 0 0 0 0 0 0 0 18 246 0 0 1 814 0 0 0 0 0 10 0 0 29 0 0 0 0 0 37 0 32 5 0 0 19 19 0
 2 0 107 0 0 39 0 46 0 0 0 466 22 0 932 208 0 0 25 0 451 0 0 0 13 0 0 12 91 0 34 602 0 0 0 0 5 65 0 0 30 13 0 0 0 120 0 1 0 0 0 0 229 101 13 62 0 0 0 6 0 0 29 0 0 0 1 0 14 0 0 0 0 0 0 0 0 0 0 0 0 31 0 69 0 158 0 7 0 0 0 0 0 184 58 11 72 0 0 0 9 0 0 0 0 0 0 0 0 0 0 343 0 0 0 22 0 0 0 2 0 0 223 0 37 36 731 61 0 0 2 0 0 957 0 0 0 0 0 0 1 124 0 0 0 0 0 31 0 0
 35 208 0 0 0 0 1284 0 0 0 0 0 0 0 0 0 0 0 0 34 0 0 0 3 17 0 0 0 436 0 425 0 0 2 0 0 2 0 0 12 0 89 27 106 0 35 19 0 0 9 0 0 0 0 1 0 223 642 0 14 0 3298 0 0 242 74 29 40 4 20 0 1110 0 31 0 0 0 4 0 5 8 3 0 0 0 27 63 0 0 0 0 0 0 0 16 15 0 0 731 0 7 0 0 0 0 0 41 6 92 0 0 22 0 0 0 0 0 0 18 0 674 0 0 0 22 16 0 0 0 0 0 0 0 0 4 0 257 26 224 0 0 0 0 0 299 0 0 0 0 28
 191 1 0 194 20 0 24 90 10 16 11 0 0 0 14 0 0 47 0 0 0 814 0 172 16 0 0 27 0 12 0 0 0 77 0 0 0 0 41 0 4534 0 1 5 0 159 0 0 0 2 0 0 0 107 0 5 0 0 136 0 0 0 273 2 0 0 1 0 0 5 0 79 0 43 337 6 63 0 708 16 0 0 6 0 0 0 38 9 0 5 0 0 20 0 0 0 0 0 38 1917 8 0 3861 0 0 0 0 113 0 354 0 0 0 4944 0 0 19 0 0 0 0 0 0 13 0 208 77 37 0 0 117 13 0 0 0 137 0 0 0 0 0 0 4 0 14 0 670 0 64 6
 0 0 0 20 65 0 328 0 0 7 156 0 0 6 0 40 4 33 0 2 0 0 0 35 18 0 0 5 0 0 0 0 0 180 158 0 0 22 821 2 2 0 0 0 4896 0 49 2 0 0 2 0 0 0 0 0 0 275 14 0 0 3 4 369 0 0 4 0 0 0 12 25 223 0 0 0 0 0 0 55 45 0 0 0 14 117 0 13 0 0 0 0 0 0 0 385 0 0 0 0 0 0 0 19 10 0 0 29 0 0 883 886 0 0 28 2 0 24 17 1445 26 0 31 345 0 0 82 10 0 46 502 56 0 0 0 0 0 0 0 0 33 0 3 0 6 1 0 2 0 0
 0 49 288 733 24 2 0 5607 0 21 0 0 0 0 0 0 0 0 886 2 0 0 0 0 0 87 0 0 31 395 24 0 7 0 32 0 0 438 31 0 0 0 0 417 0 69 38 10 4 0 0 0 0 100 21 1800 137 0 0 0 36 31 0 642 0 1 0 0 16 0 2 16 22 0 0 0 15 14 0 247 0 0 0 0 0 0 0 108 1 0 0 329 0 0 128 0 0 0 0 0 71 0 0 18 0 0 0 0 21 117 3861 740 0 0 0 14 0 27 0 0 87 0 57 126 0 10 2 0 0 0 0 0 18 19 5 3 53 66 0 0 0 0 0 22 0 0 0 118 0 42
 28 8128 0 0 136 0 0 525 106 12 0 0 0 32 1 0 845 0 0 0 89 0 0 5 0 13 13 0 11 14 173 1 0 41 0 17 0 0 3 52 0 0 8 0 0 783 31 0 0 0 0 0 17 0 23 27 0 0 36 0 1389 0 27 0 0 0 198 0 0 5 1 0 39 0 36 0 0 34 0 0 0 27 0 6 9 21 0 25 49 0 41 1 0 0 0 0 0 9 0 0 6 15 0 5181 0 1 144 9 725 0 113 0 14 0 0 0 60 0 0 0 0 458 0 34 0 58 0 0 0 0 180 0 47 0 0 162 1 9 0 0 0 0 0 0 0 0 0 0 119 0
 57 46 0 230 70 0 0 0 0 2 0 6 0 0 18 0 0 0 0 0 0 0 156 0 99 0 0 13 0 23 0 0 0 0 6 0 0 0 8 850 0 0 102 0 31 196 0 1 3589 0 0 19 0 0 7 41 0 0 0 0 0 35 0 51 14 27 0 1 25 16 0 0 51 0 0 0 0 0 0 0 0 0 0 83 0 0 0 0 3 675 0 0 0 5 11 63 0 0 0 0 0 39 0 0 22 0 30 0 369 0 0 0 0 0 93 0 0 0 0 93 0 0 121 16 0 0 106 21 0 56 0 0 1 0 0 0 109 0 0 0 0 0 32 7 0 3 811 171 11 0
 0 5 0 11 0 17 0 0 0 5 81 0 3 47 202 0 58 0 0 447 0 0 0 6 0 0 0 0 0 0 0 0 194 6 102 11 0 0 0 34 0 2110 1 477 0 0 3 0 0 0 169 0 175 0 166 132 265 0 24 0 0 19 0 17 1 0 0 0 9 14 59 0 0 0 22 31 0 17 59 0 3754 28 0 266 0 0 59 0 0 51 154 14 13 0 0 1 0 0 32 35 29 0 0 0 0 0 0 0 0 0 0 93 0 0 544 0 0 0 0 0 0 0 0 56 8 0 10 9 0 0 66 0 0 0 9 0 0 1 0 0 0 0 0 0 0 10 4827 0 2 0
 0 22 0 87 16 0 125 0 0 0 113 0 116 0 5 0 0 0 0 814 0 0 3 0 17 125 103 0 0 0 15 28 164 204 20 0 2249 29 0 1 0 0 114 0 0 0 0 0 47 0 0 0 63 6 12 51 59 0 0 0 0 529 3 32 0 199 28 1 0 0 0 0 0 0 21 835 2 168 210 0 0 15 0 0 0 0 0 0 2 0 125 0 6 79 0 0 0 0 17 4 0 0 0 33 1 0 21 0 328 5 0 0 0 21 0 42 4 0 0 0 14 0 0 72 2 0 0 0 0 0 101 0 19 13 108 1 259 0 8 0 0 9 0 0 0 97 346 0 0 11
 0 0 0 0 0 0 0 0 14 0 0 0 43 47 2350 3 27 0 433 9 3 0 4 0 0 30 0 279 46 32 0 6 5 0 0 0 0 0 0 0 4 0 0 195 0 602 0 0 0 0 0 0 0 20 0 4 0 19 71 8 0 0 0 28 0 62 93 0 0 0 0 0 7 110 2 0 7 1343 0 9 0 0 0 0 146 0 275 0 0 0 43 5 185 0 269 0 80 7 0 862 0 0 0 0 0 161 1905 0 70 0 0 4 19 32 25 15 0 0 0 32 359 0 3765 0 0 0 0 0 0 0 28 26 13 653 22 0 19 23 0 0 32 7 415 0 0 203 0 118 6 209
 0 0 65 21 8 0 1 0 0 1 0 288 0 28 3 43 15 0 191 0 0 4898 0 0 0 961 0 43 30 13 2 2 5 19 0 0 0 0 0 6 0 21 0 0 0 104 0 0 35 54 0 1 3 0 0 27 0 0 0 0 0 345 5 0 0 121 19 0 0 0 34 0 8 0 0 0 0 7 89 20 0 220 0 0 100 0 0 0 0 0 337 0 6 24 472 0 0 25 28 0 0 96 0 0 0 2 0 3 3 0 29 8 11 0 0 0 184 2 881 3 0 0 41 67 0 0 0 0 63 38 0 0 75 63 0 0 0 20 0 0 0 0 0 0 0 420 0 72 70 2
 0 0 0 0 0 5 33 0 360 0 9 0 0 19 2 0 0 0 57 0 1 0 0 0 0 0 0 250 0 32 0 3592 18 0 0 0 2 0 0 0 8 0 182 0 0 118 0 55 1264 0 0 0 0 5095 0 0 0 0 0 0 0 7 106 22 0 0 1357 0 0 0 0 0 0 176 4 20 0 82 0 0 0 49 29 0 0 344 0 22 9 0 55 0 3 0 0 22 19 48 246 0 0 257 8 0 8 75 98 46 2 0 44 0 6 0 22 24 0 0 0 0 5 0 0 0 0 0 0 460 249 0 0 20 0 0 0 0 0 0 1 0 31 28 3 63 0 101 0 0 0 0
 7 0 0 0 7 84 0 0 0 0 26 0 283 0 29 5 0 0 0 0 10 27 22 0 0 502 8 0 34 31 0 0 0 263 6512 0 2 0 22 0 444 0 909 0 31 0 0 0 1360 674 0 0 59 11 0 0 12 0 0 0 0 171 0 0 0 0 0 19 19 0 1 1812 5 6 30 325 0 80 0 0 4 0 15 271 0 0 21 0 15 0 0 0 3 15 5 393 0 0 3 0 845 0 49 0 1 0 0 0 0 0 6 0 0 0 0 0 0 0 0 187 853 0 0 0 0 63 0 51 0 257 0 64 0 0 0 0 1 0 0 0 0 0 0 12 32 0 0 0 0 24
 0 0 13 0 0 62 0 161 3 0 0 0 147 0 1195 0 39 4 0 1 0 1 0 0 57 0 249 0 0 0 162 0 51 0 0 0 9 0 15 7 33 66 0 0 0 0 0 0 0 0 93 12 0 0 0 0 0 432 59 0 852 0 0 0 0 0 1 5 0 0 0 162 0 0 0 0 0 0 0 0 4 0 1 0 10 0 19 250 0 55 9 0 0 51 19 83 98 8178 0 26 0 0 31 63 293 0 0 0 0 1 30 149 4 31 0 0 0 5 1 12 0 112 0 9 0 79 0 0 0 0 0 17 0 0 0 0 14 182 342 97 431 0 0 0 126 6 209 0 0 0
 0 0 0 0 78 0 232 0 0 363 0 87 40 0 0 20 0 0 81 42 0 5 0 179 0 0 82 51 0 535 1123 0 375 32 4 0 0 0 24 29 63 0 447 0 0 51 71 92 0 0 0 0 0 67 21 208 0 0 5 0 0 153 0 0 0 0 0 28 41 0 0 0 0 0 21 152 5 0 0 0 144 13 47 1 0 0 0 250 0 10 37 2 12 0 0 7 0 43 131 12 0 0 31 27 0 0 0 163 0 10 525 0 0 0 0 0 0 0 0 0 110 1 8 0 0 19 6 101 6 186 110 128 0 11 144 0 23 0 0 0 0 0 0 0 0 0 0 0 0 0
 0 0 0 0 0 0 0 0 32 0 0 0 0 0 845 0 203 5 0 13 182 5 0 0 78 132 0 5 0 3 0 28 0 0 0 0 0 24 0 0 0 0 2 14 0 0 0 6 0 176 0 117 23 28 0 0 4 10 45 0 0 0 0 143 114 0 0 0 471 0 0 0 0 0 0 0 88 8 0 0 16 48 59 0 0 7 0 0 0 0 0 22 15 133 13087 19 637 0 0 26 2 45 2 733 28 37 0 0 0 0 0 0 2 0 34 8 0 0 0 57 0 7 0 0 48 16 0 11 0 0 0 158 421 124 0 174 6456 0 0 0 0 0 41 0 40 3 0 0 0 69
 0 0 99 0 31 0 65 0 0 0 0 0 79 0 0 27 0 0 10 0 81 0 50 0 208 0 5051 3576 0 0 0 47 0 0 4 0 306 0 536 0 0 0 0 0 602 79 96 0 93 0 0 51 4 0 0 0 0 0 0 17 0 1 0 94 0 69 159 702 0 70 0 30 0 0 0 0 18 1200 32 37 22 14 0 0 1 0 59 0 13 0 56 0 49 81 0 0 32 0 0 26 0 0 0 0 0 0 3 3 0 48 1381 25 0 89 1 0 0 688 16 0 0 6 0 0 0 2 28 0 0 0 14 0 47 24 0 34 13 0 0 0 13 1 0 6 802 0 0 0 0 7
 0 0 16 31 0 0 0 15 81 0 44 60 0 0 0 13 0 0 0 0 0 3 0 0 1 24 9 0 0 0 99 0 24 3 0 0 0 0 0 0 0 47 0 0 31 7 0 96 81 130 0 4 0 0 51 205 5 58 0 80 41 0 8175 336 0 4 13 0 0 6 0 0 0 0 0 0 0 0 0 2 86 40 0 0 0 64 41 0 24 0 0 246 36 0 0 0 0 0 1 0 0 403 7 263 0 0 3 8 6 0 9 35 12 118 16 0 0 1 0 0 0 0 0 0 0 0 0 0 58 0 0 0 0 7 0 0 19 0 14 42 0 24 1 0 41 14 0 0 0 29
 80 0 489 0 30 0 0 0 18 21 0 81 0 0 0 10 0 479 0 0 0 0 0 2 0 0 0 0 0 0 28 0 0 9 0 0 66 0 0 0 0 0 0 0 21 0 0 4 21 49 55 0 0 0 0 0 12 0 10 0 75 0 171 0 0 0 246 0 0 0 0 13 0 0 0 112 0 0 0 0 394 8 23 0 0 260 7 0 0 0 20 0 13 0 0 130 49 0 0 0 105 0 0 0 0 0 60 12 13 0 20 0 97 0 0 5 77 0 137 32 0 29 0 154 25 0 0 0 0 32 0 0 0 0 0 396 0 15 0 9 0 0 0 30 0 0 31 51 0 18
 1 0 149 0 0 0 33 7 0 181 0 0 41 11 0 0 8 0 0 0 24 23 0 0 0 7 57 55 184 0 1 7 0 0 0 0 121 0 1 0 0 0 0 0 0 0 0 0 0 0 257 0 2 0 0 0 2 25 0 0 0 31 0 3 0 0 0 901 0 150 129 0 0 78 31 0 0 0 107 0 8 11 0 31 0 0 0 51 0 0 0 21 26 0 0 51 0 98 1787 3 728 0 0 30 0 0 19 0 0 0 0 0 104 0 0 0 72 0 845 0 0 0 0 20 0 0 0 31 53 0 3 0 0 0 0 6 0 0 40 0 66 314 0 0 147 0 1 0 0 0
 0 43 0 3846 0 0 1 0 0 0 52 191 0 0 15 33 0 0 0 54 0 1 7 127 0 30 98 0 31 0 48 8 199 0 0 0 0 0 1151 105 26 0 0 0 846 0 31 22 0 0 0 0 0 0 0 6 1 0 19 1567 0 0 479 0 0 0 0 160 32 2 81 0 0 13 0 602 0 55 115 11 0 6 0 24 3 98 0 283 43 7 0 0 1 22 0 0 2 0 34 59 0 0 17 0 0 1 0 4 7 6 0 158 0 0 0 0 42 161 0 0 13 0 343 0 24 14 0 524 0 46 0 0 0 3 22 0 0 97 0 0 0 0 0 0 137 2 0 0 6 0
 0 0 37 232 59 0 901 0 75 8 0 0 0 0 0 89 328 0 0 0 0 237 0 0 9 68 188 0 473 46 0 467 0 0 0 6 0 860 0 0 20 0 156 0 106 6 188 78 0 0 0 29 0 11 6529 0 0 0 0 0 0 0 5 0 0 145 0 0 713 120 100 0 13 0 0 29 41 0 120 0 536 0 0 0 0 0 0 2 168 0 20 7 9 24 3843 22 10 0 0 0 0 0 0 0 0 16 0 0 0 53 0 254 0 0 0 0 0 0 549 0 0 42 0 0 0 32 28 0 0 200 0 0 549 238 106 0 0 0 0 0 5 0 12 0 8 0 43 2350 283 0
 71 0 0 0 177 0 0 6 0 0 0 0 0 0 353 58 0 5 0 13 0 0 0 0 155 0 0 0 0 0 0 6 0 93 0 18 0 0 0 0 0 0 0 19 1384 0 0 0 56 0 0 0 0 306 0 0 0 70 69 0 0 0 731 27 2 0 0 13 88 0 0 0 12 232 0 46 121 100 713 8 6 0 42 0 0 0 0 169 316 0 0 447 49 0 0 0 4 0 24 0 0 41 2323 0 0 0 339 0 50 1 0 733 0 0 0 13 0 0 1 0 0 250 0 30 0 216 0 52 0 0 0 2 0 0 37 60 0 0 31 51 0 0 0 0 9 689 641 0 38 0
 0 0 0 0 0 0 74 0 0 13 0 0 3 0 0 77 0 0 0 0 0 6 36 0 0 78 137 0 0 0 0 0 130 0 108 0 1 0 1 0 0 0 1208 69 79 0 18 0 0 69 0 21 364 0 69 0 0 2 0 0 0 187 0 257 0 88 0 0 15 0 5 0 31 0 110 0 16 0 0 0 126 0 0 583 19 0 2 0 0 0 2 54 19 0 0 0 0 0 9 8 1 0 0 0 72 79 0 0 0 17 0 9 0 0 0 43 6 0 0 0 4 0 238 702 0 65 0 0 340 13 7 0 269 0 0 0 306 5 0 0 37 269 49 0 34 0 0 0 0 0
 9 0 0 0 0 0 0 97 3 0 0 3 0 6 10 0 0 0 0 0 396 0 0 32 4 0 77 67 0 49 9 0 231 1364 0 8 234 47 0 502 0 0 32 12 0 0 0 394 48 0 0 27 251 0 0 0 0 0 97 0 231 0 0 0 4 303 0 0 0 0 3 0 3574 0 7 0 0 0 0 44 0 267 16 0 0 581 0 1151 0 0 0 725 0 0 637 431 0 0 260 79 0 330 63 0 0 34 0 0 9 1 0 0 0 1 0 8 0 0 107 0 0 0 0 68 0 0 19 0 0 0 10 22 0 0 0 0 0 19 0 0 63 27 0 19 0 0 151 0 0 643
 0 61 0 28 0 7 0 0 15 0 0 0 0 0 814 0 0 51 0 1 0 7 0 3 33 0 0 0 19 708 0 340 0 0 0 482 417 0 25 0 0 5 0 596 0 0 1 0 0 0 0 0 7 0 0 0 157 0 161 0 442 0 33 66 0 0 28 0 0 18 0 24 51 0 13 1594 20 0 5 0 75 0 0 0 0 0 3 8 0 149 51 0 0 7 551 7 11 8 0 0 0 0 0 0 0 0 81 0 0 40 32 0 0 0 172 18 0 0 51 0 0 13 1 285 6 0 22 5 0 832 1 0 0 0 2 2 136 0 0 50 0 0 0 0 0 199 3 11 13 0
 0 0 0 3103 0 3 655 0 186 28 0 0 0 23 0 0 0 0 54 36 0 19 0 53 0 13 0 16 660 0 8 0 2 14 22 0 0 0 0 0 173 0 657 0 0 47 0 0 0 0 118 0 0 0 0 5 7 0 321 0 0 1 0 0 0 0 28 0 0 113 1384 0 8 1 518 8 139 0 0 0 0 1 0 102 0 143 0 0 0 0 0 0 425 0 0 158 3861 0 0 0 0 35 0 79 0 0 0 187 43 0 0 0 2 0 0 0 0 0 0 0 0 381 442 0 0 0 85 0 1135 0 0 0 0 0 0 121 0 0 13 55 0 6 0 2 0 23 0 0 0 14
 263 1284 14 0 0 31 0 0 31 0 120 1 83 0 0 0 0 512 114 218 23 5 136 8 2 12 0 208 161 0 0 304 0 0 0 32 0 0 0 51 440 0 332 0 30 0 99 0 0 0 107 0 0 0 0 97 0 0 0 0 2 2 2 16 0 0 16 0 0 0 0 0 281 27 0 0 24 0 14 29 104 4965 0 0 0 79 1384 0 389 69 0 7 74 0 0 232 0 0 189 2 0 0 21 0 0 21 431 75 0 186 595 34 0 0 46 3 0 0 28 46 65 19 824 22 0 16 0 0 0 0 19 0 1812 86 2 599 0 13 0 226 8 19 85 0 22 10 8 0 0 13
 385 0 0 1157 0 172 0 3 0 0 35 3 138 4 0 123 0 162 31 0 0 0 0 0 0 2 0 0 0 764 60 0 0 0 13 140 11 18 0 0 0 0 0 0 0 51 0 31 0 0 0 368 4 338 0 0 0 25 22 0 0 0 0 0 4 0 130 48 0 0 0 28 0 0 34 116 0 23 0 15 20 0 0 0 0 0 0 0 258 0 40 22 404 0 108 0 0 0 0 0 0 177 0 0 9 15 0 0 53 14 0 41 0 0 0 21 0 0 0 0 0 0 0 6 0 0 1389 3602 1 3 172 0 36 0 0 0 89 0 0 32 0 264 0 0 32 0 0 0 69 0
 3 0 11 0 0 0 65 8 0 97 0 0 0 29 9 130 0 4 665 19 0 26 7 0 15 0 306 13 11 0 11 95 0 233 467 845 0 0 31 9 24 15 0 0 49 2 0 24 286 0 0 1 32 0 5059 99 0 0 0 0 0 0 0 0 0 13 0 8 0 2 86 0 0 33 0 46 0 0 142 110 0 0 0 0 46 112 0 0 104 0 0 0 2340 15 0 0 0 433 0 201 0 0 0 0 0 0 28 0 5 12 0 0 97 74 0 0 109 0 0 16 0 0 13 12 0 0 0 0 27 0 22 1 0 0 0 0 7 175 2 0 0 1968 15 396 0 0 6 0 88 21
 1 41 0 0 0 0 0 37 0 1918 0 0 0 0 0 0 69 33 9 6 0 0 0 0 0 29 1 0 0 869 0 0 0 0 25 0 6 0 0 110 0 0 0 0 0 21 44 52 154 17 0 103 0 3 0 0 3 2259 0 495 40 25 0 5 0 0 1 0 0 25 1602 0 0 304 0 0 41 0 18 440 1 0 13 0 0 0 0 0 0 0 0 830 0 0 0 0 0 40 7 0 3 20 0 0 0 285 5051 8 64 8 0 1 0 2 0 1 0 0 26 0 0 14 89 0 0 212 0 0 0 0 0 78 30 78 216 0 84 0 10 0 5 15 1 0 125 0 16 3 53 0
 98 89 0 0 56 0 6 0 1 0 4 0 665 0 0 0 0 0 0 0 3 0 0 5 62 35 0 0 0 6 421 15 0 8 4 0 9 0 0 66 0 0 10 9 77 0 25 0 41 0 7 0 3 0 0 729 0 31 0 0 31 0 0 121 0 0 931 309 88 120 0 164 0 0 0 0 0 0 33 21 0 42 0 0 0 24 0 0 33 43 0 0 0 0 0 0 0 0 0 0 0 68 0 5 9 0 0 4 0 0 142 32 0 42 0 0 0 0 9 24 0 1 0 0 803 78 0 0 0 175 0 6 0 0 0 0 8 0 0 20 0 34 0 0 0 1 0 0 0 275
 0 0 731 0 0 42 34 0 0 1 0 0 13 0 7 103 6 0 114 0 0 0 0 2 0 9 21 107 0 0 0 0 55 27 0 0 0 0 0 3561 0 0 0 0 5 0 127 0 948 0 1 46 0 0 0 6 0 49 0 0 12 104 4 12 142 0 0 0 0 3 84 0 0 0 34 4 419 2 0 0 29 10 0 6 0 0 20 0 0 689 1 0 0 200 0 0 3 0 203 0 0 0 4 96 0 584 2490 0 49 0 14 343 0 0 62 0 0 0 161 0 0 97 0 0 157 0 0 0 30 0 88 51 0 0 99 151 38 0 1 319 113 0 0 0 0 9 0 0 0 0
 0 38 0 100 0 231 102 4 0 0 1284 13 0 131 0 0 2 74 0 0 30 0 0 0 5 0 479 0 13 47 32 2 536 0 99 83 7 0 58 0 1 2 0 0 721 244 0 651 0 0 0 0 0 0 54 4 645 0 34 3 0 13 0 85 130 0 58 87 1 0 28 57 12 0 0 0 0 0 0 0 0 0 0 0 21 0 134 0 0 0 26 0 0 43 0 0 70 0 0 0 722 0 0 365 23 191 0 22 0 0 97 2 2 0 84 28 79 42 11 0 0 0 2347 0 10 0 0 1 0 0 1 66 231 0 119 8 257 0 0 80 0 18 0 0 61 68 1 8 0 0
 0 129 8 0 0 0 121 0 6 0 0 6 0 0 0 0 0 10 0 0 0 0 0 0 8 41 46 5 662 0 0 0 0 1 0 0 52 21 0 0 0 0 20 0 0 161 0 55 0 1353 0 0 35 0 0 0 0 0 704 0 0 0 7 42 160 0 47 0 0 0 0 0 10 3584 185 0 2 0 0 0 0 0 31 2 0 0 54 0 3 0 0 0 0 0 0 0 26 0 0 0 13 0 0 5 36 14 0 15 0 7 112 3 31 0 0 0 0 1 0 16 16 0 0 0 119 0 0 4 0 0 51 19 0 0 0 0 517 0 60 0 0 0 166 0 101 17 0 0 0 0
 10 162 0 13 0 12 0 0 0 0 0 2 0 0 17 0 151 0 389 0 11 21 0 0 18 433 252 0 36 1 0 0 0 0 58 0 15 0 1 0 179 14 21 0 0 1602 0 0 11 0 60 14 12 0 0 0 159 0 0 58 0 24 0 6 0 159 24 0 144 49 10 11 27 0 0 24 3 0 0 175 0 55 40 2134 0 18 0 19 0 0 0 1 89 0 41 0 9 0 0 0 47 0 0 0 44 79 0 0 7 0 235 65 125 0 0 0 0 0 0 8158 62 451 40 0 27 0 0 0 0 0 0 0 369 19 0 0 154 0 0 0 0 193 0 0 0 0 0 24 47 0
 0 0 9 0 0 67 29 2 0 3 525 0 0 0 0 167 0 0 1 0 0 3 26 28 0 0 0 199 0 0 0 0 9 22 0 0 1 0 343 0 0 0 504 20 0 5 191 0 83 2 0 0 106 0 1151 403 0 40 0 41 0 0 0 13 0 0 15 0 849 0 0 41 0 411 0 0 9 0 0 0 0 11 0 113 0 107 0 0 50 0 0 1 0 0 0 0 0 0 4 201 0 0 0 10 0 0 0 19 31 0 75 0 1 0 41 9 0 4944 15 0 24 66 254 810 0 0 0 0 0 0 254 0 0 0 0 0 6 0 861 0 1 0 9 31 0 397 64 0 0 0
 0 0 253 161 0 0 9 0 0 0 0 79 0 0 0 0 51 0 0 0 21 13 0 0 0 0 0 19 587 0 0 0 0 0 0 830 0 0 0 9 852 0 0 0 0 1 397 181 0 23 56 5 0 0 0 0 0 0 414 0 121 125 0 110 0 34 0 0 549 0 0 16 0 0 6417 0 0 1 36 8 112 0 0 7 14 84 0 0 0 14 21 369 0 0 30 1 0 0 13047 0 12 0 0 0 0 25 4 34 0 0 29 16 0 0 0 0 852 4 81 26 0 0 102 250 0 0 0 0 159 2 284 0 0 1 0 14 237 188 0 0 11 0 0 0 12 12 3 97 0 0
 0 0 3 5 153 0 0 0 17 0 24 0 0 0 4859 0 250 0 2 107 22 23 0 10 0 78 0 0 0 0 3841 0 13 0 10 0 9 36 0 0 0 283 125 1964 0 0 0 5 0 0 0 0 0 0 19 0 4 0 0 0 0 0 0 0 0 0 0 0 814 31 0 0 0 265 0 0 0 0 1570 31 0 0 44 0 5651 0 0 27 0 1 0 85 23 0 0 0 0 840 0 0 0 2 0 0 0 0 0 6 0 0 0 196 0 0 836 0 23 17 93 10 6 0 1208 0 0 0 0 3 0 0 0 0 0 177 19 32 0 0 1 0 79 3 19 41 14 0 0 0 0 5
 31 6 0 8 0 0 0 24 0 271 0 0 0 0 0 280 7 0 2 0 3 0 0 0 161 0 0 533 0 0 0 33 0 25 0 4 0 0 0 41 0 0 0 0 134 0 0 0 0 0 0 151 0 2 0 0 9 0 0 0 0 0 0 0 34 172 1350 0 26 3 14 47 39 0 0 5 0 71 0 0 18 0 0 0 5181 223 0 0 0 0 0 0 0 13 6 18 0 2 0 0 0 88 0 0 321 28 329 0 85 0 25 34 0 173 0 0 0 0 0 150 125 0 63 0 0 272 9 0 0 40 0 0 0 0 63 0 84 0 0 1 0 0 10 5 4 0 20 4 0 5
 0 0 0 496 63 1003 171 20 0 0 0 0 0 0 0 1 0 0 0 0 0 0 26 8 0 0 0 6 0 96 0 0 0 10 1 4 32 0 0 0 0 3 12 0 0 66 103 16 0 5059 0 1 249 0 0 3858 0 165 206 101 6 0 0 0 0 59 0 0 0 0 48 328 8 44 56 8 433 102 0 0 0 0 1877 0 0 0 3 0 0 36 0 0 0 0 13 27 0 16 0 0 0 0 0 0 0 10 3 256 19 0 6 0 0 0 130 105 90 125 8 41 0 13 0 0 0 9 0 6 0 0 27 0 0 0 0 189 0 0 0 18 19 184 0 0 0 0 117 27 38 0
 22 24 29 0 0 0 0 56 5 0 0 0 0 0 0 73 33 96 0 0 0 2 0 0 0 0 0 96 25 1491 1 0 0 44 57 32 5 7 0 0 1 1 0 0 0 0 814 12 0 0 0 0 19 0 385 0 0 2 0 269 0 32 0 0 7 19 0 0 740 31 205 147 0 108 0 0 0 0 0 0 146 21 6 78 3 350 22 0 3 0 329 0 0 32 0 0 0 6561 0 0 44 0 0 12 50 0 30 64 0 6 0 3 0 21 99 0 0 58 0 0 0 0 0 0 62 0 0 0 0 0 60 24 0 0 0 6 0 785 257 0 0 0 23 0 0 0 42 0 0 0
 20 87 0 0 0 3 171 0 89 19 0 0 13 0 0 0 53 407 0 0 0 0 53 0 91 0 0 0 4 0 24 1 311 602 0 0 0 138 0 0 0 93 0 0 733 0 32 14 19 0 3 0 0 0 0 0 961 3 0 0 0 0 0 0 0 0 0 0 0 0 0 0 189 0 0 0 0 306 0 1 0 0 9 0 14 9 66 0 31 1 0 0 46 0 64 0 6 0 6 0 0 59 8 1604 0 0 19 0 161 15 0 151 0 0 56 0 3 32 0 100 0 45 0 0 8 0 0 0 16 0 0 0 0 0 1 0 0 26 169 0 0 23 0 19 0 7 0 142 0 1
 0 0 253 0 393 0 0 2 27 731 0 80 0 8 0 884 8 0 0 0 7 0 141 0 0 0 147 0 0 0 0 0 0 47 344 34 0 0 0 182 0 27 194 0 0 0 0 0 0 5 14 37 0 0 0 54 12 3 0 0 0 0 0 0 151 0 0 33 0 6 0 25 0 0 9 0 0 0 99 0 0 80 0 0 10 0 0 0 0 1 0 20 0 0 32 0 0 0 0 0 13 0 0 19 4 0 0 0 0 0 0 24 0 0 0 0 0 0 0 0 0 38 0 10 17 0 0 211 0 39 0 5046 3 14 0 0 3 23 0 0 4 0 337 1 0 16 271 0 1 0
 0 0 0 0 0 19 14 0 0 0 52 0 21 0 21 0 0 19 0 0 0 93 4 0 0 1 0 0 3 1 34 0 0 0 283 841 0 0 36 0 254 0 0 0 0 0 100 26 0 0 218 26 2 0 0 19 0 0 0 0 0 47 0 175 0 3 0 0 0 2 0 167 0 0 0 34 69 0 0 105 0 0 61 0 5 0 208 0 65 0 0 6338 0 0 0 0 0 57 0 0 36 0 24 0 0 0 662 0 27 0 0 36 0 0 0 740 0 2 5 0 101 5 0 0 16 0 13 0 32 0 46 2 0 0 5 0 216 3601 3 0 496 0 68 0 0 0 25 0 6 0
 435 0 113 194 7 285 0 3558 0 13 0 33 0 64 699 17 0 0 0 0 0 21 0 0 0 202 1 685 0 0 0 10 0 2 101 19 0 188 0 8178 42 0 6 32 17 6 713 0 186 0 1855 0 6 93 0 475 0 1 21 0 25 7 0 124 0 433 0 0 1 0 13 7 7 245 0 19 740 0 0 82 48 14 0 81 0 0 2 0 0 87 0 27 0 0 20 385 11 0 34 0 0 0 5 0 40 0 0 0 0 0 118 46 0 504 48 0 3 0 0 22 0 46 24 0 0 0 0 0 28 106 0 206 0 84 0 0 0 0 0 58 0 7 0 6514 38 0 7 0 0 125
 0 0 28 0 18 0 0 3 0 0 150 189 0 0 0 0 0 121 0 21 0 0 0 0 66 0 0 2 2 0 1 0 0 0 0 0 0 0 39 14 23 0 57 6 0 13 0 8138 191 0 3 8 0 0 94 2 0 32 0 13 87 0 43 0 0 0 0 0 0 0 0 0 0 1766 0 0 51 0 836 6 0 115 0 0 0 46 0 0 0 0 0 0 0 8 6 41 0 0 75 13 0 4 549 0 0 42 0 0 24 1 0 0 22 0 0 0 80 1275 0 0 0 0 0 0 22 0 0 2 0 10 0 14 28 79 0 0 18 0 34 0 3 0 13 0 0 0 2 0 8 0
 0 0 10 0 25 0 71 48 0 420 0 0 0 0 0 0 0 0 0 304 63 64 0 146 58 0 44 161 0 0 5 16 0 0 0 0 3 0 9 0 0 0 0 0 0 9 10 9 0 122 75 0 0 0 0 3 662 0 16 0 0 0 12 0 0 0 0 444 29 0 0 0 0 403 0 0 154 0 0 0 29 16 5018 0 0 0 0 0 38 63 1284 0 0 0 0 0 0 0 0 265 75 0 0 0 0 0 0 23 34 0 0 0 0 94 304 14 0 50 0 0 67 0 0 94 15 126 0 0 6 55 0 31 0 44 0 0 0 0 0 420 0 0 0 0 0 1812 94 0 0 11
 14 0 0 159 16 72 75 0 297 0 27 0 0 408 160 0 0 43 5 7 0 39 0 0 430 0 0 0 0 161 5 0 124 0 0 100 17 0 0 20 79 0 0 0 249 31 0 0 3 32 0 0 2443 1 283 0 0 0 47 0 0 0 46 6 7 0 0 0 0 0 0 0 0 5 0 0 0 0 0 0 0 11 4 0 98 0 149 0 0 0 44 0 0 0 0 0 8 0 0 0 18 124 68 2 0 0 271 0 5 0 0 18 0 0 0 0 0 0 690 86 52 0 0 56 55 102 0 29 0 133 0 0 0 0 126 0 132 7 0 0 0 49 0 74 0 0 0 5650 0 12
 14 0 37 93 0 1 0 81 167 0 0 0 10 0 0 0 200 0 6 51 12 0 22 0 89 0 217 0 20 127 0 0 0 345 79 0 0 27 0 0 0 7 0 0 0 11 0 54 0 0 0 0 0 0 0 21 405 155 0 0 0 155 0 2 6 0 0 41 0 0 6 0 56 0 0 0 54 0 0 2 0 24 0 0 0 0 4 19 47 0 144 0 0 0 8 200 0 0 0 0 0 0 0 1 0 0 0 0 0 0 34 44 9 0 0 1 0 0 0 3 0 78 0 0 0 0 0 0 0 99 0 0 7 9 0 0 0 55 2 29 5 0 0 0 51 0 0 12 0 101
 16 0 0 737 6 0 193 66 108 7 0 0 92 0 0 0 30 0 1 0 154 0 0 0 18 20 0 13 0 0 0 7 0 0 0 0 0 36 4 28 0 0 0 97 47 0 0 4965 0 0 11 22 14 0 1 0 0 58 2 83 21 152 5 843 0 0 0 0 0 31 9 0 19 0 0 385 0 0 0 28 0 0 0 0 0 0 16 0 0 376 0 3 0 0 0 20 9 0 0 196 20 46 4 152 1 0 9 0 40 28 0 0 0 0 0 0 0 344 431 0 7 0 0 4944 0 54 1 1 0 304 0 23 2 14 0 0 0 0 0 83 0 147 0 5 0 0 0 0 50 77
 48 0 4965 0 25 242 0 11 0 0 24 282 177 0 196 0 48 0 15 19 3 961 2 6 0 0 0 0 0 26 20 1 14 0 11 0 32 84 0 129 693 0 0 0 0 0 157 5 0 0 0 22 60 183 0 121 11 8 0 0 0 0 0 0 0 40 0 0 0 0 0 0 5 0 0 0 4 0 55 6 0 0 28 0 269 0 0 0 87 239 0 0 115 112 0 0 0 0 55 0 0 642 0 0 0 18 422 21 0 18 0 0 0 13 345 77 444 0 21 0 0 0 23 0 637 0 0 0 0 0 0 42 193 1 0 0 0 0 0 588 11 0 0 0 0 6 2 0 0 16
 3 14 0 0 2 0 0 0 0 11 1 286 0 0 0 0 3 4 87 0 11 0 0 329 43 0 0 271 3584 66 0 26 0 0 5 0 18 29 0 0 0 0 1 46 186 0 655 1 0 93 235 34 43 0 0 0 8 264 0 85 10 125 0 0 0 0 0 10 0 269 27 0 208 0 48 0 48 188 8 43 0 0 248 7 30 0 43 0 0 0 0 0 0 19 10 347 403 201 69 0 26 69 0 0 99 30 12 0 0 0 157 482 30 0 0 0 50 0 89 29 6 0 13 0 0 6 8 0 0 14 51 45 0 0 18 115 0 2 0 961 50 0 0 0 9 0 0 19 9 0
 0 0 0 4 9 0 30 0 67 0 34 0 0 4 0 0 0 0 0 0 0 14 0 0 0 6 22 0 8 7 5 0 257 4 0 0 0 6559 0 0 0 0 32 0 29 0 0 48 54 0 0 7 0 0 57 22 240 0 0 0 0 0 665 2 0 0 20 0 4 8 0 0 0 0 0 0 0 2 0 0 0 0 0 0 431 7 19 0 0 2 0 0 159 0 0 0 161 0 0 153 3575 0 0 32 0 0 0 602 8 0 0 0 83 0 0 0 0 6 0 28 0 12 0 0 0 0 0 5170 0 0 0 0 337 43 0 0 5 3602 11 0 7 0 7 0 0 21 0 637 0 68
 47 0 66 0 0 37 0 26 0 62 0 0 112 0 0 0 0 4 0 0 18 879 16 14 36 0 0 118 0 0 0 467 0 0 63 0 0 216 12 23 0 0 0 930 0 0 16 24 3551 0 3 133 34 0 0 0 0 4 0 191 0 0 4 40 713 1812 0 0 41 0 0 271 1 0 0 193 43 0 0 0 0 0 9 4 0 0 4965 1353 0 0 161 8 45 0 0 0 0 0 717 1 2 0 0 9 0 0 0 0 0 3163 0 0 0 0 0 0 0 16 0 856 0 440 0 42 733 0 112 218 53 713 0 0 0 23 0 0 0 0 0 0 7 221 21 0 7 677 1884 6558 196 193
 0 43 0 0 35 0 0 56 6 687 0 0 0 13 0 0 0 0 0 0 21 1 135 0 0 0 803 0 0 61 0 0 100 0 0 0 862 0 0 0 0 0 0 0 0 0 22 63 41 260 20 32 0 0 109 0 0 0 0 38 0 0 0 10 0 10 0 4 6 0 0 677 794 0 699 0 0 0 30 8 80 0 0 12 2292 0 0 107 0 0 0 0 0 0 0 0 0 0 0 33 1384 0 0 0 0 0 0 0 250 0 12 0 0 75 1 0 0 0 0 0 23 0 0 0 0 0 0 240 0 0 101 1 100 0 20 0 0 11 0 13 8 0 6 3 16 1 0 0 80 861
 0 5059 0 0 0 0 0 191 61 0 22 1922 42 10 0 0 0 468 4 402 0 0 525 0 29 12 9 321 29 0 0 62 0 861 112 51 0 14 1 121 0 0 0 33 0 4 1 0 0 0 3 0 114 0 595 14 0 0 46 14 163 0 0 31 1 0 0 0 0 0 0 0 215 0 0 0 0 0 0 0 0 47 0 0 9 0 10 60 0 19 0 15 0 0 196 0 55 0 148 31 3 22 0 183 78 3 0 0 0 0 0 3765 0 60 502 0 0 0 100 0 13 0 79 0 0 0 0 7 0 5 0 0 0 4 0 0 11 0 0 0 0 5 0 0 28 4 0 0 0 0
 106 0 0 0 0 19 0 0 11 0 308 0 0 54 0 1 0 0 0 22 689 19 254 0 0 0 0 0 160 0 70 0 0 0 34 55 56 0 4 208 88 0 0 0 0 0 249 0 0 0 27 1 0 0 0 47 0 23 0 0 7 130 0 0 0 0 3602 18 0 0 0 118 0 41 0 0 0 0 0 182 256 1 3 0 0 6 0 58 287 21 0 0 75 6 0 2 0 0 19 0 0 719 7 0 0 0 0 0 0 0 0 188 0 14 130 0 10 0 32 0 0 0 2 0 1347 3 0 33 40 0 0 0 0 0 255 0 44 32 0 0 0 0 0 0 0 0 79 0 0 0
 0 0 0 0 0 0 0 20 0 0 0 0 4 0 33 0 0 0 0 0 350 0 13 0 0 0 0 0 642 1 0 0 2 0 0 0 0 12 0 0 0 0 0 0 0 408 0 0 1968 14 0 74 151 14 4 60 1 0 15 0 3 0 27 102 206 0 0 0 22 0 0 0 0 0 0 0 0 20 203 0 0 6515 32 0 140 0 85 0 0 7 0 65 93 0 29 0 0 0 0 0 5 0 0 0 112 1 0 29 0 0 0 0 0 0 15 0 0 5 0 0 264 0 0 121 0 0 0 0 131 0 125 0 0 0 0 0 0 2 611 2 0 0 0 4 32 53 23 0 19 0
 14 0 50 98 0 0 0 0 18 0 9 0 0 5 0 5181 0 24 20 16 0 0 0 33 0 0 1595 0 0 309 0 0 0 0 1783 1412 0 0 1 0 21 0 0 319 79 21 0 12 0 27 4 0 55 109 4 0 21 0 2 0 0 12 150 0 0 0 0 0 10 0 87 0 0 29 0 33 0 0 5 0 0 0 0 0 0 132 0 0 0 68 3 1 0 22 203 8080 0 0 1968 0 0 2 0 0 0 0 17 0 0 0 0 0 0 3 0 0 0 0 0 0 0 0 0 10 0 0 0 0 0 0 47 0 58 0 0 46 43 1488 0 0 0 0 0 32 5125 0 0 0 0 142
 179 72 0 42 7 0 0 40 0 0 0 9 0 1 0 0 10 602 1 147 0 44 0 0 8 0 226 0 0 0 0 0 33 0 730 124 0 70 27 0 28 0 26 0 0 0 0 0 192 0 6 21 406 0 0 0 22 0 5 4 1 0 0 0 67 0 0 0 0 0 5 41 0 468 48 55 23 403 0 0 1 0 24 273 0 0 0 0 30 549 0 0 0 699 0 0 0 431 176 2 0 0 18 0 37 0 5610 0 704 8 0 9 116 0 0 679 11 0 0 0 0 0 0 2438 0 26 14 0 0 0 99 8 0 6561 0 0 0 7 0 0 32 236 201 0 0 0 0 612 10 0
 1 1 0 0 0 0 0 0 0 0 0 86 4 0 0 0 46 150 26 101 2 4 26 66 0 0 47 0 0 0 3861 1602 66 0 0 6 7 0 0 0 0 808 0 0 26 0 0 0 11 0 0 0 0 72 0 4 0 351 0 3 0 0 0 32 61 0 287 0 3 6 0 183 691 18 0 124 0 1 0 0 0 0 4 0 188 0 39 56 0 0 0 1 0 0 2 0 0 172 236 32 0 6 0 0 10 469 0 0 0 0 253 212 191 0 43 0 0 0 0 0 0 60 0 265 0 0 0 0 2 0 0 47 105 0 0 0 3 0 0 0 0 0 0 0 129 208 0 1157 0 0
 0 50 3 0 16 0 0 0 0 0 9 0 0 0 3 0 4 94 0 0 0 44 1395 92 1 0 45 0 0 0 19 0 0 191 0 41 4 0 0 1327 0 0 0 0 614 20 0 0 0 0 23 3 0 0 18 10 0 0 0 0 0 0 51 0 0 75 63 0 0 553 0 2 30 0 0 34 2 0 66 263 0 1940 0 0 0 40 0 34 0 0 0 0 0 2343 0 0 87 0 0 0 0 1 0 0 190 0 1765 31 44 10 0 19 157 0 0 12 66 52 21 0 8 0 145 62 31 48 0 22 0 0 0 0 0 0 0 53 0 0 1 0 0 6 7 0 0 7 31 198 0 2
 175 0 886 10 6 0 0 0 5 0 0 0 0 0 23 0 13 696 93 0 0 0 4 1 0 10 0 28 13 0 21 1 0 0 100 0 0 0 31 0 6 0 0 0 0 0 13 0 0 0 2 0 0 0 47 48 15 0 16 0 58 51 0 0 63 0 2 8 0 0 0 28 0 0 0 0 0 0 0 3 223 0 0 0 0 12 0 0 0 38 2 34 0 0 13 0 9 0 0 0 0 81 0 1 0 4 0 261 0 0 0 0 0 0 22 0 2 0 0 0 113 0 0 0 0 0 0 0 0 0 0 22 6 0 0 0 0 0 0 0 1 47 0 0 31 0 0 186 16 86
 2 8 0 0 0 1 0 0 43 20 0 0 0 0 0 7 502 0 0 22 0 149 31 0 59 2 34 23 5 0 0 0 0 0 0 0 16 0 2 0 11 0 0 0 26 689 0 0 0 0 0 0 286 0 8 0 886 0 0 0 0 11 0 0 0 0 4 20 236 0 0 0 51 0 4 0 0 0 0 0 69 0 0 13 0 7 17 0 49 7 0 113 19 2 0 0 153 900 0 0 283 0 0 25 0 0 0 8 6481 0 5 34 0 188 0 34 321 0 59 0 212 15 0 0 0 26 0 0 0 0 0 0 153 0 0 52 3 0 0 128 0 0 0 47 3 0 0 41 1 0
 39 101 1 23 0 120 373 0 35 0 0 7 62 4944 0 0 0 0 0 0 0 60 8 46 444 3589 0 0 0 0 0 0 0 99 0 0 24 0 0 0 2 97 0 0 0 2 0 1340 0 0 0 461 1 0 0 0 0 0 14 0 33 10 0 869 0 0 0 0 0 0 7 155 3 0 0 0 18 0 0 0 110 0 72 0 0 0 25 3 16 42 7 0 0 85 3 0 20 84 0 266 306 0 203 7 0 10 0 93 0 2 0 0 0 29 0 329 0 65 0 0 0 12 0 0 0 159 216 0 0 0 11 0 3 0 169 537 1147 0 0 0 136 0 2 0 0 0 0 21 0 0
 0 0 0 6 0 0 0 0 0 3 0 153 24 0 2 0 0 0 0 0 0 5 0 59 10 0 14 0 0 60 271 0 0 0 0 0 0 20 173 0 0 76 0 0 280 0 8 0 0 3 77 0 14 87 64 232 0 153 0 21 0 225 14 0 0 14 53 9 0 173 205 9 0 31 0 7 0 20 0 0 0 0 0 302 0 0 9 0 0 0 0 184 525 0 86 0 0 25 0 6 0 46 15 0 0 20 0 22 0 11 0 4 0 0 0 0 23 0 275 10 33 0 51 162 8 654 64 0 0 0 0 0 0 1 0 0 0 0 0 32 0 0 0 0 0 34 0 1 0 22
 62 0 245 0 21 422 0 0 8 304 0 0 1 98 0 0 0 33 0 0 0 13067 0 25 12 0 0 12 0 0 0 0 0 0 0 845 0 0 0 1602 0 106 26 0 347 5 0 0 0 6 0 0 0 0 33 64 56 5 0 1 0 48 0 210 1968 45 41 0 0 0 0 223 191 1 0 0 0 0 0 0 4 0 0 699 55 15 14 69 0 0 20 25 0 0 0 0 287 93 58 0 0 51 26 0 0 44 2 0 29 121 165 0 4 0 0 0 0 50 0 0 0 0 0 0 0 178 0 104 0 0 0 0 0 71 79 11 0 0 0 4 0 0 0 0 0 34 88 0 3 0
 0 0 10 0 0 10 0 66 0 7 0 59 0 42 1 2 0 0 0 0 44 3 0 0 0 4 5 7 0 0 0 0 853 0 0 0 0 22 0 2326 0 31 0 0 0 0 7 1 0 62 129 24 0 0 0 0 109 0 16 0 0 28 0 290 0 3 9 11 0 16 0 162 23 0 1666 14 0 150 0 0 0 0 739 0 173 0 161 0 1 58 408 0 3 0 0 2261 24 236 0 0 0 0 4 479 0 12 0 0 0 0 0 31 0 0 8 19 0 0 0 0 0 0 852 0 172 0 0 98 2 100 0 34 44 0 0 0 93 141 0 187 0 0 0 0 120 0 7 115 0 29
 0 1 87 0 82 0 49 0 674 0 1309 16 0 0 11 0 0 0 0 0 0 4944 48 0 0 0 68 0 0 23 0 274 46 31 37 1 0 0 12 0 0 6 0 0 2 0 13 0 0 14 0 8 110 15 259 0 482 9 28 19 0 0 0 13 60 26 0 63 0 0 29 51 5048 107 0 4 0 188 0 0 0 0 316 0 0 0 0 0 0 0 0 93 0 0 0 0 8 0 0 0 0 0 0 10 57 0 3 0 0 0 0 0 0 0 0 0 0 0 0 26 6 4 68 0 688 36 0 0 0 252 131 0 34 0 1 75 386 0 0 4881 3 0 11 0 0 0 0 0 0 0
 56 0 0 0 0 0 0 1261 0 209 0 0 3 24 32 0 0 260 0 107 0 297 19 0 0 12 99 0 0 0 0 0 112 0 84 0 4 0 0 0 12 1 16 8 14 0 0 97 12 40 27 0 11 69 0 0 45 0 3 0 0 99 489 0 0 93 0 0 9 0 0 1374 0 0 145 0 0 28 0 0 0 208 0 0 0 4 0 19 129 344 0 0 15 61 0 0 0 0 0 11 0 51 0 0 0 0 9 0 56 0 0 0 42 0 169 5648 0 22 689 47 0 0 5 0 0 47 0 0 0 0 1384 0 0 60 0 0 158 0 0 177 18 11 0 0 4 0 8178 0 0 0
 4 21 0 47 0 33 62 0 15 0 0 0 0 22 0 0 0 0 0 0 0 8 0 3467 0 0 70 5 0 0 0 21 0 34 0 0 0 0 0 0 0 653 7 0 6 0 0 18 163 47 0 9 0 0 0 0 0 0 0 0 0 0 28 0 306 0 0 549 7 7 0 0 32 0 94 137 0 20 34 2 0 0 0 29 6 20 0 435 0 0 55 0 34 0 0 1 0 38 0 0 0 136 0 0 16 0 0 0 0 0 2 275 75 24 0 0 0 0 0 0 0 0 0 19 0 16 1766 65 542 0 0 77 9 0 75 0 0 3 22 394 845 16 0 19 0 0 0 0 0 0
 62 0 4 64 0 0 0 0 0 0 210 0 0 58 5 0 0 48 20 0 0 0 0 0 0 0 0 0 212 0 0 0 58 0 101 0 0 86 0 0 0 83 5 20 84 0 20 0 17 0 93 19 0 0 0 0 0 0 1 0 5 0 0 0 0 0 183 4944 0 24 253 0 0 0 0 0 212 16 89 0 0 0 85 0 0 2 8 45 0 0 51 32 0 17 5 93 0 10 41 20 28 0 0 0 7 41 0 31 0 0 44 0 10 0 41 0 0 0 1 420 86 0 0 653 2261 132 0 41 0 0 4 0 0 0 0 13 27 0 203 0 17 64 0 0 0 0 13 0 0 0
 0 0 0 0 87 0 0 0 0 0 249 97 0 0 16 0 0 134 0 0 0 202 0 0 0 0 0 0 0 4 0 20 0 5 0 0 0 0 0 0 0 71 0 0 0 102 846 34 0 0 684 0 1 0 0 0 0 0 160 0 0 10 89 0 0 0 0 0 0 7 0 15 0 16 0 23 132 1 0 0 136 1 0 38 0 4 0 0 3 259 1 0 0 0 0 20 1 0 502 32 0 0 0 0 0 0 0 0 4 0 205 0 561 350 6 0 0 0 901 191 0 0 466 0 0 0 0 0 0 0 0 5 0 21 0 481 1208 22 4 36 0 6 43 0 40 5 121 0 121 0
 0 26 0 16 19 0 0 0 22 0 0 0 20 176 635 28 123 30 0 0 0 0 0 0 102 5 0 2 25 51 0 1 0 303 345 223 0 16 0 42 0 64 0 0 10 0 0 0 0 0 0 171 0 98 21 0 0 0 276 0 0 16 0 237 9 0 0 20 0 0 785 0 0 0 173 180 0 0 0 47 0 0 2 0 0 20 0 0 0 0 0 3 148 7 0 26 0 0 53 39 0 717 23 444 0 0 117 0 121 66 17 21 0 4 125 0 638 3 0 15 30 13 0 0 404 0 50 0 0 0 23 0 0 0 0 19 717 0 0 0 0 200 0 0 0 0 0 0 0 1
 0 0 0 0 0 0 28 123 0 147 1389 171 4 0 0 0 26 0 32 47 0 0 0 0 43 0 15 0 0 0 1 0 0 223 0 230 52 1 142 16 0 22 0 0 0 0 0 0 0 0 130 0 36 0 12 0 20 1284 5 18 0 7 0 0 0 20 0 0 0 16 23 265 0 51 0 0 139 34 43 0 8 0 121 5 0 0 227 2 0 0 0 0 0 7 3 0 0 5599 0 150 231 0 0 0 0 0 0 0 10 0 10 13 112 27 0 0 9 0 80 0 0 74 0 0 0 7 0 231 0 0 98 0 0 0 0 0 26 0 0 0 0 0 134 344 162 0 0 0 0 694
 1 0 0 13 87 0 0 0 0 3 14 0 66 0 1 0 0 0 0 0 25 0 28 275 0 206 31 0 0 48 21 0 144 0 5 2 8 0 2 36 0 0 98 20 0 0 0 0 7 0 0 0 0 98 0 22 0 1 0 0 0 0 30 0 0 0 0 30 2 0 0 0 0 0 3 0 0 1 0 0 0 7 0 0 34 0 0 0 162 16 3 0 5 0 40 210 2 0 0 8 0 0 0 18 0 0 0 0 0 65 27 0 46 3 0 0 6 0 0 0 0 0 0 32 4 0 0 0 144 0 0 0 0 0 0 0 0 0 0 208 0 41 133 230 0 0 0 0 32 51
 0 0 0 0 0 0 0 0 0 0 85 0 26 0 2 0 0 17 0 0 0 18 13 0 115 0 0 33 0 231 25 12 0 0 0 0 64 0 58 0 1 15 41 0 0 0 0 0 32 0 0 40 10 0 0 0 1 6 1914 11 56 0 32 83 13 0 0 0 0 37 0 0 0 133 0 0 0 13 0 0 0 0 0 11 44 0 0 0 6 0 8 12 0 89 291 152 0 2 47 0 0 726 0 60 0 0 0 0 37 0 0 0 0 0 0 4964 0 0 0 0 0 0 281 0 0 0 0 0 886 29 17 1151 0 118 0 0 0 0 0 0 5 0 0 0 41 171 0 0 0 0
 209 0 14 10 0 0 46 2 5 0 0 0 0 0 47 0 19 0 5 56 0 0 0 0 0 0 0 9 5 0 182 0 105 0 1 0 4 19 0 78 0 0 0 179 2 433 31 0 0 0 0 12 0 0 0 5 0 0 0 6 0 0 0 75 0 16 0 3 260 0 89 6 0 0 0 0 0 136 12 2 0 16 2 0 0 0 0 0 0 694 2 0 0 45 0 40 0 0 0 0 0 32 161 350 0 11 0 0 2 0 23 5059 31 0 161 22 5 104 0 0 58 185 1815 0 18 89 0 0 93 13 0 9 0 53 28 0 0 0 0 248 24 20 14 0 8 0 41 136 0 0
 0 0 0 0 31 0 0 18 0 0 0 0 0 0 108 12 46 1 150 0 16 0 0 218 0 731 74 0 0 0 0 0 0 0 176 0 9 7 0 0 71 440 1 0 155 55 0 0 49 0 4 85 176 0 0 0 461 0 851 0 2 0 0 0 0 0 5 0 208 0 0 7 1 0 30 0 287 273 0 0 0 75 42 0 104 8 97 0 317 403 0 0 30 0 0 0 27 6 602 124 0 71 0 0 0 0 345 35 2 8 0 0 10 0 88 0 0 6 0 68 0 0 0 22 0 385 0 20 0 0 31 2 0 0 0 0 0 0 0 0 2350 0 13 0 29 36 0 7 26 852
 0 0 0 19 0 0 0 1 27 72 479 7 0 0 0 0 0 0 93 0 0 45 6 87 0 0 75 595 0 0 0 22 0 0 377 0 0 0 27 0 65 0 0 150 0 0 9 62 19 0 0 79 0 2 51 0 0 0 161 0 0 1 148 442 10 0 4944 17 0 0 31 19 0 0 883 0 0 0 0 17 275 0 0 0 0 0 5 0 0 0 0 0 0 0 121 0 13 0 40 5 0 0 0 0 24 0 0 0 0 0 1 309 0 0 525 22 6 0 0 0 0 65 0 0 0 34 0 0 1 0 23 182 0 27 0 0 0 0 0 0 0 32 0 0 82 0 0 0 23 107
 0 466 67 0 3 0 0 0 17 0 0 0 51 302 0 0 0 362 78 5 149 0 0 12 53 0 8 25 0 0 13 0 13 0 9 0 6 4 8 0 0 0 152 1 2 0 0 65 0 105 0 0 18 0 0 0 3 0 0 0 28 0 73 0 0 0 0 0 0 26 22 0 0 0 297 14 0 2 0 20 21 0 8 150 0 0 0 0 106 343 249 10 0 0 21 0 57 42 101 33 0 33 0 11 21 0 0 0 144 0 13 2 0 0 0 13 0 5 3 705 0 0 252 0 0 0 25 59 287 9 0 0 0 0 0 0 0 80 0 0 0 0 0 0 0 0 0 20 174 0
 1 0 0 0 0 0 0 0 0 47 0 180 160 0 257 0 0 0 0 0 0 0 0 10 0 0 0 58 4 0 0 0 106 0 21 0 0 6 0 0 0 0 0 34 51 0 188 0 1 0 0 221 0 32 792 0 0 0 177 108 2 11 0 1 0 80 0 0 466 15 131 0 10 0 503 0 0 0 3 0 0 0 0 79 0 0 0 262 369 0 0 29 3 44 0 0 80 0 0 0 58 0 199 0 9 0 0 23 0 0 3444 0 0 1 0 0 0 0 7 0 97 0 3 36 59 221 0 75 0 0 4 265 0 0 612 0 0 0 740 141 29 20 0 0 0 0 444 0 0 0
 0 119 34 35 1 0 35 0 0 23 0 0 0 0 10 0 21 0 28 0 0 15 0 0 4 0 5 0 3 0 0 0 0 0 0 0 0 8 0 0 26 44 49 0 0 0 0 6 1 2 154 0 0 0 6 43 416 4 0 1208 144 34 0 55 0 0 0 0 26 0 156 0 0 27 0 0 0 0 244 0 0 74 0 0 31 0 31 162 4944 0 0 713 20 5059 0 16 1575 190 0 44 0 37 89 0 3 0 112 25 3 0 0 0 0 284 0 3861 16 21 0 0 3 0 0 0 12 0 0 0 7 29 0 0 0 5 27 0 0 0 29 0 0 549 1 0 0 16 0 0 62 0
 4703 0 0 0 162 1151 209 9 901 2 0 0 659 3 48 0 0 0 0 0 0 0 0 0 0 0 0 0 0 0 0 0 0 0 0 0 0 0 0 0 2 18 8 0 0 15 0 6 43 1414 0 12 0 22 4 0 150 182 20 0 89 0 0 853 1282 0 0 0 16 27 0 0 0 653 0 34 0 190 0 0 2 0 0 0 0 0 22 0 4 49 0 0 0 224 0 0 0 0 0 0 189 9 1602 56 0 0 0 0 0 10 59 0 0 112 0 76 0 84 58 0 149 9 175 0 0 0 0 0 9 775 0 0 0 0 0 0 26 110 0 0 1 0 0 0 12 0 64 47 0 57
 0 0 694 0 0 59 0 0 0 49 202 41 0 373 0 98 0 59 0 2 0 0 0 0 0 22 80 0 0 0 14 845 18 0 106 0 1 0 0 433 0 0 1 27 1208 72 0 0 13 0 0 0 16 18 0 0 0 63 294 0 0 32 0 51 0 0 62 0 0 7 0 13 0 0 814 0 202 0 0 66 0 0 0 0 402 0 0 208 0 1388 0 0 0 0 0 0 17 0 0 0 0 0 0 0 3 0 0 32 0 1384 0 14 12 279 8 17 0 84 0 850 0 0 0 0 0 0 184 0 0 0 160 0 0 40 46 1 523 85 135 0 0 7 0 0 0 0 0 0 0 0
 0 71 113 7 224 2 7 0 0 0 8 0 0 14 0 0 0 0 0 0 0 0 306 0 37 57 69 21 193 0 4 102 0 0 79 0 0 12 46 11 12 0 67 0 444 0 260 0 0 59 0 0 141 0 0 0 38 0 0 470 0 0 0 13 0 1 0 0 0 0 0 0 0 0 0 32 73 0 0 10 0 20 2 0 0 0 14 0 0 0 23 19 604 53 0 0 160 259 2068 0 0 28 0 0 0 0 0 0 0 0 983 0 724 0 0 0 0 0 2 78 0 740 32 2 0 28 0 0 0 0 36 0 0 0 0 56 4952 0 0 0 0 0 0 5 0 0 0 0 0 677
 0 10 0 0 0 0 0 101 0 0 1 0 8 167 0 0 80 14 247 0 0 0 0 0 29 0 0 0 34 0 10 18 0 0 0 0 58 43 2 51 0 5 36 177 71 0 403 0 0 38 0 1 49 0 0 0 0 0 0 4965 0 1805 5617 0 2 0 0 0 2151 88 57 35 0 0 0 0 0 0 0 0 0 0 0 165 0 0 0 11 0 121 3 0 0 0 16 188 5 0 0 0 0 40 35 5 0 0 0 0 161 25 92 0 0 0 0 0 254 2483 51 0 0 77 38 8 0 0 0 8 0 0 0 0 0 329 735 38 55 0 0 29 0 0 0 205 131 0 0 13 883 0
 82 0 47 150 0 191 42 0 0 34 0 0 12 231 21 0 17 0 0 0 89 0 4 0 0 36 0 30 0 0 0 1 40 0 0 5 22 59 0 27 0 0 0 0 47 23 0 0 0 8 0 73 140 0 113 0 0 0 0 0 0 0 51 0 0 304 41 13 2 0 0 0 0 0 700 0 0 0 1 161 33 0 120 0 0 0 20 0 0 0 0 0 20 0 0 0 0 82 0 48 0 3 20 0 0 687 0 0 76 0 0 0 0 0 13 12 0 29 0 0 0 0 0 4722 16 0 0 56 0 0 0 0 39 0 57 6561 0 5 88 53 24 0 0 41 0 0 34 110 0 0
 1 0 0 0 0 687 13 0 719 87 5 79 25 0 8 31 94 0 0 0 37 0 0 18 0 44 186 0 0 11 50 0 862 0 167 14 0 0 0 1 1203 71 0 33 7 11 0 0 0 0 22 0 0 60 472 20 5 0 0 0 0 0 40 19 5 18 25 2 0 0 1907 826 0 0 0 0 0 6 0 0 0 11 4965 0 1 0 1 0 81 0 1766 0 1 20 0 482 0 109 0 0 0 0 3820 0 182 344 79 68 589 0 0 0 0 32 0 0 0 0 0 0 0 0 0 0 0 125 34 0 0 81 18 47 13 0 0 0 0 0 0 0 1 59 0 0 0 0 0 13 59 13088
 0 0 0 0 0 96 19 0 241 0 0 75 2 0 6 0 0 0 0 0 0 0 0 525 257 0 0 0 0 41 0 0 0 12 0 0 74 0 0 0 0 21 2 856 0 0 0 1 0 47 0 44 0 0 0 181 21 10 93 0 0 1602 0 0 0 0 0 0 0 0 0 1389 205 95 0 0 9 504 29 1 0 0 0 0 0 0 49 0 0 0 110 41 1384 13 0 0 113 0 0 0 0 4 39 19 0 0 0 0 6 0 0 0 0 0 0 0 0 0 66 0 43 0 12 49 26 0 0 56 0 0 0 0 0 0 16 0 0 2 0 0 0 252 173 191 0 0 32 0 87 0
 0 0 0 18 0 0 0 18 717 191 0 0 55 439 212 0 0 0 18 1 0 0 0 0 0 86 0 0 0 23 196 0 0 48 41 0 285 0 24 12 0 2 1 0 0 0 1 1 0 0 0 32 8 126 0 0 0 4 0 8 5 0 0 0 0 0 0 10 0 0 0 0 72 0 0 26 0 86 0 21 0 0 0 0 0 0 0 0 0 0 0 0 116 150 14 173 0 0 0 44 0 0 3 0 0 4 0 101 0 0 33 26 61 13 0 5 0 6 65 0 23 0 0 0 456 0 11 0 0 0 3 0 0 203 654 0 0 161 0 0 3 0 0 19 0 19 30 0 5 0
 4 0 0 0 0 0 1 0 0 0 0 184 0 0 5 0 11 0 0 216 0 0 3 0 0 0 0 0 24 31 8 0 66 4965 24 5630 125 6515 0 45 1766 0 0 0 79 0 0 242 287 0 3 0 0 50 37 0 0 304 0 0 0 0 0 0 0 0 0 0 2 1 0 10 0 0 13 8 89 0 1352 0 0 1 23 0 0 0 170 53 51 1 0 8 0 0 0 56 21 5 2483 1 0 1600 0 475 0 328 10 0 26 172 158 0 8 0 0 0 0 0 8 0 0 0 0 0 6 0 2 0 0 0 0 0 26 0 0 2350 0 0 54 0 189 0 0 0 113 0 0 98 0 0
 37 8 0 524 0 0 0 0 6 411 0 67 62 0 0 0 0 75 0 0 0 5 13 0 41 0 0 0 62 1 0 40 0 401 0 119 0 146 0 0 220 21 18 59 2 32 0 0 1 29 0 0 3 24 0 0 0 642 0 0 0 13 280 87 0 0 5 0 159 0 0 0 73 5 0 0 0 1 0 0 93 0 0 37 166 0 0 0 0 0 89 0 0 0 0 0 0 42 0 0 0 309 259 0 7 0 0 0 0 783 0 4961 0 2 0 89 0 0 0 0 28 21 0 145 151 0 6 0 0 16 595 0 0 0 0 116 0 0 7 0 0 0 5 722 785 0 5 0 0 0
 29 0 433 49 0 0 0 23 31 128 0 31 41 0 0 0 0 21 18 0 0 0 0 0 0 0 0 0 0 1353 0 14 0 814 0 0 732 8173 665 0 0 14 27 251 208 9 20 26 19 525 0 10 0 0 0 309 0 430 0 3395 209 0 14 43 0 0 0 961 0 1 0 229 5 0 0 0 0 0 0 96 852 8 0 97 0 34 0 0 0 188 0 0 0 0 0 0 0 0 0 0 199 0 5 3 0 0 0 54 0 19 0 1 0 54 0 0 0 0 0 81 43 0 0 0 0 0 87 1151 0 0 0 0 0 1157 141 0 0 0 0 244 65 0 0 0 0 0 56 0 0 740
 0 0 0 19 1 4 11 0 0 3 34 0 0 0 4722 4 0 9 31 11 10 0 0 0 0 0 2 0 232 13 14 0 48 21 0 0 35 13 257 0 0 0 0 0 0 11 0 0 59 0 0 0 7 55 7 324 0 0 0 0 68 0 0 0 0 433 0 0 24 0 687 0 0 0 125 9 0 0 733 1 37 0 0 14 0 0 0 44 104 0 42 48 0 59 84 0 22 21 0 60 0 0 0 49 0 0 0 75 0 159 0 0 0 6 55 9 0 0 0 0 2 54 0 0 58 5181 78 5 0 1 257 5 0 0 0 0 0 169 0 0 21 549 0 5 242 0 0 61 0 0
 3584 116 0 53 82 27 0 0 1120 7 77 0 2 11 0 150 0 0 50 0 0 0 0 0 8 159 0 0 10 0 26 0 208 51 90 0 0 350 262 0 6 0 0 0 35 53 0 0 34 0 27 0 10 0 26 2 7 0 0 21 0 0 2 0 0 98 0 18 0 0 0 11 2 3 88 0 662 0 8 0 0 0 25 26 0 0 8 6 0 0 0 0 129 0 0 88 421 0 0 0 121 0 0 0 12 53 0 0 5 35 0 9 0 0 0 7 23 202 0 199 1 7 23 708 32 36 0 0 0 11 0 0 8 0 0 66 25 69 5 0 0 0 1 0 0 0 5 338 0 0
 0 0 0 0 3 0 0 42 8 32 21 8 0 0 40 0 47 0 0 0 2 1495 0 0 0 65 10 0 0 0 1 0 0 0 129 0 0 206 0 41 0 0 0 0 16 0 4 0 0 22 104 41 42 0 0 18 258 69 48 0 0 162 194 0 0 185 0 0 130 0 4965 0 203 0 0 0 0 0 5 0 0 0 3 47 154 0 0 7 107 9 6 271 0 56 0 0 0 0 0 0 0 27 0 0 0 8 0 0 0 328 0 0 0 0 65 14 32 40 13 50 6 0 0 69 0 0 0 18 41 0 0 2 0 0 69 0 141 0 0 37 0 0 8 1 26 22 0 0 102 0
 13 0 0 18 3 0 0 0 36 0 35 5 0 0 0 58 0 0 39 0 0 0 2 19 0 0 0 0 0 51 0 0 0 0 69 0 15 0 0 0 0 11 108 2 0 0 10 0 0 0 0 0 0 47 0 22 0 8 0 0 0 0 0 20 669 737 0 0 0 28 0 19 254 160 24 0 10 0 0 177 2 2 0 0 0 2483 157 0 34 8 315 0 0 13 22 19 69 0 0 1550 0 136 0 0 8 49 110 0 0 283 7 0 176 0 0 0 254 483 63 0 0 0 60 0 0 34 0 108 101 68 0 0 49 0 0 0 0 0 1 2 0 0 0 0 154 0 610 0 0 89
 0 0 0 0 0 636 0 5 14 0 0 0 0 0 8 2490 8 14 0 0 3761 413 0 9 0 0 0 16 0 397 0 8 0 58 0 0 44 0 0 0 901 0 0 113 0 0 0 415 0 0 486 0 0 208 32 0 521 3 54 0 0 0 63 2 689 99 0 28 73 12 0 0 0 0 0 5 0 0 10 74 0 19 0 13 34 0 167 0 0 0 0 0 0 0 0 0 22 0 0 0 0 26 0 0 1 0 92 0 0 1 9 0 8 0 0 0 0 0 1 0 0 0 0 0 0 27 0 0 0 0 0 0 0 0 0 0 57 28 0 0 0 114 0 0 0 94 0 0 0 637
 0 7 12 0 2 80 0 0 249 0 0 0 0 0 0 4 0 0 0 0 237 33 47 32 0 0 0 151 0 1553 0 0 0 147 0 0 0 0 0 14 0 0 43 0 0 0 0 0 0 72 0 0 0 76 0 0 0 0 0 47 52 0 13 0 89 28 6 0 0 0 0 29 0 51 0 0 234 9 0 12 235 0 0 0 25 0 0 0 154 0 0 0 5 23 4 0 0 0 0 40 0 21 32 3178 0 17 2 7 12 0 5 2 0 0 0 0 23 713 0 8 0 0 7 27 0 0 0 0 0 0 6 0 0 0 3 14 81 5 0 1 0 5 0 602 58 0 3 0 14 0
 0 15 1 0 0 9 0 51 0 21 0 17 0 937 11 1 0 20 22 0 66 0 0 3 0 304 185 0 0 0 0 0 0 0 13088 0 0 0 0 24 60 14 0 1 0 132 16 84 90 0 0 220 30 0 0 48 12 75 0 0 84 13 0 0 125 181 1 0 0 0 0 11 0 0 0 0 301 1 4 5 24 0 0 3 0 10 48 0 0 0 24 117 0 0 0 0 87 102 0 134 0 0 0 0 0 0 0 0 28 0 4 52 0 0 0 0 627 635 16 11 0 0 0 436 110 13 0 0 47 0 42 41 525 0 35 0 1 0 6 19 21 0 0 0 13 0 0 4 0 0
 0 0 0 0 145 37 2 104 2 39 54 0 0 0 0 0 13 1 0 0 0 0 0 0 0 0 0 0 48 4965 20 0 29 0 99 0 0 4 0 0 0 0 0 0 0 0 1 0 0 56 3 13 0 0 0 13 0 0 0 28 0 318 150 0 102 108 101 65 13 0 87 256 0 5 22 0 191 0 32 0 0 0 0 0 0 515 0 0 0 0 0 29 0 34 0 0 1 94 0 0 0 22 5 0 0 18 0 0 0 0 0 11 0 0 0 38 3 8178 96 8 0 0 0 0 0 0 0 43 0 0 0 0 0 7 100 0 0 0 0 677 0 0 15 0 0 36 0 0 167 0
 116 0 0 385 0 0 0 0 0 0 0 0 0 2 0 0 280 0 0 37 50 0 2459 15 0 0 0 69 0 0 0 0 5 2 265 0 0 2 0 0 0 0 0 0 420 0 0 0 27 0 0 0 0 0 27 15 0 0 0 28 0 0 16 55 0 0 41 0 0 0 0 504 0 0 0 886 0 0 0 0 2 0 0 0 21 110 0 5497 0 0 0 5 0 0 48 15 50 67 0 0 8 0 0 25 0 3 717 9 0 0 0 212 0 184 0 9 5 11 1 0 0 0 3636 101 302 2261 0 22 79 0 0 671 0 0 0 10 21 0 0 0 0 34 0 0 14 0 689 118 10 0
 0 0 0 24 57 0 0 0 10 0 0 0 0 0 86 0 194 0 0 0 16 0 0 0 35 0 0 0 21 653 9 0 1968 5 0 0 18 0 9 80 271 0 0 0 0 3 41 5 36 2 4 694 31 63 0 62 33 0 13 46 0 0 1055 713 152 6 0 22 0 0 0 5 0 8 0 0 32 244 0 0 0 0 25 0 0 8 0 0 0 0 6 160 23 0 0 1109 0 40 0 0 0 0 9 861 0 12 0 0 0 35 0 89 0 0 7 0 0 41 0 0 178 6 0 0 0 0 38 0 0 51 13 26 0 0 2 0 0 0 0 0 110 0 0 0 0 10 0 3 16 0
 1 0 0 13 0 51 0 42 685 8 0 5 0 0 0 33 0 0 5 1 0 0 29 41 0 0 22 0 98 84 20 0 0 0 8 106 49 0 0 0 535 0 0 6 0 0 97 0 29 0 30 59 853 0 71 0 195 0 28 0 16 0 14 0 0 0 13 0 57 0 28 0 0 0 151 253 0 32 23 0 142 0 0 0 0 125 0 0 1766 0 0 0 0 0 595 66 11 0 12 0 0 0 0 0 0 8 89 7 2257 1 40 0 35 10 5 131 41 0 0 0 0 6 4 26 0 45 4 0 0 0 276 0 0 35 5 8 10 0 0 26 0 0 194 0 5 60 0 1 0 0
 4926 0 0 0 51 0 343 3 339 8 44 0 3 10 0 0 48 0 14 0 5 0 0 0 0 0 0 36 1 0 600 21 0 0 16 0 19 11 0 25 0 0 0 0 0 44 0 91 0 0 0 1 13 0 4711 0 40 13 4 0 15 2 328 0 0 0 0 3 74 0 2 0 0 0 0 31 0 0 0 58 0 0 0 34 0 0 0 0 0 51 1319 51 25 0 3 24 0 16 0 43 17 93 282 0 202 0 59 0 1 75 58 2 0 0 0 0 11 76 0 0 1 1 0 0 1 0 0 1 408 0 13 11 0 0 81 0 165 244 0 1 0 0 20 0 0 0 0 30 10 0
 0 0 0 11 0 0 47 65 0 18 0 0 0 137 24 119 0 0 255 0 81 65 123 0 56 431 0 0 1 14 0 0 0 0 1 0 0 68 0 146 1 0 2 327 0 96 0 75 0 16 136 4 0 286 0 0 92 0 58 0 0 2 60 170 18 3577 50 15 0 0 0 0 0 0 0 0 0 28 0 0 28 3 15 0 61 0 0 4 0 0 10 0 0 0 13 407 0 6 6515 0 100 0 0 0 0 0 0 0 15 0 0 0 8 0 1 112 6 2 0 1157 18 0 0 0 0 0 51 0 9 0 0 13 0 0 16 0 10 0 0 0 0 0 0 0 708 0 6 3602 0 0
 0 51 23 612 0 11 0 0 9 35 0 0 20 0 0 48 0 201 0 0 31 40 0 157 5134 56 0 0 0 0 41 0 7 246 79 44 29 0 0 110 0 0 0 0 430 0 0 72 0 19 0 2 101 0 0 25 0 5 36 0 0 21 3 159 208 0 3 5058 0 14 0 0 0 71 0 103 328 47 0 402 0 49 0 0 0 17 0 210 0 0 337 0 0 68 1 0 69 3 285 7 11 32 0 34 0 0 0 595 0 0 0 0 0 0 0 0 98 57 86 814 29 0 0 0 0 0 0 22 528 1807 0 45 0 40 0 0 154 0 0 12 0 16 0 65 0 6 0 3 37 26
 51 16 0 0 0 0 0 0 65 19 0 0 0 5 137 16 10 0 0 2 17 0 1 6555 0 0 0 0 0 0 0 15 0 51 0 1 3 6 0 0 0 0 0 0 0 0 0 29 0 0 0 89 0 3 0 0 26 0 0 0 16 0 0 9 0 34 0 0 0 162 0 0 40 0 0 0 22 21 0 6 14 8 0 73 3 16 0 0 0 0 179 0 0 0 0 0 0 380 0 0 20 202 0 0 0 0 0 33 0 0 0 0 0 49 0 0 0 0 0 0 10 0 29 0 23 0 67 13 7 0 432 0 0 0 0 19 0 0 0 0 0 0 0 8 11 0 0 109 0 0
 0 27 0 0 2 0 0 33 0 0 71 0 161 7 1 0 0 132 0 0 167 0 0 0 0 33 0 0 29 0 0 20 0 0 161 0 18 40 0 0 0 0 29 8178 0 0 0 14 0 5 0 71 0 0 0 0 0 0 0 0 0 0 35 1208 0 0 301 0 16 12 0 0 0 148 0 191 100 0 0 135 0 0 1 0 3 0 19 2 0 0 0 46 0 0 0 0 54 0 0 0 0 0 18 231 120 0 0 0 41 0 0 0 48 1353 4 0 0 0 29 0 0 153 244 1 0 22 0 115 828 3 0 0 0 0 16 0 0 0 0 0 26 3 0 0 4 0 0 0 0 0
 47 59 0 275 206 0 0 0 0 37 212 0 5 16 0 55 59 0 0 167 0 0 75 0 5 0 0 187 13 75 9 23 68 14 23 0 9 0 0 0 0 51 0 0 39 0 0 0 0 21 0 47 0 0 0 62 0 0 39 0 0 0 0 58 3 0 100 26 2 60 0 0 2 97 0 159 22 0 0 4 0 0 0 4925 0 23 0 0 5 0 34 29 0 0 0 3584 19 0 0 29 0 0 0 70 0 0 30 0 0 0 0 0 95 6 79 0 0 18 0 7 0 250 0 0 0 0 0 5 0 0 0 0 0 0 22 0 49 0 0 0 542 0 0 0 0 0 1 19 0 0
 0 0 0 0 0 0 0 0 0 0 285 0 0 0 0 21 0 0 601 0 0 12980 0 0 100 0 71 0 0 9 0 0 5 137 12 0 0 30 157 189 8 306 0 0 0 2 0 0 28 45 0 14 0 83 125 0 0 377 0 6 0 0 99 0 0 0 0 0 6 254 0 0 0 839 0 7 10 0 0 97 0 10 0 69 1375 70 0 0 35 0 0 0 0 19 8178 59 0 21 0 0 60 0 0 0 0 0 3 135 0 0 0 96 0 66 0 0 0 0 51 96 78 0 0 1 0 0 0 71 0 0 715 4 0 0 0 89 5 0 0 0 89 0 0 4 13 12 0 0 59 229
 148 0 24 0 0 0 0 0 65 33 0 1 0 0 0 0 0 0 0 6 60 0 0 0 0 0 0 0 104 0 0 0 0 0 0 0 17 319 0 0 0 0 0 0 0 98 7 0 0 0 0 0 0 0 0 548 23 0 22 158 107 0 0 151 264 8 0 50 0 0 0 28 0 0 0 0 17 0 0 196 322 0 0 0 3 382 0 464 0 0 24 207 0 29 0 0 0 0 159 9 0 0 22 0 0 0 89 0 2 0 32 0 0 0 0 0 305 0 0 0 0 0 0 0 3 0 0 0 0 7 3 0 88 286 0 0 277 0 0 733 0 0 0 96 0 14 0 19 6 66
 393 0 267 0 0 44 0 0 0 9 23 0 0 107 0 8 17 0 0 36 23 51 0 0 0 81 287 0 0 3740 282 0 16 0 0 0 1 0 0 0 3 0 31 0 0 0 0 0 1071 79 271 156 101 0 122 344 740 7 36 0 0 7 0 3 0 0 72 13 69 565 0 98 2 8 0 0 0 0 0 0 89 0 0 100 0 0 0 0 0 0 0 9 0 0 0 0 78 1 0 23 0 209 694 152 0 0 0 0 0 3818 27 0 0 0 57 29 8 0 0 73 0 4625 25 0 0 0 0 0 0 0 0 33 0 40 0 0 0 0 0 44 0 0 0 0 0 27 0 18 0 369
 0 0 0 7 24 0 0 0 24 0 0 0 0 0 0 0 0 0 0 328 0 0 0 0 448 7 0 0 6 0 0 0 0 0 109 0 0 0 2 9 102 29 14 0 0 0 254 80 69 0 112 0 74 18 9 0 0 232 0 0 149 0 0 26 43 0 0 0 0 0 0 0 83 71 0 8178 2 13 0 0 0 5 26 55 0 10 0 0 0 0 0 1 5 34 0 0 0 14 0 47 16 0 107 0 0 0 36 69 0 0 87 0 66 0 205 12 125 8 0 3 0 162 26 3 0 0 108 0 28 3 0 40 0 457 0 52 0 0 21 0 0 0 21 3 0 41 0 1 0 56
 25 99 1187 444 0 3601 0 55 0 0 7 0 93 212 78 0 0 0 0 11 130 2 19 0 0 8 0 426 0 14 0 2 0 0 0 70 40 43 2 0 0 0 0 0 4 12 75 12 19 0 0 0 0 51 0 0 0 0 8 0 20 1 0 41 28 0 23 19 0 0 0 83 0 652 0 0 0 0 788 0 0 60 0 5 0 128 0 13 0 85 0 0 2 0 116 202 0 251 0 0 0 0 1908 0 0 402 19 0 0 0 0 0 40 50 0 4936 0 0 30 0 244 0 0 0 1 0 0 98 0 0 0 4 0 84 1 0 85 0 0 0 0 0 305 16 0 49 0 0 0 0
 87 22 2 0 0 0 53 0 0 0 0 75 0 0 14 1381 6 0 11 431 0 0 0 0 0 0 0 0 0 0 0 0 0 21 80 0 0 0 0 0 34 220 18 0 31 0 0 0 0 3 8 121 131 16 6507 0 0 3 0 3 0 244 0 0 12 0 0 0 0 24 0 0 0 0 0 0 10 0 0 0 0 0 2 0 0 7 0 0 0 18 0 9 4 0 0 277 4 0 5 27 6510 0 18 0 0 101 0 0 32 0 2 0 34 0 109 25 6 7 0 364 0 29 121 47 54 0 0 350 0 0 0 0 0 1 0 0 0 0 21 59 45 0 0 98 0 0 0 0 45 0
 16 0 0 0 0 0 0 0 0 0 0 0 0 18 0 0 194 0 2 0 34 0 0 51 0 3 27 52 0 0 7 0 0 0 0 12 0 0 2 0 0 3 0 504 8 27 37 0 93 14 0 527 0 0 0 51 0 1 0 17 0 17 0 0 51 8 1766 42 0 1 53 7 0 0 0 0 84 0 0 0 27 136 0 0 99 22 18 174 58 0 19 51 10 0 232 1 97 0 33 0 0 0 0 0 17 0 134 0 0 18 16 8 0 0 93 0 0 0 7 0 0 13 0 0 0 0 0 0 0 408 36 21 119 16 447 0 44 0 0 0 14 23 0 0 0 0 118 113 0 0
 93 0 0 852 4 162 0 14 0 0 0 0 0 9 0 0 1 0 0 0 0 0 0 0 0 32 0 0 0 27 0 63 0 0 118 1 0 337 77 5 71 0 0 26 51 38 0 237 0 0 70 0 0 125 0 0 0 33 0 41 0 0 0 0 0 0 41 171 0 153 0 8 3 2 15 0 0 5 19 0 0 42 29 0 0 0 30 0 431 0 0 0 13 21 72 0 0 14 0 4 0 46 0 0 24 0 0 49 8178 14 0 0 10 19 0 0 0 0 0 0 0 19 0 11 0 0 0 0 5 191 125 0 129 12 0 22 0 28 0 0 0 0 0 0 0 0 610 0 0 961
 0 0 0 0 0 0 0 1 2 4 1 0 0 0 0 12 98 201 0 0 7 24 0 32 45 0 8 0 0 5097 0 0 1 191 0 4 0 0 3 25 0 304 0 0 282 0 29 0 92 49 0 100 0 0 0 0 830 5 0 12 1 41 0 210 5 0 0 5 845 0 0 0 0 13 3 0 0 400 6 0 18 87 62 8 0 0 0 34 0 0 28 0 0 0 2 396 3 653 10 19 8 43 0 3738 29 0 0 56 0 0 8 0 0 0 0 0 0 0 0 0 19 362 9 0 3 30 12 0 0 0 5 0 0 2 0 0 0 0 94 0 0 0 6 0 498 0 0 72 0 0
 0 3 0 172 394 6 38 60 2 93 0 0 0 1 0 55 80 544 0 0 0 19 0 84 3 0 0 0 0 0 0 0 1 0 51 0 0 0 0 0 49 173 0 0 0 0 24 0 2 99 0 0 0 0 0 0 0 0 0 23 0 6 0 11 0 2 0 86 0 0 178 0 3 0 2 21 0 0 0 0 0 0 21 3760 7 0 0 6 9 0 3 0 0 0 0 683 0 0 15 0 0 0 93 0 0 0 0 51 10 40 17 54 0 16 0 3 0 0 0 109 176 0 0 0 0 6 0 0 0 0 47 7 0 8 0 0 0 86 0 0 0 55 19 0 502 0 0 15 29 12
 785 0 0 0 201 0 0 659 0 14 0 0 11 0 0 0 0 0 0 29 0 278 0 32 0 10 11 0 8 6 13 0 0 0 5 0 0 0 16 0 0 0 0 0 0 0 0 213 0 0 194 0 0 0 0 80 0 7 89 34 0 402 124 0 15 2 0 0 0 0 77 0 175 0 0 190 0 0 0 0 0 23 0 0 102 0 27 0 0 1 0 0 0 0 0 98 0 0 161 0 0 0 29 0 0 90 23 18 0 0 24 0 0 0 0 14 235 0 0 0 0 0 45 87 0 18 0 0 0 0 0 25 1 40 0 0 43 0 15 194 3599 21 0 0 0 65 27 1594 0 0
 0 0 69 21 0 178 35 0 60 8 0 0 49 364 0 153 0 0 28 0 0 0 0 0 4 0 0 17 0 0 0 84 0 6 286 0 0 0 0 0 0 0 0 0 1548 185 191 13 0 0 740 0 0 0 0 0 0 0 0 0 0 0 0 0 6 1 0 504 0 0 39 0 9 0 0 7 0 10 13 0 33 0 0 0 3 0 0 0 0 110 0 13 0 0 0 254 48 0 0 43 155 0 3 0 0 0 0 29 0 0 86 0 0 1549 0 0 0 0 94 29 0 32 0 0 0 8 0 1 22 0 0 9 0 0 0 4 0 8 0 19 13 0 63 0 0 77 2 0 0 3
 0 0 0 8 0 0 0 0 0 8 0 6 0 0 0 200 0 0 0 11 11 0 15 0 0 95 104 5057 18 0 0 0 10 731 5 0 0 0 0 0 113 0 0 0 0 0 15 31 0 0 78 0 0 168 0 9 73 0 0 0 8 0 0 0 19 0 11 0 23 0 1375 0 0 0 0 43 0 0 2 0 21 0 0 21 0 16 102 0 3 0 713 343 149 51 12 236 0 0 13 0 0 12 0 86 0 1 0 0 0 0 0 59 7 0 0 32 25 150 1573 0 0 0 0 28 51 539 0 0 26 48 0 0 24 0 108 0 0 1760 11 0 0 0 0 0 13 0 0 0 29 0
 12 49 83 0 0 19 74 11 0 0 0 0 0 0 1 132 0 0 0 0 1371 162 0 0 0 0 40 0 0 0 4965 231 18 10 29 0 0 7 0 216 0 5 98 0 39 0 0 89 11 0 0 0 281 0 0 0 0 0 0 0 0 0 0 39 0 48 41 11 0 79 0 15 852 60 0 0 40 46 0 112 402 0 6 34 208 0 0 290 0 0 0 0 433 0 0 0 120 0 6515 0 0 12 0 4 283 785 29 21 3 645 0 0 0 0 0 87 0 41 375 19 13 0 0 0 0 0 0 0 0 0 0 18 26 125 0 0 0 0 4 0 0 0 0 54 0 708 0 0 13 36
 0 682 0 1 43 0 0 10 0 0 0 0 0 126 0 0 0 0 33 87 53 0 0 1 24 393 0 0 0 0 0 0 93 0 21 0 0 20 0 11 0 0 75 0 9 3 0 0 19 664 0 0 0 121 0 0 0 107 0 0 0 17 2 0 191 0 1348 97 0 27 15 3 199 0 0 0 0 0 0 0 0 3 286 7 1371 88 0 7 0 130 0 0 60 0 0 0 0 27 0 0 1 35 0 22 0 0 208 0 0 0 0 4 0 0 0 0 83 5 0 0 27 10 0 75 0 0 0 0 0 0 821 44 0 0 0 0 0 8 0 0 0 0 0 36 98 79 3 0 28 414
 0 188 57 50 20 32 0 0 0 153 0 0 0 0 3 8 0 0 33 0 21 0 2 0 0 18 0 0 0 5 0 108 0 0 0 0 41 0 9 3 0 0 0 40 24 0 0 0 0 0 0 8 58 0 9 0 0 42 0 6 0 11 0 0 25 0 11 0 0 29 0 12 0 0 0 0 0 0 56 4262 0 0 0 16 1 12 28 6 0 8 28 0 15 0 0 0 0 0 191 875 0 0 19 34 0 9 0 12 0 0 89 0 1602 0 1653 134 32 0 0 5 0 124 11 0 0 71 41 0 265 210 97 0 0 0 512 0 21 9 0 79 0 17 51 0 0 0 0 84 0 29
 0 1 8 0 0 0 98 8 0 0 282 19 0 0 0 0 0 0 0 48 0 0 0 0 0 0 135 13 6 369 0 0 38 0 0 0 0 0 0 0 0 0 0 0 0 0 1 0 0 86 136 0 0 179 0 10 0 208 0 0 12 0 0 0 0 0 0 0 0 0 37 0 0 0 193 39 0 0 0 19 0 0 0 0 21 63 402 13 11 16 0 22 0 0 0 0 7 0 36 24 5 0 63 190 0 0 7 0 0 0 3566 0 2 0 0 0 0 31 41 0 0 0 1766 4 0 0 0 0 200 0 0 1 51 18 243 0 0 21 0 22 0 0 0 624 0 68 0 0 0 0
 21 0 0 85 27 0 0 224 209 0 80 0 0 0 4 0 57 0 0 16 216 0 0 206 0 68 0 17 0 0 0 0 0 139 3 0 0 0 4 28 286 0 34 28 0 0 1 0 7 0 0 0 0 0 23 653 0 0 12 12 0 0 8 0 251 0 0 0 0 3 167 0 0 46 15 0 0 106 0 0 504 0 58 0 34 24 53 593 0 0 0 250 0 0 61 48 0 7 0 0 0 5 14 0 0 82 85 0 0 0 46 92 127 33 0 6 31 136 41 32 18 0 226 0 11 0 65 0 1 0 708 0 0 112 0 0 0 0 104 1 0 55 27 0 0 54 3 0 0 0
 0 0 157 1 9 0 0 1 1 0 7 50 305 26 47 12 0 4965 0 0 0 0 58 237 824 0 33 0 198 101 0 31 0 0 0 0 88 0 0 13088 0 0 0 58 0 0 0 126 63 0 0 89 0 0 0 4 0 0 536 29 285 0 18 2 34 38 0 0 19 20 0 0 0 117 5 0 0 28 1 0 0 0 97 9 36 57 1167 0 106 271 0 0 0 0 20 0 0 30 50 9 0 0 17 142 0 264 0 0 0 0 66 19 0 0 16 93 0 0 0 0 1766 4 23 0 55 0 3 69 0 51 0 62 0 0 58 4 0 0 1 89 0 0 0 0 0 482 402 0 123 0
 7 0 43 0 0 0 0 7 180 30 285 22 2 0 46 7 0 0 44 48 4 0 11 442 84 0 0 19 5 83 0 8 24 0 0 0 0 3765 82 0 0 0 28 222 54 16 0 0 0 4 71 55 65 0 2350 0 3580 0 0 0 0 0 0 0 1 499 0 0 0 7 23 23 0 113 0 0 0 0 0 0 0 0 243 19 0 0 0 98 0 0 0 0 44 1 24 0 0 81 4 0 7 1 0 9 32 0 0 15 0 0 0 0 12 0 0 6 0 49 1 0 98 0 0 13 26 0 77 2 6 147 0 0 13057 1550 22 0 0 0 0 2 0 0 85 0 0 0 0 88 0 0
 0 6502 78 0 0 0 0 110 0 106 2490 0 11 1 26 16 2 0 665 0 2 0 29 0 0 170 0 0 0 0 8 0 0 31 3 0 21 69 0 87 0 23 18 13 0 0 0 78 0 32 0 0 0 62 0 0 594 0 10 0 0 0 0 0 0 1 4 1151 0 10 0 0 2 0 54 0 0 0 0 0 0 183 112 2 0 0 0 0 328 0 0 18 0 32 226 13 0 0 327 0 0 0 0 0 2 0 0 0 3 0 0 196 0 11 0 0 139 0 0 0 0 125 110 19 0 0 0 89 20 0 0 0 117 0 54 13 232 0 0 0 0 0 0 0 0 0 7 43 18 0
 179 0 0 0 5 13 0 0 0 0 0 3 21 10 74 2 0 0 50 0 375 10 1325 21 0 0 1 0 23 15 71 0 0 8 0 0 0 0 0 0 343 0 271 0 5 328 0 0 0 2 0 0 0 0 19 24 0 172 0 11 0 156 0 25 0 0 0 0 0 93 0 0 79 1 0 989 0 0 0 0 0 0 0 248 0 282 0 3 0 19 0 0 4 0 0 2 612 0 0 16 0 167 319 0 8 0 0 0 0 124 901 0 0 88 33 7 0 0 0 19 4 61 6 58 8 0 0 0 175 0 0 2 41 94 2 0 0 0 53 20 0 9 0 426 0 0 0 178 1 0
 43 62 0 0 1 4 23 0 0 0 0 0 149 13 0 0 43 0 6 0 19 44 208 0 20 0 13 62 4832 0 80 0 0 8 77 0 549 0 0 0 0 112 0 136 0 178 0 0 78 0 0 0 0 45 0 136 2 3 1 13 79 0 0 0 43 37 1 1 0 50 0 482 1 0 80 0 0 0 0 160 0 0 0 0 0 0 0 0 107 0 20 0 30 0 5 0 16 1 0 7 4 0 6 0 0 0 0 0 298 155 0 20 271 0 0 19 0 0 0 24 52 22 14 0 0 1 1349 5 0 0 1 0 26 4 0 0 9 0 15 0 9 415 264 65 0 518 0 22 0 2
 0 22 0 48 0 0 0 0 343 90 12 24 0 0 0 41 7 0 852 0 0 14 2 8 0 933 0 15 0 21 17 2 0 27 0 32 0 0 0 27 0 13 140 16 0 24 0 0 0 0 0 0 0 0 3 112 0 3 0 0 4 0 35 0 31 73 0 0 44 0 271 433 0 306 1 423 48 0 0 0 0 1549 0 0 0 0 0 42 350 0 0 211 21 1940 0 0 0 344 0 0 0 0 245 0 1 0 58 0 0 21 97 0 31 1203 58 1 0 0 1766 0 0 0 0 0 0 0 6 0 0 3 87 269 13 0 0 86 0 112 84 22 0 0 0 18 0 0 420 0 51 0
 1 0 22 125 0 0 1940 0 49 0 0 0 6 0 0 1338 0 13 0 0 0 0 16 0 0 0 549 0 0 0 0 0 24 12 22 0 0 15 0 0 1 0 0 1766 160 0 0 0 62 62 116 15 0 0 11 0 2 0 13 6 0 5 0 0 0 66 0 0 7 0 0 0 0 0 0 0 0 115 0 0 0 0 116 0 32 0 0 0 0 69 43 11 0 10 16 0 0 32 10 124 0 0 0 0 0 0 0 158 0 0 49 0 829 0 4 0 12 0 0 0 0 0 0 0 6 0 9 37 0 0 0 14 0 24 0 14 18 6 69 23 1 84 208 0 58 67 0 1946 43 38
 0 0 0 0 0 0 0 40 0 444 30 0 7 137 0 0 0 0 0 0 467 0 3 0 24 0 0 259 0 78 0 0 0 0 0 0 0 0 1 0 0 0 0 6 0 0 2 93 182 29 0 0 123 0 18 0 0 10 1 0 23 0 0 0 0 0 0 90 22 0 0 71 32 125 0 0 55 6 153 8 0 0 12 20 0 0 612 0 0 5 7 0 120 42 0 4 249 0 4 0 15 30 0 18 28 0 11 0 12 0 0 0 0 0 125 0 0 0 14 57 0 0 0 0 0 49 15 3 53 21 0 0 13 0 0 31 0 0 0 1 0 0 0 57 0 0 0 0 0 0
 0 0 112 0 0 0 24 31 23 6 0 43 0 0 0 0 0 0 23 8 28 0 39 0 3 1812 0 0 55 0 0 93 0 0 22 0 3 0 0 24 0 0 181 37 0 0 12 0 0 0 0 0 0 0 0 0 2 0 0 0 3 151 0 0 15 0 0 134 10 41 0 504 95 0 2 0 0 0 0 0 0 0 0 231 6 59 0 7 11 36 0 0 0 5 4 1 0 7 0 0 9 0 0 158 0 0 0 13 0 1071 0 0 93 0 102 0 7 2 3 0 0 0 161 860 27 1968 0 0 435 1 0 0 0 0 0 71 0 0 0 327 0 15 224 0 0 0 0 32 3 19
 33 0 0 0 0 0 0 0 0 5 0 0 0 30 0 33 22 0 0 88 13 27 0 7 0 38 0 34 55 0 1937 1 44 0 3861 0 100 2 0 0 0 0 11 0 5 0 143 0 0 0 0 0 6 153 0 78 0 0 0 62 0 0 0 1968 0 5 0 17 0 0 0 0 0 0 0 0 0 66 0 2343 136 61 20 1 250 56 0 0 0 0 8 283 0 34 0 0 0 0 30 48 0 17 0 0 0 47 23 3 0 0 39 0 0 0 0 0 0 0 4 0 0 0 0 0 32 0 0 1 0 0 0 51 3 0 94 0 1939 43 0 0 0 0 0 0 0 653 0 26 0 0
 10 0 173 0 9 133 0 0 0 14 0 699 208 0 0 0 0 0 0 52 89 31 31 1 0 1 169 57 0 0 0 11 1 0 0 2 0 0 0 3 0 113 48 0 12 0 0 0 0 19 0 0 0 13088 0 5 117 0 0 2 0 2 0 0 438 51 0 29 0 0 0 0 0 89 319 0 0 0 13 9 0 0 0 0 0 21 218 0 0 0 43 0 41 7 79 0 28 0 0 0 6 0 137 12 0 0 442 674 0 0 0 0 0 781 0 1 0 234 14 1 0 0 0 0 103 0 1284 1 113 0 115 19 0 0 0 0 148 1 0 642 0 0 109 0 0 79 0 0 14 0
 0 68 0 0 0 8 0 1765 921 0 0 0 0 5 12 0 0 0 0 75 0 76 289 0 0 0 0 51 0 0 0 9 0 0 0 0 0 0 0 0 502 0 2 0 34 130 0 0 0 1 0 11 43 0 0 0 0 0 0 0 60 0 0 0 0 20 19 0 0 107 0 0 291 7 0 0 0 23 27 0 36 17 0 0 0 5047 72 0 0 0 3 0 0 8 0 0 21 0 18 1353 0 0 0 98 0 24 0 0 69 0 0 92 1 5 0 0 0 0 0 68 0 0 0 0 19 0 47 0 3 0 0 0 55 0 0 0 5 0 2 46 17 3 0 39 0 6400 0 9 46 0
