150
 69 1048 0 157 0 0 16 0 0 663 0 5979 3 0 0 4 233 26 0 280 40 2231 0 0 0 295 0 15 0 0 0 168 0 0 21 0 0 0 140 3 24 0 0 42 0 0 18 0 6017 0 0 0 230 0 2223 391 229 0 0 4 0 0 0 8364 900 0 121 0 0 283 171 0 0 0 5 0 72 3 0 0 0 0 0 155 0 3 0 92 35 0 0 72 0 132 67 11 0 0 20 5 39 0 0 170 0 0 0 8 10 132 0 45 0 245 0 0 0 0 1645 1 0 0 0 335 2 16 0 109 0 4 0 6 0 0 57 1090 57 0 0 62 8 0 113 924 0 96 0 162 0 0
 0 8 140 114 0 0 0 0 0 11 111 4269 0 0 0 0 0 0 0 503 0 437 332 0 0 50 148 353 0 4478 814 0 0 0 5 0 1995 301 42 0 0 0 0 0 290 260 0 0 83 0 0 1887 17 1380 66 33 0 18959 308 0 0 13 0 0 0 14 954 99 0 0 0 1056 0 0 159 0 0 0 2 0 0 772 0 0 91 0 2 0 683 650 671 0 0 1259 0 0 4815 0 1242 32 0 0 87 2543 0 0 0 154 314 0 14 0 399 83 0 3 0 97 23 0 2311 0 0 0 45 0 6 0 0 0 39 0 5389 0 0 84 0 0 311 43 0 0 0 0 186 69 0 15 11 167
 218 0 7934 0 9451 0 4 0 0 185 26 38 0 1207 0 0 13917 1861 31 0 0 0 13 0 0 0 0 0 51 0 0 18 106 245 0 0 249 0 41 0 0 2024 0 234 0 0 0 0 1 0 500 0 275 0 0 0 0 0 0 0 548 0 0 0 157 0 0 7 65 41 0 0 0 0 38 0 56 38 329 0 21 1157 45 16 65 0 0 0 0 0 70 0 471 0 0 1361 0 0 95 0 177 41 0 127 498 52 144 0 143 0 0 0 116 843 313 2049 554 0 81 0 54 0 0 1 0 0 0 996 0 68 0 0 3650 0 0 0 0 69 0 0 0 0 0 1091 0 265 0 0 0 5038
 0 0 0 391 0 0 104 0 29 7 0 0 0 4 0 60 0 1280 0 7 749 12 0 11 58 0 0 0 0 0 0 0 45 0 3604 0 0 32 22 54 236 0 0 0 347 0 0 2 168 2155 296 547 0 0 14 2076 0 0 0 596 4070 0 0 2055 39 1849 98 64 0 0 0 0 223 0 0 1589 31 5311 306 0 0 610 6 10 245 682 0 0 0 0 10 0 1 0 0 50 0 228 832 0 2168 0 0 246 0 207 0 0 0 4 124 0 0 0 498 0 0 207 38 0 0 17 0 23 0 5 45 0 4 0 87 3 0 724 0 0 53 0 108 153 1 210 2809 0 0 0 0 1265 217 861
 4134 816 0 25 659 739 0 48 0 8078 0 5 0 0 1857 0 0 481 0 37 0 275 7 0 0 66 0 218 0 4027 0 932 0 72 791 0 0 651 0 0 78 8 0 25 34 12 0 201 0 0 22 176 10 17 0 41 7 0 0 0 59 0 518 0 42 1831 0 5 120 391 0 0 56 235 0 0 36 303 0 16 0 0 270 9 0 104 0 0 31 0 554 1 0 0 0 775 13 5 6694 28 438 249 515 221 0 0 62 0 0 0 0 157 0 2192 0 231 0 6532 18 0 32 354 3 0 0 223 0 0 5 0 0 11253 0 17 0 0 0 0 0 59 142 101 0 114 0 3 0 11769 0 4
 0 32 420 45 0 9 0 8 0 1116 13 0 0 0 0 0 0 519 116 63 0 0 0 394 61 230 0 293 129 0 30 0 19 0 6 0 0 46 192 298 0 0 47 943 39 18 12 289 0 785 0 3 0 0 671 12 0 0 0 0 640 0 0 46 122 21 0 65 0 0 1 1316 0 0 13819 0 0 0 569 0 341 0 62 0 444 26 0 2161 0 260 4 6 0 0 0 427 0 0 17 99 39 7953 244 0 5 0 490 0 0 79 0 0 12 0 0 7 0 109 201 0 481 392 0 0 0 1555 706 188 169 0 0 0 0 0 67 686 3079 382 0 0 93 0 0 0 0 991 0 1148 0 0
 0 849 0 0 35 121 0 0 0 0 0 0 0 0 669 1312 0 1840 61 0 2382 0 0 0 0 0 312 0 0 0 22 0 0 0 0 45 44 0 0 0 0 0 0 0 335 0 104 6862 0 201 0 1 18 1 104 0 46 124 0 167 9 64 249 1686 17 0 13 0 507 0 0 13 50 0 2311 0 576 0 0 0 0 2 682 0 0 0 0 0 35 175 0 68 0 45 0 344 0 0 0 943 0 31 3287 12 3 0 16 58 98 0 228 0 309 0 0 318 266 467 451 2108 169 0 0 0 0 0 62 22 264 188 0 0 11 0 601 85 294 38 21 0 0 21 38 224 0 0 0 0 651 20
 31 2706 10 70 0 0 6 32 0 0 0 3 0 0 4 130 415 0 0 21 604 7 11074 95 55 66 0 0 13 0 0 144 0 38 0 43 0 0 0 46 45 0 0 497 0 51599 102 0 1 0 12 0 0 0 0 0 13 0 51 0 458 0 0 0 0 3 0 27 0 0 0 882 45 0 588 106 0 19 338 561 0 4 65 0 4454 1457 0 0 5 512 0 66 0 37 596 95 0 820 377 0 197 252 0 17 141 0 0 0 472 0 0 17 0 507 0 0 4133 28 56 19 0 73 0 0 0 260 2848 0 0 0 0 178 0 0 27 772 0 0 0 0 3217 0 0 1844 0 0 0 117 249 0
 21 20 96 0 1 34 0 115 120 0 0 0 0 0 8617 31 0 0 22 0 5804 3 0 0 0 0 0 0 877 0 0 2252 25 35 3 165 648 1011 0 0 167 0 0 14 21 577 0 352 0 0 0 0 0 64 380 108 6694 0 64 0 699 0 1 0 1810 29 394 0 0 0 0 0 0 0 230 0 264 0 10 0 206 526 0 76 0 172 22 28 0 363 60 4 0 2970 277 0 615 0 84 0 101 0 0 0 0 0 308 0 0 43 0 2037 0 0 0 187 0 0 22 0 14 0 579 0 317 7 6000 13 0 1 0 0 10 1827 0 0 0 0 0 0 80 1059 123 0 0 0 0 0 0 0
 0 0 0 0 0 0 144 256 0 5 0 16 0 0 0 0 0 0 0 239 5 0 0 24 167 96 0 0 0 0 423 0 1 70 19 0 0 0 0 35 0 632 58 3729 0 129 495 20 122 10 0 0 369 267 0 0 392 2374 0 31 0 14417 0 0 0 695 0 287 0 43 0 572 0 0 0 0 95 18 0 6 8 0 0 0 0 1448 261 0 0 0 277 30 0 9 61 0 0 0 6024 0 281 1342 0 400 0 0 233 48 0 0 0 0 0 0 0 0 0 0 0 0 0 0 149 1 142 13 41 37 0 0 0 21 0 0 0 0 723 111 1159 0 508 243 43 20 866 0 14 0 0 192
 91 0 0 25 59 0 431 223 92 26 45 0 24 0 404 0 0 0 114 0 123 2880 0 1598 0 0 0 1556 0 0 0 0 98 48 4 0 39 0 12 0 17906 0 0 75 0 2046 0 0 31 0 64 350 0 1153 0 0 185 3 461 0 0 0 941 0 0 0 260 0 0 0 0 527 15 447 1197 0 0 2831 2160 0 0 0 0 0 0 0 0 0 0 0 0 0 0 0 0 5 0 192 4 7558 311 6 10772 0 0 893 1213 94 369 0 0 1 7 11779 54 0 0 0 0 0 0 1729 0 14 0 713 1086 579 0 0 404 0 0 16 0 135 0 587 115 601 0 0 0 0 35 0 3600 290 1518 66
 0 0 0 67 0 36 1499 0 5 0 172 0 135 6 0 25 28 423 0 68 2 18 121 284 66 0 0 96 0 0 4 0 0 0 196 0 145 115 115 310 0 0 0 27 18815 0 338 48 337 54 0 0 634 0 0 0 0 869 23 0 0 359 0 1306 0 99 0 0 68 0 309 74 797 0 0 4 0 0 0 336 33 0 0 0 369 3744 0 151 155 1 0 40 0 0 0 415 14 0 0 0 0 0 0 25 0 0 0 0 0 295 4362 4459 0 0 308 0 0 587 27 18147 11 0 119 1101 0 0 793 0 0 0 199 46 0 0 0 0 0 81 0 64 33 0 9 299 234 2 0 8 0 19
 0 300 152 8261 148 307 17 5029 11 33 0 0 0 0 0 18 0 0 4420 5 0 1 4 0 0 93 7 0 340 877 116 0 0 0 114 0 0 608 113 0 187 368 0 3 0 0 0 0 17 0 156 121 64 224 212 51596 352 423 0 0 75 799 0 4103 0 0 0 365 0 0 114 1210 533 0 0 0 0 950 0 0 17 124 325 0 0 0 0 677 198 0 0 1315 0 0 2140 0 0 0 14 0 48 0 9 41 2 0 0 0 16 313 10792 1178 0 0 0 31 14 109 0 0 91 2 591 1527 0 273 0 71 33 189 0 0 33 111 109 0 1317 0 0 0 0 0 0 329 0 0 0 421 0 31
 67 16556 0 0 2559 21 239 1809 355 18 5 0 2840 390 0 0 332 0 0 0 91 62 10 1179 0 0 362 0 1 83 1656 0 0 13 109 562 0 0 40 172 0 0 0 0 27 1604 340 124 26 282 21 0 15 0 386 67 0 1 0 0 4014 0 57 0 0 0 1037 0 0 3 0 0 159 0 7 4011 0 62 0 0 0 0 0 44 78 340 0 494 263 0 39 0 0 0 0 0 0 61 0 0 5 37 7 7934 67 59 17 5 3190 0 268 0 361 0 0 0 5 0 0 0 32 0 0 585 0 0 0 0 5 0 522 0 531 0 0 326 0 0 0 0 0 0 95 0 0 18 125 0 494 97
 36 584 10 85 0 104 0 0 0 26 0 231 0 22 237 0 0 0 0 24 0 647 0 0 650 0 6 405 0 10 0 0 0 0 83 83 0 0 132 4393 0 0 227 0 76 638 0 204 15253 0 0 30 0 0 459 0 0 0 0 0 0 84 0 589 48 477 0 0 0 101 297 42 55 1 325 0 0 0 0 11 8 0 0 139 0 0 0 0 0 6848 0 11 0 40 15 503 0 49 126 0 0 32 2 0 34 0 103 116 497 126 19 0 0 4 387 0 0 0 0 639 0 0 99 0 0 0 25 0 0 674 1 4 0 7 0 0 5053 0 0 0 58 0 10 1 26 42 115 151 0 0
 0 0 16 0 0 686 0 0 0 63 107 0 0 59 123 16 0 0 0 525 0 6961 2 0 0 18 1306 0 0 0 0 1 0 0 658 0 0 0 81 162 0 1457 3 1822 0 0 0 0 0 0 6501 0 469 0 769 818 1451 3 192 0 337 68 0 0 2 82 0 0 12 0 260 0 5 0 0 365 0 28 44 10 490 149 141 0 0 0 1295 0 0 159 709 0 11 0 0 837 0 0 2 93 0 0 8 0 0 0 94 0 0 4 0 391 36 60 1865 0 0 488 0 0 0 36 0 55 0 0 22 20 39 0 799 0 0 0 10 0 0 0 0 0 0 0 0 0 0 0 11466 0 0 0
 0 52 0 61 680 0 162 0 67 329 96 0 3747 0 19 150 94 0 0 2852 0 0 0 0 276 601 847 132 47 0 77 61 848 182 1234 417 326 0 0 25 81 0 76 0 0 41 8 0 62 0 0 5 172 0 83 0 13 0 0 0 0 668 17 0 125 32 316 0 56 0 0 0 38 0 314 1996 58 2044 514 2 0 16 0 0 0 9 0 45 0 0 123 0 57 176 0 0 0 0 0 8 0 0 0 13 0 0 2 291 1555 168 4 0 0 1 604 242 79 0 5 0 15 0 311 1286 0 0 0 4 0 8 655 45 127 17 728 0 49 0 857 0 100 857 0 97 125 1332 0 18 3 149
 0 0 0 0 0 0 0 300 11 283 0 0 4 85 390 61 231 0 1434 72 16 0 53 5 0 163 0 1021 84 0 0 6 24 0 0 0 0 0 218 0 615 65 55 40 64 2196 69 80 228 6954 0 0 0 94 0 167 0 153 26 0 0 0 0 97 0 381 39 0 0 0 0 0 0 374 10 301 0 4479 0 857 369 0 0 0 2034 265 945 145 0 0 5 55 2995 0 107 0 271 132 19 629 0 12 0 0 0 702 2585 43 0 74 5 467 871 153 117 7 0 0 0 25 593 5 482 0 5 152 152 0 0 0 208 135 17 1853 0 0 409 222 0 0 390 116 680 0 3 239 0 415 0 30
 19 7 0 13 8 0 0 270 0 17 0 1993 0 4 2 31 0 0 529 0 0 2160 0 0 0 1831 290 0 65 18 0 14 0 11 0 0 0 0 55 5 265 1117 161 0 0 1143 0 0 270 0 5 41 26 37 0 0 0 0 30 15 0 1102 49 0 8 374 142 21 5 0 572 0 0 0 0 0 24 0 0 0 51 9 48 0 10 0 0 0 0 0 1116 0 837 122 6009 358 0 407 20 0 1 491 0 0 0 0 0 22 0 0 1 0 0 1464 0 0 920 0 1814 0 0 690 324 3614 46 0 137 0 491 0 4 0 2167 0 0 0 0 0 0 0 0 0 0 0 0 2978 0 3621 247 0
 0 0 0 0 0 0 180 0 714 0 17 0 0 121 0 0 0 0 521 0 0 25 850 2 0 9 0 9 0 41 0 15292 60 0 0 0 202 0 0 0 90 0 0 16 6 1560 0 552 61 0 0 0 122 7852 1 0 0 0 0 0 7 0 0 187 0 0 799 0 23 0 8 0 0 2125 0 95 0 245 0 0 28 0 64 32 0 1062 0 141 26 994 0 0 0 0 0 17 362 41 0 3427 0 723 0 0 59 541 909 350 0 74 318 110 0 0 34 0 0 0 0 0 76 0 9 0 1 0 0 1604 926 0 0 0 0 0 0 0 0 134 0 433 76 44 0 255 0 349 0 0 0 0
 0 7 0 0 10 210 0 0 0 0 0 0 1002 0 118 367 0 0 0 19 2 66 89 0 66 535 129 0 10 211 0 0 0 1240 11609 0 58 203 312 0 682 274 5955 0 554 0 0 0 799 2065 0 0 242 0 0 724 103 0 0 0 0 0 0 0 112 0 555 0 1301 0 29 51602 0 179 0 1249 784 17 20 0 15 0 0 335 15 7 3409 0 0 159 6 83 1 0 0 1156 0 0 0 119 332 27 311 9 0 0 14 0 0 2 0 32 0 0 0 0 0 0 0 346 3072 0 0 0 0 25 0 25 0 247 0 170 36 0 0 0 225 0 0 3519 19 0 0 223 42 0 0 0 0 772
 0 0 1 0 0 172 137 0 0 96 0 0 0 0 0 0 31 79 0 0 0 0 0 9 1285 0 1217 0 211 0 353 0 48 0 0 0 131 0 8 72 122 797 0 0 0 0 0 0 0 155 369 206 0 141 0 462 0 1224 1028 0 977 186 0 0 38 11 3 0 0 0 0 486 0 0 7 0 10 0 0 2 0 0 0 0 55 0 147 0 0 5301 0 0 14 20 153 163 907 16516 1 0 72 0 0 0 1128 0 0 0 0 3 68 133 0 76 0 0 0 489 0 0 0 328 0 0 0 3016 27 51 0 0 0 62 39 0 0 0 78 625 1070 303 1051 0 0 0 0 0 26 0 0 80
 811 0 0 31 0 18 236 0 690 779 0 0 0 0 127 0 186 0 136 0 0 72 4 611 0 0 0 0 0 955 525 0 1417 127 37 0 2 0 245 63 455 0 601 0 0 163 1542 2677 0 109 0 0 527 1451 0 714 0 0 12 0 35 30 482 0 0 0 0 12 0 0 69 0 0 0 0 757 76 0 0 0 0 241 5 0 0 0 15 9 6 0 245 22 737 0 0 69 175 0 337 0 0 19 401 0 0 274 12 6689 130 59 1541 0 0 0 0 0 228 6 2 0 1591 0 0 0 0 259 158 230 1839 16 248 413 7 75 137 0 0 2 0 0 0 0 232 3 0 16 0 0 0 41
 0 5 0 0 7 0 105 0 12 0 0 0 10 0 332 0 266 0 1 0 56 0 0 372 8650 589 17 0 0 0 0 0 0 0 0 5 0 10 64 0 0 0 0 1988 0 0 0 206 0 1994 5 305 707 233 5 0 36 242 174 134 0 0 0 0 289 76 5 0 1091 0 1331 0 11 0 0 0 0 12 0 0 24 0 530 1 0 25 1306 0 0 2 39 0 0 481 8426 100 4903 0 0 11 0 1091 128 8328 0 0 16 0 0 0 0 0 20 0 10 200 0 0 0 516 0 0 2 124 331 0 0 740 857 0 0 1538 777 730 0 2914 12163 0 0 0 0 0 175 0 0 30 0 4 23 210
 288 0 693 0 653 0 9 0 8 0 132 0 124 22 0 0 0 0 8 0 0 0 0 0 32 0 2534 14884 11 46 0 58 443 0 0 0 1312 0 1905 0 7 0 13 0 0 163 11 0 1948 0 22 4 28 0 0 0 0 0 87 0 0 22 733 624 0 0 1989 2109 0 220 0 0 0 0 0 0 152 18460 363 203 148 0 0 10 4 0 214 0 373 0 1281 0 221 289 0 0 0 6 0 211 131 0 0 10 3 0 0 5 0 0 778 53 0 0 0 0 0 6000 13 0 0 5 9 82 132 0 36 0 0 0 43 0 0 544 0 104 0 0 0 0 415 0 0 0 3072 28 0 7 17 0
 0 0 48 71 0 0 346 0 60 0 81 64 0 4 9 0 0 0 0 0 0 0 1 0 12 4 167 0 25 37 0 0 600 14 94 0 7 0 0 0 8 501 0 0 503 0 0 858 0 2443 1 0 229 0 333 0 0 1034 38 201 1012 30 16542 746 0 196 11 0 0 384 0 0 660 0 0 0 0 11 0 0 82 160 36 0 0 1576 324 0 0 0 193 0 0 0 0 0 0 0 50 0 0 850 11 1250 0 0 3 37 0 0 132 1207 6 123 0 0 0 0 0 1 391 34 0 0 10 0 0 0 1295 132 68 0 267 0 0 0 0 0 438 235 0 159 0 952 3554 163 0 0 0 0
 191 0 19 3 319 1 0 0 114 526 172 249 0 0 0 0 0 5808 0 0 0 0 11 0 0 0 27 0 0 0 143 0 0 144 640 0 135 0 0 14 47 0 0 33 1183 6 45 0 173 123 391 0 412 23 0 89 132 0 1063 0 0 0 18 253 0 2 28 0 0 0 0 0 0 81 0 134 0 0 0 226 671 27 282 0 0 207 0 0 0 0 542 88 415 0 0 374 0 274 4 0 198 0 6 143 0 534 85 0 22 0 0 0 191 0 0 4 769 0 354 51 0 50 0 509 466 0 0 0 0 114 0 60 0 0 0 1324 0 30 0 32 0 0 0 0 0 85 460 88 0 73
 0 0 4680 82 0 0 17 5 9 1476 0 0 277 543 0 0 0 0 189 0 83 94 3 0 0 28 560 552 519 14 3 81 0 0 0 0 595 673 0 0 0 66 0 6 0 0 0 0 0 0 723 17 18 0 0 0 1 0 0 0 0 659 0 28 0 42 11 5297 15 119 817 0 5 752 4 0 0 15 4830 0 134 0 109 162 0 420 0 337 0 0 0 0 5 0 209 21 0 68 1938 114 5920 0 3 0 0 0 250 0 0 0 0 0 192 24 12 472 209 7 332 0 0 0 0 54 0 0 13 162 1345 0 13 0 0 0 8 175 0 26 562 40 172 637 0 3 188 179 35 0 0 0
 5 222 0 10797 902 0 47 0 0 1227 159 922 0 0 311 507 0 0 0 380 0 0 60 167 0 0 119 0 465 0 0 22 89 0 0 0 8 202 678 0 458 1 0 0 3043 0 52 115 0 40 0 0 0 50 295 1 1 0 362 13921 0 0 5773 33 0 0 0 383 38 0 710 0 0 0 0 9436 188 5351 245 0 0 0 0 0 0 555 0 1282 0 2 0 0 260 0 0 0 0 0 60 227 6 0 0 0 0 0 0 206 0 0 25 902 0 0 0 0 26 682 0 390 0 0 1102 0 0 35 6 154 7 81 42 0 254 14 114 0 0 213 0 12 21 47 0 0 0 83 57 0 0 0
 645 0 264 74 0 0 5313 17 298 8 0 400 0 0 0 763 1555 9 0 0 0 2816 0 450 0 0 494 0 5606 287 0 2068 0 0 4 820 0 5316 0 0 0 14 604 0 332 0 0 1342 0 607 9 4 0 7 11139 0 0 0 0 0 0 7 9 0 3530 512 0 0 1125 983 284 0 0 0 61 80 12 62 113 0 0 36 0 14 0 0 5 0 2004 0 0 0 16 491 10612 105 60 0 3 2281 0 0 0 0 0 13 0 0 0 424 0 50 0 0 0 0 0 0 1898 0 0 175 0 0 0 0 49 0 1553 208 0 0 620 530 726 0 0 0 492 0 0 709 0 0 0 0 4 380 283 23
 2928 0 1 43 424 0 0 4 287 0 189 0 0 0 828 646 0 788 1 59 8 0 0 0 133 392 0 0 0 0 28 0 0 1952 0 137 0 360 0 0 2 280 0 157 4479 0 0 0 0 0 0 0 0 1312 0 16 487 160 210 0 0 32 6024 0 80 0 0 0 0 0 59 0 21 80 0 79 599 785 1125 46 0 6953 808 0 0 41 0 413 0 0 0 631 129 0 0 34 0 0 69 0 278 0 80 0 0 21 479 10 0 39 0 8288 0 0 0 83 0 7 0 0 16 0 0 173 6 562 0 1089 1 0 0 0 0 0 217 65 4 0 4 592 0 0 0 0 21 3829 0 0 15 0
 0 0 0 1 0 0 781 0 0 712 0 32 3 61 43 0 0 0 0 0 17 57 53 372 0 754 354 0 0 0 208 98 583 0 376 0 0 0 0 0 4 0 2296 197 547 44 192 112 0 39 0 94 992 0 249 650 0 0 0 0 0 650 0 214 0 628 0 27 6 0 0 3 499 249 317 4 0 0 0 30 0 6 0 1559 263 76 0 11 0 3512 0 83 1125 0 0 0 30 0 16 1852 0 0 10 0 88 0 2 44 1 58 0 218 26 0 220 131 416 0 0 0 0 0 506 7830 0 9 0 0 1078 83 2 0 0 0 126 0 0 3 35 64 0 106 253 387 580 4 0 0 0 0
 62 23 0 0 9 0 139 1330 0 0 0 3 61 51 161 99 0 0 6 0 1324 0 0 12 0 0 1411 95 0 435 100 0 93 3242 0 1202 2704 166 16 203 0 412 0 0 0 0 0 498 271 48 0 206 535 0 1 0 0 4 272 794 93 0 366 0 0 893 0 0 234 0 14 42 15263 32 0 32 0 0 0 319 0 941 0 14 778 732 299 673 96 0 0 1136 15 0 4903 633 0 0 0 619 0 1031 22 82 0 59 2 0 78 28 0 41 0 65 0 309 0 0 819 0 0 14 0 181 0 0 107 31 0 187 269 1833 20 0 0 0 0 43 6 0 25 219 1 157 0 7 267 0 0 1255
 43 259 0 56 0 0 11 0 0 0 0 114 0 0 2879 10 0 1 0 2156 0 67 0 1 111 0 0 1 114 2154 0 903 0 0 0 0 530 0 0 0 0 6 0 4579 0 0 0 15 0 0 0 584 23 0 16 0 329 502 687 4 129 56 5 357 0 0 8 1 1 2 0 404 189 0 146 2048 80 0 0 18 10 0 0 0 22 0 0 1291 0 75 62 0 15 98 1912 0 0 152 0 0 0 8 0 0 0 20 298 0 0 31 0 3 0 0 1604 269 0 77 208 0 0 19 260 736 0 7 312 44 0 318 14 0 0 1 0 0 436 0 0 0 0 0 146 0 9 35 158 73 177 0
 0 0 8 0 0 0 3230 4 0 0 0 0 0 0 0 0 0 811 627 217 0 217 0 309 114 0 0 1 4001 0 18 0 4 49 312 0 0 0 0 0 1663 0 4101 0 36 13 38 140 12 0 421 0 0 0 21 72 317 0 1555 0 0 0 0 0 0 281 10 0 0 305 4447 0 227 57 1440 41 819 294 0 0 0 0 0 746 0 728 0 0 0 41 178 0 1034 11 0 21 10788 0 0 0 1289 89 0 574 0 0 0 554 76 0 0 0 39 0 0 0 0 0 0 0 0 614 0 0 151 0 382 0 628 0 0 0 0 0 0 574 7 0 0 774 0 0 0 0 0 2 0 0 7 908
 1259 148 203 408 66 465 0 0 0 228 625 196 1383 0 0 38 0 1855 81 1620 6 35 2626 0 723 4 14 707 404 0 0 891 0 4 1671 38 0 0 22 188 0 0 0 0 0 0 706 0 63 0 560 0 0 0 19 127 0 8 281 18 433 46 63 728 0 1663 0 0 0 5 0 0 1215 0 9 0 236 0 0 110 0 18958 0 0 0 201 4420 0 0 0 0 98 352 0 0 80 56 0 700 61 0 5 5 20 0 368 1053 63 11 51 821 0 0 0 15 26 0 0 0 0 0 68 2998 0 183 460 47 1 0 5 0 0 51543 82 6 0 0 415 0 1216 0 0 0 0 11 70 19 0 9 0
 864 0 0 862 61 1597 0 35 0 275 0 0 1818 110 21 1055 0 486 457 0 0 0 0 0 0 0 0 0 0 1493 64 60 0 0 0 522 63 212 71 0 0 7 0 388 0 340 518 497 0 0 67 1074 0 1955 0 3 0 0 0 0 0 0 0 0 65 0 374 86 0 0 67 220 0 4130 193 964 0 282 0 43 0 0 0 2 0 0 254 0 562 106 14 296 0 0 209 0 0 6965 0 0 0 521 0 42 16 11 0 80 0 0 0 163 0 0 70 0 29 0 0 0 0 0 9 0 10 0 4071 15234 0 147 0 0 264 0 0 0 78 1306 0 548 707 279 0 26 390 423 0 0 206 70
 310 0 194 0 0 0 306 0 0 291 5 0 0 75 291 282 24 79 1267 1263 0 469 100 0 101 2 1253 0 0 0 0 2632 0 666 2048 305 0 3464 211 857 648 11 0 138 705 443 0 58 515 0 0 0 45 0 2506 706 123 0 23 0 0 0 0 0 0 0 0 379 0 0 983 0 0 107 0 455 0 0 150 86 0 0 0 6 11 349 0 0 700 7 328 38 307 114 3 3 0 796 0 1132 0 9 0 0 0 0 325 0 0 0 0 19 302 624 294 0 242 0 0 0 0 0 25 590 0 16 0 0 1602 0 0 0 0 0 61 0 0 904 0 0 403 7737 0 306 21 0 206 0 337 276
 0 0 0 0 41 0 0 181 0 2554 0 0 0 0 0 0 144 0 0 2 0 0 0 0 0 63 17 26 0 5304 83 10 0 58 38 0 0 0 8 317 0 273 0 3 0 5 31 124 1350 52 0 355 0 41 0 0 4 2268 0 9123 24 418 0 67 0 0 190 45 0 8 2109 0 0 598 0 0 35 41 1041 830 36 4 108 255 0 0 0 150 0 13 0 332 0 274 0 0 0 339 177 0 0 0 0 0 0 1233 2501 530 0 241 7 0 0 41 6 0 34 10 49 0 0 132 464 18 0 0 0 0 0 0 0 51 10 0 614 0 0 0 0 0 61 24 50 72 2223 0 11 122 156 447
 0 91 2 0 647 0 42 0 30 0 61 0 1236 0 0 0 0 7 0 172 14 0 0 37 172 10 0 26 550 6 777 690 0 106 0 0 387 0 0 15 0 0 0 21 1392 0 0 16 81 0 0 0 0 0 26 1178 0 368 19 0 201 53 0 99 0 0 6070 1177 416 49 0 1592 0 0 0 0 0 3 116 91 0 268 0 0 0 135 0 30 500 357 8 7 0 0 38 0 36 0 0 0 92 213 0 214 0 0 0 0 0 601 85 548 0 493 306 0 219 0 857 101 0 0 0 0 2861 1359 0 389 0 469 0 63 0 0 0 0 67 9 0 42 0 57 8 105 0 67 67 7 2 931
 0 0 6024 0 0 28 27 0 0 7 0 92 0 20 13 45 0 0 0 0 0 0 0 76 0 0 0 842 0 5 0 0 5285 101 0 2817 0 0 17 14340 0 15 0 0 483 0 936 30 1416 0 0 313 0 0 0 0 0 311 0 0 0 0 130 0 724 0 0 28 0 0 1133 56 15 1 0 0 586 44 62 0 81 18 0 0 0 0 34 176 0 4106 0 0 0 0 0 0 1 0 266 0 0 0 167 11 0 835 13827 0 0 0 371 360 0 16 13 0 7 0 209 10 0 298 58 0 0 0 0 0 0 0 624 340 0 7 679 236 0 0 7 655 25 0 0 72 18 857 4 39 0 0
 111 2 0 350 0 80 877 163 69 0 148 7 0 2090 17 0 39 0 0 45 0 0 114 0 940 0 5812 0 0 0 0 6 0 0 706 463 0 0 0 0 0 443 0 45 2227 701 0 1214 2 0 525 0 0 9 81 0 1634 0 130 0 0 151 27 85 353 28 0 591 51 0 48 0 22 0 30 0 0 0 2 0 0 0 0 0 1168 0 430 0 495 37 311 0 100 0 0 0 55 0 0 0 1105 0 0 1248 481 91 28 19 0 0 258 5 0 0 68 191 1069 341 311 0 0 33 368 0 3 0 107 22 0 0 17 370 2415 450 502 132 247 3 0 271 0 0 0 0 3549 0 0 53 0 6
 59 817 88 2 0 0 367 8 5 0 0 5 1 0 0 0 0 0 0 44 0 43 0 59 0 163 126 103 4103 0 7 0 123 1096 0 18 653 368 0 39 693 0 87 0 0 196 0 5335 2 9394 143 0 85 14 0 0 0 0 3681 0 14 0 0 60 15 0 0 3 0 9 0 212 0 14507 2978 0 310 0 0 70 0 678 305 12 0 106 424 26 5 0 0 0 0 2 7 0 27 0 103 0 0 128 336 0 6 216 0 142 0 0 471 33 0 0 2 0 2 83 0 680 1191 339 0 0 475 0 4 0 0 3 286 44 27 0 48 0 3939 0 60 0 0 0 1232 0 673 0 0 0 55 78
 0 314 0 70 0 0 251 0 0 0 0 0 0 11 58 0 811 0 47 0 300 30 6 0 433 1434 0 0 1201 0 0 0 3 0 103 33 0 0 0 0 294 0 187 0 0 2108 0 59 0 0 518 203 151 0 14 0 348 20 0 163 0 547 0 443 0 436 0 0 1647 132 0 19 32 0 0 99 17 7 0 74 0 1216 0 0 0 0 864 0 0 3 0 0 65 0 21 0 93 0 0 0 12 0 0 0 0 148 7 0 0 1 664 636 601 0 0 0 290 7 0 16399 0 8709 209 0 0 0 0 0 7 218 0 19 1334 1494 0 0 0 0 154 498 253 189 0 0 0 19 0 0 529 3527
 159 0 66 0 0 0 0 112 0 119 1873 0 10 0 0 8 4 0 57 0 0 119 21 207 1882 0 0 912 0 0 0 0 132 533 0 0 309 0 2005 0 0 0 144 42 0 0 899 0 0 2 0 31 5025 0 675 3276 0 99 57 11 0 0 0 2 0 0 135 0 622 0 0 232 919 760 0 0 20 0 51 8 0 327 146 30 12 862 140 0 0 0 0 0 0 0 0 0 0 8 0 120 0 87 0 0 51 17 95 361 550 7 0 0 0 0 311 0 0 11774 77 0 0 773 24 638 35 0 0 28 0 0 50 0 479 0 104 0 0 7 2039 0 2 0 10 220 222 99 0 0 0 0
 21 0 723 447 0 0 220 0 0 0 0 169 120 0 0 9 0 0 0 0 1 248 0 0 0 0 0 127 9311 204 11 0 0 0 0 981 0 0 0 2 647 0 0 0 1 394 71 4 9 148 21 17 0 1159 0 0 0 0 1833 3 599 597 0 232 15 185 726 43 620 10 0 0 0 0 12253 0 0 108 0 106 349 0 0 131 634 39 0 0 176 0 166 1315 0 0 0 0 0 6 8410 0 0 0 19 0 0 111 0 0 0 0 119 0 17 0 0 0 998 4 254 0 0 803 510 0 0 0 0 138 227 443 0 0 369 104 0 366 1311 425 0 0 0 0 0 0 0 0 24 1143 0 0
 0 2172 19 61 703 0 0 0 133 0 4 0 1027 0 18934 58 0 0 14 843 45 218 0 17 0 798 0 132 0 129 10804 0 0 400 0 0 0 130 0 84 0 981 181 7742 0 0 0 63 386 0 40 0 0 0 232 22 117 67 2 0 0 2 1 41 0 0 0 0 0 137 0 0 5 1455 0 42 0 0 13905 53 0 0 0 0 5080 24 19 1287 1 13 0 44 23 0 0 0 0 3022 125 0 0 440 0 12 19 5 0 72 17 0 17 0 0 0 200 32 0 18 391 0 6 342 2284 0 0 0 16 39 0 1018 0 0 39 448 0 390 0 0 0 0 171 9 125 173 0 0 3 10 0 60
 84 123 128 0 0 0 0 59 0 0 6 0 0 0 0 433 28 0 443 0 117 0 0 0 135 0 63 2042 0 0 10 0 0 0 0 1 0 0 0 0 0 0 0 0 1311 0 0 3 0 161 0 217 54 22 0 0 22 0 0 0 34 0 1205 0 0 663 334 0 12 72 168 0 0 0 0 105 2 677 0 0 0 0 3 0 7923 621 0 4 0 0 0 0 0 628 0 127 22 4 11 40 234 426 14 5 276 0 1998 0 746 0 103 322 0 0 189 0 0 0 0 223 162 0 259 73 0 0 66 0 207 28 0 1 0 0 312 0 241 16 0 0 0 0 93 96 1 0 459 28 17 489
 0 0 0 0 172 808 157 0 37 0 0 0 0 0 0 66 0 0 0 0 0 0 66 15 0 189 0 18 29 10 8 159 0 4 0 0 507 0 0 0 0 0 0 32 236 0 0 740 22 2603 0 0 2715 0 0 10799 0 178 758 62 0 0 0 0 1279 539 0 10 0 76 541 1512 57 139 674 0 1434 710 0 0 338 7 2644 8 0 25 22 0 0 466 5 0 0 0 409 1304 78 236 187 3 0 6 44 0 0 0 97 1386 561 0 443 0 0 415 585 399 772 192 1848 175 0 29 0 514 19 0 0 1 0 0 138 130 0 0 36 1906 0 361 0 1 69 681 0 14 0 0 114 1301 23 0
 0 0 3 0 290 0 0 639 10 0 196 0 5 0 59 554 506 0 105 0 0 0 0 0 0 0 0 229 0 0 503 0 0 341 1218 66 17 8 0 1 4 3 0 29 0 0 2876 0 0 4 0 1134 259 0 856 0 20 40 87 0 0 173 0 0 0 55 48 0 714 76 28 4 0 253 0 0 0 0 0 0 0 57 5 1671 0 463 112 18 26 0 1631 0 0 1 0 73 0 11253 0 0 85 0 0 587 0 34 223 899 0 0 0 1 203 0 684 0 0 17 0 0 0 80 110 0 0 0 0 0 61 0 219 38 7 10 0 6 0 1450 723 10 0 0 0 3 64 0 0 3 0 82
 859 136 0 0 0 42 140 0 449 25 0 203 0 0 0 0 1292 905 0 253 0 0 24 0 0 0 0 0 28 0 535 24 1999 4810 0 0 0 7 3 10 120 0 0 0 7996 0 0 35 208 0 14 0 0 0 0 0 1831 0 0 0 0 7 0 0 0 0 32 0 0 0 0 0 1906 680 0 8 79 239 6434 0 0 0 45 0 53 0 60 15 281 0 21 0 0 0 1607 3 0 322 0 14 0 109 134 18094 0 160 363 169 727 19 0 713 0 0 592 0 5 0 0 99 3 0 0 0 0 0 0 0 0 42 0 0 2098 4 0 0 0 17 6527 0 7 282 26 56 0 32 21 0 0 0
 0 0 1736 0 0 0 0 409 66 6024 0 202 0 3 0 4398 0 21 0 428 62 0 1289 0 0 6 4754 0 0 0 2 0 0 0 1060 53 0 329 0 625 0 1 2202 0 0 0 19 0 39 0 174 123 0 776 0 507 358 0 0 0 0 0 0 0 267 0 0 294 0 0 11 58 0 0 4 52 0 32 126 0 0 267 0 0 0 0 0 0 0 210 0 85 0 5 173 0 0 0 0 0 370 0 92 134 3 0 19 0 44 0 10 101 0 0 0 322 20 0 35 0 0 31 0 35 488 0 0 626 0 352 207 2499 146 578 0 0 97 210 0 0 0 0 1197 2049 0 680 0 0 0 83
 0 0 0 9 0 324 0 219 2645 0 151 0 0 0 5 0 0 147 0 0 0 47 0 0 0 0 0 0 6 4 192 0 0 0 1007 2334 23 0 66 157 865 1018 0 0 0 59 793 0 0 0 935 11 9 0 0 0 0 0 0 0 0 49 0 822 71 1040 0 0 0 274 0 0 0 9 2117 61 210 0 0 0 0 1 774 0 9 0 710 0 9 0 0 10629 29 165 0 12 0 1201 0 0 0 2 0 0 14 26 4060 0 20 0 166 0 0 0 19 1174 0 11 0 0 664 0 0 0 110 0 0 29 0 17 444 101 0 0 1 0 406 15310 0 0 0 0 2 124 0 0 0 0 70 0
 3287 0 32 1530 0 1183 0 14066 0 0 0 116 0 170 1300 276 1122 0 0 0 3 0 0 0 12 173 0 3148 0 0 0 741 146 93 615 65 0 483 0 16550 208 0 0 375 4662 0 1116 0 51 2 7424 0 18 653 0 1853 19 0 78 0 362 0 3 154 1 1974 65 0 0 193 18 19 459 89 0 3 1178 2 0 0 5 404 22 0 0 93 119 0 0 4 169 32 0 0 34 878 39 0 94 0 0 0 117 0 31 21 0 0 0 24 421 510 0 143 0 846 14 0 0 34 0 1 567 0 82 0 14 0 241 289 101 753 0 203 0 0 0 0 12 1418 0 0 0 11248 43 6 347 0 0 201
 0 0 329 0 360 0 0 5 0 83 23 1904 0 0 0 0 0 344 13 0 0 0 56 0 55 0 28 0 0 0 783 0 0 0 0 0 3530 0 337 0 266 0 586 0 0 57 0 16525 190 0 277 132 0 6 107 322 0 390 0 102 0 0 299 0 0 167 0 0 18 0 0 0 0 18572 0 0 9 0 163 0 9 245 76 3 15 142 24 0 0 0 0 14 0 91 0 248 0 0 326 1389 0 0 564 0 0 2 6 0 0 70 467 0 10 0 0 0 0 145 0 0 0 25 0 52 0 0 0 0 0 0 0 146 14 124 4 16 44 0 65 0 26 0 125 0 0 0 0 0 0 0
 0 0 22 0 0 0 46 25 0 15 141 8 0 0 74 0 82 0 3 591 0 0 0 1562 449 53 0 722 0 84 0 0 2 81 0 0 0 0 35 0 8 17 0 3 0 43 0 173 0 1437 54 0 81 0 0 1048 4103 0 201 0 0 4 143 55 0 0 1 680 0 0 1 0 0 816 0 0 56 72 0 3 0 0 2283 28 0 0 0 11 15 125 105 0 12 0 0 1225 7 0 0 1457 824 0 0 0 0 1494 0 234 25 0 0 0 0 333 612 25 0 548 0 0 42 0 0 107 174 33 0 0 0 5333 0 162 0 1871 8 20 0 0 29 774 820 0 0 0 7 48068 35 0 0 35
 0 1199 574 2053 0 88 0 0 0 0 0 8 0 2867 946 0 0 135 53 15 0 95 56 0 739 89 0 0 0 447 0 775 1069 0 0 698 17 0 0 212 987 0 22 0 2554 503 0 0 13 0 0 0 13267 0 277 0 2 0 2229 0 11 0 79 443 0 43 36 0 0 0 0 0 0 35 0 0 0 0 0 1 0 0 15 0 884 0 140 6 0 1 317 0 0 0 84 247 210 63 102 11 133 187 47 11 0 0 335 0 0 325 17 0 0 0 0 0 0 0 5918 67 0 531 0 83 5351 0 0 74 0 0 0 0 6621 0 813 0 818 0 0 0 0 143 10 1189 47 0 2 5064 0 235
 137 0 109 47 2 7 0 262 45 0 0 0 0 0 25 0 1059 0 5 7 0 0 19 0 65 0 991 0 0 994 0 15 0 0 29 0 0 116 0 0 0 0 2 0 0 1035 0 1229 0 0 55 0 156 7 0 115 7 757 121 0 0 0 34 26 27 4 0 306 0 193 81 3355 80 2 0 74 0 6 7 13 0 567 0 0 0 32 164 48 723 2 1678 4 0 0 132 169 32 325 15 0 0 0 0 0 0 0 11 7 121 0 0 0 34 2 0 0 484 0 0 51 0 17 0 0 0 0 0 0 283 706 0 8 113 0 0 0 0 5242 0 103 45 0 67 0 185 142 7 275 0 863
 458 0 47 1165 825 16 1572 0 0 103 0 0 223 285 188 0 117 0 0 0 56 0 0 0 0 0 0 386 0 25 0 328 0 0 0 0 86 0 24 0 56 0 0 303 0 0 0 18959 0 0 8 71 8 0 3 0 0 0 46 1408 0 2017 40 3079 0 0 79 331 0 442 3 1 259 0 0 857 0 33 18 32 0 0 0 0 6 0 0 0 0 0 0 0 0 0 0 27 59 0 0 678 1235 0 0 0 67 0 60 0 9 7 0 0 5 0 44 0 0 796 1053 7 39 0 0 11776 8 137 0 0 0 598 0 231 0 160 0 0 19 0 0 237 0 0 0 73 0 0 0 0 169 69
 0 0 18959 0 250 1389 0 59 222 0 554 984 527 0 29 6 143 63 0 163 333 1829 18 0 833 0 6 0 0 14 36 50 0 0 303 0 169 237 0 813 6958 49 5 0 0 0 484 479 0 84 47 147 107 676 0 599 4 125 0 5 1468 0 0 0 0 0 0 0 0 0 20 69 0 7 0 11 0 1 253 0 3463 0 151 0 39 0 2 0 93 923 0 0 0 62 0 0 0 0 451 0 26 2353 0 52 104 311 1053 21 0 0 0 0 0 225 1290 9276 682 0 125 0 0 430 210 0 4889 0 0 72 0 0 0 0 584 73 0 0 15 40 0 801 0 57 0 0 139 240 0 0 0 114
 26 1172 0 0 0 0 0 0 0 187 296 518 0 0 3 0 150 0 93 0 736 0 0 1315 26 0 255 723 14155 777 0 11 0 0 193 0 38 772 0 0 31 0 0 17 1906 0 4055 0 80 235 670 1 1281 0 14 366 0 35 52 0 3 199 0 0 0 0 0 10 0 105 519 0 23 0 0 9 146 43 10 67 0 0 385 178 75 0 190 207 78 0 0 0 0 152 0 461 878 101 149 14 0 42 0 0 706 0 0 0 4 0 195 1735 226 0 0 0 31 0 91 67 0 0 7 0 0 236 0 0 0 305 0 1201 26 0 151 525 0 41 0 1760 1345 94 0 0 0 0 0 259 0 0
 0 0 3 15 853 0 0 12 547 0 202 0 0 8 0 0 0 2 0 187 115 0 0 0 0 0 19 0 210 0 0 0 723 0 6 0 21 11235 0 0 135 0 177 0 186 0 0 41 1844 0 0 113 0 15 1193 0 1826 327 0 3 0 2 1273 58 0 0 0 0 413 11 155 0 0 294 0 0 0 0 0 4 2 0 62 0 531 456 36 9 0 421 317 0 877 0 9 0 727 8 0 49 15031 36 19 0 48 0 0 2250 312 0 462 0 1411 301 6 0 20 443 28 192 15 40 75 0 871 0 0 7853 104 19 0 29 1594 293 0 0 0 15310 0 46 103 0 833 0 0 0 0 4903 0 857
 5 3 365 32 0 354 0 501 0 169 0 19 55 0 141 40 0 108 0 108 263 4402 0 950 0 0 0 419 0 0 0 2069 0 0 703 0 8 249 82 386 0 0 269 6065 0 0 0 0 14451 0 344 150 879 0 0 0 0 0 0 529 19 0 108 3 1099 51447 0 0 0 64 0 267 0 0 72 77 29 9 0 0 0 0 387 0 0 0 18857 9363 0 68 0 7 22 4 61 0 862 96 3674 34 102 0 0 0 0 0 0 0 0 13790 0 0 0 0 0 0 20 0 9 6006 0 5958 0 7 8328 0 0 975 265 1122 0 12 0 0 63 1 0 0 0 0 0 0 5 0 35 882 1995 11252 681 167
 0 290 0 0 93 0 0 70 27 6977 10 0 0 473 0 15 982 0 171 0 21 80 572 44 0 0 0 0 0 761 0 0 765 0 3 0 647 0 0 0 14 0 0 0 0 0 0 342 32 213 44 8 0 0 3 0 0 0 0 98 1223 0 0 18 0 410 0 28 0 0 107 882 293 0 1300 0 0 0 55 35 115 8 0 164 0 0 175 1196 0 148 0 0 0 0 43 20 0 0 0 308 4479 0 0 0 0 0 0 462 0 342 62 0 0 13 68 169 0 0 0 0 0 0 0 0 0 22 0 972 35 0 342 1 792 0 0 0 0 37 0 8 3 0 0 33 0 0 27 0 36 640
 0 2605 0 0 0 0 0 636 0 862 187 7667 61 83 0 0 0 1850 0 2823 0 0 1873 0 78 63 116 429 64 0 0 198 18 2040 96 181 0 39 0 572 0 0 0 178 39 0 3 658 0 294 10 0 0 0 815 35 4 0 16 130 2880 0 0 53 26 0 48 0 0 42 12 0 424 0 19 0 266 0 0 4205 260 560 0 4 58 0 0 22 1 0 20 22 0 1 641 0 227 0 2004 154 42 0 0 479 713 5 0 0 0 0 0 388 0 0 192 0 0 0 379 39 39 0 547 0 0 0 0 264 0 733 0 0 0 16 0 0 9 0 0 0 0 0 0 4 6 28 0 7 0 0
 355 0 0 0 0 0 195 0 0 0 1310 0 2835 122 0 0 0 0 0 121 4080 0 28 0 327 0 0 0 716 0 568 0 0 0 0 0 104 1 64 22 1129 0 0 0 0 0 2715 0 0 0 48 0 0 0 0 81 0 0 4 31 38 459 0 0 139 49 15310 3 1 3 0 1063 11 0 0 0 0 0 0 0 323 0 0 0 0 803 9 1250 1808 85 0 0 0 0 780 93 836 144 0 0 0 7929 465 0 0 0 0 0 0 0 0 398 0 318 392 0 369 3524 93 0 0 0 0 74 8951 37 0 261 0 706 0 0 0 0 0 159 139 55 0 0 0 0 0 28 0 4 2829 0 68 0
 0 0 12 0 91 16 0 867 0 1087 0 0 23 0 203 10 0 0 0 0 0 0 179 0 0 0 0 0 2374 22 0 0 106 0 0 508 0 151 0 0 0 421 397 2 0 0 67 0 7687 0 0 791 774 0 69 0 0 0 0 15 0 38 769 365 0 0 56 0 0 0 0 0 1 0 0 0 420 0 48 0 0 12270 65 8 352 0 0 0 0 0 21 0 0 0 0 0 0 0 0 0 50 0 7 0 453 28 4 0 21 14 0 0 60 0 8 0 0 5 0 0 562 0 0 95 0 207 0 0 2146 0 201 30 0 0 0 56 3 41 3763 45 0 38 234 258 533 70 6 0 25 71
 15 0 0 0 0 0 55 0 212 0 222 22 0 29 0 7928 50 10 0 112 24 56 0 24 0 63 2059 0 0 1228 1 0 0 0 51530 13762 0 0 0 0 0 0 0 233 990 0 134 910 0 1304 67 0 516 4986 79 0 368 0 0 72 0 0 105 0 232 0 0 21 0 0 76 0 0 3 32 62 9 0 791 0 0 0 0 18 0 2053 0 2 0 627 0 204 3 236 208 15647 0 15 7746 0 0 1 0 0 0 18 0 0 12 0 0 0 0 0 22 0 0 0 300 621 0 0 0 0 0 0 0 0 0 0 91 0 51 8 347 38 24 516 0 0 0 107 0 0 7889 0 0 0 1119 658
 330 88 0 10 0 80 0 25 433 13 0 0 80 2157 972 0 0 2248 0 0 0 124 232 0 106 0 93 0 0 0 1 0 0 0 6017 201 5 46 531 0 45 0 340 0 0 0 50 0 34 0 0 122 4810 125 0 14 25 0 96 4 0 0 178 96 835 0 322 0 6 415 0 347 0 158 0 392 0 806 0 0 2 0 1062 522 0 0 0 0 0 620 0 0 0 1278 1 0 0 1032 64 0 0 0 7 0 142 0 4975 0 2002 71 0 0 3747 5 0 0 0 0 0 0 0 2 1480 13818 0 459 402 4 0 0 705 0 0 11248 0 0 0 8 0 1 127 2817 85 0 0 0 0 9425 281 0
 0 14 0 120 0 55 0 6857 7 0 0 635 48 0 0 1007 287 219 44 198 40 15 49 795 0 0 82 0 0 0 10804 2106 2794 0 0 0 69 49 0 0 318 4663 0 0 42 0 0 0 0 0 56 26 0 0 30 12 2 0 0 6 0 0 0 3 0 0 1831 0 0 443 531 1905 907 16 0 51 0 0 0 112 0 3 54 0 494 11 97 87 172 0 13 4 0 229 0 717 107 315 47 533 0 0 0 0 116 5985 0 44 0 0 236 39 523 93 138 0 0 0 0 25 0 521 0 1457 16 6 0 0 0 7 0 270 0 0 0 0 92 0 876 0 0 0 4 0 485 16 0 863 0 0
 0 160 315 5 3 0 576 218 14 100 166 0 0 0 0 0 37 596 0 0 0 319 0 0 2 36 336 0 0 0 0 986 0 524 0 150 0 0 0 9383 0 0 20 6 2367 29 189 0 0 0 159 0 3 0 237 0 193 0 0 0 0 0 533 0 0 2239 142 0 83 0 1 646 1063 0 0 863 0 0 40 1172 0 2651 0 0 0 361 0 581 0 466 0 0 0 372 0 0 354 0 0 0 20 14 102 0 0 0 18523 205 48 0 0 227 453 0 0 0 0 160 0 25 41 0 0 0 62 23 0 141 39 0 0 0 0 90 17 66 0 0 0 0 212 0 50 0 2 0 1063 0 0 0
 450 0 4448 18 11 0 0 0 1 0 0 0 0 4 0 0 386 3586 653 0 0 0 4 0 89 81 0 192 26 323 90 0 0 0 92 0 0 0 379 0 0 21 0 0 0 14 326 7 0 0 0 0 35 0 15 192 10 0 0 0 1225 49 0 0 172 0 0 16 0 0 0 192 87 0 0 0 0 0 0 0 624 612 219 0 0 235 0 0 0 26 15 192 25 0 83 0 16 0 0 9 1729 157 0 4 228 0 0 224 0 0 0 0 29 699 187 0 0 0 0 0 62 26 0 0 0 0 0 0 120 60 0 0 57 0 0 0 102 11 0 0 64 33 29 0 0 0 0 244 0 0
 302 178 6 0 0 0 0 0 312 39 0 0 0 0 0 0 0 1 353 311 0 223 281 0 56 0 95 0 9 43 0 0 0 0 0 0 175 0 41 0 0 0 262 0 0 4112 0 51 0 2 0 34 544 0 130 264 4458 0 0 19 0 35 60 0 0 0 0 538 2858 0 0 0 30 0 0 0 0 0 0 5 41 0 0 58 0 82 153 9 0 0 43 79 3 0 0 261 725 5765 0 216 283 0 0 115 0 0 0 314 12232 12 0 62 842 0 0 65 433 0 103 0 25 0 0 0 1 158 0 0 0 259 0 0 258 0 114 0 3 2843 0 411 6 0 0 266 0 0 0 0 6 0
 186 230 14 107 0 77 643 0 39 125 0 82 265 11779 0 11 14 0 3 0 0 65 132 2 664 15296 0 0 28 0 0 0 0 563 0 17 0 0 0 8 0 909 0 1 0 23 0 3943 0 0 0 3983 0 0 0 0 0 0 394 0 219 0 0 5312 43 298 0 0 0 0 5 757 0 25 0 0 118 0 13 0 4994 0 72 0 7 0 466 0 0 570 39 747 0 15 0 38 44 244 0 977 1293 0 245 0 0 0 0 391 22 44 142 32 0 36 0 1315 0 0 0 19 0 0 1305 0 0 2056 277 0 426 0 6 0 72 23 6689 385 678 64 0 1175 2122 0 19 0 1 0 0 0 0 4
 0 0 0 404 37 0 0 0 0 60 0 757 659 0 0 67 0 0 378 542 0 0 3 187 0 0 15 0 0 0 303 0 1 0 0 0 0 29 1652 820 166 0 0 14 1019 0 1 0 0 2 86 0 0 4 1608 80 38 715 128 21 100 333 0 0 0 52 378 0 464 651 402 44 28 366 93 209 0 27 0 0 2783 0 0 593 0 0 0 0 0 0 0 545 1867 0 93 0 0 60 0 429 0 49 0 0 0 21 0 0 0 9 355 0 0 0 0 19 0 23 943 0 502 0 66 427 124 879 41 0 0 0 26 0 15 0 0 7 0 2 0 0 0 493 0 7 0 39 0 0 0 17
 216 301 849 0 10 1335 0 0 148 598 4 0 54 0 51 0 0 0 684 0 0 8431 0 49 2 5 0 54 0 0 0 0 0 0 0 322 0 0 66 2005 6 24 710 0 557 96 0 0 4 37 0 0 0 0 115 1568 87 0 0 0 0 240 0 515 7652 99 324 0 0 0 0 255 1594 37 0 0 0 0 9 0 1 46 3 1300 392 44 59 0 145 0 0 0 0 0 0 62 0 1936 3 0 133 42 225 111 26 34 0 0 0 80 0 0 0 0 0 0 0 0 0 0 11 11 0 0 4 841 0 241 0 0 0 0 0 701 124 2 93 38 0 5 0 1180 148 0 3 41 141 0 201 66
 0 47 0 0 0 86 0 50 0 0 291 1258 16 24 0 0 0 2 0 0 0 0 0 50 0 0 16 21 0 0 0 0 3068 0 0 0 0 280 0 380 0 39 0 0 0 1 0 0 0 218 0 101 0 0 0 0 811 727 143 8 0 119 0 1031 0 38 0 0 2 1206 0 740 6 0 1439 43 0 627 0 0 107 0 1121 0 679 4 355 0 53 464 47 0 0 0 0 2260 654 24 0 90 0 0 25 5812 0 2 0 12 0 0 0 367 0 0 23 322 0 0 0 0 39 0 961 0 478 0 0 68 0 456 8 0 46 4 0 0 1942 1296 0 744 120 0 83 1033 0 0 113 566 0 748
 0 35 0 0 0 6 1 0 7038 0 0 740 0 0 275 0 0 0 0 0 0 11779 247 0 0 0 56 0 0 0 0 330 48 587 0 0 0 30 0 0 0 5 0 0 0 0 21 0 0 3 0 0 242 0 49 0 1889 0 0 0 0 46 0 0 65 23 336 483 0 3 89 934 2598 702 0 88 0 554 0 0 0 29 741 0 0 0 0 0 0 21 0 2608 0 0 1 0 87 0 0 0 9 0 101 0 564 0 0 24 0 0 0 0 13 0 0 0 0 0 1729 460 5 0 388 0 4112 0 0 0 0 81 2146 0 642 0 0 0 799 0 0 11607 0 0 0 0 0 0 0 0 0 0
 45 0 0 0 0 0 34 0 0 30 0 43 6 117 390 0 0 203 165 377 0 1296 174 0 0 90 706 0 0 0 0 24 28 0 9487 296 31 0 0 0 0 0 714 1 0 6 0 352 311 313 0 0 7 171 0 0 157 0 0 0 0 688 2156 0 525 653 0 0 35 8 0 781 66 0 760 0 60 49 3 0 0 0 2 0 0 0 0 0 448 1170 0 0 212 0 118 0 152 2 239 302 0 1234 8 0 0 0 140 0 616 0 741 0 323 13 1648 5081 9 24 4098 77 0 5 0 0 0 15 59 0 0 0 4385 0 72 9487 23 0 172 0 0 510 0 299 48 43 0 0 16556 0 0 0
 2 1183 39 22 0 96 310 0 42 0 9 0 319 115 0 0 0 0 0 4 36 0 14 14254 0 138 0 63 338 42 0 0 0 0 51 0 0 0 0 0 0 1863 0 0 0 0 0 31 26 103 0 169 641 85 1825 0 0 0 0 0 0 0 220 0 0 282 108 1894 62 0 0 98 0 4 107 140 17 9 13 9 0 4 0 33 56 1237 0 3286 0 0 255 7 104 0 0 0 0 3 0 0 20 2632 0 0 0 40 0 0 0 0 0 945 46 650 0 17 0 0 0 1725 0 0 0 1 0 0 18580 179 1902 28 73 0 0 0 128 0 0 0 19 0 332 20 0 21 2 0 0 0 0 0
 5028 3 0 795 42 0 189 2 0 0 406 0 0 1243 0 0 30 0 0 0 0 0 549 0 0 0 0 0 30 0 152 85 17 0 64 726 106 82 0 70 0 612 1847 27 210 0 119 47 0 524 653 142 1 0 0 1618 1 50 11 0 6 0 6 0 0 0 154 11677 0 186 236 0 0 0 0 0 0 60 575 132 98 0 429 401 0 0 48 44 0 0 4 0 0 37 16 624 0 480 0 44 34 0 0 0 0 106 0 554 0 0 52 0 69 0 0 0 0 0 1 14 82 0 0 1868 2268 523 0 452 0 0 76 0 0 0 0 0 1118 0 266 0 0 0 24 94 0 24 151 0 0 42
 47 0 0 0 93 4 0 0 0 9 2689 1042 0 0 677 0 0 402 0 199 0 146 0 10 0 0 0 0 6 0 0 0 0 4 31 0 35 0 0 0 0 46 0 0 0 663 5272 192 0 0 7005 0 0 0 0 535 21 0 1006 4 155 924 281 0 0 8 0 6 14 0 0 0 185 740 642 0 814 0 70 0 476 0 1729 228 0 0 0 0 38 49 3 0 11 12 0 542 0 0 197 0 8 120 0 0 0 2169 332 0 3 0 2737 155 9348 463 465 0 0 0 5311 160 0 143 2069 7 0 0 0 3 0 9 0 5 0 58 16 0 2308 106 28 17 0 0 140 0 33 16 569 0 571 89
 49 16 0 0 0 0 0 0 233 10 26 9 0 987 2271 0 1035 324 0 0 721 66 0 0 877 0 0 0 11 931 0 28 950 879 1090 602 63 194 0 345 2 121 0 12 0 6 477 0 0 0 0 147 0 0 0 0 0 98 965 0 0 0 0 2856 147 0 0 242 0 0 1526 0 0 0 1663 0 0 0 0 533 0 0 41 55 0 23 0 0 0 0 411 344 233 52 0 2943 0 0 0 324 783 3660 30 521 355 0 680 0 242 555 0 37 95 37 181 0 6331 14 0 3 100 9 23 0 2982 0 197 0 0 0 0 1 0 0 0 0 3668 0 0 0 0 1050 0 19 0 25 0 0 0 0
 0 4 0 0 0 31 8 1062 0 4 4059 150 144 0 0 401 501 28 51 0 0 16 0 0 0 2 414 0 75 0 70 0 0 622 0 1142 0 0 0 1480 13 16 0 16 0 0 72 14 0 0 412 30 50 146 0 0 542 147 9 57 0 7 924 0 0 18 0 0 0 4 0 422 0 138 0 0 1427 59 31 0 0 0 0 76 0 0 990 0 3 0 0 0 214 53 0 0 0 4921 2843 142 76 0 0 191 269 0 0 0 0 0 108 222 30 228 0 0 0 0 268 0 0 292 0 0 129 0 369 0 0 0 50 413 0 269 13 1711 165 32 0 0 0 0 408 1070 13 0 30 0 0 6777
 58 0 0 0 88 0 0 0 7 146 23 0 85 0 0 126 0 0 0 25 0 0 7 913 0 758 341 6 0 25 96 0 0 0 1 28 83 0 8 60 37 0 68 24 0 0 0 0 0 9 0 0 0 68 0 25 0 34 0 0 0 0 609 76 0 6 0 124 14 0 8 42 0 0 1 0 0 25 1 0 26 36 0 4 45 0 44 0 6229 285 0 0 463 0 30 9 49 19 0 0 0 0 0 280 385 0 0 0 0 0 21 0 1328 14 72 418 0 0 0 0 0 0 0 47 0 20 0 2 1686 0 0 0 10 0 0 0 0 0 0 714 0 410 528 2819 133 8 7 2 485 285
 0 0 776 0 0 0 19 0 0 0 506 0 11 0 93 1 0 0 3 0 0 25 698 0 245 0 0 0 0 41 0 0 0 1119 0 0 156 0 60 0 388 11 0 20 0 0 0 0 0 0 38 9 75 0 0 33 0 0 2620 5 53 0 190 90 14 0 14 0 18 0 0 0 0 193 35 0 0 25 89 0 554 131 0 81 43 0 102 9 10 17 0 466 171 575 1290 731 3534 11 33 143 0 8235 953 0 0 3 0 5 86 0 0 0 0 0 0 16787 0 4 0 0 0 0 203 0 0 0 0 0 4459 31 0 674 0 417 0 0 0 32 580 145 68 0 7 0 324 97 0 4 0 0
 13 0 363 75 0 27 17 65 0 0 12 0 19 4 646 0 32 0 67 1050 0 0 0 0 0 0 3 9 72 0 1609 9 0 1 112 0 0 36 77 814 0 0 0 0 0 2992 0 42 0 0 0 600 0 0 0 4 0 0 50 0 0 0 0 0 1 0 8 4191 153 0 581 0 0 0 7 0 0 481 71 75 0 13 42 0 0 0 0 0 0 7005 387 0 52 1165 0 104 0 69 0 3 0 169 1003 463 0 0 0 28 4 0 0 2603 368 0 623 0 0 1129 13 13 17 2995 2068 4 33 595 0 56 349 386 0 0 0 640 7 0 0 0 0 27 419 36 486 0 132 0 32 2632 0 0
 0 19 72 0 190 0 56 1072 0 6 62 0 0 0 714 95 0 0 223 0 43 19 0 1630 13 5952 2 0 0 25 0 0 0 0 2116 13 23 47 0 0 0 832 0 121 746 533 0 0 271 0 0 675 810 104 15 0 0 0 584 342 0 0 0 0 0 0 49 0 1059 0 0 15 0 17 0 19 1810 51 97 0 0 2239 0 72 732 0 591 8 0 878 1636 0 184 3 412 0 50 6 2252 1048 0 0 0 0 43 0 1102 769 0 78 0 0 0 8 391 0 0 0 0 626 83 0 58 0 1490 878 0 797 140 218 14 13 337 0 0 455 0 0 372 0 390 71 0 0 16 0 0 48 175 969
 0 0 17 147 0 67 0 0 1674 1332 5812 0 0 0 0 11 190 0 405 0 130 340 0 317 0 14 2239 810 53 0 1130 171 0 815 2641 324 0 0 66 0 311 0 0 211 0 0 0 380 147 0 0 124 0 55 943 0 0 0 210 0 0 8 603 1958 0 0 11779 16 26 0 359 3 141 1062 4457 0 0 3 0 307 924 0 0 0 0 0 6 1682 0 3179 0 0 0 0 99 5 0 0 4 113 0 29 149 0 320 0 0 0 0 18 0 1122 0 0 1873 278 312 22 3 6174 0 344 0 0 0 585 0 0 0 0 67 599 8 1676 0 3 0 0 0 71 0 44 0 0 623 0 0 0 364 0
 3 0 2 22 22 0 0 0 0 32 88 0 186 463 0 0 461 45 1360 0 0 0 14 0 1646 28 1852 127 0 0 23 0 81 0 0 300 0 0 0 0 0 0 92 0 310 89 0 958 0 59 0 0 3 0 26 0 0 0 8 0 22 0 0 0 137 0 0 0 0 67 0 0 116 0 888 341 0 0 0 157 39 0 1852 413 0 0 0 0 0 2037 2715 22 0 0 1183 0 592 2 219 10 30 507 0 13 0 0 0 0 149 0 0 0 0 17 0 0 0 48 0 1113 0 0 289 0 0 57 0 0 1831 71 1 0 0 0 0 0 0 269 1225 0 0 0 1 0 0 0 0 1155 38 24
 113 0 0 0 0 0 1 142 0 0 7 515 1006 0 722 0 0 0 0 582 0 3 0 0 0 0 0 2 69 83 3464 74 29 0 0 47 0 0 32 0 772 0 7 87 33 0 43 30 0 0 0 532 0 0 1896 0 0 0 487 749 14 0 1902 0 0 262 0 129 0 0 233 0 0 0 619 5 0 0 3 0 0 0 0 2967 0 82 0 0 1334 0 0 81 16 149 0 0 14 0 0 0 0 0 42 0 5 28 0 0 1 0 66 0 289 107 0 86 0 0 1 0 271 15 137 0 576 432 141 317 0 38 24 1451 2023 0 9436 0 412 0 1178 1137 492 112 0 0 38 0 682 0 0 6
 0 344 585 93 0 0 0 0 0 0 109 0 0 7 0 1 95 0 8 3 0 105 0 388 77 101 0 353 390 20 0 0 0 0 2 0 0 0 0 0 177 47 309 41 41 0 0 201 25 17 4709 0 0 0 0 619 1045 0 54 2311 1686 94 0 217 0 0 476 0 65 0 200 0 0 0 0 556 207 0 933 0 87 791 0 12 342 0 368 482 11779 0 0 1125 541 2585 0 97 805 111 0 0 102 123 78 0 3 21 13 0 111 0 0 6 0 1295 2794 10804 49 368 0 0 1 0 12 4 67 0 0 0 9 111 0 0 0 0 31 0 0 36 45 0 79 1862 0 0 0 0 20 0 141 28
 9936 5 0 0 222 678 1 71 5316 333 43 57 1268 154 25 0 0 0 0 32 0 0 0 5 0 35 0 0 0 0 0 0 0 0 0 0 93 0 472 3 53 0 176 0 0 43 0 0 198 207 27 133 0 9 69 0 482 666 19 4 65 0 0 2039 9343 14 73 0 1204 309 0 0 0 1859 0 65 143 81 0 0 0 0 0 0 0 0 0 0 80 310 0 0 0 9 0 0 0 0 0 0 633 22 2102 674 6148 493 0 0 0 237 662 72 0 30 0 0 266 1091 85 0 140 242 461 98 0 61 0 0 140 1585 0 0 0 0 0 0 236 2618 0 0 0 18 0 0 0 0 162 0 176 1201
 0 0 7005 5 58 1295 0 0 0 0 173 493 6 746 0 68 0 179 0 18 49 0 0 0 0 65 7 0 8 0 17 327 341 0 0 3 2 0 0 1420 804 16 0 527 2311 160 105 0 89 0 40 0 0 36 0 24 114 705 893 0 0 165 0 282 0 181 632 0 0 0 0 34 249 0 2877 0 2831 686 47 860 0 0 0 0 141 0 0 0 83 4049 0 0 0 77 56 0 657 32 0 0 45 3 90 0 164 0 0 45 0 4473 0 55 63 853 37 536 0 9429 23 5805 0 0 0 0 4 8 229 0 1018 28 73 0 0 0 69 0 0 522 0 9 0 27 27 0 0 0 0 0 0 4
 0 11 60 310 1152 38 3 0 0 0 11 30 0 184 0 56 2839 0 0 10 344 0 891 0 130 592 115 0 185 0 112 128 0 0 218 16 0 0 15 0 6 12 0 0 682 0 213 1013 0 9 0 0 403 0 408 21 0 0 1 76 21 0 0 0 0 0 211 0 0 13 12 0 8 68 0 154 78 0 0 35 0 9 40 0 0 0 312 0 0 0 30 105 9302 0 64 4 0 1411 2079 0 524 768 7 0 0 113 0 21 0 15 0 0 7946 0 0 285 4 0 0 0 0 1119 452 98 0 0 0 0 0 0 209 0 1234 0 0 66 18954 0 2 707 0 0 140 14 20 0 0 0 0 882
 0 10 0 0 0 0 0 0 6 24 0 0 8 42 0 0 2342 237 0 0 0 0 0 0 226 13 0 0 38 0 0 40 0 6 0 0 646 0 66 7 143 55 1252 516 105 16 878 0 0 0 0 12 0 0 0 0 0 0 0 18957 0 51520 5019 0 261 0 19 0 1951 0 1201 229 0 0 0 0 0 0 0 21 0 0 0 69 0 0 0 35 0 365 158 0 6 64 0 554 0 0 0 313 0 290 0 62 0 0 0 0 210 44 177 19 0 0 0 0 0 13807 340 0 0 0 5 312 0 0 0 38 0 0 0 0 0 1315 1102 0 5351 0 0 138 19 4 46 1166 144 0 0 0 4454 11
 959 0 25 518 0 74 203 819 0 53 0 0 542 670 44 10 243 0 7 0 87 0 0 0 48 13 699 66 92 0 121 0 130 42 0 0 17 5 19 0 0 0 0 0 103 27 0 0 0 0 0 77 496 0 131 0 0 0 0 20 0 0 0 4 0 0 347 177 137 0 0 0 0 0 1982 1012 0 0 0 115 104 85 246 7 0 0 44 0 22 0 0 0 10 0 197 64 68 0 0 3 0 0 0 0 0 6656 31 0 82 0 0 0 0 0 0 0 0 0 0 0 50 0 2394 10144 177 0 0 613 6943 0 0 0 0 0 588 11250 0 117 618 168 0 0 0 0 0 0 10 175 0 11
 70 1076 145 0 0 624 1072 0 8187 4 0 164 673 0 0 503 624 0 0 0 1073 0 46 1072 0 1118 0 0 14 35 0 26 643 0 2030 4 0 0 0 0 1822 88 45 116 0 0 0 0 0 0 0 0 0 335 5999 1179 0 0 4 4 0 0 0 65 10 0 78 0 0 0 2408 5303 0 0 0 0 0 5 0 0 0 382 18959 0 0 0 0 0 263 0 18580 0 42 0 0 1872 192 3 0 0 0 1056 10804 0 361 1094 0 213 983 0 0 0 0 545 0 7 0 0 32 0 0 0 18 0 194 601 0 0 0 0 46 541 14 201 6 0 21 10 0 0 0 186 0 0 78 0 0 23 187 8448
 0 0 0 0 0 0 157 0 0 0 0 582 0 22 0 0 13 0 0 76 89 0 0 1873 140 0 0 0 0 0 0 0 282 116 148 0 791 186 0 3 0 70 0 472 16 0 0 0 0 24 147 135 120 0 0 529 0 0 648 0 0 2102 0 89 0 2 12 0 0 0 166 4075 2862 59 0 0 359 143 0 64 68 0 332 0 0 0 490 0 0 0 128 22 4472 24 0 1 96 0 3 0 0 13 183 0 0 0 190 0 0 0 25 0 0 0 0 0 0 0 854 0 140 0 311 130 105 32 0 650 0 0 0 0 104 0 0 0 0 0 54 131 0 39 710 1614 171 2 177 0 0 14
 0 0 0 31 0 0 0 52 3649 525 0 0 12 1791 1086 0 0 0 38 0 0 2108 10 0 0 628 258 0 0 0 550 0 0 331 248 0 1233 0 567 115 19 38 4 0 0 0 17 0 0 59 0 548 255 9 0 0 0 18 0 94 0 0 0 0 0 49 8 22 3 0 0 0 0 0 0 440 0 38 0 0 0 11 0 0 23 0 0 0 0 0 58 21 3747 518 146 0 0 6949 6 341 27 0 1048 0 0 0 0 353 0 0 320 438 243 0 28 856 0 0 158 26 218 0 0 0 0 0 0 0 64 13 0 0 0 266 1839 0 0 724 11 0 0 828 0 51 0 60 153 0 319 0
 0 756 0 0 0 0 66 0 0 0 0 1839 0 0 13 109 504 0 0 1586 0 0 117 390 0 58 0 0 0 291 0 1 288 18959 0 4967 184 12264 0 0 18479 0 56 0 52 47 0 0 1719 0 73 0 47 4988 213 0 0 590 0 0 160 0 0 0 0 472 0 0 1 45 0 0 0 0 23 0 91 0 9394 0 0 0 0 0 31 68 57 1336 7 0 22 0 0 0 0 674 653 66 13807 0 93 2005 0 1776 0 1532 0 13 49 1579 172 0 71 0 0 49 36 0 7 0 24 0 38 0 73 0 141 0 0 0 4 0 1304 0 0 390 123 0 1844 38 0 0 0 0 6 0 0 74 0 0
 264 347 0 1865 0 0 0 0 258 0 0 639 238 0 0 42 0 0 0 0 0 66 0 0 283 0 16 1 210 26 81 99 0 0 0 0 0 0 5 0 132 121 0 183 0 3 0 0 0 739 0 125 0 320 134 129 0 2374 222 0 0 0 1792 77 17 0 67 0 1038 26 0 0 344 835 0 0 0 26 0 0 40 0 0 217 1610 0 0 426 0 0 91 0 0 0 0 0 13 0 0 0 0 1178 752 26 53 0 0 0 0 1607 0 18917 66 0 0 4685 0 0 116 16 0 29 0 523 583 0 6 51 74 0 810 57 0 0 3 0 17 0 6 80 2 56 0 966 1607 0 14 5 26 0
 748 0 1434 20 0 0 0 357 198 2632 0 405 0 0 0 0 39 179 217 26 0 99 0 0 61 0 0 0 158 9392 0 0 0 2880 416 0 831 16439 1273 5 0 129 0 508 1039 0 64 0 0 1837 0 0 102 0 0 1178 0 1053 215 12661 3 0 218 120 0 0 0 1831 0 38 0 79 15 0 45 0 0 0 0 338 998 177 0 1066 5 0 0 83 0 554 0 0 0 0 0 58 0 0 0 0 40 0 16 0 42 0 0 63 0 0 468 0 0 1843 0 32 0 217 0 555 341 0 0 0 0 0 114 657 0 0 0 0 0 864 950 17 0 0 0 0 241 0 0 97 5 72 256 0 0 1178
 0 0 0 0 0 27 0 0 20 0 57 0 0 0 10170 129 0 56 496 3 0 4 42 0 0 0 0 149 80 38 20 0 0 365 0 0 0 228 247 0 0 0 4125 8 409 61 0 0 56 0 0 0 221 162 349 1038 0 15 3 0 3603 76 45 40 0 2972 0 0 17 4 3578 0 0 5 2202 0 0 264 8333 4 0 17 0 0 0 25 0 327 1147 0 141 45 0 209 9487 0 486 60 0 196 0 0 141 311 6 7 29 429 6801 727 0 0 0 3 392 0 0 0 0 349 0 0 191 10 466 7861 148 74 0 84 249 72 447 104 0 0 0 1659 45 534 33 812 6 0 551 0 0 9 66 0
 14561 3740 0 69 2408 0 0 0 213 0 65 123 0 0 0 587 30 62 1773 0 0 0 39 38 0 166 0 22 242 15 501 0 29 47 96 62 0 462 224 69 1 0 0 859 0 271 0 0 585 15 266 0 0 0 18 0 12 482 0 0 0 0 44 3 0 65 0 30 0 0 77 0 24 351 519 0 4103 0 193 3002 30 0 0 0 0 82 81 0 0 45 0 0 0 0 35 932 625 0 21 8 374 0 0 0 0 0 5 0 0 119 0 21 6 0 0 2 0 169 0 0 39 0 484 2155 38 18 0 0 0 0 4 7 23 0 1 538 42 247 0 0 112 0 0 24 0 1212 9 1040 0 0
 0 355 0 0 104 0 102 390 23 167 0 1 321 0 31 125 196 0 4 0 80 913 0 40 0 342 0 0 0 0 0 19 0 0 1674 0 0 758 0 1 0 0 0 0 0 0 0 5 3 0 0 39 0 0 0 0 106 33 86 0 121 353 6 0 0 57 0 0 398 0 18947 7 4837 1 0 0 0 7 0 0 0 0 1 103 56 0 4 62 1192 116 0 0 0 213 0 0 0 0 17 147 0 183 15 0 82 132 0 0 328 1548 0 1 3 0 0 0 78 0 0 0 0 279 0 0 0 0 92 284 175 263 0 310 0 0 242 167 4826 0 0 123 0 17 1842 0 67 29 43 0 0 0
 108 0 0 20 0 0 0 700 0 0 0 45 67 0 0 0 0 0 352 0 0 0 0 0 117 0 0 0 2 116 0 0 0 0 31 0 4 0 0 98 0 0 335 0 0 161 236 0 0 0 0 0 0 32 0 50 0 0 0 0 7 42 0 27 3350 46 0 66 0 73 0 153 236 2026 44 0 242 20 0 527 80 0 0 4 0 13812 2047 0 38 304 860 0 1 12 148 94 0 489 0 688 925 422 3 0 0 132 253 0 53 283 37 0 2121 0 0 0 50 133 25 0 0 0 684 0 0 242 0 552 673 416 0 0 334 0 0 0 6 0 0 9 0 224 6 0 450 827 1570 36 0 62
 0 0 661 0 2843 4862 0 96 35 0 0 133 0 0 0 13823 0 0 0 0 499 636 0 66 0 0 64 4 0 396 0 0 1 19 0 0 0 8 0 3 5297 0 0 78 0 806 0 662 0 0 0 17 0 711 13 0 1713 0 416 0 0 0 312 0 4053 693 27 882 382 0 0 0 0 0 0 36 0 0 0 1075 0 89 7 34 67 0 0 0 0 0 118 1306 7 0 0 26 13 0 466 0 0 491 0 0 338 145 416 28 0 79 0 0 0 0 28 0 0 0 140 3 146 0 10 0 0 1304 0 0 0 0 48 0 0 0 0 0 0 0 0 0 0 366 13 0 0 0 0 0 0 4887
 0 0 0 84 2 238 0 0 2708 699 0 0 0 0 0 110 0 1857 327 607 2715 54 0 533 35 11 0 811 33 13906 0 0 0 203 0 0 314 0 90 367 324 43 129 0 0 27 0 0 0 123 0 0 0 5043 7 0 50 0 0 81 0 0 147 3 795 123 0 0 0 0 0 76 0 0 0 106 2853 78 0 67 670 0 0 32 95 0 0 56 1640 0 0 0 5 279 108 0 0 0 0 12 0 64 533 0 501 0 0 50 235 0 0 35 0 0 227 28 396 1125 0 1 14 0 62 1663 0 0 0 0 0 0 0 4 2 0 9 49 204 0 0 47 0 0 0 2245 466 0 0 141 404 6
 0 105 14 0 38 0 1 943 0 39 62 0 0 2311 0 0 0 0 34 0 0 0 0 456 112 874 1611 171 25 0 0 0 0 0 8443 0 167 5 0 0 425 44 291 0 0 818 60 9480 160 489 0 996 39 0 0 86 0 316 0 4 1134 12 0 0 591 2502 0 6 0 0 73 461 0 0 0 0 1276 189 64 27 44 0 0 52 7 93 86 0 0 4 5 1069 0 0 0 0 93 1737 2 24 0 0 73 0 0 0 0 0 4 11 109 0 0 89 0 0 1157 6466 52 11 0 29 0 5672 94 57 1 57 103 0 115 5 1873 0 84 0 0 280 0 325 23 0 0 0 0 45 5124 3 120 0
 0 0 148 0 432 191 0 19 1155 352 71 0 0 0 0 4 0 0 0 0 19 0 0 0 0 0 0 51 0 18959 40 1 228 157 95 0 7 15 0 0 0 0 0 0 2960 0 0 0 0 652 3 0 0 0 0 0 0 1268 0 328 0 0 206 0 671 640 158 1017 51 0 26 547 5 0 0 149 529 1 0 103 0 0 183 0 0 529 52 13 16 11 0 772 0 104 1366 0 0 94 0 0 0 115 0 3 16 184 0 358 8 0 0 378 0 1 0 1 0 16556 277 96 0 0 3 0 3 0 0 353 0 71 0 206 0 61 0 0 0 0 0 654 0 0 50 0 0 66 0 0 2044 0
 0 68 13 819 0 302 176 0 0 144 0 0 0 68 14 0 1044 0 18 0 0 0 13486 581 0 0 0 81 0 0 0 0 0 0 1716 39 0 0 7 0 0 0 0 0 17 713 337 0 25 0 0 0 45 0 528 46 236 3145 5 81 0 916 680 384 0 0 39 766 0 0 0 1748 0 0 6 4459 0 20 6 0 39 0 0 0 341 182 0 5025 0 65 8 0 0 0 260 0 26 12 5 0 4 0 65 164 0 0 3681 857 0 3374 0 39 0 475 0 0 24 27 14 0 5 5 0 535 829 2268 0 0 54 0 1299 1292 0 0 81 0 9 0 0 20 0 86 0 4 44 0 4078 421 0 0
 0 0 0 153 592 0 0 5 85 12 0 22 0 0 878 0 25 0 845 11 12 44 193 0 70 0 0 0 0 1869 8 0 7727 2 0 0 38 0 222 382 220 27 130 0 0 0 106 23 172 0 96 6762 503 172 0 15 1101 0 0 73 0 0 1580 1125 250 393 0 157 0 0 0 0 0 19 29 1395 42 0 0 0 0 0 0 0 0 77 0 51 6 98 0 21 17 0 0 855 32 66 66 0 0 0 36 2040 0 0 0 15 13 78 0 89 13 0 4 0 0 140 0 0 690 0 18 0 0 0 5 0 0 66 0 43 0 0 0 0 63 0 0 0 4972 17 0 0 0 93 0 0 0 0
 0 0 0 178 0 29 0 0 905 134 0 27 101 0 0 0 0 0 0 27 34 0 125 346 1327 0 57 0 2468 85 51 28 0 10 116 23 342 0 0 0 0 3 152 811 1303 28 297 14 0 3 238 1285 3073 0 75 0 2827 0 659 0 57 0 130 0 140 0 30 2 0 0 192 0 1076 0 796 228 29 51 0 0 92 0 0 0 0 601 98 0 18504 0 0 0 0 0 829 48 25 0 3109 83 1 1 0 0 8 22 568 202 2259 0 0 0 690 0 49 2146 0 0 0 0 0 56 0 21 0 221 67 0 75 0 917 0 0 15 1 132 548 0 283 0 0 0 0 0 0 486 4134 0 0 428
 11495 3 0 0 288 129 2010 10 998 81 0 0 145 6 0 0 0 0 336 0 598 59 7 0 29 4 106 0 66 16 3912 0 0 0 13 0 0 0 0 0 0 0 0 96 0 339 0 0 0 0 0 34 0 1039 10151 0 15 420 0 0 201 0 1496 0 0 0 0 0 191 0 0 0 0 66 10 22 0 0 0 719 61 0 0 38 0 7 0 0 0 188 9349 0 11 0 142 4 0 355 6 0 225 391 962 0 173 193 160 0 0 2238 1252 40 0 0 0 0 45 0 0 0 0 0 0 0 67 0 0 191 50 40 439 26 0 0 483 0 768 1259 0 0 10 0 0 4 0 0 0 295 0 50
 17 0 0 15 0 0 0 206 0 66 1 87 0 1875 45 598 0 0 145 10 87 571 2514 0 592 1041 0 0 35 15 0 0 0 0 5 0 4125 623 30 140 20 0 128 1211 15 11 0 320 0 4 481 0 0 0 394 0 1147 3 1248 0 1 13 467 0 189 15310 81 12 665 0 56 36 0 0 0 14 0 42 0 0 192 1180 17 42 0 0 175 34 0 135 0 0 4 0 0 3134 13 0 12265 0 0 0 0 0 0 1477 4 228 0 28 0 103 11 0 57 30 66 0 0 864 649 53 0 644 0 0 4 28 16 81 0 427 0 720 924 0 31 0 0 208 9 0 0 81 2124 0 0 15310 339 472
 6 943 0 9436 364 65 0 0 19 309 0 4 0 0 0 31 0 279 0 81 76 33 0 1005 7831 45 0 0 0 0 0 0 62 468 51 68 0 0 0 0 0 0 0 0 3283 0 0 88 0 3 0 0 208 0 19 70 91 0 15 0 0 0 0 727 32 0 17 2603 3 23 6 2 0 3630 230 230 1554 24 0 138 120 132 0 11 0 252 215 515 0 65 1137 0 0 310 0 1679 208 104 1231 50 0 789 4 104 0 0 0 829 0 0 152 0 145 0 0 0 17 1198 165 2852 513 0 0 0 7 23 0 72 5471 51567 10 337 0 1 0 0 0 0 0 370 692 65 0 1034 0 0 0 83 298 34
 1207 0 23 0 0 0 0 0 1018 69 15 0 0 16 143 0 21 1094 13 29 26 0 0 11234 0 33 0 0 0 0 0 3 0 0 4 425 652 206 0 29 176 0 0 0 0 0 0 1117 0 0 5 596 0 14 0 0 174 0 0 18 3 0 21 7 13 0 0 24 4 337 0 0 15 2 0 455 227 42 0 18 23 88 0 650 41 0 0 34 0 0 920 0 0 0 327 0 50 765 0 3 0 164 0 0 0 567 0 97 0 0 0 0 0 125 10 35 0 0 3 3 12 19 0 0 751 0 0 0 65 0 578 0 0 0 6 155 0 0 0 329 0 0 1 0 291 13 28 3 915 0
 0 0 0 0 0 0 0 0 0 67 243 0 727 47 0 13 0 804 0 4 2018 0 0 30 0 261 0 0 68 0 6 40 0 0 725 32 205 299 0 0 0 0 773 16551 0 0 0 10 0 1 2 0 0 496 18 21 0 5 0 0 0 0 0 2311 0 0 1303 0 42 311 1417 13 0 246 0 1612 46 0 0 6599 0 0 1 0 14 0 0 72 0 27 0 281 0 0 0 0 20 0 0 0 0 0 431 37 413 7 0 0 324 0 0 0 86 9390 126 7 0 0 138 0 91 1006 1218 5 0 0 7 245 841 0 119 0 0 0 57 1085 0 0 0 272 0 54 0 0 0 49 0 0 0 3534
 0 99 50 1225 2355 3 0 0 15 118 327 0 24 83 0 392 44 0 1 48 0 213 13 0 661 0 0 43 0 627 57 30 6341 96 282 322 0 270 64 0 0 46 0 0 288 71 0 0 0 62 0 75 103 0 0 168 0 0 0 2 0 0 0 466 0 26 786 0 67 0 0 16 0 0 1 2056 14 0 0 0 0 0 0 18928 34 385 0 0 0 0 65 1 3 0 201 14562 215 59 0 0 17 0 0 0 100 86 0 0 0 0 0 36 26 212 201 0 0 0 0 11 0 5 0 0 17 0 5 56 0 0 0 0 402 0 0 0 493 0 0 0 605 0 0 0 0 256 2 24 0 0
 3 0 0 8 0 0 0 0 0 166 1232 0 0 0 43 2 0 0 9086 0 0 7703 0 38 591 0 502 22 474 306 0 0 96 106 373 403 9 39 34 522 36 1311 0 1044 4 1676 0 0 47 264 0 27 0 821 162 0 50 1324 0 6 59 0 270 416 0 29 0 396 104 232 0 0 0 326 0 0 0 0 9 17 0 2 0 247 4463 108 0 0 168 4 0 0 0 31 16498 442 0 367 0 0 0 145 0 12 0 46 2 0 0 5 32 0 0 590 0 0 0 0 0 11 93 0 0 260 0 0 19 753 0 0 3677 2 0 43 0 596 7 0 0 36 0 0 0 0 1488 50 0 29 107 1214
 176 6 100 0 0 0 0 0 174 116 0 208 0 138 23 0 30 0 0 6 5 0 0 237 0 0 0 986 164 0 216 4 0 0 0 0 63 372 0 5 0 0 0 0 0 0 0 402 0 0 16 0 49 0 0 1828 0 0 10 0 1174 0 0 811 561 43 7 169 0 0 3 0 30 8 152 0 131 181 0 671 271 0 0 0 23 1269 0 5697 0 0 0 1595 0 226 0 144 26 163 2011 10 4 0 19 1170 1856 0 74 6 199 0 3 0 8 0 170 0 2874 0 0 0 20 0 0 0 17 82 0 0 0 0 106 0 78 1831 0 0 542 0 24 8326 0 0 0 302 0 950 0 1165 0 756
 594 424 331 0 0 26 0 160 0 0 542 0 0 2547 0 30 0 0 0 0 279 1822 0 0 0 83 1063 43 0 374 984 0 923 0 242 0 0 0 0 10 0 0 512 0 0 0 0 0 1954 0 298 173 350 0 101 1070 1178 70 66 0 0 0 243 635 0 10 3630 65 0 1241 197 849 0 0 0 18 0 0 212 211 596 0 0 787 1 0 0 0 113 0 0 0 0 126 0 0 0 0 0 253 0 30 6977 0 0 2843 0 0 0 10773 0 318 0 4 172 94 0 16 0 558 65 9962 111 0 0 0 156 0 0 0 411 188 2 19 0 144 0 56 0 5001 0 10 0 0 0 1668 0 1067 0 0
 0 0 0 0 635 632 0 50 45 0 0 0 0 0 58 0 0 2 0 1555 4 7 0 0 0 56 0 0 80 34 0 0 0 0 24 106 23 0 0 116 101 5 83 0 0 18 233 0 0 6 89 0 597 4 0 0 0 69 0 0 750 2 0 528 271 0 0 0 0 0 144 20 163 46 0 16556 4 17 58 0 0 0 40 392 0 39 0 0 6 31 36 0 0 853 0 0 0 373 0 328 181 0 1037 0 0 1 117 249 0 0 86 0 2865 0 2844 0 549 77 0 12 0 486 487 2 0 0 728 79 18 33 0 5 34 13 0 349 0 0 282 0 0 0 0 14 0 0 0 0 0 674
 0 0 2311 681 5 15255 0 909 0 0 50 31 100 36 1262 59 5 0 0 0 581 80 2 0 0 0 0 1052 3 59 0 841 13 0 0 0 0 47 62 0 334 0 0 950 0 53 2342 10 0 3519 10 0 0 0 33 0 0 0 0 0 528 0 0 324 8 0 234 497 0 0 0 159 0 2115 0 0 0 0 5220 0 0 262 0 0 66 133 0 0 1 451 0 0 27 0 666 173 0 0 0 22 0 0 2665 0 0 876 23 27 80 0 0 0 361 210 0 11645 0 0 175 0 698 0 4 4 3 0 7 433 0 0 276 127 0 9486 57 975 15 0 41 0 1 0 391 204 815 342 0 0 99 3
 0 17 0 0 0 0 186 0 0 0 0 62 0 1303 11 786 1 0 63 2991 0 0 0 0 421 0 14 4 0 36 0 0 0 0 664 0 1 0 50 0 7 445 17 54 38 31 25 1268 285 5 61 99 763 737 12270 0 49 69 0 0 0 1218 27 0 108 0 0 61 0 0 0 4 0 0 0 0 0 131 0 46 0 0 46 154 0 465 0 0 0 0 0 131 0 0 151 630 7 0 0 14 11223 60 156 0 0 292 0 0 150 0 104 0 45 0 899 5 0 179 411 982 0 0 599 102 43 776 0 411 0 0 8 0 0 2172 10 0 0 0 0 159 140 0 5 905 0 0 0 0 545 0
 189 0 5 0 18 0 0 0 0 0 0 0 3 73 0 0 640 0 0 0 239 0 0 942 0 142 310 0 0 0 75 4 0 0 0 0 0 0 31 3 1 0 0 1850 776 0 0 0 1945 39 4 505 0 0 118 44 0 45 51 49 0 1104 580 163 330 20 18574 324 0 1 290 6 0 0 0 35 986 0 0 0 531 2632 0 0 79 995 3 850 64 27 0 221 35 0 59 311 1328 22 1 24 0 0 0 0 28 0 540 5 7 0 49 188 0 0 1952 0 10 612 0 0 0 70 0 0 0 0 144 0 0 47 27 0 502 0 630 0 48 0 0 0 0 29 0 68 0 0 794 32 0 0
 0 200 0 998 1442 0 0 31 0 0 0 0 0 104 57 0 0 0 0 0 0 0 0 0 71 5 0 0 0 528 0 972 0 0 325 0 0 1197 74 0 51 0 369 44 0 0 0 2853 0 12 220 0 0 162 30 72 0 90 262 0 3 0 0 0 0 0 324 936 0 220 0 0 307 91 180 0 0 76 14 0 0 0 40 2 0 1 0 0 1053 183 0 0 42 114 84 0 0 144 0 49 6 0 0 0 41 0 0 27 16537 0 0 11 75 127 0 0 0 8 0 0 0 1489 264 0 0 0 178 131 32 1614 0 0 394 82 0 312 0 0 0 6 0 6 22 0 0 0 9114 0 7 1831
 108 0 309 0 0 0 0 210 65 15 0 0 0 0 350 0 881 731 0 0 0 0 0 0 31 0 0 0 0 0 0 0 3 189 0 7 0 0 250 207 152 893 2 0 957 0 138 0 1885 0 21 735 2155 0 125 365 257 0 0 127 12 0 0 0 14 156 0 137 331 4 0 0 2 0 14 0 26 2379 66 0 42 295 157 50 0 0 0 0 13 0 227 0 0 0 46 634 0 1085 14 0 178 0 29 425 503 0 0 65 1 0 115 0 4 0 0 0 0 0 0 14 262 119 172 0 26 84 745 0 3 0 6 308 0 0 8 0 0 7 11 413 0 0 0 0 144 0 0 3629 0 46
 0 48 0 1605 807 41 0 254 0 1952 0 114 0 118 0 552 0 2249 1 1 0 29 0 242 5 0 0 0 0 0 1 0 0 0 221 0 0 0 0 0 55 734 0 0 72 0 0 0 44 703 0 0 0 0 8 0 180 0 0 0 0 0 0 146 0 0 27 989 50 0 811 0 0 0 0 31 0 0 6 0 16 0 367 426 7 0 0 0 167 0 0 0 0 0 21 8164 28 478 1069 0 0 0 1926 0 25 0 0 340 57 4 0 88 0 122 0 0 0 3 122 2 527 26 72 0 64 205 0 0 13 9 0 0 0 141 0 0 0 24 0 1014 83 261 3 0 201 0 0 0 56 93
 1521 0 28 0 173 0 43 1067 0 0 0 0 54 0 0 0 0 0 0 44 0 981 0 51 0 0 9 0 0 0 45 0 0 0 11 72 126 0 60 26 0 0 0 6 0 1427 15 382 0 0 23 0 0 0 153 2342 18 12 82 22 11 144 201 0 42 40 0 0 0 113 48 0 466 0 0 1614 0 0 0 0 0 182 22 0 877 49 502 0 0 0 0 0 218 0 0 178 0 0 306 21 0 0 228 0 0 113 233 0 422 0 0 0 3 0 0 203 0 0 0 0 0 0 0 38 0 0 0 66 0 937 21 12 13 147 0 0 0 0 10 25 15304 95 0 89 0 562 0 2015 0 33
 0 99 210 0 0 323 334 0 114 0 213 0 473 925 0 258 0 0 56 1272 0 0 0 0 0 0 0 23 1 0 1009 34 0 435 537 56 1 10 0 0 0 0 0 0 1143 2995 1614 0 0 0 1178 0 0 0 0 0 36 0 0 57 0 0 0 0 5 3 0 141 292 0 316 92 173 0 1300 82 38 18 145 2114 38 0 0 0 116 0 291 0 0 5041 0 209 25 0 0 164 67 0 38 121 753 0 71 0 0 0 86 1770 0 0 0 0 0 688 0 0 0 162 620 763 0 42 0 0 0 296 4 55 0 130 0 147 0 53 0 0 9 0 0 255 33 0 176 0 0 0 43 0 0 73
 25 0 0 107 11 0 0 5 0 130 4 28 0 0 543 515 0 0 0 2 0 0 0 0 26 0 732 2596 0 0 1 44 0 5872 13 0 0 13 0 27 96 0 0 0 0 0 0 460 500 0 0 0 1 6678 0 0 0 0 37 0 0 0 7 0 156 1 3 0 6 0 3125 0 0 0 0 96 0 0 0 6 11 12 6 1083 0 189 874 0 0 11 0 1773 119 32 0 281 386 0 0 4 0 23 236 0 0 300 0 18 0 0 29 539 19 5 0 127 575 468 2024 0 132 0 0 0 88 1902 0 0 34 326 0 369 0 0 749 17 0 18137 59 0 0 0 0 0 237 0 23 0 0 12
 82 132 204 0 0 69 787 745 0 5 0 12 0 4 0 686 0 0 29 0 4477 1606 0 0 0 17 22 59 0 0 18952 90 192 0 115 0 0 5 46 143 0 0 123 0 352 0 0 91 480 0 0 0 547 0 0 0 0 61 0 0 369 0 184 350 0 0 1 0 0 241 0 105 998 0 370 0 0 188 0 309 821 0 52 0 15 0 0 556 0 332 1 1 2992 17 8 0 591 0 12145 0 6 94 0 0 1021 1595 81 64 1041 1522 0 0 1 0 23 0 0 237 856 25 0 0 0 0 0 0 250 0 33 0 0 0 670 162 0 0 0 0 20 0 1 5 265 381 368 2133 1 0 410 65
 0 1700 224 28 71 0 0 0 39 15 26 0 0 32 17 0 0 6 253 104 728 6 0 6 100 1257 217 0 0 0 0 0 364 1 210 0 0 0 0 350 0 0 0 4 0 104 3 0 0 467 0 218 0 455 0 0 0 862 1 4 0 273 0 25 880 320 3900 0 464 73 0 3 0 0 0 0 0 0 0 0 7 0 958 0 4242 5036 0 48 20 193 0 0 5 0 0 0 0 0 476 0 9 0 0 115 0 0 1050 15 0 0 399 0 22 0 0 0 34 0 0 0 32 93 14 499 0 0 0 0 0 47 91 0 0 102 3 0 1912 19 36 0 0 0 0 66 52 638 0 33 12 625
 0 0 264 136 36 0 0 0 8 258 0 72 451 0 0 37 3 0 42 16 21 0 0 0 0 237 0 0 0 96 0 179 6 72 0 111 2 0 173 2 0 0 7 552 27 0 0 128 0 0 0 0 642 168 0 0 0 55 0 6 0 497 0 64 211 0 0 0 264 45 0 1530 7 0 0 0 5 1403 708 1006 405 283 7 0 50 167 35 0 0 341 12 0 12 3 0 53 0 38 1459 4450 0 22 0 237 0 0 4 19 0 802 795 2 2109 0 18548 540 51 0 0 65 0 1048 0 0 0 130 262 0 1457 493 350 0 0 19 1873 0 0 0 232 171 0 0 215 2761 0 0 0 1134 0 0
 0 7 39 0 8 0 0 1852 0 0 970 264 0 2 0 14 0 0 432 23 0 0 125 0 30 137 2002 2 206 1334 0 237 140 0 0 0 0 0 284 0 66 0 0 153 6 0 51 0 0 979 2604 0 0 330 0 59 0 32 0 0 309 802 152 0 0 0 0 0 29 0 0 0 0 0 121 0 0 0 0 47 0 0 0 0 1 61 934 83 10 703 0 418 0 237 0 0 103 0 133 117 0 0 89 24 0 0 0 21 0 0 14283 0 0 0 0 0 34 36 1651 0 0 0 18580 3 0 59 0 167 1053 0 198 0 30 371 0 116 101 105 0 51 0 0 0 1302 62 213 0 0 0 0
 179 0 0 1332 1223 0 0 1160 73 0 0 0 3449 34 137 13 167 0 55 0 311 0 0 699 0 80 0 0 0 0 26 0 0 2003 0 0 0 0 73 0 519 0 139 40 0 0 0 0 0 0 0 0 0 3 3 1769 1016 0 707 0 0 0 329 0 535 0 0 0 0 722 1906 0 0 0 0 0 0 23 22 2 140 0 638 0 27 0 1343 9279 3 0 2 0 0 0 158 86 0 0 61 0 1 228 71 0 0 901 12 5 12 0 233 391 56 320 0 435 73 356 87 42 416 43 0 5 9 36 6 53 0 0 2160 20 0 62 0 15 0 0 62 1 0 548 0 0 0 0 0 0 0 15
 5 0 912 0 3 141 0 45 54 0 0 163 2702 4 24 103 0 18959 44 130 111 0 1250 2822 112 0 74 0 157 0 0 0 0 43 14 1 242 0 734 8452 0 0 0 0 0 256 1203 1527 25 0 0 628 20 0 0 0 0 11 0 490 1233 0 3 29 53 85 0 75 1484 0 0 0 2 313 28 0 0 12 13 0 0 0 1332 857 0 0 13056 0 14 0 0 0 32 1691 0 0 0 503 0 0 0 0 261 0 0 1455 87 0 11 29 312 53 2 0 1210 59 0 325 0 1 18580 0 138 0 0 24 0 144 0 894 0 367 0 0 0 0 0 0 12 78 7 0 0 0 0 1888 135 6 2158 0
 0 0 138 0 0 50 0 56 581 175 0 0 0 15 115 1 21 46 52 0 0 0 0 682 9155 0 0 0 0 163 0 0 0 237 0 0 0 174 5 0 0 0 84 0 38 367 41 76 0 0 205 5347 167 0 359 0 15123 0 0 0 0 0 32 0 20 203 0 0 0 452 4 3 0 0 8 0 0 0 0 80 16 0 1152 45 0 0 0 17 0 176 0 0 85 0 0 0 0 838 0 0 0 0 196 0 38 0 0 7 0 0 0 0 129 31 17 0 0 0 0 50 0 0 0 34 70 0 76 0 0 0 0 0 8070 646 217 0 0 0 0 0 36 0 376 0 0 1 148 0 0 0
 0 12088 17 0 0 0 8 0 0 0 13584 0 9 67 0 317 0 0 1272 0 0 0 189 0 0 460 271 0 0 0 10 2493 0 21 38 649 0 0 0 136 0 507 0 0 0 88 0 1285 0 12 0 12 634 169 0 0 9199 0 671 262 0 0 65 0 31 96 19 460 0 0 0 0 0 0 24 13 0 250 60 0 555 49 388 32 9 0 0 0 1548 0 0 0 3 533 1189 0 1 120 1113 27 243 0 0 0 0 17 20 22 19 0 0 681 0 45 0 0 0 0 36 0 32 184 253 592 0 0 83 78 36 0 0 0 456 0 145 415 77 0 0 0 45 0 0 0 38 390 0 185 433 0
 330 200 0 0 0 14 0 0 0 0 8 292 5 13 791 30 0 0 55 0 5080 62 9341 261 323 0 210 0 0 0 1933 0 0 219 244 52 0 0 0 0 1023 116 0 0 4 227 0 15 0 0 0 0 0 7 659 88 0 1606 0 0 0 328 25 46 27 9 0 0 0 19 28 0 520 4 0 0 75 274 0 0 345 303 0 2701 0 984 0 0 0 112 0 0 0 0 12 0 9431 0 0 0 285 0 655 0 16 0 0 0 39 1069 5303 0 0 46 882 0 0 3 0 12 658 251 0 278 203 12 0 0 416 0 0 104 40 0 2 1014 0 0 276 76 0 222 943 2069 0 0 0 2859 0 0
 0 229 81 0 62 89 0 13 0 0 56 0 607 0 0 36 354 0 5 40 230 530 0 0 95 0 4 5 11308 59 8 0 0 0 72 85 1205 364 0 0 29 471 0 2508 0 851 0 0 1133 68 0 0 0 329 0 336 0 0 2 49 939 0 0 12 7 33 0 1822 0 0 0 0 5 0 17 0 0 14 0 1006 0 0 39 0 0 0 0 0 551 0 6 3 212 0 0 0 4 15 0 35 312 21 173 0 0 0 0 0 151 722 0 80 0 11 355 178 10 0 28 604 1238 115 11 47 0 0 568 0 33 0 53 0 458 0 6965 0 35 41 34 0 73 0 568 571 0 753 0 179 0 0
 0 115 0 271 0 81 0 0 1070 0 55 0 0 327 0 38 0 0 998 0 0 146 0 0 21 0 0 0 0 0 276 0 0 202 35 34 0 0 0 0 0 22 704 91 0 44 0 0 0 0 0 0 0 0 51 30 0 316 0 1 79 82 255 0 0 0 0 171 139 9 328 2992 0 1267 0 980 0 5 0 0 0 428 0 0 0 0 20 276 463 25 0 34 87 2669 0 0 28 1070 0 0 1 0 0 12 0 40 645 25 0 651 208 0 18 2194 0 0 0 465 18571 32 3 0 6 0 0 0 0 58 54 488 0 76 22 0 0 0 0 349 542 19 0 0 0 1072 40 0 11 0 0 0
 63 0 39 537 63 28 2669 13 271 0 0 0 87 2 0 4364 0 0 56 243 0 218 1494 14 0 0 1904 0 238 94 0 0 56 0 57 0 0 0 0 58 0 0 0 18374 0 8 349 0 9 0 353 22 69 0 297 0 0 0 14 0 22 74 0 1166 0 373 0 0 31 0 0 6 60 0 114 0 355 1053 0 0 0 0 2458 0 0 0 0 0 0 206 0 350 6965 0 0 0 0 0 0 1052 0 0 0 0 799 0 0 913 0 7 267 0 5228 100 17 0 743 0 1010 58 0 13 0 2 0 8 387 99 0 0 6 146 0 0 0 92 0 0 198 234 0 32 1040 0 1252 116 142 7736 138 0
 0 0 0 3 0 0 17 357 0 646 150 0 62 0 0 614 0 0 0 0 2048 0 0 0 0 0 0 0 0 1091 0 0 0 0 0 0 0 77 97 0 0 1516 49 0 0 52 19 1952 57 226 0 0 197 0 284 0 0 0 0 0 2 0 0 14 0 0 0 249 11 0 176 347 38 2216 0 0 5350 126 231 78 0 0 0 28 0 0 9436 45 429 40 42 138 964 226 0 1 1217 813 0 0 42 97 0 152 0 0 0 64 82 0 0 9 0 0 201 62 19 0 0 0 0 0 0 0 0 344 279 13 45 64 0 245 29 0 0 295 0 48 0 0 0 80 0 256 0 0 0 0 0 0
 8 25 471 23 11 14 10 329 450 0 0 20 7 0 0 0 227 41 234 57 70 0 114 17 49 51601 0 0 0 0 379 374 0 0 1269 0 13 0 0 0 0 6 758 264 10 0 0 0 0 34 0 0 0 0 22 0 0 0 0 62 2 811 0 0 21 0 0 529 18 0 0 112 689 15 4 0 0 0 0 73 0 0 6776 0 0 275 0 10 105 6 0 0 0 3 69 260 0 48 0 0 11 0 0 486 0 0 0 237 1018 0 10 0 359 0 349 15 17 0 658 0 14 26 659 1780 142 7736 0 0 3287 113 2769 0 0 0 3534 518 103 54 0 0 156 7 1151 0 0 5 472 4 22 21
 0 0 0 0 0 0 43 0 883 1038 0 0 0 207 0 41 0 0 0 303 695 504 100 0 0 502 0 93 56 0 7670 66 1934 0 10804 6 535 310 0 0 0 0 30 108 27 0 0 0 0 0 108 0 0 731 0 342 0 0 9 202 0 0 0 7746 0 118 5 22 0 0 1046 0 419 200 73 0 0 2234 0 277 2628 328 1218 28 0 0 0 0 0 0 0 283 156 88 692 0 0 0 99 48 0 0 0 0 0 15 0 13 0 0 352 0 5 0 0 0 0 0 155 0 0 0 0 143 45 61 0 75 0 11 0 276 12 13 0 0 7518 146 0 303 0 0 0 9 0 1864 0 460 120 12
 6 0 526 0 222 258 0 0 55 509 0 3245 32 0 138 17 0 310 0 18 91 163 102 0 0 0 317 588 0 0 0 9 13 0 0 0 0 0 0 0 26 69 0 0 138 2 3 0 0 60 0 38 0 8452 9 67 313 0 0 34 5 3 0 0 1780 0 0 0 0 18 0 0 0 208 655 0 167 250 386 89 125 0 50 14 0 0 989 0 0 0 122 0 0 20 3002 0 329 0 404 0 0 0 347 0 106 563 636 8226 0 0 0 206 502 1579 325 0 0 0 4 84 0 3 6 6 0 0 143 0 1221 0 245 82 64 0 0 0 350 0 0 6845 0 6 191 792 0 127 0 0 35 8
 0 0 0 0 0 61 0 16408 1470 0 0 0 0 0 0 18 0 0 390 9 0 0 0 0 167 49 0 39 0 0 8 3 0 40 0 549 0 0 0 0 203 0 0 0 29 555 0 0 3 0 69 0 74 0 14 0 0 0 0 0 521 0 0 0 25 23 0 0 93 80 4 2079 576 0 0 0 0 2 74 10 0 0 42 0 0 2601 305 0 347 0 0 0 0 0 0 0 0 0 0 9394 22 0 0 17 0 102 0 0 0 7 3 32 14 0 0 0 0 385 0 40 0 0 323 0 0 23 13 0 0 0 0 0 0 0 0 2069 6 0 4 194 707 142 5 220 4 12025 0 0 0 6
