150
 136 0 0 9 0 12 0 0 0 0 0 892 1 1 0 0 22 27 0 505 0 110 0 0 0 4 0 0 12 1 9 155 0 0 0 0 0 0 6 0 6 2 2 0 193 0 5 34 891 0 0 0 73 0 0 172 33 0 0 0 0 0 0 4975 582 0 26 0 0 0 62 0 0 0 0 0 0 5 2 0 42 0 2 0 0 0 0 2 1 0 0 57 0 0 0 0 0 0 7 24 12 0 0 155 0 0 0 12 199 7 0 1 0 0 0 0 53 0 247 0 0 0 0 29 0 0 0 0 0 10 0 49 1 0 14 428 14 0 0 0 13 0 0 10 0 12 0 31 0 0
 0 0 0 113 0 0 0 0 0 2 0 1102 0 0 0 0 0 3 0 31 48 201 200 0 6 29 9 0 0 1164 203 0 0 0 0 0 532 0 0 0 0 0 0 0 437 0 12 0 5 0 0 313 0 13 54 25 0 1908 149 0 0 0 0 0 0 32 196 3 0 0 0 298 0 0 41 19 0 0 0 1 0 782 15 0 0 12 131 0 223 0 495 39 1 101 0 22 369 201 98 3 0 0 0 497 0 0 12 17 0 0 19 0 839 7 1 0 0 11 4 0 113 1 0 0 55 0 0 37 0 14 0 126 715 0 115 83 0 0 0 14 0 0 0 0 57 159 0 0 0 63
 0 0 5912 1 2024 0 0 0 0 12 0 0 0 77 0 10 3274 346 0 5 23 0 0 0 0 0 24 9 9 0 0 10 8 73 0 0 6 0 26 0 0 180 0 32 0 0 0 3 4 0 18 0 49 0 0 0 54 0 0 0 55 0 0 0 0 1 0 59 6 32 0 0 0 0 118 0 0 0 877 10 0 69 55 5 0 0 0 0 1 0 0 0 143 0 0 203 0 0 5 0 37 6 0 0 191 0 162 0 24 0 0 0 58 38 440 110 156 42 62 0 27 0 0 0 0 0 0 150 5 0 0 0 695 0 0 0 0 61 0 0 0 0 76 487 12 106 0 0 0 2519
 0 0 0 172 0 1 3 0 11 6 0 0 0 0 0 0 0 708 0 14 80 2 0 1 0 0 7 11 0 0 15 3 0 0 0 0 0 62 0 677 20 0 0 0 13 0 0 0 0 264 0 62 7 0 21 442 0 0 0 144 161 0 0 126 0 299 56 0 0 0 0 0 97 0 12 733 4 919 37 3 0 46 0 0 17 440 0 0 0 0 1 1 0 2 0 0 0 0 192 0 0 0 0 2 0 0 0 0 0 0 9 0 0 0 45 0 0 74 0 0 0 3 0 0 0 7 0 0 3 0 0 0 2 138 0 0 0 0 0 10 0 214 553 0 0 0 0 472 0 1053
 0 147 0 42 0 1058 0 0 0 4996 0 0 0 0 0 5 0 173 0 3 0 21 34 0 0 0 0 327 0 0 0 0 0 0 174 0 0 168 0 0 0 1 0 18 0 11 0 73 0 0 6 0 22 0 0 2 0 11 0 131 10 0 35 0 209 559 0 0 0 585 1 0 73 44 4 0 0 0 0 0 0 0 0 0 0 39 0 0 7 0 35 0 0 0 0 78 17 0 1 9 21 2 241 27 0 0 0 0 0 1 0 9 0 264 0 73 13 1537 0 0 1 2 16 8 2 97 0 0 0 0 0 3172 0 3 0 0 0 0 0 273 8 17 0 26 0 0 0 2126 0 0
 0 0 239 0 0 0 30 1 17 0 8 0 0 16 0 0 0 163 8 0 0 0 0 35 5 200 0 2 1 0 6 0 0 0 0 0 0 0 380 74 0 0 2 0 0 17 8 61 0 291 0 14 0 0 100 10 0 0 10 0 0 216 2 2 0 0 125 0 101 5 0 421 0 0 2285 0 0 0 749 0 0 0 0 0 21 23 6 1748 0 26 0 13 0 0 0 61 0 0 0 2 37 3254 84 0 0 0 13 0 0 55 0 0 0 2 0 110 0 0 40 1 182 79 13 0 0 196 65 0 63 0 0 1 10 0 101 0 1617 30 0 0 14 0 17 0 0 94 0 0 0 0
 3 12 0 0 37 0 0 0 0 0 0 0 0 31 817 195 0 117 0 0 1110 5 0 28 0 0 2 51 1 0 0 0 0 0 0 0 6 0 0 0 1 0 0 8 0 0 8 2286 0 74 0 5 0 146 3 0 0 0 68 0 0 25 219 181 37 6 0 0 16 0 76 97 12 0 113 0 47 0 13 2 0 1 440 0 0 0 0 0 0 21 0 0 0 0 0 6 10 0 0 10 0 125 727 0 0 0 42 77 26 0 0 60 210 35 0 0 230 65 148 174 31 0 0 0 0 0 5 34 26 29 0 57 6 0 160 5 43 5 31 0 16 8 0 71 0 0 0 237 13 0
 0 1555 23 9 59 0 0 14 0 20 0 2 0 0 13 42 59 0 0 4 46 0 3137 0 76 0 0 0 1 0 0 53 0 267 31 0 28 0 0 0 0 0 0 45 0 451 0 36 0 0 0 0 125 0 0 0 74 0 0 0 0 0 0 0 0 16 47 0 0 0 0 111 7 0 140 8 0 0 0 182 0 0 78 0 669 190 0 0 0 220 0 975 0 0 174 0 0 0 62 21 331 24 0 0 111 0 0 0 185 0 0 0 7 0 0 0 0 0 0 0 0 9 0 0 0 37 483 0 0 0 0 0 5 0 0 239 0 0 1 0 0 10 0 240 1 0 0 0 17 0
 72 49 22 0 0 0 0 30 3 0 0 237 0 0 755 39 0 0 7 0 702 0 0 0 17 0 0 0 1058 0 0 264 6 0 0 0 0 141 0 16 56 13 0 3 1 154 0 35 16 0 10 0 212 2 11 36 0 0 10 0 1 0 5 0 0 26 35 0 0 0 0 1 0 0 13 17 0 0 0 9 22 85 0 30 0 136 0 0 0 0 0 0 0 183 0 31 82 0 0 0 35 0 0 0 0 0 7 0 0 0 645 1092 0 0 0 20 0 0 2 0 0 0 177 0 68 16 892 0 0 0 0 13 3 558 0 0 2 0 0 0 2 223 5 0 0 0 0 61 9 0
 0 0 0 0 0 156 595 0 0 0 7 37 0 0 0 0 0 0 0 76 0 0 0 1 59 16 0 59 1300 0 423 4 0 37 16 3 0 0 0 11 0 184 10 725 0 163 135 1 0 3 0 0 0 0 0 0 1055 1748 0 55 29 4250 0 0 4 174 0 32 5 35 0 480 0 104 0 0 0 0 0 3 17 0 0 0 0 41 11 0 0 0 39 0 119 267 4 1 0 0 892 0 0 205 0 0 0 0 13 9 328 0 0 0 0 0 0 0 0 0 0 0 19 0 0 0 45 13 0 0 0 0 0 0 0 0 7 0 93 68 88 0 32 0 2 0 169 0 0 0 0 12
 126 1 16 48 110 0 113 193 38 0 20 0 0 0 37 4 0 149 0 0 0 497 0 729 0 0 0 38 0 0 0 0 101 35 0 0 0 0 35 0 1612 0 1 0 0 126 0 0 0 0 3 0 0 150 0 28 0 0 182 0 0 0 326 3 0 0 37 0 0 0 0 56 0 117 333 0 0 0 0 0 0 0 0 0 0 0 0 0 0 3 0 0 0 0 0 0 0 0 0 2395 2 7 912 142 0 367 0 23 0 177 0 0 0 2326 0 0 25 0 0 0 0 0 0 23 0 300 265 88 0 0 107 16 0 0 0 165 0 1368 0 0 0 0 0 0 0 0 659 13 0 12
 0 0 0 113 13 9 196 0 0 0 135 3 11 0 0 0 37 58 0 0 0 0 14 42 10 0 0 12 0 0 0 1 0 22 23 2 35 0 0 0 0 0 0 0 1891 0 126 5 0 0 0 0 0 0 0 0 2 325 0 0 0 84 0 421 0 23 5 0 86 3 27 8 224 0 0 0 0 0 0 88 12 0 0 0 66 745 0 27 14 0 0 1 0 0 0 0 0 0 0 0 0 0 0 10 0 0 0 37 0 25 646 671 0 0 0 1 1 131 0 1352 48 0 0 957 0 0 139 0 0 3 334 50 0 0 0 0 0 0 0 0 53 0 1 0 18 0 13 40 0 0
 0 189 276 828 1211 0 1 2519 1 16 0 0 0 0 0 5 0 0 669 0 0 0 0 0 0 68 4 3 28 522 0 0 16 0 34 0 0 433 22 0 0 0 0 22 0 17 0 3 0 0 30 2 0 0 69 451 10 0 0 0 0 23 0 1355 3 0 0 0 0 0 0 44 50 12 0 0 1 88 0 16 0 23 12 1 0 0 0 854 6 0 0 307 0 0 394 0 0 0 0 0 15 0 0 10 0 0 0 0 3 210 914 936 0 0 0 55 0 0 0 0 68 0 27 710 0 131 0 0 0 541 0 0 5 5 57 1 94 0 0 0 0 0 0 0 0 0 1 108 0 0
 0 7904 0 1 175 0 0 247 217 61 2 0 0 21 1 0 442 3 0 0 0 0 0 0 0 22 84 0 19 12 49 2 0 83 0 0 0 0 18 79 0 0 4 0 0 1954 34 0 6 0 8 0 18 0 0 11 0 0 21 0 2122 0 0 0 0 0 215 0 0 6 0 0 15 0 15 0 0 9 0 0 0 0 0 21 50 47 0 0 32 68 121 0 0 0 0 0 6 0 0 0 0 26 0 5912 3 0 34 0 465 0 10 0 37 0 0 0 15 0 0 0 0 334 0 57 0 1 0 0 0 177 288 0 32 1 0 264 0 2 0 0 0 0 0 0 0 4 23 0 191 22
 54 287 0 128 1568 7 0 0 0 23 0 0 0 0 0 0 33 0 0 0 3 0 0 0 286 0 1 0 126 0 0 0 0 0 13 5 0 0 45 666 0 21 201 0 0 126 0 0 4405 0 0 0 0 0 21 0 0 0 0 0 0 21 0 25 689 28 0 1 0 37 0 69 35 0 25 0 0 0 0 0 0 0 0 98 0 0 0 0 0 1200 0 2 0 12 15 0 0 0 31 0 7 0 0 0 32 0 29 0 793 0 0 0 0 0 200 0 0 0 0 47 0 1 0 15 0 0 44 2 0 173 1 1 0 0 0 0 0 1 0 0 29 0 17 3 1 0 0 0 0 0
 1 0 0 7 0 26 0 0 0 0 0 10 0 12 171 0 37 0 0 276 0 0 0 6 0 0 0 0 0 0 0 10 51 0 100 0 0 0 5 7 218 0 17 386 0 0 5 201 0 0 1 0 65 0 134 21 191 0 12 0 0 21 0 0 3 0 0 0 0 34 62 0 0 0 0 149 0 28 2 0 1651 34 0 0 0 0 218 0 0 29 10 3 4 0 0 599 1 0 17 0 0 0 0 0 0 0 0 0 1 0 0 200 9 18 370 0 0 31 0 0 0 8 0 50 12 0 30 0 0 0 21 0 0 0 0 0 0 0 0 0 0 14 0 38 0 0 2116 0 1 2
 0 78 0 68 73 0 273 0 0 0 23 0 745 0 0 0 0 0 0 497 0 0 0 0 59 160 108 40 0 0 31 0 1386 30 232 0 52 0 0 0 0 0 489 0 0 0 0 2 12 0 0 0 51 0 12 6 84 0 0 0 0 140 0 990 31 39 0 0 0 0 0 0 0 0 1 525 30 368 238 0 0 16 0 0 0 0 3 0 0 0 273 0 49 38 0 0 28 0 18 5 87 0 0 3 0 0 4 0 196 359 0 0 0 5 0 323 11 0 0 0 7 0 0 260 3 0 0 0 0 0 9 0 5 48 853 0 1881 0 171 0 11 171 0 99 23 260 0 0 0 11
 0 0 0 0 0 0 0 33 34 0 0 0 62 0 54 0 55 0 344 0 0 0 10 0 0 57 0 288 0 0 0 0 6 0 0 0 0 0 0 0 0 0 0 21 3 260 1 5 0 0 915 0 0 0 0 206 145 12 41 0 0 0 1 0 0 50 78 0 0 0 0 0 13 19 15 34 3 960 0 171 0 0 34 0 361 0 337 0 0 0 62 0 185 0 25 0 105 0 5 35 0 0 0 0 0 10 464 24 1568 0 72 45 340 9 12 0 0 0 0 16 767 2 1795 1 0 0 0 0 0 0 34 23 4 711 2 0 23 78 0 0 21 5 817 0 0 222 0 108 3 30
 0 2 13 20 2 0 0 0 0 1 0 897 0 30 0 18 17 0 38 0 1 1722 0 2 2 559 13 0 21 17 0 4 2 136 0 0 0 0 0 0 0 0 30 0 0 0 6 0 0 1 1 32 23 0 0 1 0 0 1 0 0 957 0 0 0 53 2 0 0 0 57 0 0 0 0 0 0 63 64 3 81 26 0 0 47 0 0 0 0 0 333 0 599 15 2185 159 0 34 5 0 0 116 0 0 0 62 0 0 7 0 5 2 0 0 0 0 1394 12 524 0 74 0 0 171 2 0 0 0 0 0 9 0 3212 13 0 0 0 0 21 0 0 0 0 0 0 30 0 203 95 346
 0 0 0 0 0 29 15 0 1024 0 277 0 0 5 12 0 0 0 25 0 0 0 155 0 0 0 0 26 0 0 0 4399 2 0 0 5 1 0 0 0 0 0 76 0 12 101 0 139 577 0 68 9 22 5829 0 0 0 0 0 0 0 0 76 19 0 0 1950 0 0 0 0 0 0 453 0 18 0 13 0 0 0 43 21 0 0 614 0 12 0 0 51 0 0 0 0 14 84 83 18 0 4 93 2 0 13 0 553 202 0 0 5 30 0 0 32 2 0 0 0 29 7 0 0 0 0 0 0 159 287 0 0 0 0 0 0 0 0 146 32 0 0 21 3 26 0 24 0 0 0 0
 34 0 0 0 18 41 0 0 0 0 7 0 293 0 0 12 0 0 0 13 10 0 10 0 28 217 45 0 200 24 0 0 0 101 10848 0 78 0 77 0 440 0 1112 0 85 0 0 0 1952 0 5 0 35 8 0 46 22 0 0 0 0 14 0 0 38 0 289 0 0 0 94 451 0 2 0 377 80 35 0 0 2 0 0 29 0 0 205 0 0 105 0 21 1 0 149 1665 95 0 0 5 443 0 189 0 6 0 0 0 0 5 20 9 0 0 113 0 0 0 0 287 1617 0 0 0 0 33 0 3 0 7 0 36 0 0 0 0 181 0 0 0 0 0 0 22 85 0 0 4 0 0
 0 0 18 0 0 115 0 61 0 16 0 0 0 0 388 0 2 11 0 0 0 38 0 0 203 0 83 0 0 0 272 0 7 2 0 0 35 0 1 9 14 21 0 5 0 0 0 0 0 0 200 7 0 0 4 36 0 343 147 0 297 0 0 0 0 0 1 0 0 0 0 0 0 0 6 0 0 0 0 0 0 0 1 0 37 0 46 24 0 135 0 0 0 22 12 100 553 7908 0 0 75 0 50 36 117 95 0 0 0 0 0 12 27 0 0 0 0 48 0 11 0 23 0 0 0 0 4 74 0 0 0 0 0 0 0 0 12 67 615 56 295 0 0 0 115 10 30 0 0 0
 0 0 0 0 0 14 169 0 0 521 0 0 74 0 29 3 13 0 51 0 0 7 0 584 0 0 17 38 0 284 465 48 307 1 0 0 0 0 0 12 15 2 262 0 0 24 731 324 4 0 0 0 85 109 0 300 0 0 106 0 0 96 0 56 0 0 0 34 121 0 0 0 0 0 30 278 7 0 0 0 245 97 28 0 0 23 0 26 0 0 0 1 87 0 0 0 0 18 22 0 0 0 5 1 0 0 0 1 0 25 247 0 0 122 0 0 0 1 0 0 659 0 11 0 0 16 19 201 0 34 26 41 0 10 0 0 0 0 0 0 0 0 0 2 0 0 0 0 0 0
 1 0 0 0 1 0 0 0 11 0 0 0 0 0 443 0 231 0 0 9 76 2 0 0 1425 10 0 28 0 32 2 0 0 0 0 8 0 2 0 5 0 0 42 295 0 0 0 2 7 454 0 210 0 21 0 0 27 3 32 0 0 0 0 0 209 12 0 3 169 0 0 0 1 0 0 2 76 0 0 0 7 41 123 0 0 6 0 0 0 0 2 0 167 179 5049 5 378 0 0 48 0 0 20 828 40 10 0 0 0 0 0 50 22 0 200 0 0 0 0 30 0 27 3 0 99 5 0 171 171 0 0 164 782 12 0 175 10845 0 0 0 0 8 31 0 2 0 0 0 0 74
 0 0 286 0 68 0 13 0 0 0 44 0 0 0 0 1 0 0 0 0 0 0 5 0 39 0 1781 0 10 131 0 8 36 0 11 0 194 125 363 0 3 0 0 0 264 63 2 4 162 0 27 40 37 0 0 0 0 0 0 0 0 3 0 46 0 54 126 0 0 38 4 0 0 0 0 0 379 113 19 54 45 13 0 0 20 0 55 0 14 0 186 0 0 2 0 43 0 0 0 34 0 0 10 0 0 0 11 0 0 0 1949 13 0 0 50 63 0 892 13 0 0 0 0 32 0 0 82 1 0 0 0 0 3 3 0 39 2 0 0 0 0 1 0 0 1601 0 0 0 6 0
 0 0 6 57 0 0 146 167 75 0 86 38 0 0 0 2 0 0 0 0 0 5 1 0 0 30 5 0 0 6 0 0 13 32 0 0 0 4 3 0 0 138 0 0 31 8 0 1057 0 46 2 6 73 0 52 0 2 112 0 40 250 0 7908 1044 0 0 164 0 0 0 0 0 0 0 0 0 0 0 0 10 83 7 25 1 0 0 0 0 3 0 0 0 0 0 0 0 0 0 12 0 0 523 0 101 0 0 2 29 13 0 0 196 0 0 0 0 1 2 0 1 0 2 0 0 2 0 0 0 217 9 4 0 1 9 0 0 66 0 4 84 0 15 0 0 205 1 0 0 0 9
 35 0 0 0 67 0 0 0 7 28 0 2 0 0 0 36 0 715 0 0 0 0 0 0 0 0 16 0 0 0 12 0 0 35 0 0 52 0 0 2 12 0 0 0 0 0 0 0 41 0 90 50 83 0 0 0 25 0 57 0 88 0 51 10 0 0 0 0 0 0 0 4 0 0 0 143 0 0 0 0 812 0 52 0 0 0 0 0 0 0 41 5 0 0 0 41 1 0 0 0 0 0 1 0 0 0 218 0 6 0 3 0 303 22 0 33 300 0 10 16 0 21 0 0 35 0 0 0 0 34 0 36 0 5 0 250 0 5 0 24 0 0 0 0 0 2 78 74 0 8
 0 0 0 0 0 0 0 0 0 0 0 0 0 108 0 0 0 0 65 0 22 7 0 0 229 0 27 139 20 0 0 83 0 0 9 0 54 0 0 0 0 0 0 0 0 0 0 0 0 0 93 1 0 0 0 0 0 0 0 0 0 0 0 48 0 0 0 914 0 94 84 0 0 201 37 0 1 0 0 0 20 34 0 31 0 46 0 52 0 0 0 9 23 0 10 12 5 239 290 0 892 0 9 20 0 0 16 0 0 0 30 0 45 2 22 24 34 0 443 0 1 0 0 0 0 0 0 31 94 0 0 0 0 0 0 21 0 2 13 0 62 879 0 0 58 0 0 6 35 0
 0 56 0 877 77 0 0 0 0 0 7 1397 0 0 0 16 1 62 0 21 0 1 12 57 0 7 72 0 78 0 149 27 128 0 0 0 0 0 512 0 115 0 0 0 1566 13 2 0 0 0 0 0 0 0 31 0 0 0 84 3272 0 0 713 0 0 0 0 201 0 1 0 0 0 7 0 0 0 135 73 0 0 6 0 42 0 0 0 189 0 3 0 0 37 1 0 0 0 0 8 189 5 0 9 0 0 5 0 106 0 6 0 184 0 0 0 0 0 297 0 77 0 0 956 0 1 0 0 208 0 90 85 0 99 1 14 0 0 96 0 0 1 0 0 0 0 41 0 0 0 0
 0 0 24 159 11 0 919 0 2 0 0 24 0 0 2 204 196 10 0 0 0 557 0 0 0 0 35 2 713 32 0 180 0 0 1 597 0 919 0 0 3 0 38 0 47 4 14 205 0 0 0 131 0 8 3138 0 0 0 0 0 0 0 0 0 0 198 0 0 429 147 135 0 0 0 0 0 35 0 261 0 829 0 0 0 0 0 0 0 367 0 0 29 4 12 535 5 58 0 0 0 0 0 0 0 0 13 0 0 0 63 0 55 0 30 0 0 0 0 372 0 27 21 0 0 0 98 32 0 0 0 0 0 243 1040 167 0 0 54 0 0 0 0 1 0 20 0 18 54 506 6
 0 0 2 0 148 0 5 0 58 0 0 0 63 0 175 110 0 0 0 131 1 0 0 0 16 8 0 0 0 0 0 98 0 162 0 0 0 0 0 0 0 28 0 16 1176 0 0 0 0 0 0 0 0 195 3 0 101 0 74 0 0 6 892 1 3 0 0 0 0 0 0 0 25 158 0 23 54 137 429 16 8 0 338 0 0 0 0 119 23 0 0 276 11 0 0 1 0 0 27 0 0 0 42 1 0 0 81 0 5 12 0 828 0 0 0 0 0 1 1 0 0 0 0 57 0 165 0 265 0 0 0 0 1 0 54 38 1 0 49 26 0 0 0 0 24 215 963 0 0 0
 0 0 0 0 3 0 171 0 0 0 36 0 2 0 0 0 2 0 0 0 1 12 0 40 0 167 810 0 0 0 0 0 38 0 58 0 12 41 0 0 1 0 113 94 65 0 380 0 0 54 0 18 148 0 219 0 0 0 0 0 0 285 0 6 0 95 0 16 38 0 0 38 31 0 8 7 5 0 0 13 130 0 0 0 0 29 0 0 40 0 3 50 0 0 0 0 0 1 1 10 3 0 0 0 15 12 0 18 1 145 0 2 0 0 0 106 244 5 0 0 6 0 72 797 0 12 0 31 951 0 3 0 25 0 0 0 0 2 0 17 0 25 189 0 57 0 0 0 0 0
 50 1 0 0 0 12 0 260 0 0 0 2 0 9 3 0 0 0 0 0 250 0 0 11 0 0 17 0 0 84 1 0 128 944 0 42 252 9 0 334 0 0 35 22 0 0 0 727 28 0 0 9 1040 0 0 0 0 1 1 0 128 0 0 0 0 165 1 5 0 110 1 0 4398 0 25 6 0 0 0 5 0 221 0 0 0 1426 0 512 51 0 0 984 0 7 378 271 0 0 0 279 52 581 33 0 0 9 0 0 50 0 0 32 0 77 0 0 5 0 107 110 0 3 0 59 0 0 0 0 0 0 14 225 5 0 0 0 0 0 1 0 33 37 0 16 1 1 57 0 0 709
 0 66 0 26 0 2 0 0 17 0 0 0 0 0 496 5 0 9 0 0 0 0 0 0 8 0 0 0 112 0 0 412 0 0 0 190 247 0 0 0 0 3 18 378 0 0 7 0 0 0 0 108 51 0 0 0 267 0 10 0 161 7 14 62 0 0 13 0 0 204 0 34 0 0 0 41 17 0 38 0 32 0 0 0 2 15 3 178 13 159 0 0 0 9 212 0 0 5 0 0 0 0 0 0 0 1 2 0 1 15 0 3 0 0 733 55 0 0 0 0 0 19 37 153 12 0 78 8 0 420 20 0 0 0 0 23 182 0 0 12 0 12 12 0 2 38 12 10 26 0
 0 0 0 427 0 1 104 0 39 0 0 0 0 30 0 0 0 0 65 53 0 17 17 31 0 0 0 0 147 0 2 0 0 2 78 0 0 0 19 0 49 0 198 0 0 0 40 0 0 0 108 0 0 0 5 3 0 12 161 0 9 4 0 2 0 0 40 0 0 10 1174 0 0 0 294 29 0 0 0 0 0 5 0 852 0 191 0 0 0 0 0 0 295 0 29 26 915 0 0 0 264 0 0 137 0 0 0 34 22 0 0 0 0 1 0 0 0 0 0 0 0 817 133 0 0 0 329 0 2022 1 0 0 0 0 0 84 1 27 21 1056 0 0 0 2 0 1 0 0 0 88
 101 595 2 0 75 78 0 0 241 0 1058 0 17 0 0 21 0 230 489 0 0 0 175 0 81 0 1 300 139 0 23 169 0 0 0 0 0 0 2 8 1345 0 575 9 0 0 65 0 41 0 17 0 0 0 0 70 0 0 83 5 42 11 48 170 0 1072 0 0 0 0 88 0 775 9 0 0 29 0 37 68 0 1908 0 0 0 39 1176 0 0 0 0 9 0 0 0 159 2 0 0 3 0 6 15 6 0 13 296 63 0 39 1382 194 0 0 0 23 0 32 0 146 0 136 1558 3 0 99 0 0 3 2 0 0 451 83 2 497 0 0 1 82 6 0 33 0 48 0 2 0 3 27
 1047 0 0 2095 3 732 0 0 0 0 4 0 239 14 4 217 0 0 77 0 0 0 0 0 0 15 0 0 0 1841 38 0 0 0 4 22 58 7 0 0 0 2 169 0 1 52 0 31 0 0 26 384 2 467 0 0 0 0 0 0 0 0 0 0 0 0 41 8 0 0 5 34 0 0 76 1052 0 52 0 5 0 0 0 0 42 0 0 3 220 0 1 0 29 0 22 0 0 0 0 0 0 47 0 117 4 167 0 9 78 88 1 30 0 0 0 5 0 0 0 0 0 0 0 7 4 1 2136 4407 1 35 0 0 20 0 0 0 64 0 0 48 31 23 0 2 21 0 0 0 94 3
 70 25 38 0 0 278 104 3 0 56 0 0 0 1 58 41 671 11 171 351 0 0 0 0 0 0 195 4 134 0 32 0 0 0 180 443 0 654 24 171 0 10 0 0 0 42 0 11 155 0 2 43 0 0 1797 65 5 0 0 0 0 0 0 0 0 0 0 0 0 0 105 0 0 23 0 90 0 0 81 26 0 0 0 0 27 24 0 0 35 0 0 4 41 0 0 0 0 141 0 75 0 0 0 0 0 0 7 0 0 0 0 0 52 79 0 0 71 0 0 0 43 0 49 0 0 0 0 0 41 0 2 0 0 0 12 0 63 1117 3 0 70 2403 0 0 2 0 2 0 0 0
 0 32 0 0 38 0 0 19 3 485 0 2 0 0 0 0 17 6 155 7 0 0 29 0 0 0 1 0 0 908 5 0 0 63 0 0 10 0 4 15 0 208 0 0 0 15 715 7 354 139 0 217 0 65 0 0 7 303 0 0 7 0 0 12 0 0 0 0 0 48 55 0 0 174 0 0 4 0 70 191 0 0 7 0 0 0 0 0 0 18 0 426 0 0 0 0 0 0 26 0 0 9 0 0 0 780 1789 166 0 0 4 8 0 11 12 0 0 0 2 1 0 53 62 0 0 26 0 0 0 0 0 17 194 2 159 0 0 0 0 1 14 28 2 75 0 1 13 0 303 0
 239 0 0 0 171 0 29 12 0 0 6 0 171 0 0 0 1 1 3 0 1 0 0 0 115 0 0 0 32 10 782 159 0 7 7 0 87 0 0 119 0 0 1 0 16 0 0 0 0 0 12 0 0 0 0 990 0 149 0 0 19 0 0 0 0 0 1112 126 144 0 0 10 0 0 3 0 0 0 58 18 0 84 27 32 0 15 0 1 16 0 0 0 0 0 0 0 0 0 0 1 35 73 0 14 39 0 0 17 0 0 0 48 0 59 85 0 0 0 171 30 0 0 0 0 497 205 0 35 0 64 0 7 0 25 0 0 16 0 0 0 0 3 0 0 0 3 46 0 0 337
 0 0 892 0 0 18 0 2 0 1 0 6 3 0 0 0 149 26 777 0 0 0 0 6 0 0 0 107 0 0 9 0 135 38 0 0 0 0 0 2627 0 0 0 0 47 0 147 1 559 0 0 68 0 0 0 0 0 188 0 0 0 26 0 20 10 280 0 0 0 32 265 0 0 0 9 0 255 4 0 0 59 30 0 0 1 0 0 0 0 215 0 0 1 833 0 0 0 0 230 0 0 19 206 3 0 0 2286 0 1 4 66 81 0 0 33 9 1 0 55 0 0 55 0 0 95 1 0 0 25 0 95 52 0 0 278 53 0 0 0 307 138 0 0 4 1 165 0 0 5 0
 0 0 0 111 0 158 1058 206 0 0 595 12 0 397 0 36 3 95 0 0 0 0 0 0 88 0 715 0 0 122 0 17 746 0 65 12 0 0 0 0 1 42 0 17 450 87 0 701 0 0 0 0 0 5 0 7 0 15 83 0 2 27 9 0 41 0 0 173 72 0 0 0 0 0 0 0 0 0 2 0 24 0 0 0 0 0 0 0 0 0 0 1 0 0 0 1 46 0 0 0 980 62 0 193 152 126 0 0 0 0 56 2 0 0 235 8 303 0 27 0 0 0 54 0 9 156 1 0 0 0 1 62 315 0 191 0 7 0 0 105 0 0 0 0 195 73 8 14 0 12
 0 84 8 0 0 0 53 0 7 0 0 0 0 0 0 0 0 3 0 0 0 0 0 0 1 30 8 190 1368 0 0 0 0 0 0 0 0 13 0 0 0 0 18 18 0 55 0 135 0 1537 0 0 0 45 0 0 0 0 746 0 0 0 145 6 34 0 188 0 0 0 0 0 0 2669 184 1 0 0 0 0 0 0 61 0 0 0 63 0 2 0 2 0 0 0 0 0 5 0 15 1 0 79 0 0 16 0 0 1 0 149 143 2 0 0 0 0 1 41 0 73 39 0 0 0 191 0 0 0 1 0 42 0 16 0 14 0 0 0 14 0 7 0 104 0 9 0 0 0 0 0
 8 0 0 0 0 27 0 0 0 0 2 0 0 0 146 0 342 0 125 0 112 0 0 0 91 344 1794 0 67 3 0 0 0 0 115 0 83 1 55 26 0 0 0 0 0 51 0 0 6 0 30 2 10 0 1 0 273 9 0 51 0 0 0 244 0 69 1 0 181 11 0 0 39 0 0 0 0 0 0 219 0 138 7 0 0 8 0 12 0 0 0 0 56 0 4 0 38 0 0 0 0 0 0 0 854 61 0 0 5 0 0 192 160 0 0 0 12 0 0 7802 143 0 69 0 0 0 0 0 2 0 0 5 421 0 0 0 0 0 0 0 0 218 0 17 0 0 0 0 32 0
 0 0 39 0 4 43 99 9 0 36 247 0 0 0 0 3 0 0 0 0 0 0 29 54 0 0 0 213 0 0 0 0 0 35 0 0 0 53 1078 0 0 0 235 26 0 27 1390 0 0 0 0 4 0 200 512 710 0 2 0 35 0 21 0 0 0 0 0 0 0 0 0 13 86 165 0 0 24 0 0 0 0 68 0 136 0 110 0 0 5 0 0 2 2 0 0 1 0 0 1 56 0 0 0 1 0 0 3 84 85 1 73 0 5 0 188 0 0 2326 31 0 1 21 49 21 0 0 0 0 0 1 55 123 0 0 17 0 1 0 528 0 0 0 3 32 0 187 36 1 0 0
 1 0 93 75 0 0 2 0 0 0 0 63 0 0 0 12 24 0 0 0 5 112 0 0 0 0 0 5 0 0 0 3 0 0 1 295 0 0 0 10 35 0 0 0 0 35 188 0 0 1207 0 11 0 259 0 0 0 0 323 0 54 160 0 22 0 83 0 0 243 0 0 28 0 0 10849 0 0 0 0 7 18 0 0 20 61 18 0 0 1 12 32 421 0 0 0 0 0 0 5045 0 0 0 0 0 0 3 0 0 0 0 1 0 0 0 0 0 298 2 58 0 0 0 70 26 0 0 0 0 200 42 334 0 0 41 0 65 182 38 0 0 0 0 0 0 0 23 0 0 0 0
 0 0 46 0 193 0 0 0 7 0 30 0 74 0 1864 0 26 0 0 110 43 78 0 20 0 203 0 16 0 0 902 0 4 0 0 0 0 185 0 18 0 293 52 2402 0 0 0 0 28 0 178 0 0 0 22 0 14 1 0 88 0 0 0 0 0 0 0 0 413 31 0 0 0 190 0 0 0 0 3274 22 0 0 11 0 2519 0 0 357 3 29 0 59 15 0 0 0 0 1603 0 0 0 42 23 1 7 0 0 7 0 0 0 0 0 0 443 2 0 3 200 8 10 55 113 0 0 0 0 18 1 369 0 0 0 141 0 21 0 0 0 0 63 1 5 31 1 0 0 0 0 7
 0 0 0 3 0 0 0 0 0 0 0 0 0 0 2 0 0 0 42 0 0 0 0 0 0 0 4 190 0 0 0 58 0 0 0 7 0 0 0 216 0 0 0 0 43 16 0 0 0 10 0 85 94 9 0 0 7 0 0 0 17 0 0 0 0 1380 1875 0 0 40 0 0 46 0 0 0 0 27 0 0 0 0 0 0 5912 177 0 0 0 0 0 0 0 15 0 7 2 0 0 0 0 134 0 0 15 40 1088 0 838 0 2 67 0 0 40 0 0 0 0 95 272 4 26 0 0 126 0 0 0 7 0 0 0 0 0 0 84 1 0 0 0 0 36 0 7 0 28 37 2 48
 0 0 0 233 51 2022 0 3 0 2 0 0 5 0 0 3 0 0 238 0 0 0 0 0 0 8 0 3 0 3 5 0 0 1 0 0 15 0 0 1 0 4 0 0 81 121 0 169 0 1797 0 0 419 0 0 915 0 95 79 2 6 0 0 0 0 123 0 0 0 0 139 194 0 9 173 1 344 1058 0 0 85 1 452 0 0 0 0 0 0 38 0 0 0 0 0 357 0 72 0 0 0 12 0 0 0 1 25 152 6 0 244 0 0 6 38 102 1036 52 10 31 0 131 0 100 1 0 0 12 0 0 101 0 0 0 0 313 0 0 0 2 136 126 23 0 0 0 159 357 0 0
 2 3 129 0 13 0 0 172 119 0 40 0 0 0 26 60 16 3 0 0 6 3 0 0 0 0 70 201 12 2679 16 0 0 0 61 4 3 51 0 0 0 0 0 0 0 0 497 0 0 0 0 0 17 0 1053 0 4 3 0 441 0 148 0 0 1 24 0 0 990 57 26 0 0 18 0 7 0 0 18 0 57 61 0 62 2 81 36 0 18 0 304 0 0 0 0 25 0 3172 0 0 44 0 0 0 46 0 51 353 2 0 0 2 0 13 65 0 0 37 0 0 0 0 0 0 74 0 0 0 0 0 0 43 0 0 0 0 0 1954 93 0 0 0 0 0 0 0 5 0 0 0
 111 57 0 20 0 18 0 1 0 10 0 0 0 0 0 0 216 0 0 0 0 0 91 0 0 0 0 0 37 6 6 0 1092 378 0 0 0 0 0 0 0 29 0 0 828 2 0 0 2 0 1 0 0 0 0 0 559 0 0 0 0 0 0 0 0 0 0 0 0 0 0 0 313 0 0 0 36 172 0 0 0 0 17 0 689 274 122 0 0 8 2 11 0 0 0 0 0 0 0 0 0 16 20 1367 0 110 84 0 9 0 0 241 0 0 0 0 0 0 0 0 0 0 0 3 0 0 0 0 0 0 0 0 449 0 0 0 0 48 1 0 0 52 3 23 0 0 0 69 0 0
 0 0 152 0 802 0 0 34 0 892 0 105 0 1 0 583 2 0 0 0 12 0 493 0 0 0 0 0 0 0 0 0 0 0 618 2 0 0 0 67 0 7 139 0 0 0 0 0 0 48 2 85 0 1 0 83 63 0 0 0 0 0 0 0 57 0 0 31 0 0 0 68 0 0 0 0 0 0 72 0 0 106 0 0 0 0 0 0 0 1 0 11 0 0 148 2 0 0 0 0 66 0 58 46 17 0 1 0 15 0 0 30 0 0 0 2 0 0 0 0 0 1 0 1 11 0 0 0 0 6 0 1785 12 88 0 0 25 78 0 0 5 0 330 0 0 73 0 0 0 0
 0 0 0 0 0 62 0 0 0 0 7 0 18 0 15 0 0 46 0 0 0 78 0 0 0 0 0 28 3 0 83 0 0 0 290 1529 0 0 5 0 631 370 271 0 37 11 137 0 0 0 94 48 0 0 0 0 0 0 0 0 173 0 0 0 29 0 0 0 0 0 0 3 0 0 0 0 74 0 0 0 0 0 170 0 7 0 300 0 13 0 0 2995 0 14 0 0 0 68 0 32 10 0 0 3 0 0 1365 0 0 0 0 0 0 0 0 990 0 6 0 0 9 0 0 0 0 0 4 0 3 0 0 6 0 0 0 0 214 4419 0 0 0 0 1 0 0 0 0 0 0 11
 727 0 138 0 63 777 0 2652 0 5 0 58 23 36 709 59 162 24 4 0 0 173 0 0 0 171 13 699 0 0 0 292 0 44 9 46 0 35 0 7909 21 0 0 21 0 0 429 0 39 1 2393 0 1 47 0 349 2 15 0 0 149 0 0 273 4 174 35 3 0 0 127 10 50 0 0 8 990 0 0 38 112 37 0 2 0 1 32 0 0 17 0 39 0 0 0 1055 0 0 2 0 38 0 0 0 2 7 0 0 200 1 108 0 0 235 17 60 1 0 0 32 0 0 9 0 26 0 0 0 76 0 0 80 0 303 0 0 0 0 0 0 0 0 0 3144 0 0 14 0 0 52
 1 0 7 0 84 0 0 0 0 2 95 313 0 0 0 0 0 51 10 18 0 0 3 1 98 0 4 23 0 0 0 0 0 0 0 0 0 0 6 12 52 0 27 0 0 14 0 7907 38 0 0 9 0 0 0 3 0 21 0 12 1 0 83 0 0 0 1 0 0 6 0 0 0 1366 0 0 14 0 438 0 0 73 6 0 0 0 0 2 0 0 0 7 8 0 7 13 0 0 33 0 42 6 243 0 0 5 0 2 3 51 0 0 15 212 0 0 37 581 6 0 0 0 0 0 14 0 1 0 0 0 0 53 18 0 0 0 25 0 3 0 23 0 2 0 0 0 1 0 8 0
 0 0 30 0 0 0 42 42 0 23 0 4 0 0 0 0 0 0 0 173 0 0 0 726 51 30 9 10 0 0 2 9 1 0 0 0 0 0 3 0 0 0 0 3 0 10 3 35 0 723 32 0 10 0 0 0 1368 0 7 0 0 0 53 3 0 0 0 440 5 0 0 0 0 521 0 0 73 4 0 0 68 1 1797 0 0 0 0 0 0 17 593 0 0 0 0 271 0 0 0 190 110 0 0 0 0 0 0 32 2 0 0 25 0 10 302 28 127 138 0 0 0 0 0 0 150 130 0 0 0 130 0 61 1 3063 0 0 0 0 0 782 0 0 0 0 0 451 0 0 0 5
 0 265 0 126 5 15 34 0 236 0 55 0 0 40 154 0 0 0 12 0 0 8 0 0 154 0 0 0 1 75 0 1 223 0 3 137 28 0 0 41 104 345 0 0 389 31 0 0 28 0 0 0 2254 0 506 0 0 31 3172 0 1 0 23 244 0 1 0 0 0 0 0 0 0 0 0 0 0 0 0 0 0 0 5 0 553 0 12 0 0 0 0 0 0 0 17 16 4 0 2 0 7 32 75 6 0 0 29 0 0 7 1 134 0 1 0 0 0 0 860 0 13 23 0 50 135 0 0 12 0 174 0 0 0 0 14 0 21 0 0 0 0 7 0 15 21 0 0 2518 0 44
 53 0 24 78 0 17 0 58 66 0 0 0 3 0 0 0 234 0 0 16 0 0 0 0 0 0 89 0 13 147 22 0 0 148 0 0 0 8 0 0 0 0 0 0 0 226 0 71 0 0 0 0 0 0 0 3 0 279 0 6 0 45 0 0 21 6 0 96 0 51 0 654 50 0 0 31 0 0 0 42 0 7 0 0 0 0 206 128 41 0 181 0 0 0 45 171 0 7 0 0 0 0 0 0 0 0 0 0 0 0 11 0 24 2 0 38 0 0 0 8 0 87 0 0 0 0 0 0 0 65 3 1 0 0 0 0 0 135 0 68 12 0 377 40 8 13 0 44 0 1038
 105 0 15 989 598 0 0 119 0 0 0 0 8 0 17 0 47 0 0 0 73 0 0 0 0 91 0 14 0 1 0 0 0 0 0 0 2 5 37 1 0 0 0 56 0 0 0 1908 0 0 144 25 20 5 0 0 0 83 12 17 0 96 2 1581 0 1 0 0 0 72 13 0 17 0 0 1055 0 27 0 21 0 0 0 0 0 0 6 23 0 0 0 0 0 0 0 19 17 0 0 126 232 30 0 115 2 0 25 0 2 13 0 0 0 0 0 0 0 618 296 0 30 0 0 2326 0 5 0 0 0 174 0 32 0 2 0 0 0 0 0 36 0 0 0 6 0 0 0 0 10 34
 714 0 1908 0 0 170 0 58 0 0 9 226 47 0 6 0 30 0 16 39 21 559 3 10 599 0 0 0 0 23 77 11 203 0 37 0 147 41 210 84 1216 0 0 0 0 0 0 48 0 0 0 31 5 126 0 54 36 0 0 2 0 0 0 0 0 2 0 0 0 0 0 0 0 0 45 5 1 63 24 10 654 0 10 10 24 0 0 0 68 12 0 0 120 60 0 0 4 0 0 0 9 1747 0 0 3 0 296 20 0 0 0 0 0 18 378 2024 440 0 3 0 0 0 0 0 378 0 0 0 0 4 0 0 101 46 0 0 1 1 11 1426 51 6 0 0 0 0 0 0 0 26
 23 0 0 0 0 2 0 0 0 0 25 151 10 0 0 0 35 1 68 0 170 0 0 307 18 0 0 90 2622 21 0 48 0 0 0 0 5 239 0 0 5 0 128 3 313 0 1368 0 0 66 0 0 0 0 0 0 0 19 0 12 4 52 0 0 0 0 0 20 0 25 28 0 37 0 11 0 30 14 0 15 0 0 1005 0 29 0 7 1 0 5 0 0 0 6 0 81 522 56 59 6 9 53 0 0 65 0 1 0 0 0 53 141 45 0 126 0 21 0 0 21 0 0 22 0 0 3 11 2 0 112 93 68 0 0 0 47 0 12 0 559 91 38 0 0 0 0 0 81 0 302
 0 0 0 11 171 0 0 1 65 0 75 0 0 3 0 0 0 0 0 13 0 0 0 0 0 10 0 0 5 63 0 0 93 0 0 0 0 3169 48 2 0 0 148 38 0 0 0 82 242 0 0 0 0 0 67 2 130 0 0 0 0 0 171 77 0 0 5 0 85 2 0 4 0 13 0 0 0 31 0 0 0 0 76 0 413 19 0 5 0 42 0 5 1397 0 0 0 10 0 0 56 4364 5 0 8 0 0 0 264 2 0 0 3 17 0 0 0 0 244 2 34 1 5 0 0 0 0 11 5902 0 0 0 0 848 83 0 0 0 4419 0 0 0 0 1032 0 0 1 0 378 0 98
 28 1 62 14 0 0 0 53 0 115 0 21 60 0 0 0 3 0 3 0 4 671 262 88 286 0 0 107 0 0 0 180 0 0 24 0 0 877 11 0 3 0 0 1112 0 0 1 30 2647 0 0 33 111 0 0 0 0 7 0 38 5 0 0 31 429 451 0 0 216 0 29 29 0 0 0 180 18 2 0 0 0 0 87 0 12 0 1905 1537 0 0 0 0 0 0 0 0 0 8 749 2 4 0 0 0 0 0 0 13 0 1923 0 0 82 0 0 0 0 3 0 1080 0 2169 0 0 827 0 1 94 26 429 0 1 0 97 0 0 0 0 0 0 3 0 14 14 30 19 312 3172 126 218
 0 0 0 0 0 0 0 50 194 1216 0 0 0 25 0 10 0 14 0 0 19 95 0 12 0 0 0 0 31 7 0 0 137 0 0 0 35 0 0 0 0 118 0 0 0 0 9 104 121 0 26 17 38 0 4 0 0 1 0 9 271 0 0 20 2 0 0 37 0 0 5 19 421 0 709 0 0 0 54 0 38 0 0 0 3 12 0 150 0 0 0 0 0 0 0 0 0 1 0 78 1176 0 0 9 0 0 0 7 26 0 49 0 0 1 40 0 0 0 0 0 0 0 0 0 0 0 0 32 0 0 111 0 137 0 5 0 0 191 0 7 0 0 1 1 0 3 0 0 1 34
 0 1797 0 0 0 0 0 119 44 0 20 2380 0 13 0 0 0 363 2 22 0 0 247 0 59 49 8 15 21 0 0 96 31 529 23 7 14 4 0 54 0 0 0 33 0 6 0 19 0 0 23 0 0 0 1426 53 0 0 3 65 185 0 0 0 0 0 0 0 0 23 0 0 307 0 2 0 0 0 0 0 0 32 0 0 39 0 33 38 0 0 0 0 0 3 126 0 37 1 359 31 18 0 0 963 78 3 0 0 0 0 0 1795 0 0 324 0 0 0 98 1 0 0 65 0 0 0 0 0 0 163 0 0 0 5 0 0 32 0 465 2 0 2 0 0 40 37 0 0 0 0
 217 0 0 0 0 13 0 0 0 0 292 0 0 9 0 0 0 0 0 45 201 19 53 0 0 13 0 0 177 0 65 0 0 0 35 0 9 0 11 39 0 0 0 0 0 0 419 0 0 0 11 0 0 0 0 91 0 0 0 0 47 148 0 2 0 0 4419 2 0 0 0 223 0 0 0 0 0 0 0 76 19 2 0 0 1 598 0 63 151 21 0 0 0 22 599 9 0 25 0 2 0 791 21 0 0 0 125 0 0 0 0 864 0 66 40 0 328 648 6 0 0 0 3 0 1293 18 0 36 0 84 0 0 0 0 0 0 9 6 121 0 3 0 0 0 0 0 0 0 0 0
 0 0 0 0 25 0 8 0 0 271 0 0 0 0 26 0 7 0 0 0 0 0 9 0 0 0 72 0 1747 3 0 22 0 0 0 9 0 21 117 0 0 97 0 0 13 124 0 0 2403 673 0 174 342 0 0 15 0 0 5 0 0 0 261 4 36 0 0 0 7 0 0 0 9 0 0 0 0 77 0 0 0 10856 0 0 57 0 29 0 0 13 0 0 75 0 37 0 0 0 0 0 0 0 0 0 143 0 0 0 0 0 0 0 0 30 1 0 0 0 0 0 220 0 0 0 0 0 0 0 397 0 52 1 34 0 0 0 0 11 1316 21 1 0 49 57 48 91 1 0 10 49
 20 0 0 7 0 16 24 1 7 0 2 2 0 7 0 5912 28 2 12 26 77 14 0 0 9 0 26 0 0 289 0 0 0 0 424 3138 0 38 1 0 15 0 0 138 42 704 0 11 0 357 10 0 139 0 80 0 12 0 11 0 0 0 201 0 0 0 0 8 16 0 68 0 0 129 36 9 0 0 0 0 0 0 0 0 202 124 110 0 0 53 32 37 3 66 231 7356 0 0 2403 0 0 0 0 0 0 5 44 0 1 0 0 0 0 3 6 0 0 0 0 164 0 0 0 0 0 0 0 0 0 0 2 0 121 0 0 83 0 2782 0 0 0 0 0 0 5912 0 0 0 0 0
 0 15 0 24 0 0 0 29 18 0 0 0 29 0 370 6 1 264 0 0 0 206 0 0 8 0 128 0 0 0 129 0 35 7 891 14 2 15 28 0 35 0 58 0 14 0 0 0 227 0 0 3 250 30 0 0 94 0 12 2 0 0 0 0 150 0 0 0 0 65 0 95 0 208 715 92 14 519 16 0 0 0 20 722 0 0 0 0 0 243 0 0 0 709 0 0 0 296 145 3 0 244 5 0 0 0 2487 0 437 30 0 0 745 0 0 249 0 0 49 0 0 0 0 2272 0 115 37 0 0 0 65 20 0 3172 0 0 0 30 0 0 1 527 55 0 0 0 0 0 0 0
 0 6 0 31 0 0 0 0 0 0 0 0 0 0 0 0 32 97 7 201 3 2 2 21 0 0 2 0 0 0 914 55 0 0 0 14 39 3 0 12 0 872 0 0 7 54 0 0 1 0 4 0 0 26 0 5 4 0 0 12 0 0 0 125 0 6 158 0 0 244 91 301 958 2 0 223 0 6 0 0 0 0 32 0 35 0 32 50 1 0 3 1 0 0 0 0 0 0 53 51 0 2 0 0 0 2184 0 6 0 0 20 26 38 14 106 0 0 0 0 0 0 30 0 191 0 0 0 0 0 4 0 37 42 0 0 0 25 0 232 0 0 0 0 0 84 39 0 2091 0 0
 0 10 0 0 0 0 0 13 0 26 5 0 0 0 40 0 27 44 0 0 0 5 2618 128 0 0 121 0 25 0 120 330 0 38 0 0 0 0 0 1489 0 0 6 7 1747 9 541 0 0 0 14 0 0 0 0 3 0 3 0 3 0 0 0 0 0 3212 115 0 0 0 0 171 19 0 1147 111 3 0 39 158 0 485 0 0 0 0 0 57 0 0 0 0 0 54 0 0 62 0 0 0 3 1 29 0 0 0 1367 24 0 8 0 21 5 0 0 0 111 7 0 0 29 0 26 54 9 40 0 45 0 0 0 3 0 2 1 206 0 0 0 0 0 0 18 0 0 34 23 0 0 3
 65 0 671 20 2 0 0 0 0 0 0 0 0 3 0 0 14 732 47 0 0 0 0 0 44 10 0 11 6 0 18 0 2 0 49 0 0 0 30 0 8 8 0 0 0 0 14 105 0 0 0 0 0 0 0 7 54 0 5 5 61 0 0 0 51 0 0 3 0 0 0 12 0 0 0 0 177 0 0 0 177 0 0 0 11 44 0 5 0 0 0 83 0 0 0 0 1 0 0 0 0 127 0 0 0 4 0 58 0 0 0 0 0 0 20 0 0 0 0 0 25 10 0 54 0 0 2 0 0 36 0 0 12 0 0 0 33 0 0 0 15 0 30 0 15 0 0 35 4 68
 0 155 0 0 0 1 0 0 0 0 0 0 0 0 0 1 818 0 0 78 0 97 22 0 84 3 6 1 4 9 0 0 0 0 0 0 39 16 1 0 2 0 0 0 0 215 0 0 146 1 0 9 155 0 20 0 671 0 0 0 0 5 5 0 0 0 0 40 559 0 0 0 12 0 7 0 0 0 0 0 54 0 0 131 0 0 11 0 0 1 5 22 0 0 0 0 195 1051 0 0 506 0 0 6 0 0 0 0 10845 0 7 1 0 12 1 0 15 0 11 4 19 0 0 0 0 23 0 30 0 30 0 0 96 0 0 14 2 0 0 41 0 0 0 30 0 0 0 32 0 0
 15 201 6 3 0 189 1011 0 121 0 0 9 0 2325 0 0 0 0 0 0 0 38 45 3 435 4396 0 0 0 0 0 0 0 65 0 0 30 0 0 0 1 547 0 0 0 7 0 2126 0 0 0 1312 3 12 0 0 0 0 34 0 78 0 0 919 3 3 0 0 0 0 0 279 0 0 0 0 20 0 0 0 0 0 15 5 0 19 35 5 126 27 30 280 0 9 0 0 1 84 0 601 195 0 231 0 0 32 0 200 0 4 0 0 0 0 0 307 0 3 0 0 0 3 0 0 0 126 877 0 27 0 6 0 40 0 1 199 507 0 0 0 423 0 429 0 0 4 0 15 0 0
 0 0 0 0 0 0 0 0 0 6 0 276 0 0 0 13 0 0 24 65 0 0 0 2 7 0 7 0 0 18 23 0 0 124 0 0 0 77 49 0 0 52 0 0 293 0 1 6 0 0 0 0 0 17 0 158 0 8 0 0 0 72 24 0 0 101 36 0 0 120 0 16 0 149 14 0 1120 6 0 0 0 4 0 172 0 0 0 0 0 0 0 28 247 0 21 0 155 83 0 236 0 0 17 1 0 19 0 2 0 144 20 3 1 0 0 21 0 6 337 0 14 0 72 0 45 3 75 0 0 0 9 0 5 0 0 1 0 0 1 11 0 0 0 6 0 119 0 0 0 3
 327 0 120 0 20 343 0 0 0 174 1 2 3 21 0 0 0 0 0 0 0 5029 0 0 13 0 0 16 1 90 0 0 0 0 0 443 0 0 68 52 0 44 0 4 516 12 0 6 0 0 2 0 2 0 8 0 50 0 0 0 0 214 0 188 2403 41 0 0 0 0 0 177 369 32 0 0 0 0 0 0 7 11 0 709 92 0 10 0 16 0 0 0 0 0 0 0 158 162 0 0 0 7 36 0 0 0 11 0 19 0 0 0 73 0 0 0 0 7 0 0 5 0 0 0 4 38 0 0 0 2 0 0 0 203 0 144 14 2 0 0 0 0 0 0 0 126 23 0 2 0
 0 35 0 0 2 38 0 119 2 4 30 218 0 0 0 23 0 0 0 0 0 0 0 0 0 6 119 0 0 0 0 0 1617 0 106 0 0 49 0 52 0 24 0 0 0 0 63 4 0 327 0 30 0 0 0 0 21 249 45 0 0 46 0 80 44 4 208 8 0 43 0 0 1 0 0 12 0 195 0 0 11 0 990 0 125 9 10 0 0 51 125 0 0 0 0 306 13 13 0 0 1 0 7 715 0 16 0 1 0 0 0 55 0 0 7 84 0 0 0 0 0 0 298 0 35 0 0 239 2 137 0 0 0 0 0 0 162 159 0 113 3 0 1 0 130 0 0 159 0 292
 0 0 17 0 4 0 33 0 610 27 1748 171 0 0 38 0 0 0 0 0 0 2326 174 53 0 0 77 5 0 107 0 13 17 43 80 0 0 0 9 1 0 6 0 5 0 1 0 0 0 13 0 8 26 17 1881 0 400 3 0 0 0 0 0 4 38 24 0 60 0 0 0 10 1653 84 0 0 0 35 32 0 0 0 611 0 0 0 0 0 0 0 0 175 0 0 3 1 9 0 0 0 1 0 0 3 27 0 0 4 0 0 0 0 0 0 0 0 0 128 0 115 0 0 854 0 214 0 0 0 0 0 397 0 80 0 0 34 1396 0 0 2275 0 0 0 0 0 0 0 0 0 0
 0 4 0 0 0 0 0 443 0 30 0 0 3 13 21 0 0 0 0 62 5 194 18 0 0 46 65 3 0 0 0 0 137 0 2024 0 80 0 0 0 6 0 171 1 9 2 0 203 27 0 28 0 0 63 0 0 24 0 22 0 78 262 241 0 0 47 97 0 0 0 0 1953 0 0 333 0 3 0 0 0 0 36 0 0 0 22 0 26 84 390 0 22 33 0 0 0 30 0 0 38 0 0 44 0 0 1 2 0 173 0 65 0 0 42 47 2519 1 32 215 91 1 0 3 0 0 0 0 0 0 0 1176 16 0 2023 0 0 136 0 0 47 0 35 0 0 6 0 7909 0 0 0
 2 0 0 0 1 49 0 0 0 0 43 0 0 5 0 0 0 0 0 0 0 8 0 2495 0 0 26 0 82 1 0 0 0 200 0 0 0 0 0 0 0 710 31 0 0 0 0 0 38 2 0 4 171 0 89 0 0 0 0 0 0 0 34 0 1239 0 0 372 12 0 0 101 17 0 0 165 0 9 8 2 0 0 0 27 12 230 0 727 0 0 66 1 39 0 0 38 0 0 0 0 0 175 0 0 0 0 0 0 0 0 1 337 32 13 0 0 0 0 5 0 0 0 0 0 0 280 1367 37 371 2 0 0 15 0 76 0 0 0 0 83 443 8 0 10 0 0 0 0 0 0
 0 0 5 21 0 3 541 1 0 0 871 0 0 63 39 0 2 149 0 0 0 0 0 0 0 0 0 0 26 0 0 0 37 0 2 145 70 83 21 0 0 0 10 19 41 0 3 11 0 0 47 45 0 0 0 0 0 3 3 0 10 0 1 0 3 0 217 2323 0 176 19 0 0 1 36 0 0 25 136 0 101 0 0 0 4 0 18 194 0 0 34 17 0 0 34 43 0 31 34 26 0 0 0 0 0 32 0 85 0 0 0 0 0 0 70 0 0 0 0 23 83 0 0 711 306 247 0 0 0 0 71 0 0 0 0 7 70 0 231 0 26 0 4 0 0 2 27 0 0 0
 18 0 0 0 68 10 0 0 0 0 410 247 0 0 73 0 0 0 0 0 0 162 0 0 0 0 37 0 0 12 0 6 0 1 0 0 0 0 3 0 0 42 2 0 0 100 724 83 0 0 1215 0 6 0 0 0 1 0 190 0 1 79 3 0 0 0 0 0 0 0 0 85 541 171 0 0 21 0 0 0 182 1 0 206 0 0 0 0 4 1881 17 0 0 1 0 41 0 0 322 125 3 0 0 0 0 0 80 0 0 0 0 541 0 81 20 2 0 0 919 38 0 0 180 1 0 0 0 0 0 1 0 0 0 3 0 400 113 0 37 0 0 0 6 0 7 119 53 0 52 0
 0 0 0 0 136 18 0 0 73 0 4 0 0 278 1748 125 221 0 0 0 1 0 0 0 1058 0 0 8 48 10 0 0 88 149 957 177 0 4 0 0 0 30 0 0 10 0 0 0 0 0 0 0 0 5 0 0 0 0 287 0 0 0 0 559 32 0 5 3 0 0 1954 0 0 0 48 38 0 0 2 16 62 0 11 0 0 77 2 0 0 0 0 0 60 21 0 0 0 0 0 6 109 749 6 410 0 0 16 0 0 59 5 119 0 0 43 0 1043 31 0 4 29 6 0 0 666 0 8 0 0 0 1 1 0 0 0 0 750 0 0 0 0 228 0 0 0 0 541 0 0 0
 3 1 0 0 22 2 13 222 0 0 2137 0 0 0 0 50 53 0 16 80 0 0 0 0 106 0 226 0 0 7 0 160 0 177 0 93 14 1 46 0 13 3 0 823 0 0 0 9 0 0 41 1 5 0 9 0 41 595 0 0 2 0 29 148 0 77 0 0 0 0 1 152 0 0 0 0 698 9 18 0 0 0 48 7 0 0 252 0 0 0 6 0 0 30 0 77 0 2512 0 97 128 0 0 37 0 0 0 0 10 0 9 110 137 37 0 0 0 0 106 0 0 84 0 0 0 0 0 128 0 0 1 0 51 43 0 0 25 0 0 0 0 0 93 618 50 0 0 0 2 1216
 0 0 54 0 68 0 0 0 4 20 0 0 13 0 1 0 0 0 0 0 9 0 1 335 0 80 34 7 0 42 138 0 48 0 0 2 0 0 15 5 0 0 239 77 0 0 0 0 13 0 0 0 0 239 0 33 0 2 0 0 0 0 0 0 0 0 0 0 23 0 0 0 0 0 11 0 0 0 0 0 0 74 0 0 126 0 3 0 0 4 0 0 39 0 7 15 77 0 0 3 0 0 0 4 0 0 0 0 0 12 2 0 205 1 4 9 0 0 0 0 0 0 0 0 0 1 0 2 181 1 0 0 3 0 0 0 0 0 0 300 0 40 102 529 4 0 0 0 51 42
 0 0 1 0 0 0 5 0 0 0 95 0 48 0 44 4 0 44 9 0 0 10 0 0 73 1 7 0 41 1868 0 0 0 0 0 0 36 0 70 0 35 167 35 0 0 0 11 0 125 0 0 188 0 0 1 0 5 2 483 7 84 0 32 0 23 0 6 0 1 11 0 0 0 0 0 131 0 49 0 0 133 2 0 10 119 0 16 0 38 0 0 31 0 34 195 194 0 6 0 0 0 819 367 14 0 0 0 0 0 0 254 0 0 0 0 1908 0 0 0 0 0 439 503 9 0 0 83 0 671 33 0 512 0 108 14 0 0 0 61 0 0 0 1 7 0 0 24 0 0 0
 30 0 84 0 0 0 3 78 18 0 0 0 0 3 110 0 0 0 37 265 0 0 0 0 0 0 2 91 1 0 378 17 854 0 37 0 2 25 0 203 0 56 0 506 11 53 13 2 0 0 0 218 0 0 0 1 0 0 0 0 0 0 0 30 0 0 0 0 0 0 144 0 0 0 5 0 0 182 11 3 0 13 0 0 0 0 0 0 0 1216 22 0 34 176 0 11 0 0 0 2 0 148 190 76 0 0 0 0 0 0 0 1797 149 0 7 0 26 0 1 0 37 185 325 0 9 144 0 14 200 14 0 0 0 107 1 0 0 0 0 5 104 77 152 0 45 0 121 175 0 0
 0 3 0 53 20 0 33 74 0 0 72 0 0 3 854 22 26 17 97 0 42 0 0 0 0 892 81 0 0 37 0 0 0 0 454 0 0 0 0 0 48 192 0 0 279 139 0 0 32 1 7 90 27 3 0 0 234 0 0 0 0 0 0 0 0 0 12 0 245 0 0 0 17 0 0 36 157 107 0 0 0 3212 4 84 49 1 47 0 0 523 55 0 24 0 0 0 7 10 264 223 0 18 0 2 0 0 957 105 3 0 0 0 0 0 200 0 0 0 8 64 5 0 0 13 0 1055 0 166 0 0 57 42 0 0 3 0 0 16 0 0 54 0 0 0 73 0 0 0 25 294
 0 0 0 46 0 18 2 0 41 260 715 0 0 0 0 0 2 0 144 10 44 52 0 193 0 0 3212 1426 35 0 0 0 0 0 617 11 0 0 0 0 101 0 0 96 0 0 0 49 12 0 32 0 0 88 10 24 0 0 55 0 0 0 59 177 1 0 2326 28 0 0 148 0 51 0 671 0 22 0 0 189 337 0 0 1 20 0 3 918 0 0 0 0 0 0 0 0 0 0 31 0 0 0 0 0 68 0 0 0 0 0 12 122 0 0 247 55 78 0 0 0 35 103 0 0 0 57 0 0 38 0 0 65 0 41 0 0 0 0 0 0 0 48 0 0 95 0 6 0 0 0
 0 237 43 29 0 0 0 0 53 3 0 0 7 0 0 0 0 192 204 6 0 0 5 0 236 0 10 1 0 1 0 2 200 0 52 28 1 5 0 1 0 0 19 0 0 0 0 135 0 119 0 0 2 0 0 0 2 0 138 0 0 0 35 0 1 0 0 0 0 50 14 0 0 0 169 65 0 3 0 107 37 0 10 135 0 0 0 0 217 1092 418 4 0 0 0 0 27 5 201 85 0 16 0 42 34 0 44 0 136 0 0 0 10 1 0 200 0 0 0 427 1 0 29 0 0 0 0 0 158 50 0 0 0 0 0 0 0 106 271 0 0 0 0 0 0 0 0 0 194 0
 0 0 0 0 0 0 0 16 0 0 0 242 190 0 93 0 0 0 0 0 0 1 11 0 0 0 0 1 0 2 654 0 125 152 1 6 0 4 3 0 1 5 0 2 15 0 14 2 20 0 0 286 0 125 515 0 0 0 47 854 28 3 107 1 1 106 1 0 237 0 57 0 0 0 583 1 0 0 1 0 0 0 0 0 0 8 0 0 421 0 0 59 9 0 0 0 35 0 0 0 37 0 38 0 0 0 0 14 13 0 1780 0 2 40 0 0 0 0 0 0 53 0 1198 0 0 1011 1149 32 26 0 0 188 0 0 0 0 83 0 990 493 14 18 0 0 0 0 440 0 0 3
 0 0 57 0 4 0 21 0 0 6 8 0 0 0 0 0 18 36 13 0 0 27 0 34 31 67 0 0 22 0 0 0 0 0 0 0 3 0 0 0 25 0 189 0 0 0 0 2 2 3 0 0 0 0 0 15 295 27 6 113 181 0 2 324 1 0 9 0 11 0 19 0 0 0 0 577 0 0 0 0 0 173 0 3 73 0 149 0 2325 0 0 429 41 1797 0 45 0 24 0 134 18 85 64 5 0 1 137 0 0 0 0 0 0 181 0 914 9 13 0 0 0 5 0 0 133 2 0 1 17 68 0 0 0 0 39 0 0 0 0 0 0 361 38 0 0 14 4 0 115 0
 3735 0 0 0 273 512 22 48 919 0 0 4 171 12 42 0 0 0 0 13 0 0 0 0 3 0 0 0 0 0 0 1 0 0 0 30 0 0 24 0 0 0 23 0 0 5 0 6 83 2715 12 122 0 10 0 0 201 106 20 0 54 0 69 531 1522 2 0 0 44 8 2 0 0 711 0 3 0 93 0 0 0 10 0 23 0 0 0 0 32 189 0 0 0 99 20 0 0 0 0 0 588 24 55 173 0 0 0 0 1 29 284 0 14 137 0 55 0 265 0 0 12 3 61 0 0 15 0 0 32 1950 0 0 0 0 0 0 15 152 0 0 1 4 0 0 0 0 35 0 0 68
 1 0 1216 0 0 218 0 2 0 0 171 40 0 67 0 239 0 1 0 3 9 0 28 0 0 21 106 0 0 0 0 419 0 0 35 0 0 2 0 344 0 191 1 28 113 14 0 0 27 0 0 0 0 10 0 0 0 77 166 0 0 148 1 42 0 0 183 0 0 93 0 0 2 0 497 0 559 0 32 1058 17 0 0 0 192 0 0 38 0 2137 0 0 0 0 0 0 26 0 0 0 0 0 14 0 3 0 0 0 0 1176 0 12 49 1011 26 26 0 2024 4 1054 0 0 0 0 0 2 729 0 0 0 160 0 0 23 0 0 810 776 182 1 0 0 0 0 0 0 2 0 0 0
 0 42 23 9 88 0 1 0 490 0 2 2 0 110 0 0 0 0 0 0 0 0 23 0 0 27 74 0 218 0 8 114 0 0 0 2 0 0 93 8 0 0 76 0 440 0 0 370 0 49 4 0 49 0 0 0 0 0 0 333 0 0 0 9 0 0 0 0 0 0 0 0 0 4 0 9 64 0 0 1 0 23 12 0 0 0 65 0 0 0 6 46 0 91 3 6 34 179 88 0 0 239 1 0 4 3 0 0 0 0 144 0 741 0 0 78 0 2 8 0 0 989 0 6 0 10 0 0 0 0 0 0 107 0 0 49 1908 0 0 26 0 0 0 34 0 0 0 0 0 19
 0 0 0 16 0 0 0 194 0 0 1 51 2 9 0 0 1038 0 0 0 0 0 1 0 0 0 0 0 11 0 0 6 0 1 0 0 110 6 0 16 0 0 50 47 0 0 523 0 0 0 0 0 0 0 0 0 0 0 0 1908 0 364 2510 0 0 0 5 0 291 143 67 24 0 0 0 0 0 0 0 0 0 0 91 0 0 0 0 5 0 53 12 0 0 74 0 35 143 0 1 0 0 50 0 6 0 0 0 0 55 0 52 0 0 0 0 0 55 2253 52 0 0 0 0 0 0 0 0 29 0 0 0 0 0 307 983 6 134 0 0 0 11 0 0 83 165 2 0 4 669 0
 1058 0 38 201 0 170 0 0 0 9 0 0 38 0 14 0 0 0 44 0 0 0 15 0 2 0 0 0 14 0 2 0 190 1 0 0 14 47 0 39 0 0 0 0 2 4 0 0 0 5 0 83 171 5 26 0 0 0 0 0 0 0 162 0 0 169 96 110 35 0 0 0 0 0 0 0 0 0 0 55 57 26 44 1 0 0 26 0 3 0 0 302 0 0 0 0 5 1 0 1 0 0 3 0 0 1216 0 0 47 0 0 0 0 0 0 0 0 0 0 0 0 0 1054 3757 17 5 0 158 0 0 0 0 335 0 27 3172 0 0 92 6 30 0 0 0 0 0 200 80 0 0
 41 0 16 0 0 376 62 0 775 17 4 35 0 3 28 31 45 1 0 0 22 0 0 74 0 68 32 0 8 5 5 0 35 0 348 19 0 0 0 6 65 15 0 58 12 8 0 1 0 0 188 0 0 39 2179 232 0 0 0 1 0 0 0 0 0 0 42 0 0 0 449 918 0 0 0 0 0 0 3 0 0 3 1908 0 0 0 0 0 58 0 1367 0 12 3 0 400 0 4 0 0 0 138 915 0 751 956 0 73 694 152 0 0 7 48 0 1 0 0 0 0 0 2 0 0 0 160 200 0 0 0 0 32 23 24 11 0 0 0 0 0 0 2 1 0 50 0 0 0 2 5049
 0 0 0 0 0 3 16 0 13 0 43 66 2 0 0 0 0 0 0 0 43 0 0 247 7 0 0 0 0 121 0 0 0 26 35 66 174 541 0 0 0 62 0 14 0 0 0 6 7 2 0 9 16 0 0 22 0 30 47 8 0 55 0 0 0 1 0 0 0 0 0 2137 0 244 0 0 85 235 42 15 0 0 12 0 0 0 94 0 0 0 73 121 1176 21 0 0 23 0 0 0 0 5 15 14 0 1 22 0 6 0 0 0 0 0 0 0 0 1 284 0 6 0 27 11 58 0 0 171 7 64 0 0 0 0 0 0 0 15 0 0 0 1863 1390 378 0 0 148 0 25 0
 0 0 0 7 0 0 0 0 744 25 0 0 195 164 77 0 0 0 4 41 0 302 0 0 0 92 0 0 0 115 166 0 0 99 12 0 780 0 9 0 1 0 0 0 0 0 1 5 0 0 2 48 0 52 548 0 0 5 0 0 0 0 0 0 0 0 0 30 0 0 0 0 125 0 0 106 0 65 0 1 0 0 0 0 0 0 0 0 0 0 0 0 745 201 53 20 0 0 1 0 0 0 0 0 4 19 0 111 0 0 78 0 64 49 0 164 25 0 37 0 77 0 0 0 207 2 8 0 0 10 0 0 0 231 711 0 0 10 0 1 1 64 0 26 0 26 57 0 0 0
 0 274 0 0 0 0 0 0 0 0 0 299 0 0 0 5 0 0 0 0 0 0 0 22 3 0 8 0 0 61 14 0 0 1908 0 2406 52 10855 0 0 1367 0 0 0 67 29 0 26 120 0 6 0 0 0 0 0 0 174 0 0 0 0 0 0 0 24 0 0 0 12 0 0 0 0 49 136 0 0 1499 7 8 0 0 0 40 0 76 94 16 0 0 0 0 0 2 173 13 3 2253 0 14 49 0 400 0 194 0 0 48 733 136 0 0 0 0 0 0 0 0 0 0 0 1 0 87 0 35 0 0 0 0 0 356 0 0 54 0 2 242 0 0 0 0 0 138 0 0 23 4 1
 24 15 0 246 0 0 0 0 35 0 0 24 219 0 1 0 0 1 0 0 1 11 18 84 96 0 0 0 323 20 0 2 0 13 0 0 0 71 0 0 0 0 0 2 0 125 0 0 0 239 0 23 2 78 0 0 0 1748 0 0 0 0 128 57 0 0 7 0 0 0 0 0 24 599 0 0 0 23 131 0 74 2 0 54 19 0 0 0 0 0 0 0 0 7 0 0 0 0 0 0 0 126 163 6 12 0 0 0 0 1931 0 1901 0 3 0 0 0 0 0 0 3 37 0 47 342 0 10 0 101 5 1426 0 87 0 0 0 0 0 17 0 1 0 0 983 1954 0 119 0 0 0
 239 0 338 5 0 0 0 0 34 164 0 42 216 0 5 0 0 41 4 0 0 0 0 0 0 1 0 0 0 1537 0 4 0 497 0 0 975 7909 171 0 0 42 2 1040 244 1 0 23 9 247 0 0 23 0 0 126 0 291 44 2392 30 0 31 14 0 0 0 559 0 32 0 159 0 0 0 0 0 2 0 154 298 155 0 221 0 0 0 5 1 35 0 0 0 0 0 1 0 0 0 0 38 0 34 0 0 0 0 0 0 0 0 17 0 242 0 3 0 0 0 115 0 0 0 0 0 0 20 512 0 0 0 0 22 2095 493 0 0 0 0 1 0 0 0 0 0 0 65 0 0 990
 0 0 0 0 0 0 8 85 9 16 0 0 0 0 3757 36 0 12 30 0 0 0 0 0 1 0 3 0 159 36 0 0 74 13 0 0 0 17 7 0 0 0 0 1 0 131 0 0 84 2 0 0 0 97 0 942 0 3 0 4 205 0 0 0 0 52 0 0 43 0 721 0 0 0 0 0 0 0 828 1 11 0 0 0 0 0 0 0 0 0 7 0 0 47 2024 0 152 62 0 94 0 0 8 189 6 1 8 776 0 2 0 0 0 7 92 0 0 2 0 2 3 1 0 0 51 5912 100 7 0 18 7 3 0 6 0 0 0 47 12 0 37 1423 3 0 217 0 5 0 0 0
 2704 744 0 91 1078 200 1 0 434 0 35 9 0 0 0 67 0 2 3177 0 0 0 0 0 0 55 0 0 3 0 53 0 39 7 23 2 0 81 59 0 3 0 0 0 207 49 0 0 57 0 45 0 2 0 3 8 0 0 0 0 0 0 4 0 0 239 0 0 11 141 135 34 9 22 95 0 1368 0 15 110 9 0 715 3 2 0 11 4 0 0 6 0 84 0 0 150 782 0 8 0 53 0 0 0 0 0 150 0 0 0 0 0 0 0 0 0 16 171 0 39 0 0 152 0 0 2 0 0 0 0 1 1 5 0 6 110 0 113 7 0 0 25 0 0 1 190 0 945 0 0
 0 0 0 0 0 0 3 92 5 148 0 5 0 0 2 31 87 0 0 157 3 0 0 0 0 104 2 0 0 0 3 0 0 0 171 0 0 80 0 35 59 0 26 0 9 0 13 0 0 2 0 4 5 0 0 11 30 54 8 0 2 273 51 0 0 173 0 0 41 0 1908 0 0 0 0 4 0 0 0 0 0 0 17 2 73 1 0 12 150 8 6 0 0 320 0 0 0 0 0 0 0 12 0 0 28 45 0 0 0 195 0 0 0 0 203 3 25 0 0 3 0 0 0 94 0 0 50 4 31 13 49 0 0 0 217 20 0 0 0 85 0 0 10 112 21 32 0 0 3 0
 12 0 0 20 0 0 0 0 0 0 0 7 3 0 0 43 0 0 6 0 0 0 0 1 0 0 0 0 0 28 0 0 0 0 44 0 17 0 0 101 0 6 62 1 0 0 3 0 0 0 0 0 0 3 0 5 0 18 0 0 0 74 0 0 651 0 0 0 0 91 0 12 20 126 21 0 3 25 0 44 3 0 0 0 0 2286 124 0 11 0 137 0 0 17 45 12 102 34 0 2897 332 181 0 0 0 11 26 0 0 506 34 0 453 13 0 0 55 222 33 0 0 0 117 0 0 75 0 228 9 66 0 0 51 0 0 0 0 0 0 0 0 0 0 0 0 165 628 0 0 63
 0 0 5 0 0 346 0 12 0 0 0 0 0 0 158 2286 0 0 56 0 1790 817 0 50 0 0 0 280 0 813 0 0 0 47 0 0 0 0 0 0 919 0 0 18 0 597 0 817 0 0 819 0 6 300 0 0 360 7 62 0 0 0 0 0 214 285 40 111 329 0 0 0 63 0 0 0 0 0 3 184 0 29 0 0 6 0 3 0 0 0 0 0 2 0 2 9 5 0 0 0 0 53 5 0 35 16 141 0 0 8 137 0 5 0 0 0 0 0 6 0 153 0 0 0 0 357 0 14 0 0 26 0 0 0 0 0 5 31 0 0 0 0 0 0 0 0 0 0 0 377
 0 0 0 193 12 103 0 0 419 0 0 0 0 0 0 0 0 0 0 164 419 0 32 51 0 0 0 342 9 3246 0 0 0 0 0 0 0 0 140 65 0 3 0 0 0 0 0 0 0 0 0 0 15 0 0 0 88 0 0 91 37 0 27 0 207 46 0 0 0 0 0 1 0 40 0 0 557 2 0 11 0 0 89 0 12 21 0 0 331 0 0 0 0 52 0 0 0 0 0 35 0 15 51 959 32 20 1 29 44 0 11 0 0 0 0 0 150 429 0 5 3 2 0 41 0 0 0 0 0 0 0 0 0 0 17 9 39 0 0 0 0 3 37 264 51 0 0 0 37 0
 0 27 20 0 0 0 0 10 0 37 0 0 0 113 68 1 0 3 32 0 0 0 0 14 4 169 376 0 0 0 0 0 0 0 5049 0 0 27 2 6 0 145 0 0 0 21 25 2024 27 48 2 260 121 0 0 8 0 34 0 3 265 17 0 44 154 346 1 0 0 0 0 23 0 0 0 0 141 4 0 0 43 0 0 10 0 38 8 0 0 0 17 188 0 0 0 25 68 0 0 266 0 0 1 0 56 0 0 0 13 0 0 7 0 0 0 0 711 1093 0 0 0 100 0 709 23 14 0 0 2 0 7 62 247 0 21 4 4 0 0 84 0 0 0 0 0 0 0 17 3 0
 0 0 0 0 20 48 3 472 0 6 21 0 0 0 2 0 3 0 0 0 0 25 0 0 0 0 0 0 715 1908 8 6 37 30 73 0 0 2 0 27 0 0 0 0 0 0 2 0 0 173 1 14 0 0 0 9 0 0 0 99 0 1774 97 0 46 854 201 147 0 0 68 155 0 3 0 45 38 0 0 0 0 23 0 0 0 0 1 2 0 2 0 239 0 39 0 0 0 0 1 0 0 5 22 2 0 380 0 0 0 1 0 60 0 0 0 32 0 7909 189 1 0 0 0 0 0 0 0 0 0 0 0 0 1 0 49 0 0 0 0 19 0 0 0 0 0 5 0 0 367 0
 0 5 0 1055 0 1154 0 1 0 27 0 0 0 0 8 0 275 0 0 0 0 0 2252 0 0 0 0 74 0 0 0 0 0 0 153 0 0 0 0 0 0 0 0 0 23 101 244 0 39 0 0 0 14 4 28 0 0 649 0 58 0 0 73 92 0 0 4 1 3 0 0 244 0 0 0 671 0 3 1 0 11 0 0 0 13 81 0 2446 0 6 44 119 134 0 57 11 12 43 4 0 2 0 0 31 7 0 750 171 0 0 0 26 0 0 0 135 6 0 20 0 3 0 1711 0 126 306 0 6 0 0 0 696 0 0 0 1 5 0 0 0 0 6 0 0 0 0 215 108 0 0
 0 0 0 10 27 0 0 0 19 0 0 2 0 0 67 0 51 0 920 1 9 0 0 0 21 0 0 0 1 711 19 2 2403 3 2 0 4 0 2 317 457 1 22 0 0 1 31 6 14 3 0 1216 31 51 0 74 68 0 5 23 0 0 0 429 96 244 1 15 0 0 0 0 0 5 0 0 0 59 2 0 0 74 13 0 0 31 0 4 1 0 0 34 0 0 0 1983 1 0 0 0 10 0 6 532 0 49 0 0 10 17 0 0 0 5 45 0 0 3 0 5 8 0 0 27 0 0 0 0 0 0 54 48 0 0 2 0 71 0 0 0 0 1 0 0 0 38 0 0 664 0
 0 0 0 28 0 0 0 113 395 20 0 0 0 0 2 0 0 0 17 1 0 0 0 96 95 12 0 0 1110 0 2 0 0 0 0 44 126 0 0 0 828 0 0 599 0 0 56 92 0 0 48 215 1617 0 0 0 0 0 0 0 16 2 53 0 0 0 0 0 34 0 12 0 0 3 342 20 0 16 0 0 12 0 14 0 0 160 0 0 1355 0 0 0 0 0 1426 82 25 0 175 0 0 0 0 0 0 4 0 112 299 0 31 45 0 0 12 397 0 0 0 0 0 12 0 29 0 0 0 0 2 0 90 0 0 0 0 0 35 0 0 8 0 0 51 0 31 30 0 8 0 0
 2322 0 0 0 42 107 1090 0 615 58 4 1 33 1 0 0 8 0 41 0 0 0 0 0 0 1 0 0 0 1 516 0 0 0 12 0 10 20 0 0 0 0 0 0 0 0 0 0 0 0 63 2 0 0 3757 0 2 51 46 0 0 1 196 0 0 0 0 0 195 0 0 0 0 0 0 8 0 0 0 150 0 0 0 11 0 5 0 0 0 7 1411 7 40 0 8 30 0 66 0 5 20 200 226 0 171 0 2 0 0 3212 63 3 0 0 0 0 20 0 1 0 1 3 0 0 3 0 0 4 124 1 48 55 2 0 205 0 0 87 0 0 0 0 18 0 0 0 0 28 67 0
 0 0 0 32 0 0 3 94 0 10 1 0 0 337 30 158 0 0 1 0 76 0 1110 1 0 296 0 0 0 7 0 0 2 0 1 0 0 179 0 11 0 0 32 301 0 3 0 34 0 0 182 0 0 0 79 0 0 0 63 0 4 42 30 7 380 4419 50 5 0 0 0 0 4 0 0 0 0 54 0 0 12 0 0 0 0 0 21 3 0 0 6 0 0 0 0 680 0 0 10856 0 2 13 0 0 0 0 0 0 14 0 0 0 43 0 0 137 12 0 0 2095 13 0 0 0 0 0 22 0 1 0 0 89 0 0 85 0 1 0 0 0 2 0 0 0 0 0 10 4418 0 24
 0 10 0 0 0 55 0 0 11 2 0 0 3 0 0 715 0 184 0 0 57 7 0 190 5910 0 0 0 7 3 0 0 0 1026 67 43 1 0 0 2 0 0 0 0 726 0 0 15 0 0 0 0 201 0 0 0 0 16 0 0 0 0 0 7 39 0 0 1797 0 0 0 0 0 205 78 198 196 0 0 194 3 11 0 5 0 49 0 242 0 0 333 0 0 0 0 0 74 0 779 0 5 169 0 39 0 0 0 1426 0 0 43 0 16 0 0 0 7 68 4 497 54 0 0 0 0 0 0 51 828 451 0 992 0 110 0 0 55 0 0 13 0 26 3 147 0 0 0 0 41 7
 209 0 0 0 0 0 0 0 147 136 0 0 47 32 165 0 7 271 0 2 1 0 0 3171 0 0 0 0 0 0 0 0 0 40 0 0 6 2 0 8 0 1 0 0 0 0 0 68 0 0 0 144 0 32 0 0 9 0 0 0 0 0 0 36 0 0 0 4 0 273 0 0 7 0 0 0 49 0 0 20 0 9 0 78 18 0 0 0 0 3 1381 0 0 0 0 0 198 254 0 1 14 170 10 0 0 145 0 58 0 0 0 25 0 9 0 0 0 0 0 0 270 0 5 0 21 0 43 0 4 0 276 1 0 0 0 15 0 0 0 119 0 0 0 0 37 0 0 4 59 66
 0 0 0 2 2 0 0 200 0 25 54 2 10 30 1 0 2 18 0 1 368 0 0 0 0 36 0 0 49 0 0 7 0 0 10 9 7 83 0 0 0 0 239 7909 0 0 0 2 0 1 0 13 0 18 0 1 0 1 0 0 0 0 5 113 0 0 195 0 0 27 515 1 0 60 0 377 46 0 0 0 4 0 0 0 32 0 0 0 1 9 0 152 37 0 0 0 43 0 0 0 17 26 84 128 41 0 0 0 0 3 0 0 8 1537 0 1 0 0 0 1 0 75 81 0 0 0 0 73 288 0 0 0 0 0 25 271 0 0 0 15 0 9 0 0 0 4 0 0 14 0
 148 11 29 250 528 0 0 0 10 85 866 0 12 29 0 92 49 0 0 0 0 0 0 0 73 0 0 13 0 66 145 6 0 42 52 0 3 0 0 0 0 39 0 0 6 35 0 0 0 6 135 12 0 0 0 327 1 0 111 0 0 0 0 51 0 8 136 0 14 36 0 0 0 18 0 126 14 0 0 1 0 0 0 1906 48 159 0 0 0 0 3 5 0 0 4 2705 0 0 0 54 0 0 0 0 0 0 0 0 0 1 0 0 0 92 39 0 0 187 0 0 0 26 0 0 0 0 0 0 0 0 0 0 83 0 13 0 94 0 0 5 243 0 0 0 4 0 2 50 0 0
 0 0 0 0 0 0 0 0 0 0 780 0 0 0 0 15 0 0 0 0 0 4195 0 1 97 2 3 0 515 0 1 0 12 165 63 23 0 0 95 588 2 195 0 0 0 41 0 0 21 39 0 25 0 210 273 6 0 236 0 0 0 0 286 0 33 2 0 0 0 20 0 0 0 443 0 0 3 0 0 7 0 10 0 219 1172 2 0 0 0 0 0 0 0 17 7909 307 0 12 0 0 15 0 38 0 7 7 0 0 0 0 0 0 0 7 0 0 0 0 40 3 17 0 0 37 0 0 0 170 0 0 750 15 0 9 0 144 119 0 0 0 0 0 0 0 0 49 1 0 11 0
 55 0 0 0 0 0 0 0 37 58 0 1 0 0 0 0 0 0 0 10 15 0 0 0 0 0 0 368 63 0 14 0 0 0 0 0 21 307 0 1 0 4 0 10 0 7 0 0 0 5 78 0 12 1 0 201 0 0 7 565 150 0 0 342 220 14 0 10 2 0 0 0 0 0 541 0 43 361 0 126 69 0 0 0 23 0 0 2183 0 0 30 0 0 37 0 44 0 0 126 12 0 0 0 0 113 3 283 2 0 0 125 0 1 0 0 1 686 1 0 0 1 0 0 0 0 11 5 0 0 57 0 0 64 157 0 0 155 0 0 828 0 0 0 8 0 88 0 0 2 21
 366 6 27 0 0 0 0 66 0 6 83 110 0 163 0 29 146 0 1 11 52 242 0 0 0 76 121 11 0 1782 226 0 84 0 0 0 1 0 0 0 0 0 83 0 0 0 0 0 103 2 172 10 111 0 41 618 990 0 5 1 0 0 0 8 0 0 205 131 219 616 0 1021 3 1 0 0 0 0 0 0 144 0 0 137 0 0 0 0 3 0 0 4 0 0 69 0 0 6 0 48 0 30 1216 53 0 0 0 0 26 897 1 0 0 0 115 1 3 0 0 60 0 3454 3 0 0 0 0 0 0 0 52 69 0 32 0 521 0 54 0 61 0 0 0 0 0 41 0 74 0 0
 0 0 0 0 0 10 0 0 47 0 0 0 0 0 0 0 0 0 0 196 0 1 0 0 0 6 91 11 87 0 0 0 0 0 134 0 0 136 11 8 1057 122 12 0 0 0 20 33 0 0 0 0 40 10 34 0 0 159 0 0 254 0 0 44 22 0 0 0 0 0 0 0 100 42 0 7909 0 4 10 0 0 0 27 92 28 0 0 0 0 0 21 2 6 111 0 0 0 66 0 123 2 0 150 0 1 0 15 219 0 0 67 9 0 0 0 0 160 0 0 0 0 0 53 0 0 2 850 0 3 2 0 7 0 0 0 196 0 0 51 0 14 185 5 32 0 0 0 2 0 173
 8 0 112 440 0 4416 0 126 0 0 29 0 303 26 202 0 0 0 0 0 38 3 0 0 0 0 0 296 0 26 0 73 0 0 0 9 0 6 12 0 0 0 0 88 4 31 1036 6 0 0 3 0 0 0 0 0 0 0 3 0 41 78 0 0 13 0 32 31 0 0 0 100 0 0 0 0 0 0 896 0 0 25 0 103 75 83 0 0 0 170 125 0 2 0 57 171 0 1881 0 0 0 0 485 0 0 523 46 0 5 0 0 0 0 60 0 2306 0 0 57 0 44 5 0 0 0 0 0 249 0 0 1 0 0 2024 0 370 7 0 33 0 0 0 172 0 0 126 0 0 57 0
 16 3 0 0 0 0 2 0 0 0 0 32 0 0 34 1953 0 0 58 53 0 0 0 0 0 0 2 1 0 0 0 0 0 0 4 0 0 0 0 0 0 0 5 0 22 0 0 0 0 1 14 0 18 171 10853 0 94 25 0 0 0 83 0 0 11 0 1 14 0 68 0 0 0 0 0 0 1 0 0 0 0 0 11 0 0 21 0 0 0 14 0 0 0 0 0 78 0 0 1 0 3160 0 107 0 0 217 0 0 148 0 6 0 126 0 472 31 1 2 110 148 0 0 54 0 46 1 1 81 0 0 0 0 0 0 0 0 0 0 2 2 0 0 0 553 0 0 0 0 56 0
 2 0 0 4 3 0 0 0 0 0 0 0 0 10 0 0 115 0 0 0 76 0 0 6 0 8 12 12 0 0 5 0 4 0 0 22 0 0 11 0 37 0 0 247 55 10 11 7 162 4 0 238 0 0 0 9 0 133 101 144 0 0 0 0 46 5 1367 48 0 1 62 0 2 0 0 0 265 0 1 0 28 172 0 0 73 0 2 31 115 0 0 0 1 0 159 30 260 0 9 0 0 0 0 0 28 0 102 0 0 2 15 15 0 0 162 0 1 0 3 0 4 0 4 0 5 0 0 0 0 125 59 1 191 1 274 0 0 0 0 0 0 22 0 0 0 0 339 138 0 0
 29 0 0 298 9 171 0 55 3 0 0 2 0 20 0 0 38 0 0 0 0 0 0 0 0 17 0 0 0 28 0 0 0 0 108 8 0 333 34 0 15 0 70 7 93 72 0 557 0 4 19 43 0 273 2 75 0 6 0 715 0 0 0 0 0 0 0 160 0 96 0 4 0 44 4 48 0 7 7 0 106 5 9 0 0 0 0 0 296 2 0 0 14 113 15 0 0 53 0 63 0 3 0 0 0 0 0 0 7909 29 0 0 0 5 0 0 0 0 0 0 0 0 0 5 0 0 0 0 40 378 20 0 84 11 0 78 0 0 0 5 0 0 2 0 1 0 0 0 0 559
 5 0 0 0 0 0 0 1 78 2 1 0 0 0 0 0 553 80 3 0 35 1 32 0 12 0 10 0 0 3888 0 0 20 195 0 0 0 0 0 9 0 169 0 0 210 0 0 0 160 189 145 137 0 0 23 16 14 8 0 7 1 121 0 154 22 212 0 35 443 0 0 1 1 0 32 0 0 1980 12 0 10 191 115 8 0 0 0 30 0 0 0 0 0 0 12 817 0 922 0 48 101 0 0 1784 30 0 0 2 0 0 5 115 0 0 0 0 0 0 0 0 0 114 33 0 23 0 88 0 0 0 3 0 0 0 4 0 0 0 0 74 0 0 0 0 235 0 0 205 0 4
 0 0 2 733 484 13 0 47 0 162 0 0 0 0 0 139 35 263 0 0 0 25 0 83 11 0 0 3 0 15 0 0 32 0 0 0 0 0 0 0 86 38 0 0 0 0 0 0 4 65 0 0 0 22 3 0 0 0 0 0 0 0 0 1211 0 0 2 105 0 0 37 0 0 0 1 0 0 0 7 0 0 0 7 1789 0 0 0 0 35 0 60 0 0 0 1 818 0 39 0 0 0 0 162 0 1 0 0 52 17 31 9 9 18 132 0 2 0 0 29 4 47 0 4 0 0 2 0 0 0 0 0 3 52 0 0 0 0 83 0 370 12 92 0 0 334 0 0 630 9 1
 1952 0 0 4 170 0 0 169 0 3 0 0 10 0 0 0 0 0 0 19 0 291 0 16 0 0 144 5 0 0 5 0 0 0 0 46 38 0 25 0 0 0 0 0 0 0 0 876 0 0 51 0 5 2 0 1038 0 0 0 8 0 194 52 0 6 0 0 0 0 0 35 0 65 0 0 378 0 0 0 0 0 78 0 0 1058 0 9 0 17 0 0 0 0 0 10 303 0 8 273 23 0 0 37 0 0 0 31 0 115 0 3 0 0 0 0 2 29 0 1 0 0 1 0 57 0 4 0 0 0 279 1 23 32 31 0 0 23 0 52 51 4416 18 0 0 6 0 11 55 0 0
 0 0 74 3 0 0 0 0 0 4 0 0 93 148 0 95 0 0 9 0 0 127 0 0 6 0 0 10 0 0 368 18 0 243 149 0 0 5 0 0 0 0 148 0 0 185 378 0 0 0 990 0 0 0 0 0 3 0 0 206 0 0 0 2 7 0 0 235 0 0 0 0 35 0 0 87 13 20 0 358 85 0 0 0 0 0 0 0 0 0 0 100 0 0 0 20 209 0 0 6 279 0 9 0 0 0 0 65 0 0 16 0 0 2891 0 0 0 0 46 239 0 0 0 0 0 2 0 2 11 0 0 32 0 2 3 0 0 45 0 17 117 1 38 0 0 8 11 0 0 0
 0 0 0 0 0 0 0 0 0 91 12 6 0 0 10 239 0 0 0 32 32 0 52 0 0 0 49 1791 0 0 0 0 0 892 6 0 0 10 0 3 18 0 0 0 0 0 136 78 18 0 0 0 0 0 0 0 24 0 0 0 21 0 0 0 9 0 0 0 48 0 2049 0 0 0 0 15 7 0 7 0 13 1 3 0 0 2 1058 0 0 0 1749 1092 11 22 0 126 0 0 0 0 0 0 0 68 0 34 0 0 0 0 0 123 27 0 0 1 54 58 43 0 0 0 0 149 74 368 0 0 3 0 0 0 1 0 854 5 0 1123 58 0 0 0 0 0 19 0 7 0 131 0
 11 11 79 0 0 136 174 87 0 0 2 0 0 0 0 21 0 0 0 0 1176 733 0 0 0 0 0 1 0 0 1908 128 380 16 1 0 0 0 0 0 0 7 21 0 6 0 0 0 152 0 0 0 155 0 0 0 0 123 0 0 0 0 0 5 0 149 35 0 0 15 0 27 298 15 0 0 27 34 0 24 523 0 12 0 39 0 0 513 0 0 6 0 53 0 0 0 534 0 10825 0 0 32 0 0 293 1954 59 15 0 696 10 0 0 0 2 113 0 13 1051 10 0 0 0 17 0 0 0 0 0 3 0 0 0 273 0 0 0 0 0 0 0 38 0 45 40 0 0 1 0 5
 0 0 191 0 12 0 0 7 2 0 6 0 0 126 2 0 0 0 32 51 9 0 30 1 26 216 0 0 0 0 0 3 200 0 16 0 0 0 0 73 0 0 0 0 0 0 0 13 26 19 1 0 0 54 0 1 0 110 0 0 0 59 2 0 1397 131 2106 56 0 10 0 1 38 0 0 0 0 0 0 0 0 0 307 0 1157 0 0 0 0 91 0 0 15 0 0 0 0 0 36 0 0 0 0 5 0 0 245 0 0 0 0 7 0 0 0 0 83 9 0 0 39 37 0 144 1 0 0 0 0 0 2 0 0 26 0 0 0 2 0 0 0 0 0 5 239 786 3 0 34 814
 0 0 26 7 77 0 0 0 0 96 0 0 0 0 0 6 0 0 85 0 20 0 6 0 0 0 0 0 0 12 0 105 0 0 0 0 35 0 35 0 0 1 0 122 43 0 0 0 0 0 1 4 110 0 3 48 0 4 0 0 0 9 0 0 54 0 30 0 0 126 0 15 0 0 0 0 0 0 93 382 0 0 32 280 12 44 91 133 0 15 34 0 10 0 0 0 0 7 378 639 0 9 13 76 0 0 0 0 0 0 207 0 55 0 1229 102 16 0 0 35 0 223 0 0 0 186 0 0 191 242 217 0 0 16 238 0 0 54 21 63 0 0 0 0 0 0 0 265 0 29
 0 17 6 27 0 0 0 9 0 0 223 0 0 5 0 2 0 0 0 42 0 0 0 0 0 0 283 0 2 421 0 54 4 0 0 0 0 0 486 0 34 0 680 3 0 0 15 0 0 105 173 0 0 0 0 5 0 39 0 0 64 594 0 0 0 0 0 0 0 0 11 0 0 0 218 0 0 0 0 26 0 0 0 0 5 68 295 0 6 25 0 690 0 0 0 0 0 0 161 10 7 0 46 44 0 74 13 0 0 0 2701 0 0 0 162 0 0 0 253 0 0 0 1367 17 0 0 0 0 168 0 0 1 12 0 68 26 0 113 0 3 0 0 0 1674 8 73 0 0 0 8
 41 1 0 260 352 0 0 88 159 0 0 0 535 0 0 2 208 0 0 0 877 0 0 80 0 12 0 0 0 0 9 0 0 369 0 0 0 0 11 3 153 0 8 17 0 0 1 0 12 0 0 0 0 0 16 660 367 0 26 0 0 0 4 0 1040 0 0 0 0 154 311 0 0 3 1 0 0 42 0 0 235 0 109 0 11 19 94 0 6 0 1 26 0 0 40 8 1 35 0 0 0 2 12 0 0 237 23 0 0 0 95 200 72 78 0 244 0 159 32 84 85 0 0 151 5 9 13 96 22 0 0 0 0 60 0 0 0 0 49 4 0 139 0 0 0 39 4 0 0 0
 7 3 1197 0 14 110 0 0 0 0 0 10 689 7 3 22 0 1908 0 0 0 0 63 559 3 0 6 0 166 260 0 9 0 2 0 0 71 0 69 5048 1 0 0 37 0 0 268 710 33 0 0 184 7 0 0 3 0 7 829 0 780 0 2 78 0 0 0 0 0 0 0 0 1 210 0 0 0 34 20 0 0 0 260 171 0 0 2751 0 44 0 0 1 3 0 5 0 0 30 96 0 0 0 59 0 0 188 0 0 0 33 105 25 0 0 44 121 0 7 0 0 1367 2 103 0 0 0 0 17 20 10 0 62 0 12 1 0 0 0 0 64 0 0 0 0 0 400 194 1 0 0
 13 0 106 0 0 0 0 10 63 56 169 131 22 11 28 2 1 4 0 715 2 0 0 440 2024 0 0 24 1 100 0 0 2 0 0 0 0 1788 0 51 0 0 0 7 46 13 0 6 0 4 43 132 37 24 54 0 4399 0 0 0 0 1 0 0 0 333 0 0 1 21 0 16 0 26 0 0 0 0 0 0 0 0 780 0 0 0 0 7 0 1 0 0 44 0 0 0 0 1021 7 0 205 27 0 8 0 0 21 10 0 0 0 0 42 0 0 25 0 0 0 0 236 0 0 0 27 0 35 0 0 0 0 0 5019 2895 71 0 0 0 0 1 0 0 329 1 0 0 6 0 0 0
 0 10830 34 0 0 0 0 15 0 0 2286 0 32 3 0 53 0 0 171 0 0 0 37 0 0 65 0 0 0 0 5 1076 0 13 18 0 0 0 0 57 0 0 0 17 23 31 0 205 0 11 0 0 265 115 0 0 0 0 207 0 0 0 0 0 2 0 0 512 0 0 0 0 11 0 20 0 0 0 96 0 0 39 138 40 0 48 0 0 195 0 0 10 0 51 731 0 0 0 1007 0 26 0 40 0 10 0 2 2 0 0 0 126 0 20 0 0 8 1 95 0 5 52 26 0 0 13 81 64 77 0 0 0 179 0 9 0 159 1 0 0 0 0 0 0 0 81 32 65 83 0
 0 21 0 0 0 23 0 0 0 0 4 22 13 30 174 0 0 0 0 0 666 17 1501 0 0 0 1 0 6 55 162 0 0 0 94 12 0 0 0 0 618 203 0 0 1 8 0 0 0 3 0 0 0 0 0 22 0 733 0 0 0 158 16 0 0 0 3 0 0 78 2 0 65 1 0 1727 2 0 0 0 31 6 0 413 0 226 0 0 0 46 0 0 0 0 0 0 0 0 0 0 0 0 307 0 0 0 0 16 0 223 919 0 0 78 110 3 0 9 0 7 160 66 0 0 5 2 0 0 148 0 0 0 2 0 0 0 0 0 14 18 0 2 0 0 0 0 0 0 0 0
 0 50 0 0 3 0 0 0 0 0 0 0 289 13 0 6 0 0 0 0 22 22 39 0 107 0 7 69 2183 0 35 0 1 0 64 0 372 11 0 2 0 143 0 175 0 38 0 0 0 0 0 0 0 12 0 72 1 0 0 130 303 0 0 0 62 7 0 0 0 10 0 0 0 0 35 0 0 0 1 190 0 0 0 0 0 0 0 34 848 0 40 0 41 0 12 2 0 0 0 30 2 22 20 0 0 0 0 0 0 10 151 17 0 0 0 39 0 0 2 10 53 0 37 0 0 0 2841 0 0 0 3 0 115 7 0 0 39 14 2 0 0 227 220 0 0 1391 0 20 0 0
 0 5 0 156 0 5 0 0 618 41 0 48 0 33 0 0 0 0 298 0 0 53 0 10 3 512 0 0 0 7 59 27 0 7 0 0 0 120 0 0 0 6 10 0 0 43 0 1 0 0 0 5 0 0 9 137 0 0 0 0 79 20 0 0 10 210 0 23 3 0 29 53 0 195 0 280 93 0 0 0 14 2860 0 0 0 0 0 84 81 9 0 26 35 485 0 0 0 618 0 0 0 0 23 0 0 0 110 1 0 13 303 0 149 113 0 1 0 224 1367 0 110 0 0 0 14 0 0 0 0 48 3 22 6 0 0 83 0 24 488 0 0 36 0 74 0 0 23 0 0 0
 15 0 0 88 1 30 485 0 32 0 0 0 38 0 0 1146 0 22 0 0 0 0 0 0 0 0 370 0 3 0 0 0 0 0 9 0 0 0 0 0 0 0 0 1345 34 0 0 0 12 108 108 22 0 111 8 0 0 0 23 13 11 7 0 251 0 62 0 0 29 0 0 0 14 0 0 0 0 222 0 0 4 0 1104 0 0 0 0 0 0 219 42 74 0 4 4 0 0 0 36 223 0 0 0 0 0 0 4 146 0 0 32 21 904 0 9 0 88 0 367 0 10 1 0 4 0 0 87 0 0 0 0 53 0 0 0 5 0 0 94 32 1 18 240 4 63 27 0 2396 6 0
 0 0 0 0 12 0 0 0 0 440 41 0 12 0 43 51 0 0 0 0 179 0 3 40 28 0 0 1881 0 302 0 0 0 0 0 0 0 0 0 0 0 0 8 0 0 0 39 162 76 42 0 0 52 151 4 0 0 0 0 21 1 0 0 0 0 0 0 1388 19 0 0 329 0 0 0 0 135 52 133 12 0 0 0 2 0 0 0 0 0 2 23 0 1058 84 0 0 79 0 1 0 5 145 0 16 0 0 0 0 11 0 0 0 0 0 52 0 2 0 0 239 0 0 0 0 0 126 4 0 91 15 0 0 0 0 0 61 0 0 0 0 0 3 0 64 0 0 0 0 0 0
 1 0 142 2 0 0 2 33 143 1 0 0 0 0 6 0 113 3 32 14 0 0 15 8 12 451 0 4 74 0 0 200 0 0 37 0 2 0 0 0 0 0 80 24 0 5 0 0 0 0 0 0 0 0 0 4 12 0 0 0 0 342 0 2 5 130 0 102 20 216 0 235 285 0 11 0 0 0 0 0 0 0 0 162 2 0 0 18 0 2 0 0 0 0 0 37 0 0 0 0 1 0 0 0 0 0 0 19 370 2182 0 0 197 0 43 0 2 0 8 0 0 0 5 495 31 2403 0 3 727 0 0 0 0 0 0 57 0 0 0 0 0 38 86 0 0 0 24 0 0 10
 0 0 0 0 0 1 0 0 0 74 0 0 0 24 12 85 2 0 0 88 0 12 51 13 0 30 0 0 78 0 2346 0 3151 0 915 0 39 0 0 0 0 0 5 8 0 281 189 0 0 0 0 0 10 195 0 179 0 0 0 96 0 0 0 2403 0 21 0 26 0 0 211 0 0 0 0 0 0 3212 0 54 175 62 227 0 26 8 0 0 2 0 3 506 0 6 0 0 0 1 2 30 0 1 0 657 0 0 1 5 0 0 6 0 0 0 0 0 0 0 205 0 8 31 0 0 0 20 0 85 0 0 0 49 0 0 3 0 2366 30 0 35 0 10 0 0 0 711 0 115 3 0
 1 1 40 6 2 93 0 0 0 22 2 665 39 0 74 0 0 0 0 172 0 19 39 0 0 38 42 0 0 0 169 5 20 0 0 0 0 28 0 0 0 23 48 0 12 0 0 0 57 26 0 0 9 5049 0 14 210 0 0 12 0 17 0 0 179 36 0 15 6 0 0 0 0 300 307 0 0 0 14 32 23 0 0 0 0 1 94 0 178 0 15 0 215 33 0 0 7 0 0 24 0 0 75 13 0 0 429 817 0 0 0 14 0 1917 0 38 0 0 0 9 0 0 0 0 0 0 594 4 103 0 73 35 0 0 0 0 260 1 78 1209 0 6 12 133 0 70 0 0 0 0
 0 0 0 0 0 49 0 1367 559 0 0 0 1 0 0 0 0 0 0 0 222 194 761 0 0 0 0 22 0 0 2 14 0 0 0 0 0 23 0 0 334 0 6 0 103 37 0 0 0 27 0 1 0 0 8 0 0 0 0 0 0 0 0 0 0 18 0 126 14 486 0 0 168 0 0 6 0 1 11 0 0 5 3 0 0 1797 24 0 221 1 0 2 0 1 0 0 6 0 10 1537 0 1 0 7 0 3 0 0 13 0 0 137 0 14 3 0 0 0 0 77 25 0 29 0 3 6 0 0 0 0 0 0 195 0 0 0 0 0 11 189 26 8 0 3 1 10783 0 0 28 0
