150
 14 2 0 5 0 57 18 0 0 10 0 600 30 0 0 0 9 74 1 171 0 340 0 0 10 21 0 0 6 0 0 5 0 0 0 0 0 26 0 0 2 0 9 0 21 0 1 15 600 0 0 0 9 0 13 102 3 0 0 0 1 5 0 3980 170 0 4 0 0 8 40 0 0 0 0 0 15 7 0 0 0 14 0 0 0 0 0 0 7 0 0 23 0 3 0 0 0 0 13 0 0 0 0 5 0 0 0 13 24 22 0 0 0 45 0 0 1 0 338 0 0 0 0 127 0 0 0 0 0 0 0 29 2 0 5 339 5 0 0 0 0 0 0 43 0 7 0 0 0 0
 0 0 9 7 0 0 0 0 0 0 0 771 0 0 0 0 0 1 0 20 113 9 64 0 0 3 3 25 3 803 50 0 0 0 0 0 301 7 0 0 0 1 0 0 556 16 57 0 1 0 0 59 0 10 41 10 0 2650 122 0 0 0 0 0 0 1 0 0 0 0 0 61 0 0 11 64 0 0 0 0 0 271 0 0 3 5 14 1 85 0 627 0 0 280 0 0 767 13 273 0 64 0 1 573 0 0 14 21 73 0 2 4 122 43 0 0 0 0 0 0 342 0 0 0 0 0 0 2 0 0 2 3 182 0 0 0 0 0 0 89 0 52 0 0 31 94 0 4 0 27
 0 0 3029 0 41 0 0 0 0 24 0 1 0 140 0 1 1144 187 0 1 5 0 0 0 0 0 0 0 5 0 0 14 4 94 0 0 118 0 3 0 0 248 0 26 0 0 8 1 7 0 0 0 29 0 0 0 16 0 9 0 25 0 0 0 5 1 0 0 26 0 0 0 0 0 29 0 0 0 118 12 0 141 11 1 0 0 0 1 3 0 37 0 52 0 0 52 0 0 64 1 43 5 0 9 89 0 19 0 5 0 0 0 53 87 227 98 0 11 67 1 15 0 0 1 0 0 0 113 2 1 0 0 163 0 0 0 0 4 0 0 0 0 92 104 0 48 0 0 0 3657
 0 0 0 102 0 0 0 0 0 7 0 0 0 0 0 0 0 376 0 44 69 9 21 0 0 0 3 13 0 0 15 0 0 0 0 0 0 17 0 2 90 0 0 0 7 0 0 0 0 299 36 40 2 0 5 137 0 0 0 55 572 0 0 99 0 125 126 0 0 20 0 0 78 0 0 103 0 611 12 0 0 49 0 4 0 241 0 0 0 0 1 0 0 2 0 8 0 0 184 0 0 0 0 0 0 2 0 0 4 0 0 0 0 0 13 0 0 38 3 0 0 33 10 0 0 0 14 0 0 0 0 0 0 112 0 0 10 0 0 19 0 86 177 23 0 0 0 99 12 308
 0 34 0 49 14 73 0 0 0 3957 0 0 0 0 0 3 0 8 0 1 0 18 0 0 0 1 0 27 0 0 0 32 0 0 39 0 0 5 21 0 7 0 0 9 0 17 0 50 0 0 4 0 7 0 0 0 0 2 0 0 10 0 52 0 31 559 3 23 0 147 0 0 65 3 1 0 0 0 0 0 3 0 0 0 0 20 0 0 13 0 90 0 0 0 0 49 8 0 240 6 24 125 127 1 0 0 0 0 0 0 0 38 0 305 0 7 15 269 0 0 0 10 3 0 1 78 0 0 4 0 0 4220 0 33 0 0 0 0 0 63 1 0 0 18 0 0 0 3165 0 0
 0 0 1 1 0 0 0 0 0 51 0 0 0 0 0 0 0 205 1 0 0 0 1 0 6 13 0 5 0 0 3 3 0 0 0 0 0 14 22 14 0 0 23 0 0 10 0 40 0 15 0 0 0 0 83 8 0 0 12 0 121 20 0 23 2 0 18 0 7 5 1 347 0 0 1579 0 0 1 310 0 0 2 4 0 49 1 0 214 4 35 0 42 0 0 0 100 0 0 0 12 13 1309 49 0 0 0 18 0 0 27 0 148 0 0 11 24 0 1 45 0 67 36 0 15 0 189 57 0 40 3 3 0 1 0 0 0 639 17 2 0 1 0 0 0 0 106 0 3 0 0
 0 61 0 0 13 10 0 0 0 0 0 0 0 4 323 131 0 291 0 0 90 0 0 1 0 5 5 0 0 0 15 0 0 4 0 16 9 0 137 0 0 0 0 112 0 0 0 1579 0 67 0 14 0 13 0 0 0 46 0 0 0 0 24 125 0 0 5 18 26 0 39 12 1 0 342 0 40 0 11 0 0 13 245 0 1 0 0 0 4 5 0 0 0 6 0 26 0 46 0 43 0 45 31 0 1 0 63 0 2 0 0 61 42 6 0 0 120 113 103 93 87 0 0 0 0 0 6 4 34 0 0 0 2 0 50 41 0 4 69 9 4 0 0 9 0 0 0 58 0 27
 5 575 58 4 14 0 0 0 0 71 0 7 0 0 5 10 20 0 0 1 49 0 4204 0 100 0 0 0 39 0 0 10 0 25 1 0 0 0 0 0 0 0 0 36 1 1103 48 0 0 0 0 0 99 0 0 0 21 0 0 0 47 1 0 0 0 4 0 3 0 1 24 7 0 0 55 4 0 2 0 328 0 0 0 0 541 242 0 0 0 154 1 24 0 0 197 0 0 0 27 0 601 44 0 21 199 0 0 0 80 0 0 2 13 11 0 0 0 0 0 0 0 7 122 0 0 0 575 0 0 0 0 0 0 0 0 19 0 0 0 0 0 13 0 54 5 0 0 13 21 0
 8 7 55 0 0 8 0 24 0 0 0 58 13 0 140 74 0 0 25 0 193 0 0 0 0 21 0 9 83 0 13 305 0 0 0 6 1 34 0 0 24 7 8 0 0 48 0 0 0 0 0 0 72 59 1 38 182 0 0 3 0 0 14 2 0 0 0 0 11 0 3 0 0 0 0 0 2 0 0 0 0 10 0 23 0 76 0 4 0 11 0 0 0 165 33 1 36 0 0 0 8 2 0 0 0 0 0 0 0 0 2 186 0 0 0 18 0 0 0 2 0 0 169 0 37 1 600 35 0 0 1 0 0 552 0 0 0 0 0 0 2 93 2 0 0 0 0 4 0 0
 0 145 0 0 0 0 743 0 0 0 0 2 0 12 0 0 0 0 10 10 0 0 0 1 14 8 0 0 174 0 224 0 0 2 1 0 0 0 0 5 0 69 5 80 0 9 8 0 0 7 0 0 18 0 0 0 261 344 0 4 0 2492 0 0 0 38 10 12 0 10 0 597 0 0 2 0 0 1 0 2 0 6 0 0 6 32 40 0 0 0 9 0 2 3 17 14 0 0 600 0 13 0 0 0 0 0 21 5 142 0 0 0 0 0 0 0 0 0 7 0 72 0 9 0 12 3 0 0 0 0 0 0 0 0 2 0 90 12 119 0 0 105 0 0 195 0 0 0 0 25
 156 1 1 113 6 0 18 9 7 2 4 0 0 0 12 0 0 30 0 0 0 575 0 103 0 0 0 32 0 5 0 3 2 38 0 0 0 0 26 0 2459 0 1 2 0 99 0 0 0 2 1 0 0 52 0 0 0 0 67 0 0 0 245 0 0 0 0 0 0 1 0 53 0 6 107 0 16 0 438 0 0 0 2 0 0 0 7 5 0 2 0 4 10 0 0 0 2 0 32 1439 5 0 2184 0 0 0 0 55 18 0 0 0 0 3190 0 0 9 0 0 0 0 0 0 5 0 147 43 0 0 0 121 10 0 0 0 20 0 0 0 0 0 0 7 0 4 0 152 0 44 5
 0 0 0 4 42 0 189 0 0 0 74 0 1 3 0 27 2 18 0 1 1 0 0 26 6 0 0 7 0 0 0 0 0 62 55 0 0 15 426 5 11 0 0 0 2622 0 19 0 2 0 0 0 15 0 0 0 0 247 2 0 0 12 0 347 0 0 1 0 0 0 9 3 70 0 0 0 0 0 0 37 19 0 0 0 8 85 2 8 0 0 0 0 6 0 0 185 0 0 0 0 0 0 0 14 2 0 0 0 0 0 541 543 0 0 5 0 0 13 14 1159 9 0 11 156 0 0 79 10 0 33 601 27 0 0 0 0 0 0 0 0 52 0 8 0 8 1 0 11 0 0
 0 18 7 289 35 5 0 3629 0 13 0 0 0 0 0 0 0 0 543 0 0 0 2 0 0 37 0 0 18 185 20 0 7 0 13 0 0 244 34 0 0 0 0 55 0 26 0 0 1 0 22 0 0 42 1 1098 93 26 0 0 4 37 0 434 0 2 0 18 0 0 1 6 7 0 0 0 11 9 0 125 0 0 0 0 0 0 0 30 0 0 0 158 0 0 87 0 0 0 0 0 24 0 0 9 0 0 0 0 14 42 2184 345 0 0 0 4 0 36 0 0 37 0 58 76 0 0 1 0 10 0 0 0 8 13 38 2 32 0 16 0 0 0 0 6 0 0 0 121 0 23
 29 3635 0 1 176 0 0 338 76 0 0 0 0 21 1 0 570 0 0 0 35 0 0 10 0 2 11 0 3 9 49 3 0 20 0 8 0 0 3 192 0 0 2 0 0 471 18 2 0 8 0 0 8 0 8 5 0 0 0 0 822 0 12 0 0 0 79 0 9 2 0 0 20 0 1 0 0 32 0 0 0 3 0 5 7 16 0 28 27 0 35 0 0 0 0 0 0 8 0 0 2 14 0 3029 0 0 70 4 473 0 45 0 12 0 0 0 30 0 0 0 3 585 0 22 0 30 0 0 0 8 122 0 1 0 0 156 0 7 0 0 0 0 0 3 0 0 0 0 89 2
 60 38 0 107 124 0 0 0 0 1 0 7 0 0 12 0 0 0 0 1 0 0 49 0 50 0 0 12 0 5 0 0 0 0 4 1 0 0 5 529 0 0 13 0 37 361 0 3 2686 0 0 9 0 0 5 24 0 0 1 0 0 30 0 52 8 18 0 3 14 13 17 0 19 0 0 0 0 0 0 0 0 0 0 41 0 0 0 0 1 355 0 0 0 7 11 30 0 2 0 0 0 10 0 0 13 0 14 33 263 0 0 0 0 0 67 0 0 0 0 50 0 0 48 6 0 0 64 4 0 8 0 0 14 0 0 0 69 0 0 0 4 0 30 6 0 0 420 20 16 0
 0 2 0 2 0 9 0 0 0 2 51 0 0 12 99 0 4 0 0 212 0 0 0 0 0 0 0 0 0 0 0 0 111 2 83 14 0 0 1 9 0 156 1 341 0 0 0 0 0 0 240 0 113 0 88 131 242 0 23 0 2 8 0 3 0 0 0 0 6 9 63 0 0 0 2 0 0 8 24 0 2682 20 0 24 0 0 27 0 0 23 105 17 6 0 0 14 0 0 30 34 18 0 0 1 0 0 0 0 0 0 0 67 0 0 188 0 0 7 0 0 0 0 0 27 4 0 8 13 0 0 39 0 0 0 7 0 0 0 0 0 0 6 0 0 0 0 3148 0 1 0
 0 14 0 37 9 0 65 0 0 75 55 0 85 0 0 0 0 0 0 575 0 0 0 0 14 50 24 4 0 0 10 7 70 141 15 26 0 1 0 0 0 0 56 0 2 0 0 0 12 0 0 0 38 0 8 26 18 0 0 0 0 175 1 0 0 70 40 0 0 0 0 0 0 0 18 295 2 117 127 0 0 10 0 0 0 0 0 0 0 0 65 0 6 44 2 0 0 0 12 3 0 0 0 8 0 5 7 0 189 17 0 0 0 7 0 25 4 0 0 0 5 0 3 0 1 0 0 0 0 0 44 0 13 10 30 0 206 0 22 1 1 22 0 2 0 13 181 0 0 0
 0 0 0 0 0 0 0 34 9 8 0 0 4 26 0 0 12 0 172 7 0 0 1 0 0 24 0 198 8 17 0 3 2 0 0 0 0 0 0 0 11 0 0 73 1 305 0 1 0 0 0 0 0 16 0 2 0 19 47 1 0 0 0 13 0 23 23 0 0 0 0 0 1 39 1 64 6 789 0 22 0 0 0 0 104 0 247 0 0 0 4 3 166 0 53 0 48 2 1 359 0 0 0 0 0 107 1192 16 124 0 0 4 142 5 23 6 0 0 0 19 296 0 2688 0 0 0 1 3 0 0 20 21 6 1093 6 0 14 5 0 0 21 0 323 0 0 120 0 121 0 145
 0 0 42 14 3 0 2 42 0 0 1 163 0 17 1 8 15 0 117 0 0 1159 0 0 1 559 0 32 18 10 0 2 0 14 0 0 0 0 0 3 0 9 25 0 0 51 0 0 0 29 1 1 1 1 0 3 0 0 0 0 0 157 12 0 0 40 19 0 0 0 22 0 4 0 0 0 0 3 0 18 0 45 1 0 26 0 0 0 0 0 107 0 15 20 181 0 0 16 23 0 0 126 0 0 0 1 0 0 1 0 14 3 0 16 0 0 72 1 514 1 0 15 40 60 0 0 8 0 29 7 0 0 82 40 0 0 0 10 0 0 0 0 0 0 0 126 0 67 5 4
 0 0 0 0 0 4 17 0 297 0 39 0 1 13 0 0 0 0 29 0 0 0 21 0 0 0 0 73 0 16 0 2686 11 2 0 0 5 0 0 0 3 0 102 0 0 165 0 12 732 0 2 0 0 2959 0 0 0 0 0 0 0 2 53 18 0 0 657 0 0 0 0 0 0 138 0 13 0 29 0 0 0 0 15 0 1 203 0 19 0 0 31 0 1 0 0 3 12 24 85 0 0 90 2 0 1 24 64 46 0 0 22 0 7 0 13 24 0 0 0 0 2 0 0 0 0 0 0 243 185 0 0 10 0 0 0 0 0 0 1 0 37 23 1 39 0 47 0 0 0 0
 0 0 0 0 4 18 0 0 0 0 6 0 197 0 24 1 0 3 0 0 5 12 5 0 0 240 5 0 25 13 0 0 0 281 4337 0 0 2 56 0 245 0 559 0 10 0 0 0 650 424 3 0 11 4 0 0 6 0 0 0 0 79 0 0 0 0 0 7 12 0 7 1103 2 4 28 317 1 45 0 0 3 0 10 127 0 0 50 0 8 0 0 1 0 11 0 202 0 0 0 1 570 4 20 2 0 0 0 0 0 0 1 0 0 0 0 0 0 0 0 140 639 0 0 0 0 11 0 44 0 125 0 33 0 0 0 0 0 0 0 0 0 0 0 0 15 0 0 0 0 0
 0 0 10 0 0 199 113 89 2 8 0 0 13 0 697 0 16 4 0 0 0 0 0 0 26 0 142 0 3 0 156 0 44 0 0 0 8 95 7 4 23 39 0 0 6 0 0 0 6 0 67 6 0 0 0 0 0 169 31 0 445 2 0 0 1 0 0 2 0 0 0 47 0 0 0 0 0 0 0 0 2 0 1 2 9 0 9 73 0 10 4 0 0 21 19 41 64 3645 0 0 2 0 12 6 99 0 0 0 0 0 0 64 3 37 0 0 0 4 0 10 0 47 0 3 0 54 0 2 0 0 0 44 0 0 0 0 9 82 202 41 191 0 0 0 55 1 146 0 0 0
 0 0 0 0 32 0 124 0 15 177 0 38 0 0 0 18 0 0 18 0 0 2 0 146 0 0 38 9 0 181 611 0 168 13 2 0 2 0 32 14 0 0 212 0 0 14 44 180 0 0 0 0 5 66 8 147 3 0 4 0 1 73 0 0 0 0 2 17 0 0 0 0 0 0 4 138 2 0 0 0 43 8 6 0 0 0 0 73 0 7 36 1 10 0 0 1 0 9 327 9 0 0 18 3 0 0 0 238 14 7 263 0 0 0 0 0 0 0 0 0 82 1 5 0 0 21 5 13 0 109 44 73 0 5 1 0 0 0 0 0 0 0 0 0 0 0 0 0 0 0
 0 0 0 0 0 0 0 0 17 0 0 0 0 0 570 0 120 2 0 7 102 2 0 0 27 97 0 1 0 0 0 14 0 0 0 0 10 7 0 0 0 0 12 52 0 0 0 4 0 136 0 42 10 39 0 0 3 7 12 6 0 0 0 52 41 0 0 0 140 0 0 0 0 0 0 0 50 5 0 0 8 49 42 0 0 2 0 0 0 0 0 0 28 66 3997 13 774 0 0 9 4 33 1 289 9 13 2 0 0 0 0 0 1 0 25 7 0 0 0 30 0 8 0 2 30 1 0 7 0 0 0 75 273 124 0 161 4293 0 0 0 0 0 15 0 17 1 0 0 0 38
 0 0 60 0 27 0 42 0 2 0 5 0 46 0 0 3 0 0 0 0 55 0 10 0 74 0 1252 1828 0 0 0 20 3 0 4 0 132 52 183 0 0 0 0 0 305 40 65 0 89 0 0 9 2 0 0 0 0 0 0 0 0 0 0 49 0 47 99 433 0 58 0 15 0 0 0 0 22 0 19 19 12 6 0 0 1 0 57 0 1 0 26 0 15 60 0 0 6 0 0 18 0 0 0 0 0 1 4 0 0 9 658 23 0 0 3 0 0 573 3 4 0 2 1 0 2 0 13 0 0 5 6 0 17 11 0 19 1 0 0 33 12 1 0 0 638 0 0 0 0 0
 0 0 10 23 0 0 0 28 0 0 14 26 0 0 0 0 0 0 0 0 0 1 1 0 1 17 8 6 0 0 0 0 3 1 0 2 0 0 0 0 0 0 0 0 20 0 0 79 41 154 0 0 9 0 77 92 0 34 0 45 21 0 3642 269 0 3 27 0 0 0 0 0 0 0 0 0 0 0 0 0 70 14 0 0 0 44 40 0 1 0 0 120 22 0 0 0 0 0 1 0 0 189 9 281 0 0 2 4 0 0 3 7 5 84 4 0 0 1 0 0 10 0 0 0 0 0 1 0 26 0 0 0 0 0 0 0 12 0 14 14 0 20 0 0 30 2 0 0 0 19
 45 0 197 0 31 0 0 0 9 16 0 60 0 0 0 7 0 208 0 0 0 0 0 2 0 0 0 0 0 0 25 0 0 8 0 0 11 0 0 0 1 0 0 0 10 0 0 0 11 11 37 0 0 0 0 0 11 0 7 0 21 0 113 0 0 0 41 0 0 0 0 1 0 0 0 50 0 0 0 0 316 20 19 0 0 130 0 0 0 0 14 0 12 0 0 74 29 0 0 0 96 0 0 1 0 0 46 9 3 0 13 0 58 0 0 7 64 0 93 25 0 15 0 76 16 0 0 0 0 13 0 0 0 0 0 211 0 14 0 4 0 0 0 28 0 0 12 17 0 7
 0 0 115 0 0 0 6 4 0 89 0 0 23 5 0 0 0 0 0 0 20 6 0 0 0 0 58 12 113 0 0 3 0 0 0 0 58 9 0 0 0 1 0 0 0 0 0 0 0 0 90 0 0 0 0 0 1 0 0 0 0 14 0 1 0 0 0 610 0 78 63 0 0 50 0 0 0 0 88 0 4 1 0 86 0 0 0 77 0 0 0 20 2 0 0 40 0 24 1133 2 600 1 0 94 0 0 21 0 0 0 0 0 63 0 0 1 36 0 570 0 1 1 0 8 0 0 0 86 32 0 3 0 0 0 0 5 0 0 28 0 32 145 0 0 65 0 3 0 0 0
 0 0 0 2178 1 1 3 0 0 0 23 75 0 0 5 26 0 0 0 0 0 0 5 61 0 9 66 0 12 0 30 4 92 0 0 0 0 0 629 18 19 0 0 0 637 0 13 15 0 3 0 0 0 3 6 1 1 0 9 1141 0 0 208 0 0 0 0 117 6 2 62 0 0 7 0 387 104 13 94 24 0 0 0 35 1 68 0 123 16 3 0 0 0 6 0 0 0 0 32 16 0 0 0 0 0 3 0 1 3 0 0 120 0 0 0 0 43 130 0 0 0 0 156 0 0 4 0 207 0 15 0 0 0 3 0 0 0 63 0 0 0 0 0 0 5 2 0 0 3 0
 0 0 33 96 45 0 611 0 60 3 0 1 0 0 0 46 189 0 0 0 0 177 0 0 22 27 90 1 204 12 0 248 0 0 0 15 0 587 0 0 18 0 68 0 26 1 89 53 0 0 0 17 0 4 4207 0 0 0 0 0 0 0 0 59 0 51 0 0 346 137 56 0 12 0 1 11 26 29 63 0 279 0 0 0 0 0 0 0 117 0 12 2 4 22 2162 6 7 0 0 19 0 1 0 0 0 3 0 0 0 25 0 137 0 0 0 0 0 0 190 0 0 59 0 2 0 11 22 0 0 100 0 0 223 134 83 0 0 2 0 0 2 0 6 0 4 0 9 0 171 0
 47 0 0 0 104 0 0 3 0 0 0 0 0 0 146 32 0 3 0 1 0 0 0 0 8 48 0 0 0 0 1 7 0 89 0 29 0 4 0 0 0 29 1 17 809 0 0 0 28 0 0 0 0 132 0 0 0 47 38 0 0 0 600 3 2 0 0 15 58 0 0 0 12 96 0 27 58 68 346 6 8 0 282 0 0 0 0 100 7 0 0 212 39 0 0 0 1 0 5 0 0 24 0 0 0 0 132 0 10 1 0 289 4 0 0 12 0 0 0 0 0 121 0 24 0 164 0 34 0 0 0 1 0 0 19 26 0 0 52 58 0 0 0 0 4 629 311 0 46 0
 0 0 0 0 0 0 39 0 0 9 0 0 8 0 0 38 0 0 0 0 0 2 104 0 0 50 82 0 0 0 0 0 47 0 27 0 1 0 1 0 0 0 333 8 53 0 22 0 0 65 0 13 180 0 24 0 0 1 0 0 0 134 0 126 0 39 1 0 6 0 3 6 20 0 43 0 1 0 0 0 47 0 0 388 15 0 6 2 0 0 1 26 6 0 0 0 0 0 2 6 2 0 0 0 31 35 0 3 0 15 0 12 0 0 95 12 4 0 0 0 0 1 127 269 0 42 0 0 155 12 3 0 52 0 0 0 204 5 0 0 0 53 19 0 22 0 0 0 0 0
 5 66 0 0 0 0 2 13 1 1 0 2 0 4 8 0 0 0 0 0 211 0 0 17 0 0 7 58 0 24 6 0 109 794 0 3 177 32 2 601 0 0 0 1 0 0 0 261 27 0 0 37 137 0 0 0 0 0 39 0 107 0 0 0 0 197 0 0 0 0 3 0 2668 0 6 0 0 0 0 22 0 89 19 0 0 267 0 629 1 0 0 333 0 0 774 211 0 0 130 63 0 191 11 0 0 32 0 0 7 1 0 0 0 0 0 2 0 0 27 0 0 0 0 34 0 0 13 0 0 0 0 30 0 0 0 0 0 1 0 0 11 21 1 11 0 0 75 0 0 366
 0 12 0 14 0 0 0 0 15 0 0 0 0 0 575 0 0 1 0 0 0 1 0 1 18 0 0 0 6 438 0 201 0 0 0 51 198 0 0 0 0 2 1 734 0 0 0 9 0 0 0 37 2 0 0 0 154 0 107 0 42 7 27 62 0 0 15 3 0 17 0 22 17 0 8 497 10 0 2 0 35 0 0 0 0 3 0 18 0 55 34 0 0 4 228 9 4 7 0 0 0 0 0 0 0 0 60 0 0 8 0 0 0 0 103 5 0 0 17 0 0 5 0 182 6 0 56 0 0 565 1 0 0 0 1 5 67 0 0 22 0 0 0 0 0 79 18 5 6 0
 0 0 2 2252 0 0 624 0 104 0 0 0 0 17 0 0 0 0 21 18 0 21 0 37 0 11 0 0 624 0 10 0 1 14 56 20 0 0 0 0 49 0 607 0 0 13 0 1 0 0 121 0 0 0 0 4 2 0 189 0 0 0 0 0 0 2 9 0 0 45 808 0 4 2 178 4 84 0 0 0 0 3 0 24 0 86 0 0 1 0 0 0 187 0 0 70 2184 0 0 0 0 34 0 52 0 0 0 89 27 0 0 0 0 0 0 0 0 0 0 0 0 304 196 0 5 0 45 0 605 0 0 0 0 0 0 59 0 0 4 56 0 7 0 1 0 13 0 0 0 9
 281 743 2 104 2 12 0 0 0 0 13 3 10 0 0 0 0 328 56 161 0 2 176 3 7 0 0 146 98 0 0 199 0 0 0 6 0 0 0 11 447 0 227 0 28 0 57 0 0 0 46 0 0 0 2 66 0 0 0 1 3 1 3 8 0 8 36 0 0 0 0 0 150 8 0 0 7 0 12 13 30 2650 0 0 0 44 806 0 40 0 0 4 98 0 0 96 0 0 54 2 0 0 8 0 1 7 191 39 0 104 273 25 0 0 13 1 0 12 6 30 44 14 625 0 0 16 0 0 0 0 0 0 1100 70 0 243 0 12 0 129 0 3 18 0 7 7 0 0 0 8
 308 0 0 614 1 103 0 3 0 0 9 0 65 14 0 92 59 47 12 0 0 0 0 0 0 1 0 0 0 465 26 0 0 0 1 116 7 9 0 0 0 0 0 0 4 77 0 20 0 0 2 347 2 18 0 0 0 0 0 0 0 0 0 0 2 0 74 21 0 0 0 20 0 0 10 13 0 19 0 7 5 0 2 0 0 0 0 0 151 0 17 0 198 0 92 0 0 0 0 0 0 99 0 0 4 27 6 0 8 8 0 15 0 0 0 7 0 0 0 0 0 0 0 2 0 0 822 2691 0 2 81 0 31 0 0 0 49 0 0 13 3 119 0 0 21 26 0 0 8 0
 0 0 6 0 0 0 34 0 0 41 2 0 0 16 5 74 0 4 400 14 0 0 1 0 0 0 129 0 8 0 0 156 0 120 248 570 0 114 13 22 14 8 0 0 24 3 0 20 151 0 0 0 16 0 1258 57 2 0 0 0 0 0 0 0 0 3 0 2 0 1 24 0 7 24 0 33 0 0 72 44 0 0 0 0 24 46 0 0 61 0 0 1 0 15 0 0 0 182 0 121 0 0 0 0 0 0 5 0 1 0 0 0 40 60 0 0 88 0 0 0 0 0 10 0 0 0 1 0 32 0 6 0 0 0 0 0 3 30 1 0 0 1450 17 211 1 0 4 0 0 0
 3 32 0 0 0 0 0 32 0 1207 0 0 0 0 0 0 28 24 23 2 0 0 0 0 0 25 0 0 0 594 1 0 0 4 9 6 3 0 0 49 0 0 0 1 0 8 35 22 103 15 0 75 0 14 0 0 1 502 0 351 13 41 0 1 0 5 0 0 0 9 498 0 0 197 0 0 13 0 11 184 0 0 9 0 0 0 0 1 0 0 0 555 0 8 0 0 0 15 4 0 1 15 0 0 0 153 1254 2 28 4 0 0 0 2 0 0 0 0 23 0 0 11 49 0 1 74 0 0 0 0 0 33 25 58 165 0 20 0 8 0 1 8 1 2 13 0 18 2 30 1
 24 35 2 0 6 0 4 4 2 0 0 0 400 0 0 0 0 0 0 0 3 0 0 2 199 5 0 0 0 3 273 8 0 4 2 0 0 0 0 20 0 0 4 15 6 0 9 0 6 0 5 0 1 0 0 347 0 7 0 0 13 0 0 48 0 0 574 104 53 47 0 46 0 0 0 0 7 0 53 13 1 14 0 0 0 20 0 0 26 25 0 0 0 0 0 0 0 0 0 0 0 34 0 5 0 0 0 6 0 0 5 13 12 34 0 0 0 0 22 5 0 0 0 0 562 53 0 0 0 113 0 1 0 0 0 0 6 0 0 10 0 16 0 0 0 2 0 0 0 247
 0 0 600 0 0 9 4 0 0 6 0 0 12 0 2 112 23 0 45 0 0 0 38 2 0 4 0 27 0 0 0 0 12 14 0 0 6 0 0 2870 0 0 0 0 4 0 146 66 547 0 1 29 0 0 0 7 0 20 0 0 10 44 11 9 100 0 0 21 0 0 50 0 0 0 32 1 189 0 0 0 14 8 0 4 0 0 10 0 0 637 1 0 0 122 0 0 6 0 120 0 0 0 2 65 0 51 1579 0 27 0 8 203 0 0 10 0 0 0 56 0 1 40 0 0 25 0 0 0 13 0 39 76 0 0 60 75 29 0 1 27 62 0 0 3 0 22 0 0 1 0
 8 0 0 52 0 95 83 2 0 0 743 15 0 87 1 0 1 58 0 0 28 0 5 0 2 0 208 0 0 27 0 2 279 0 57 35 0 0 29 0 0 3 0 8 525 86 0 355 0 0 0 0 0 0 44 2 173 9 23 1 0 8 0 0 74 0 0 67 0 0 6 29 1 0 0 0 0 0 0 0 0 0 0 0 10 0 78 0 0 0 18 0 12 0 0 0 53 0 0 0 340 2 0 188 15 156 0 23 0 0 41 3 3 0 20 25 64 24 9 0 0 0 0 0 8 0 0 1 0 0 0 64 173 0 89 3 126 0 0 48 0 3 0 0 62 54 0 1 0 0
 0 63 7 0 0 0 40 0 0 0 0 4 0 0 0 0 0 0 0 0 0 10 0 0 3 15 39 24 436 0 0 0 4 0 0 0 30 7 0 0 0 0 11 0 0 56 0 13 0 412 2 0 14 0 0 0 0 5 166 0 1 0 13 25 70 0 26 0 0 0 0 0 5 2875 166 0 4 0 0 0 0 0 40 0 0 0 25 0 2 0 0 0 0 0 0 0 6 0 7 0 1 0 0 0 1 17 0 3 0 0 52 2 37 0 0 0 0 0 0 9 5 0 0 0 89 0 0 4 0 8 26 5 0 0 0 0 761 0 26 0 0 0 107 0 44 8 0 0 0 0
 2 47 0 12 0 7 0 0 0 0 0 1 0 0 15 0 348 0 40 0 9 14 0 0 10 169 202 0 58 0 0 0 0 0 195 0 198 0 0 0 62 0 18 0 0 498 0 0 3 0 30 2 1 0 0 0 156 0 0 39 0 14 0 4 0 97 7 0 125 39 5 13 4 0 0 14 2 0 0 95 0 25 13 0 0 9 0 15 0 0 0 0 64 0 13 0 7 0 0 0 13 0 0 0 0 40 0 0 0 0 121 26 49 0 0 0 0 0 0 3635 37 286 24 0 15 0 0 0 0 0 0 1 347 12 0 3 0 0 0 0 0 76 0 0 0 1 0 17 1 0
 0 0 3 0 1 8 173 0 0 2 338 0 0 0 0 77 0 0 2 3 0 0 16 12 0 0 0 87 0 0 0 0 3 10 0 0 0 0 186 0 0 0 63 3 0 1 75 0 27 2 0 0 68 0 629 1 0 12 0 26 0 0 0 12 0 0 4 0 349 0 0 21 0 169 0 0 4 0 1 0 0 6 0 63 0 25 0 0 10 0 0 0 0 0 0 0 0 0 2 126 0 0 0 0 0 0 0 12 8 0 11 0 0 8 18 4 0 3190 10 0 0 39 137 315 0 71 0 0 0 0 137 0 0 0 0 0 0 0 301 0 0 0 7 18 35 15 38 0 0 0
 0 0 88 99 0 0 10 0 0 0 0 40 0 0 0 0 36 0 0 0 7 7 0 0 0 0 0 13 370 0 0 0 0 0 0 445 0 0 0 0 349 0 0 0 0 0 14 87 0 35 10 1 0 0 0 0 0 58 220 0 58 48 0 44 0 23 0 0 223 0 0 9 0 0 4273 0 0 0 21 4 47 0 0 4 8 13 0 0 0 9 25 347 0 0 28 1 0 0 3984 0 4 0 0 0 0 17 7 2 0 0 25 19 0 0 0 0 445 2 62 13 0 0 58 73 0 0 0 0 102 3 440 0 18 0 0 6 112 117 0 0 0 0 0 0 3 5 1 13 0 0
 0 0 0 2 89 0 0 0 7 0 17 0 1 0 2586 0 73 0 1 27 11 5 0 5 0 50 0 1 0 0 2182 0 1 7 4 0 3 28 0 0 0 199 56 1443 0 0 0 2 0 0 0 0 0 0 9 0 15 0 0 0 0 1 0 0 0 0 0 0 552 87 0 0 0 242 0 0 0 0 1144 34 0 0 7 0 3654 66 0 19 1 0 0 35 21 0 0 0 0 634 0 0 0 3 0 0 0 0 0 1 0 0 0 361 0 0 567 0 13 2 61 2 3 0 342 0 0 0 0 3 0 0 0 0 0 104 7 21 0 0 0 0 40 8 13 13 6 0 0 0 0 2
 0 3 0 0 0 0 0 19 0 138 0 0 0 0 0 191 4 0 3 0 1 0 0 0 11 0 1 267 0 0 0 53 0 0 0 2 0 0 0 18 0 0 0 0 23 0 0 0 0 8 0 71 0 1 0 0 2 0 0 0 6 0 0 0 35 54 646 0 26 1 8 40 10 0 0 4 0 39 0 0 11 0 0 0 3029 169 0 0 0 0 0 0 0 5 7 7 0 0 0 0 0 66 0 0 206 9 181 0 26 0 17 36 0 103 0 0 0 0 0 78 65 0 39 0 0 102 24 0 2 13 0 0 0 0 43 0 50 0 0 0 0 0 7 2 2 0 17 2 0 4
 0 0 0 58 39 549 20 13 1 0 0 0 0 6 0 2 0 0 19 0 0 0 10 10 0 0 0 1 0 65 0 0 0 4 0 8 25 0 0 0 0 1 5 0 0 0 30 9 0 1258 0 0 205 0 0 2184 0 341 69 59 0 0 0 0 0 42 0 0 0 0 3 189 0 31 8 2 172 83 0 0 0 0 1211 0 0 0 1 0 0 19 0 0 0 0 12 19 0 9 0 0 0 0 0 0 0 0 2 239 9 0 4 0 0 0 47 117 77 56 5 15 0 1 0 63 4 6 0 6 0 0 11 9 0 0 0 82 0 21 0 6 14 358 0 0 0 0 15 19 16 0
 6 1 17 0 0 0 0 8 4 0 0 0 0 0 2 13 26 65 0 0 0 1 0 0 0 0 0 12 0 771 9 0 0 16 60 13 4 2 0 0 1 0 0 4 0 0 575 0 0 0 0 0 21 0 308 0 0 1 0 164 0 12 0 0 0 2 0 0 346 23 65 13 0 44 0 0 0 0 0 0 72 12 2 105 0 205 12 0 3 0 269 0 0 17 0 5 0 4220 0 0 30 0 0 43 31 0 8 39 0 0 0 3 6 11 57 0 0 3 0 0 0 0 0 0 21 0 0 0 0 0 24 11 0 0 0 3 0 467 90 6 0 0 0 0 0 0 9 1 0 1
 11 18 0 0 0 3 20 0 78 14 0 44 0 0 0 0 21 156 0 0 0 0 21 0 25 0 0 0 2 0 11 0 180 740 0 0 0 63 0 0 0 8 0 0 287 0 15 4 5 1 3 2 0 0 0 0 559 1 0 0 0 0 0 0 0 0 0 0 0 0 0 0 82 15 0 1 2 101 0 1 0 0 3 0 6 36 0 0 32 0 0 0 32 0 44 0 0 0 1 0 0 21 4 1323 0 0 12 0 107 15 0 346 1 0 37 0 2 17 0 26 0 27 0 0 0 5 0 0 1 0 0 0 61 0 2 0 0 16 240 0 0 19 0 5 0 5 0 11 0 1
 0 0 151 0 184 0 0 7 12 600 0 48 0 3 0 542 3 0 0 1 5 0 104 0 0 0 126 0 0 0 0 0 0 0 203 16 0 0 0 82 0 26 258 0 0 0 0 0 0 6 0 12 0 0 0 39 6 2 0 0 0 0 0 0 75 0 0 35 0 0 0 14 0 0 7 0 0 0 68 0 0 48 0 0 10 0 0 0 0 3 15 21 0 0 11 0 0 0 0 0 7 0 26 9 4 0 0 0 2 0 0 5 0 0 0 0 0 0 0 0 0 15 0 7 8 0 0 110 0 26 2 1249 11 9 0 0 2 5 0 0 0 0 107 0 0 9 138 0 1 12
 0 0 0 0 0 37 9 0 0 0 23 0 13 0 8 0 0 9 0 0 0 23 0 0 0 0 0 7 0 1 21 0 0 0 199 629 0 0 13 0 146 0 0 0 0 0 68 4 0 0 106 9 2 0 0 23 0 0 0 0 19 27 0 100 0 2 0 0 0 5 0 77 0 0 0 19 38 0 0 39 0 0 33 0 0 0 147 0 42 0 0 4051 0 0 0 0 0 66 0 0 0 0 0 0 0 0 436 0 6 0 0 29 0 0 0 347 0 2 4 0 44 4 0 0 8 0 1 0 8 0 18 2 0 0 1 0 205 2691 9 0 586 0 30 2 0 0 0 0 8 0
 31 0 63 147 3 153 0 2852 0 2 0 53 0 33 376 14 114 0 0 0 0 17 0 0 0 102 4 154 0 0 0 14 0 2 44 7 0 90 0 3645 8 0 2 21 3 5 346 0 104 0 1405 0 4 50 0 340 0 2 20 0 4 0 0 63 0 234 1 0 1 0 9 9 20 90 0 14 347 0 0 18 24 12 0 14 0 0 0 0 0 38 0 4 0 0 10 308 10 0 10 0 0 0 2 0 15 0 0 0 0 0 121 21 0 63 18 0 3 0 0 13 0 29 11 0 0 0 0 0 9 47 2 69 0 55 0 0 0 0 0 0 0 2 0 4214 19 0 4 0 0 56
 0 0 5 0 11 0 0 0 0 0 21 82 0 0 0 0 0 40 0 14 0 0 0 0 0 0 0 5 0 0 2 0 0 0 0 0 0 0 26 9 19 0 58 3 0 5 0 3628 117 0 0 3 0 0 52 0 0 21 0 9 66 0 22 0 0 0 0 0 0 0 0 0 0 1370 0 0 44 0 562 0 0 94 0 0 9 46 0 0 0 0 0 0 0 3 0 21 0 0 37 63 0 2 223 0 0 9 0 0 1 1 105 0 18 8 0 2 58 743 0 0 0 0 0 0 0 0 0 1 0 6 0 11 23 46 0 0 1 0 16 0 1 0 12 0 0 0 1 0 0 0
 0 0 8 0 9 0 47 49 0 58 0 0 0 0 0 0 0 0 0 197 16 20 0 97 33 0 31 107 0 0 0 6 0 0 0 0 0 0 0 0 0 0 0 0 0 7 0 8 0 71 35 0 0 0 0 2 436 0 5 0 0 0 10 0 0 0 0 245 14 0 0 0 0 189 0 0 65 3 0 0 33 10 1218 0 13 0 0 0 12 33 743 0 0 0 0 0 1 0 0 242 21 0 0 0 0 0 0 26 16 0 0 0 0 66 20 6 0 10 0 0 38 0 0 52 10 47 0 0 7 12 0 38 0 75 0 0 0 0 0 273 0 0 0 0 0 1103 49 0 0 3
 0 0 0 99 1 33 37 0 0 0 11 0 0 108 122 0 0 20 1 4 0 13 0 0 177 0 0 0 0 99 14 0 93 0 0 68 6 0 0 4 19 0 0 0 180 20 0 0 0 17 0 0 1578 0 171 0 0 0 73 0 0 0 27 4 2 0 0 0 0 0 0 0 0 2 0 0 0 0 0 0 0 0 3 0 64 0 64 0 0 0 16 0 0 0 0 8 7 0 0 0 6 55 122 2 0 0 128 0 8 0 0 38 0 0 0 0 0 0 568 34 44 8 0 27 13 12 0 14 0 66 0 0 0 0 129 0 131 3 0 0 0 21 0 0 0 0 0 3657 0 3
 11 0 33 23 0 2 0 62 94 0 3 0 0 0 0 0 82 0 2 1 5 0 23 0 35 0 103 0 2 146 0 0 0 168 44 0 0 17 0 0 0 0 0 0 0 0 0 135 0 0 0 0 0 0 0 14 50 139 0 0 0 87 0 2 5 0 0 20 0 0 9 114 27 0 0 0 7 0 0 12 0 11 0 0 0 0 2 14 98 0 125 0 0 0 5 102 0 0 0 0 0 0 0 1 0 0 0 0 2 0 29 0 4 0 0 0 0 0 0 4 0 80 0 0 0 0 0 0 3 57 0 0 1 1 0 0 0 13 1 13 2 0 8 1 11 0 0 15 0 82
 14 0 0 344 15 0 147 19 48 2 0 0 46 26 0 0 14 0 0 0 65 0 0 0 7 1 0 1 0 0 0 2 0 0 0 0 5 8 2 15 0 0 0 41 13 0 0 2650 0 0 5 15 12 0 1 0 0 29 1 10 0 97 2 632 0 0 0 0 0 12 0 0 21 0 0 308 0 0 0 23 0 0 0 0 0 0 9 0 0 134 0 11 0 0 8 9 4 0 0 360 15 22 7 71 3 0 0 0 17 15 0 0 0 0 9 0 0 203 191 0 2 0 0 3190 0 38 1 1 0 197 0 26 0 0 0 0 0 0 0 15 0 13 0 0 0 0 0 0 32 23
 37 0 2650 0 8 233 0 7 0 0 11 96 99 0 78 0 20 0 17 5 3 559 1 0 2 0 0 0 0 2 0 1 6 0 6 0 12 18 0 63 369 0 0 0 0 0 103 4 0 0 0 9 38 358 0 58 6 7 0 1 0 0 0 0 0 17 0 0 0 0 0 3 1 1 0 1 7 0 31 1 114 0 17 0 53 0 0 0 37 120 0 0 8 81 0 0 0 0 55 0 0 344 0 0 0 11 187 14 0 18 0 0 0 7 336 37 245 0 14 0 0 0 8 0 774 0 0 0 0 0 0 34 359 0 0 0 0 0 0 269 7 0 0 0 0 10 0 0 1 18
 0 1 0 0 0 0 0 0 0 9 3 151 0 0 0 0 2 1 35 0 7 0 0 158 9 0 0 161 2875 39 0 9 0 0 6 0 8 18 0 0 0 0 0 33 81 0 429 0 5 81 120 5 0 0 0 18 5 52 4 20 3 56 0 0 0 0 0 5 0 53 18 0 74 0 49 0 20 89 7 29 0 0 135 12 14 0 10 4 0 0 0 0 0 19 5 204 189 125 38 0 0 65 0 0 57 28 3 0 6 0 53 326 13 0 14 1 20 0 35 15 0 0 4 0 0 1 5 0 0 9 25 61 0 0 3 57 0 1 0 559 32 0 0 0 7 0 0 12 2 0
 0 0 8 15 22 0 19 0 50 0 10 0 0 1 0 0 0 0 0 0 0 0 0 0 0 1 23 0 7 3 2 0 90 0 0 0 0 4219 0 0 0 0 12 0 13 0 0 24 60 0 0 1 0 6 66 6 159 0 0 0 0 2 400 0 0 0 6 0 18 0 0 0 0 6 0 0 0 1 0 0 0 0 0 0 237 5 1 0 0 3 0 0 59 0 0 0 107 0 0 63 2679 0 1 0 0 0 64 305 5 0 0 0 10 4 0 0 0 4 0 20 0 5 0 0 0 0 0 3024 0 0 0 0 182 22 0 0 0 2691 0 0 2 0 0 0 0 8 0 774 0 18
 6 1 64 0 0 19 0 23 0 199 0 1 81 0 1 0 0 1 0 0 41 539 45 9 6 0 0 121 0 6 0 247 0 0 33 0 2 123 5 8 0 0 0 574 0 0 8 5 2822 0 2 59 13 0 0 0 0 2 0 117 1 0 1 3 346 1103 0 0 20 0 0 128 0 0 0 76 9 0 0 0 0 0 6 1 0 0 2650 413 0 0 48 2 33 0 0 0 0 0 167 1 2 0 0 4 0 0 0 0 0 2602 0 0 0 0 0 0 0 14 0 539 0 156 0 7 288 0 70 106 29 346 0 1 0 10 0 0 9 13 0 0 3 70 2 0 2 74 1214 4214 361 76
 0 25 0 0 34 0 0 27 0 368 1 0 0 10 0 0 91 0 0 0 14 6 64 0 0 0 420 0 11 0 0 0 68 0 0 0 359 0 0 0 0 2 0 0 0 0 17 32 35 130 3 30 0 0 66 0 0 0 0 27 0 0 0 5 0 10 0 2 1 0 0 74 548 0 376 0 0 0 24 3 45 0 0 4 0 0 0 52 0 0 0 0 0 0 0 0 0 0 0 23 809 0 0 0 0 0 0 5 73 0 9 0 0 39 0 0 0 0 0 0 0 0 0 0 0 0 0 97 0 0 52 0 68 0 7 0 0 22 1 0 1 0 0 2 0 0 0 0 7 353
 0 1258 0 0 0 0 6 361 59 107 18 1423 7 6 0 0 0 330 0 44 0 0 338 0 14 8 1 209 15 0 0 41 1 301 54 11 0 5 0 58 0 0 0 16 0 2 1 0 0 3 1 0 73 0 273 11 0 0 33 5 151 0 0 37 0 0 0 0 0 0 0 0 217 3 0 0 0 0 0 0 2 1 0 0 6 0 0 26 0 19 0 15 0 0 361 0 27 1 102 87 3 23 0 15 41 0 0 0 0 0 0 2688 0 31 601 0 0 1 112 0 12 0 53 0 0 0 0 12 0 5 0 0 0 0 0 0 14 0 0 0 0 0 0 0 9 2 0 0 0 0
 76 0 0 0 0 15 0 0 6 0 150 0 0 38 0 0 0 0 0 12 637 17 137 0 0 0 0 2 122 0 47 0 0 0 0 0 43 0 0 74 6 0 0 0 0 0 205 0 0 0 5 0 0 0 0 15 0 13 1 0 6 146 0 0 2 0 2691 1 0 0 0 90 0 27 0 0 0 0 0 102 120 0 2 0 0 15 0 61 165 20 0 0 41 0 11 1 0 0 7 0 0 277 5 0 0 0 0 0 48 0 0 113 0 8 74 0 6 7 4 0 0 0 1 0 409 3 0 20 8 5 0 0 0 0 77 0 31 5 0 0 0 0 0 0 0 0 97 0 0 0
 0 50 0 0 0 0 0 20 0 0 0 0 1 0 10 0 0 0 0 0 205 0 0 0 0 0 0 0 344 0 0 0 1 0 0 0 0 8 0 0 0 6 0 0 0 47 0 0 1450 0 0 39 348 0 4 30 0 0 7 9 0 0 14 27 72 0 0 1 0 0 0 0 0 0 0 0 0 0 53 0 0 4338 16 0 86 0 32 0 0 1 0 24 23 0 0 0 0 0 0 0 2 0 0 0 52 1 6 57 0 0 0 0 0 4 8 0 0 0 0 0 154 0 0 48 0 2 0 0 87 0 56 0 0 0 0 0 0 2 359 0 0 0 5 3 13 21 0 2 14 0
 12 0 20 65 0 8 0 0 9 0 12 0 0 0 0 3029 1 7 2 18 0 0 0 27 0 0 495 0 0 147 0 0 0 0 1088 1068 0 0 1 0 0 0 0 126 22 32 1 20 0 19 4 0 12 68 2 0 7 0 2 0 0 5 43 0 0 0 0 0 3 0 37 0 0 16 0 31 0 0 3 0 0 0 0 0 0 90 0 0 0 28 0 0 0 56 120 3581 0 0 1448 0 0 1 0 0 0 0 29 0 1 0 0 0 0 0 0 0 0 1 2 0 0 0 0 10 0 0 0 0 1 0 27 0 25 0 0 23 27 599 0 0 0 2 0 0 3019 0 0 0 0 93
 63 33 0 10 1 0 0 11 0 4 0 5 0 0 0 0 4 305 0 13 0 1 10 0 4 0 107 0 0 0 0 0 6 0 594 56 1 24 18 0 13 1 14 0 0 0 0 0 138 0 3 14 665 0 1 0 11 0 7 2 0 0 0 0 47 0 62 0 0 6 2 20 0 587 37 37 3 186 0 0 1 0 33 205 0 0 0 0 22 222 0 0 0 376 0 0 0 191 168 1 0 0 8 0 15 0 3625 0 276 5 0 6 85 0 0 396 8 0 0 1 1 0 0 1535 0 19 12 0 0 0 52 0 0 4220 0 0 0 2 0 0 13 176 126 0 0 0 0 393 0 0
 0 1 0 0 0 0 0 0 0 0 0 71 4 0 0 0 12 78 6 13 1 3 23 39 0 0 27 0 0 0 2184 498 49 0 0 12 1 0 0 0 74 561 0 0 6 2 0 0 14 0 0 4 0 12 0 0 0 20 0 17 0 0 6 18 17 0 165 0 0 4 0 76 320 14 0 93 0 0 0 5 3 0 5 0 90 0 30 27 0 0 0 1 0 0 0 0 0 59 130 13 0 2 0 0 8 180 0 0 0 1 90 74 117 0 12 0 0 0 0 0 0 30 0 242 0 0 0 0 1 0 0 23 63 0 0 0 2 1 0 0 0 0 0 0 0 74 0 613 0 0
 0 32 2 0 6 0 0 0 0 2 8 0 0 0 0 0 3 50 0 0 0 22 659 35 1 1 40 0 0 0 12 0 0 117 0 19 2 0 0 404 0 0 0 0 329 15 0 0 0 0 19 1 0 0 12 0 0 0 0 0 0 0 1 0 0 82 199 0 0 254 0 17 37 0 0 11 1 41 45 151 0 1222 0 0 0 15 0 22 0 0 0 0 0 0 0 0 18 0 1 0 0 0 25 0 115 0 1368 13 28 2 0 9 43 0 0 9 20 23 0 0 4 0 83 36 31 49 0 12 0 0 0 0 0 0 0 31 0 0 0 0 0 0 15 0 0 0 39 99 0 2
 113 0 543 4 2 0 0 0 1 0 0 0 0 0 7 0 1 154 50 0 0 0 7 0 0 4 0 25 11 75 13 0 0 0 26 0 0 0 18 0 2 0 0 0 0 0 1 0 0 0 0 0 0 0 13 46 8 0 1 0 59 33 0 0 39 0 1 3 0 0 0 25 2 0 0 0 75 0 0 0 169 0 0 0 1 3 0 0 0 14 3 23 0 0 12 0 2 0 0 0 0 35 0 1 0 1 0 8 0 0 0 0 0 0 18 0 1 0 1 0 52 0 0 2 0 0 0 0 2 0 0 23 2 0 0 0 0 0 0 0 1 27 0 0 21 0 0 85 1 37
 5 5 0 0 0 1 0 0 25 13 0 0 0 0 0 6 250 0 0 55 0 78 34 0 18 1 12 13 0 0 0 0 0 0 0 0 12 0 4 0 5 0 0 0 8 637 0 0 19 0 0 0 151 0 4 2 543 0 0 0 0 3 1 0 0 0 4 14 176 0 0 0 40 0 2 0 1 0 0 0 65 0 0 1 0 2 18 0 27 2 0 55 7 2 0 45 89 534 0 0 171 0 0 7 0 0 0 20 4309 0 2 16 0 118 1 19 211 0 44 2 97 0 0 0 0 21 0 4 0 0 0 0 73 0 0 44 2 0 0 72 0 0 0 24 6 0 0 0 7 0
 20 13 1 16 0 142 305 0 33 0 0 4 39 3190 2 0 0 0 0 0 0 26 4 33 244 2686 0 0 0 0 0 0 0 55 0 0 17 0 0 0 2 64 0 0 0 0 0 783 0 0 0 310 0 0 0 0 0 0 12 0 23 0 0 594 0 0 0 0 0 0 4 139 1 0 0 0 0 0 0 0 70 0 33 0 0 0 16 1 14 43 2 0 0 33 2 1 6 50 0 170 130 0 120 2 0 7 0 67 0 0 0 0 0 36 0 158 0 42 0 0 0 0 0 0 0 99 128 0 0 0 8 0 1 0 240 220 628 0 0 0 130 0 0 0 0 0 0 11 0 0
 0 0 0 3 0 0 0 0 0 0 0 137 14 0 4 0 0 0 1 12 0 0 0 26 3 0 5 9 0 0 128 0 0 0 0 0 0 0 49 0 0 40 0 0 198 0 4 0 0 1 31 0 10 38 44 96 0 99 2 13 0 69 9 0 0 2 23 1 0 352 136 25 0 7 1 5 0 0 0 0 0 0 0 194 0 0 14 0 0 0 0 88 338 0 46 0 0 20 0 4 0 27 15 0 0 9 0 4 0 6 0 1 0 0 0 0 0 0 247 10 26 0 17 47 5 70 119 0 9 0 0 0 1 1 0 0 0 0 0 17 0 0 0 0 0 14 0 0 0 0
 27 0 170 0 14 166 2 0 6 197 0 0 1 42 0 1 0 0 0 0 0 3983 0 21 6 0 0 15 0 0 0 0 0 0 0 570 0 0 2 498 0 64 10 0 963 7 0 0 0 23 0 0 0 0 18 44 27 13 0 0 0 17 0 126 1450 32 40 0 0 0 0 151 136 1 0 0 0 4 0 0 2 1 0 376 37 11 9 47 1 0 5 19 0 0 0 0 165 89 30 0 0 43 23 0 0 26 2 0 11 46 56 0 0 0 0 0 0 5 0 0 0 0 0 0 0 87 2 40 0 0 0 0 0 49 44 6 0 0 0 7 0 0 5 0 0 14 21 0 4 0
 0 0 10 0 0 7 0 0 0 2 0 27 0 27 0 3 0 0 0 0 0 1 0 0 0 0 4 11 0 0 0 0 639 0 0 0 2 19 0 0 0 13 0 0 0 0 3 2 0 27 0 5 0 0 0 0 131 0 10 0 0 18 0 96 0 1 19 4 0 6 0 0 0 9 231 9 0 89 0 0 0 0 345 0 348 0 107 0 0 33 47 0 4 0 0 504 3 81 0 0 0 0 0 208 0 6 0 0 0 0 0 20 0 0 3 12 0 0 0 0 0 0 445 0 97 0 0 24 0 66 0 8 28 0 0 0 89 125 0 201 0 0 0 0 47 0 1 43 0 15
 0 2 38 0 17 0 0 0 262 0 591 9 0 0 6 0 0 0 0 0 0 3190 19 0 38 0 122 0 0 0 0 184 17 60 183 1 0 0 6 0 0 2 5 0 0 0 5 0 0 6 0 14 44 15 206 0 342 5 14 13 0 0 0 1 26 8 0 7 0 0 0 43 1252 48 3 0 0 90 0 0 0 0 198 0 0 0 0 46 0 0 0 149 0 0 0 0 7 0 0 0 0 0 2 0 58 0 0 0 0 0 0 0 3 0 0 0 0 0 0 19 2 0 15 0 636 21 0 1 0 125 87 0 15 0 0 57 127 0 0 3151 4 0 4 0 0 0 0 0 0 0
 10 0 0 0 0 0 0 728 0 146 0 0 0 21 21 0 0 130 56 28 0 130 15 0 0 5 57 0 0 0 0 0 30 0 42 0 2 0 0 0 14 0 9 4 0 0 0 76 9 22 18 0 13 30 0 0 60 0 1 0 0 60 250 0 106 50 0 0 2 0 0 656 0 0 343 0 1 20 1 0 0 74 0 0 0 4 0 0 45 336 0 0 5 29 0 0 23 2 0 6 0 0 0 0 0 0 0 0 8 0 0 0 24 12 46 3656 0 13 637 15 0 3 2 0 0 13 0 0 0 0 809 0 1 42 0 0 76 0 0 99 6 6 0 0 0 0 3645 0 0 0
 2 10 0 17 0 53 21 0 43 0 0 0 0 6 0 0 0 0 0 0 1 0 0 2833 0 8 27 1 0 0 0 13 0 25 0 0 0 0 0 0 0 1095 6 0 0 0 0 9 58 27 0 8 0 0 21 0 0 0 0 0 0 0 20 0 264 0 0 190 5 0 0 2 30 0 52 19 0 15 21 1 0 0 0 15 5 15 0 31 0 0 10 0 20 0 0 0 0 7 0 0 6 176 0 0 0 0 0 0 0 0 1 247 35 3 0 0 0 0 0 0 0 0 0 1 0 45 1370 43 184 0 0 0 12 0 49 0 0 2 23 37 569 0 0 12 0 0 0 1 1 0
 21 0 1 38 0 2 0 0 0 1 128 0 0 61 3 0 0 12 12 0 0 0 0 0 0 0 0 0 74 0 0 0 4 0 59 0 0 70 2 0 0 35 6 9 18 0 7 0 17 0 48 8 0 0 0 0 0 0 0 0 3 0 0 0 0 0 69 3190 0 0 89 0 0 0 0 0 93 8 55 2 2 0 53 0 0 0 4 17 0 0 9 30 0 10 7 50 0 10 29 3 27 0 0 0 0 26 0 10 0 0 28 0 7 0 34 0 0 0 2 58 70 0 0 1094 504 113 0 16 0 0 2 0 0 0 0 0 15 0 120 0 15 24 0 0 0 0 8 0 0 0
 0 0 0 0 37 0 0 0 0 0 205 13 0 0 9 0 0 40 0 4 0 102 0 0 0 0 0 0 0 4 0 2 0 2 0 0 0 0 0 0 0 47 0 0 0 83 588 23 0 0 366 0 0 0 0 0 0 0 122 0 0 22 38 0 0 9 0 0 0 2 0 18 0 9 0 0 131 1 0 0 65 1 0 17 11 2 0 0 1 206 2 0 0 1 5 14 0 1 601 18 0 0 0 0 0 0 0 0 7 0 144 0 376 205 4 0 0 0 611 99 0 2 248 0 0 0 0 0 0 0 0 0 0 13 1 342 341 15 2 21 0 19 20 0 13 4 0 0 58 28
 0 26 0 0 14 0 0 0 9 0 0 0 13 51 342 7 92 39 0 0 0 0 0 0 83 1 0 0 8 43 0 1 0 198 157 169 0 8 0 23 0 33 0 0 5 0 0 0 0 0 0 20 0 41 14 0 0 0 190 0 0 7 0 177 0 0 0 33 0 0 472 0 0 0 49 78 0 0 0 1 0 20 2 0 0 0 0 0 0 0 8 2 68 0 0 33 0 0 30 26 0 167 9 220 0 0 20 0 23 8 8 14 0 4 56 0 364 1 0 14 14 4 0 0 0 0 5 0 0 0 0 0 0 0 0 9 167 0 0 0 0 83 0 0 0 0 0 0 0 2
 0 0 0 0 0 1 15 87 0 13 822 20 11 0 0 0 23 0 25 23 0 0 0 0 12 0 7 0 0 0 0 0 0 169 0 263 44 0 56 11 0 5 2 128 0 0 0 0 0 0 74 0 14 0 11 0 14 743 0 5 0 9 0 0 0 0 0 0 0 0 0 137 0 16 0 0 87 32 9 0 3 0 31 2 0 0 40 3 0 0 0 5 0 5 1 0 0 3634 0 78 109 0 0 0 10 0 0 0 5 0 8 5 30 22 0 0 4 0 48 0 0 45 0 0 0 2 18 109 0 0 56 10 0 13 0 0 21 0 0 2 0 0 77 203 99 0 0 0 0 372
 0 0 13 12 37 0 0 0 0 0 2 0 27 0 1 1 0 0 0 0 22 0 15 246 0 69 18 0 0 49 7 0 67 0 1 1 2 0 1 14 0 0 24 0 0 0 0 0 1 2 0 0 0 24 0 0 0 1 0 0 0 0 13 33 0 0 0 3 0 0 0 0 0 0 5 0 0 0 0 0 0 0 0 0 14 0 0 0 235 41 2 0 4 0 13 99 0 1 0 0 0 0 0 41 0 0 0 0 43 42 17 0 47 3 3 0 3 0 0 1 0 0 0 15 5 0 0 0 125 0 0 0 0 0 0 0 0 0 0 147 0 20 76 175 0 0 0 0 13 26
 0 0 0 0 0 0 0 0 0 0 37 0 9 0 2 0 0 1 0 0 0 9 5 0 94 0 0 13 0 191 0 17 0 0 0 0 33 0 36 0 0 28 26 0 0 0 0 0 18 0 0 29 7 2 0 0 3 6 1199 4 16 0 6 29 5 0 0 0 0 11 0 0 0 99 0 0 1 4 0 0 16 0 0 5 0 0 8 0 3 0 13 15 0 47 117 88 0 2 27 2 2 285 0 0 0 0 0 0 26 0 82 0 0 0 0 2650 0 0 0 0 0 0 169 0 0 0 0 0 543 19 12 629 0 121 0 0 0 0 0 0 0 0 1 0 40 20 0 0 0 0
 146 0 8 7 0 0 33 0 3 0 0 0 0 0 32 0 1 0 1 43 0 0 0 0 0 0 7 1 4 0 132 0 28 0 0 0 2 10 0 50 0 0 0 120 0 131 7 0 0 0 0 23 0 4 0 2 0 0 0 0 0 0 0 9 0 0 0 43 130 0 46 3 0 0 0 0 0 67 5 2 0 3 1 0 0 0 0 0 0 372 0 0 0 17 0 38 0 0 0 0 0 12 122 205 0 0 0 0 0 0 0 1258 7 0 107 0 0 51 0 0 4 166 1172 0 2 55 0 0 67 1 0 0 0 30 15 0 0 0 0 114 17 0 11 0 5 0 34 175 0 0
 4 0 0 1 13 0 8 11 0 0 0 0 0 0 30 6 13 1 77 0 7 0 0 161 0 600 42 0 0 39 0 0 0 0 138 0 17 4 0 0 35 184 0 0 139 12 0 0 27 0 2 9 85 0 1 1 56 0 352 0 0 0 0 0 0 0 2 0 87 0 0 4 2 0 26 0 165 0 2 0 0 82 9 0 61 2 122 0 89 189 0 0 18 0 10 0 26 0 305 93 0 46 0 0 0 0 157 8 1 3 0 0 0 0 66 0 0 0 0 29 1 0 0 14 0 308 0 46 0 0 23 12 0 0 0 0 0 0 0 0 0 5 0 0 10 21 0 6 21 445
 0 0 0 9 0 0 0 0 30 13 208 5 0 0 0 0 4 0 47 3 0 74 0 66 0 0 82 271 0 0 0 10 0 3 0 0 0 0 12 0 34 0 0 77 0 0 0 23 19 0 0 46 0 1 43 0 0 0 56 0 0 2 63 231 3 0 3190 8 0 0 7 7 0 0 542 0 1 1 0 3 247 0 0 0 0 0 2 0 0 0 0 0 4 0 48 0 6 0 8 2 0 0 5 0 25 0 0 0 0 0 0 105 0 0 338 11 52 0 0 0 0 34 0 0 0 22 0 0 0 0 33 49 0 32 0 0 0 0 0 0 0 26 0 0 32 0 0 0 16 51
 0 58 8 7 1 0 0 0 0 0 0 0 11 175 0 0 1 3 53 2 58 0 0 3 60 0 4 11 0 0 15 0 7 0 0 2 0 0 2 0 0 0 9 3 5 0 0 34 0 36 0 0 7 0 10 0 0 0 0 0 6 0 12 0 0 0 0 0 0 10 13 0 0 0 195 7 0 1 0 10 13 0 6 55 0 0 0 0 76 186 205 9 0 0 10 0 58 9 13 15 0 26 0 9 13 0 0 0 74 0 1 2 0 0 0 7 0 6 0 338 0 0 127 2 0 0 0 45 165 6 0 0 0 0 0 0 0 48 0 0 0 0 1 0 0 0 0 9 97 0
 0 0 0 0 0 0 0 0 0 0 0 100 122 0 90 0 0 0 0 0 0 0 0 10 0 0 0 30 4 0 114 0 24 0 8 0 0 2 0 0 0 0 0 14 22 0 89 0 1 0 0 0 0 18 273 0 0 0 99 30 1 18 0 0 0 48 0 1 58 8 65 0 4 0 15 0 0 0 0 0 0 0 0 54 0 0 1 213 347 0 0 14 1 16 0 0 45 0 0 0 4 0 79 0 12 0 0 4 0 0 2477 0 3 0 0 0 0 0 3 0 41 0 24 12 28 123 31 37 2 4 1 242 0 0 393 0 0 1 347 103 23 7 9 0 0 0 245 0 0 0
 0 52 22 34 0 0 29 0 0 9 0 0 0 0 2 0 13 0 15 0 0 9 0 0 10 0 0 0 0 0 0 0 0 0 0 0 6 0 0 0 21 27 20 0 3 0 0 4 1 1 114 0 0 0 1 30 183 5 0 342 125 10 0 21 0 6 0 0 3 0 10 0 0 1 0 0 2 0 113 0 0 39 0 0 10 0 5 47 3190 0 0 346 14 1258 0 8 479 112 0 75 0 12 49 0 2 0 30 0 0 0 0 0 0 129 0 2184 6 7 0 0 1 0 0 0 11 0 0 0 4 13 0 0 0 1 4 0 0 0 15 0 0 190 0 0 0 11 0 0 199 0
 2319 0 0 0 156 629 73 7 611 0 0 0 393 18 49 0 0 0 0 0 0 0 0 0 0 0 0 0 0 0 0 0 0 0 0 0 0 6 0 0 3 0 4 0 0 7 0 0 22 731 0 9 0 3 4 0 53 349 13 0 49 0 0 297 389 0 0 1 6 36 0 0 0 1095 0 16 0 83 0 0 1 0 0 0 0 0 9 0 0 17 0 0 0 43 0 0 0 0 0 0 155 2 497 8 0 0 0 0 0 12 43 0 0 30 0 67 2 50 33 0 64 8 113 0 0 0 0 4 0 463 0 0 0 0 0 0 34 174 0 0 1 0 0 0 3 0 33 13 0 66
 0 0 372 0 0 27 0 0 0 0 102 27 0 236 0 24 0 26 0 1 0 0 5 0 0 9 46 0 0 0 2 570 8 0 64 0 1 0 0 172 0 42 1 18 342 15 0 0 8 0 0 0 8 9 0 0 0 33 199 0 0 12 0 26 0 3 66 0 0 9 2 5 0 0 575 0 172 15 0 62 0 0 5 0 15 0 0 74 1 822 0 0 0 0 0 0 6 0 0 0 0 0 1 0 0 0 0 16 0 809 0 9 9 244 4 9 0 41 0 512 0 0 0 0 0 0 116 0 0 3 23 0 0 8 26 0 271 25 67 0 0 4 0 0 0 0 0 0 0 0
 0 47 55 24 117 2 6 0 0 0 0 0 0 9 0 0 0 0 0 0 3 0 126 0 11 58 38 23 76 0 1 67 0 0 25 0 0 5 23 4 5 0 39 0 245 0 130 0 0 29 0 0 96 0 8 0 19 0 0 588 0 0 0 7 0 0 41 0 0 0 0 0 1 0 0 5 45 0 0 7 0 0 1 0 0 0 7 0 0 0 9 9 389 21 1 0 70 161 428 0 106 19 0 0 0 0 0 0 0 0 512 0 283 0 0 51 0 0 0 56 0 347 0 2 0 0 0 0 0 0 9 0 0 0 0 27 2647 0 0 0 0 0 0 7 0 0 1 0 0 74
 0 9 0 0 0 0 0 13 0 0 1 0 3 82 0 0 50 11 172 0 0 0 0 0 6 0 0 0 29 0 12 13 0 0 0 0 32 26 1 1 2 2 47 97 39 0 189 0 0 0 0 1 6 0 0 0 0 0 0 2650 0 1099 3625 0 5 0 1 0 455 65 66 35 0 0 0 0 0 0 0 0 0 0 0 98 0 0 0 3 0 40 18 0 0 2 5 90 4 0 0 0 0 60 10 1 0 2 0 0 56 0 85 10 0 10 0 0 157 1573 77 0 103 32 7 2 0 0 1 4 0 0 0 0 0 158 345 24 13 0 0 10 0 0 0 114 20 0 0 1 541 0
 6 0 47 53 0 96 0 0 0 32 0 0 14 121 13 0 40 0 0 0 20 0 2 0 0 21 0 13 0 0 0 0 29 0 0 2 3 29 0 4 0 0 0 0 27 29 0 0 0 0 0 67 45 0 52 0 0 0 0 0 0 0 18 0 0 219 20 5 2 2 0 0 0 0 433 0 0 0 0 56 53 0 68 1 0 0 3 0 0 0 0 0 10 0 0 0 0 63 0 20 3 1 13 0 0 370 0 0 63 0 0 0 0 0 12 3 0 16 0 0 3 0 0 2328 19 0 0 8 0 0 0 0 37 0 57 4220 0 2 39 30 17 0 1 24 0 0 25 67 0 0
 0 0 1 0 0 323 0 6 278 38 3 17 9 0 0 10 49 0 0 0 50 0 0 11 0 54 104 0 0 3 10 6 359 0 116 5 1 0 0 0 338 33 0 43 1 4 0 0 0 0 10 0 0 22 181 15 3 0 0 0 0 0 38 8 0 2 8 0 0 0 1202 572 0 0 0 0 0 2 0 0 0 0 2650 0 0 0 1 0 62 0 1370 0 1 18 0 342 0 66 0 0 0 0 2160 1 114 155 33 34 327 2 0 0 0 13 0 0 0 0 0 0 0 0 0 0 0 50 25 0 0 45 1 1 5 0 0 0 0 0 0 0 1 26 0 0 0 0 0 2 26 3997
 0 0 0 0 0 65 17 0 28 0 0 29 0 0 12 0 0 0 0 0 0 0 0 338 126 0 0 0 0 35 0 0 0 6 1 0 39 0 0 0 0 8 0 354 0 0 0 0 0 17 0 31 1 0 0 114 8 8 50 0 0 498 0 0 0 0 0 0 0 0 0 822 144 51 0 0 6 63 34 1 0 0 0 0 0 0 34 0 0 0 92 35 809 5 0 0 55 0 0 0 0 3 20 15 0 1 0 0 0 0 0 0 0 0 0 0 0 0 56 0 20 0 9 39 44 0 0 8 0 0 0 5 0 0 0 0 29 1 18 0 0 202 66 136 0 0 12 0 65 0
 0 0 0 14 0 0 0 32 167 117 0 0 23 268 114 0 0 0 8 0 0 62 0 0 0 38 2 0 0 0 164 0 0 30 21 0 153 0 11 9 0 2 1 0 0 0 0 3 0 0 1 13 1 42 0 0 0 3 0 3 2 0 0 0 0 0 0 8 0 0 0 0 42 0 0 19 0 36 0 8 0 0 0 0 0 0 0 0 0 0 0 0 85 53 11 48 0 0 0 16 0 0 2 0 0 0 0 51 0 0 23 10 12 10 0 20 0 7 43 0 5 3 0 0 50 0 4 0 0 0 0 0 0 120 1095 0 0 107 0 0 2 8 0 3 0 3 24 0 2 0
 5 0 0 0 0 0 0 0 0 0 0 81 0 0 0 0 29 0 0 161 0 0 1 0 0 0 0 0 5 40 1 0 52 2650 6 3650 56 4338 0 36 1370 0 0 0 46 0 0 69 165 0 1 0 8 44 30 0 0 197 0 0 2 0 0 0 0 1 0 0 1 1 0 30 0 0 10 5 35 0 413 0 0 1 12 0 2 0 97 33 1 0 0 3 0 0 0 8 0 4 1573 0 1 496 0 341 0 189 7 0 16 103 76 0 3 0 0 0 0 0 0 0 0 0 0 0 2 0 3 0 0 0 0 0 19 0 0 0 0 0 60 9 55 0 0 0 63 0 0 40 0 0
 33 5 0 336 0 0 0 0 0 144 0 48 15 0 0 0 0 39 0 0 0 5 11 0 20 0 0 0 27 0 0 12 0 44 0 46 0 88 0 0 70 0 41 26 1 18 0 0 1 19 0 0 1 19 0 5 0 344 0 0 0 1 163 18 0 0 2 0 99 0 1 0 46 14 0 0 0 1 2 0 23 0 0 19 44 0 0 0 0 0 35 0 0 0 0 0 0 2 0 0 0 105 131 0 5 0 0 0 0 467 0 2648 1 1 0 63 0 0 0 0 18 13 0 82 348 0 3 0 0 1 273 0 1 0 0 37 0 0 4 0 0 0 26 338 472 0 4 0 0 0
 19 0 172 43 0 0 0 4 16 171 0 12 20 0 0 0 0 11 41 0 0 0 0 0 0 0 0 0 49 413 37 4 0 575 26 0 342 3643 400 0 0 10 9 137 87 3 13 2 14 338 0 0 1 0 0 105 0 188 0 2793 146 0 24 29 0 0 0 559 0 1 0 95 0 0 0 0 17 0 0 136 445 5 0 84 0 16 0 0 0 90 0 0 0 0 0 0 0 0 0 0 79 0 7 0 0 0 0 43 0 7 0 2 3 60 0 1 0 0 0 51 16 0 0 0 0 0 18 629 0 0 0 0 5 614 104 0 0 0 0 110 26 0 0 0 0 0 10 0 0 347
 0 0 0 7 0 1 2 0 0 0 32 0 0 0 2328 0 0 5 19 12 0 0 0 0 0 0 0 0 96 11 4 0 15 7 0 0 17 8 126 0 0 0 0 0 12 1 0 0 18 0 0 0 4 195 2 144 0 0 0 1 66 4 0 0 0 131 0 0 11 1 153 0 0 0 13 4 0 2 289 1 13 0 0 3 0 36 0 16 51 0 20 10 0 26 42 0 15 0 0 1 0 0 0 20 0 1 0 7 0 107 0 0 0 0 37 4 0 0 0 0 1 29 0 0 33 3029 41 2 0 4 126 4 0 0 0 0 0 47 0 0 13 240 0 1 154 0 0 27 0 0
 2875 85 0 21 63 21 0 0 617 2 23 0 1 1 0 78 0 0 66 0 0 0 0 0 0 55 0 0 8 0 23 0 74 44 38 0 0 205 9 6 6 0 0 14 15 25 0 0 22 0 12 0 3 0 18 0 1 0 0 14 0 0 0 0 0 24 0 9 0 0 0 1 26 0 39 0 436 0 11 28 11 0 29 0 6 0 22 0 0 0 0 0 63 10 0 47 272 0 0 2 40 0 0 6 5 39 0 0 2 41 0 4 0 0 0 2 0 102 0 71 0 0 15 437 6 32 0 0 0 13 0 0 3 0 0 0 14 0 0 0 0 0 0 0 0 0 0 152 0 0
 0 18 0 0 0 0 0 25 3 12 14 3 18 0 17 0 0 0 0 0 2 436 0 0 0 33 8 0 0 0 0 0 0 0 117 0 0 69 0 26 0 0 0 0 6 0 6 0 2 6 15 13 9 0 0 1 43 65 21 0 0 156 113 0 5 71 0 0 74 0 2650 0 153 0 0 0 0 0 1 0 0 1 5 27 65 0 0 3 62 1 0 138 0 25 1 0 0 0 0 3 0 23 0 0 0 5 0 0 0 189 0 0 0 0 4 0 13 0 12 10 4 8 0 6 0 0 1 41 15 0 0 5 0 0 24 0 132 0 0 12 0 0 6 0 13 13 0 0 46 0
 7 0 0 8 1 0 0 0 21 0 34 0 0 0 0 5 0 0 26 0 0 0 0 0 0 0 0 0 0 31 0 0 0 0 65 0 0 0 0 2 0 8 28 1 0 0 8 0 0 0 0 0 0 17 0 3 0 4 3 0 0 0 0 10 137 309 0 0 0 21 0 19 90 99 20 0 8 4 0 99 2 2 0 0 0 1575 98 0 29 2 141 0 0 10 12 19 46 0 0 798 0 67 0 0 2 39 44 0 0 171 9 0 138 0 0 0 137 52 11 0 0 0 66 0 0 10 0 86 44 24 0 0 30 0 0 0 0 0 0 22 1 0 0 0 70 17 1073 0 0 49
 0 0 0 0 0 773 6 7 4 0 0 11 0 0 0 1579 6 0 0 0 2687 322 0 7 0 0 0 45 0 282 0 0 0 28 0 0 28 0 0 0 610 0 0 54 0 0 0 323 0 0 247 0 0 147 19 0 165 0 25 0 0 0 43 0 637 60 0 13 36 8 0 0 0 0 0 2 0 0 0 60 0 32 0 5 14 0 76 0 0 0 0 0 0 0 0 0 9 0 106 0 0 23 0 0 0 1 56 0 0 12 0 0 0 0 0 0 0 0 0 2 0 0 0 0 0 19 0 0 0 0 0 0 0 0 0 0 56 20 0 0 0 84 0 0 0 52 0 0 0 774
 0 0 0 0 0 48 0 0 205 0 0 0 0 0 0 1 0 0 0 2 196 18 0 13 0 8 0 348 0 1136 0 0 0 50 0 0 0 0 0 7 0 0 25 0 0 0 0 0 0 46 0 0 0 45 0 0 0 0 0 15 0 0 8 0 46 0 2 0 0 0 0 25 0 9 0 0 175 10 0 5 121 0 0 0 0 0 0 0 105 0 0 0 6 19 1 0 0 0 0 26 0 13 13 1820 0 11 4 3 3 0 57 1 0 0 0 0 15 346 0 5 0 2 3 32 0 0 0 0 0 0 0 0 0 0 3 5 16 1 0 0 0 2 0 305 33 0 1 0 12 0
 0 9 1 0 0 0 0 43 0 13 23 9 0 204 1 1 0 13 13 0 1 0 0 3 0 199 130 0 64 0 0 0 0 0 3997 0 0 8 0 23 23 12 7 0 0 131 8 41 21 4 0 188 35 0 0 21 3 37 0 0 50 10 0 0 50 171 1 0 0 0 0 27 0 0 0 0 177 0 4 4 11 0 0 0 0 7 21 0 0 0 19 93 0 0 0 4 37 0 0 151 0 0 0 0 0 0 0 0 15 0 0 23 0 0 0 0 1085 330 13 13 0 2 0 188 54 5 0 0 27 0 44 2 338 0 30 2 2 75 11 11 8 0 0 0 12 0 0 6 0 0
 0 0 0 0 61 19 1 52 0 26 14 0 0 0 0 1 1 0 0 0 0 16 0 0 0 0 0 0 37 2650 15 0 23 8 68 0 0 3 0 0 0 0 0 0 0 0 2 0 0 8 0 5 0 0 0 7 0 0 0 29 0 224 78 0 81 30 13 34 12 0 37 123 0 2 17 0 117 0 29 0 0 0 0 0 0 0 0 0 1 0 0 19 0 19 0 0 0 52 1 0 0 6 3 0 0 22 0 82 0 0 0 1 0 0 0 20 0 3645 115 4 0 0 0 0 0 0 0 25 0 0 0 0 0 1 26 0 0 0 0 74 0 0 10 0 0 14 0 0 117 0
 56 0 0 308 0 0 0 0 0 25 0 0 0 1 0 0 131 0 0 17 21 0 1561 7 0 0 0 38 0 0 0 0 1 1 159 0 0 1 1 0 0 0 0 0 58 0 0 0 3 0 0 0 0 0 17 13 0 92 0 14 0 0 9 37 0 0 13 0 0 0 0 324 0 0 0 543 0 0 0 0 1 0 0 0 7 67 0 3592 0 0 0 4 1 0 5 0 39 2 2 0 3 0 0 11 0 0 167 22 0 0 0 74 0 88 0 5 2 0 1 0 0 0 2625 39 103 504 0 13 28 0 0 361 0 0 0 6 7 0 0 0 0 14 0 0 3 0 637 121 2 0
 0 0 0 5 58 0 0 0 25 0 0 0 1 0 25 0 113 0 20 0 5 0 102 0 30 0 0 0 8 1095 0 0 1450 2 0 0 8 0 12 0 162 0 0 0 0 1 32 2 17 0 0 267 20 39 0 21 52 0 6 27 0 0 253 346 71 1 0 18 0 0 0 3 1 3 0 10 16 0 0 0 0 0 22 0 0 8 0 4 0 0 0 70 6 0 0 590 2 39 1 0 0 0 0 301 0 9 0 0 0 9 0 35 0 4 2 0 0 19 0 0 62 3 0 0 0 0 7 0 0 41 55 16 0 0 1 0 9 0 0 0 70 0 0 0 0 7 0 1 24 0
 0 0 0 6 0 44 0 0 326 4 0 4 0 0 0 7 0 0 0 0 0 0 45 20 5 0 9 0 81 44 4 1 1 0 2 64 19 0 0 0 278 8 5 15 0 0 41 0 14 0 8 27 639 0 0 0 137 0 12 0 8 0 11 0 0 0 0 0 4 0 25 0 0 0 348 88 0 25 0 0 57 0 0 0 0 50 0 0 1370 8 0 0 0 0 273 0 6 0 37 0 0 0 0 4 0 2 38 7 502 0 6 0 0 10 2 87 24 0 0 0 0 2 1 16 0 15 2 0 0 2 85 0 0 20 1 5 0 0 8 7 0 0 112 0 3 30 0 0 0 0
 3149 0 0 0 26 0 184 2 199 6 18 0 2 4 0 0 6 0 4 0 3 0 0 0 0 0 0 5 0 0 392 0 0 0 3 0 14 4 0 6 0 0 0 0 0 16 0 32 0 0 0 1 5 0 2315 0 17 13 0 0 0 1 189 0 0 0 0 0 13 0 0 0 0 0 0 19 0 0 0 23 0 0 0 29 0 1 0 0 0 11 399 44 9 0 1 17 0 9 0 9 8 67 96 0 92 0 26 0 3 82 61 1 0 0 0 0 4 37 0 0 1 0 0 0 2 0 0 0 47 0 17 4 0 0 41 0 80 266 0 3 0 0 1 0 0 0 0 75 0 3
 3 0 0 0 0 0 17 7 0 6 0 0 0 30 5 44 0 0 124 0 45 31 95 0 37 191 0 0 2 5 0 0 0 0 6 0 0 62 0 63 3 0 2 156 0 65 0 37 0 0 67 0 0 87 0 0 42 0 61 0 0 12 30 80 22 2691 24 4 0 0 0 1 0 0 0 0 0 41 0 0 25 3 15 0 8 0 5 2 0 0 2 0 0 0 0 13 0 6 4338 0 59 0 0 0 0 4 0 0 19 0 0 0 8 0 2 30 5 1 0 614 0 0 0 0 0 0 22 0 2 0 0 20 0 0 22 0 7 0 10 0 0 0 0 0 437 0 1 2691 0 1
 0 43 11 393 0 48 0 0 4 15 0 0 18 0 0 37 0 119 0 0 23 13 0 121 3002 10 0 0 0 0 24 0 5 136 46 30 25 0 0 43 0 0 6 0 29 0 0 33 0 7 0 1 13 0 0 17 0 7 21 0 0 10 1 105 74 0 2 1257 0 2 0 0 0 67 1 33 189 40 0 15 0 39 0 0 0 2 10 128 0 0 107 0 0 27 1 0 37 0 153 1 0 30 1 20 4 0 0 273 0 0 3 0 1 0 0 0 65 66 24 575 18 43 0 0 1 0 0 16 145 1101 0 0 0 21 0 0 24 0 0 0 0 18 0 34 0 2 1 0 11 6
 20 10 0 0 0 0 0 0 34 14 6 0 0 7 20 0 3 0 0 1 2 0 1 4216 0 0 0 0 0 0 0 6 0 9 0 0 1 4 0 0 0 0 0 0 0 0 0 59 0 0 0 55 0 1 0 0 24 0 0 0 0 0 0 2 0 0 0 0 0 156 0 3 13 0 0 0 18 19 0 0 2 7 0 39 3 4 0 5 0 0 69 0 0 0 0 0 0 165 0 0 2 102 0 0 0 11 0 53 0 0 0 3 0 39 0 0 0 0 0 0 42 0 14 0 34 0 8 12 8 0 202 0 0 0 0 17 0 0 0 0 0 0 3 22 5 0 0 66 0 0
 0 9 0 0 1 0 0 25 0 0 53 0 107 5 1 0 0 131 0 0 117 0 0 0 0 20 0 0 14 0 0 15 0 0 106 0 9 21 0 0 0 0 19 3645 0 0 0 13 0 2 0 24 0 0 0 0 0 1 0 0 0 0 0 342 0 0 132 0 16 9 27 0 0 68 0 136 26 20 0 226 0 0 1 0 1 2 10 2 0 0 0 37 0 0 0 0 27 2 0 0 15 2 19 109 64 0 0 0 40 0 0 0 21 413 2 0 0 0 10 0 0 237 142 0 0 0 0 94 439 2 0 0 0 0 8 0 0 0 0 0 15 18 0 0 1 1 0 0 0 0
 29 45 0 163 157 0 0 0 0 12 124 0 7 4 0 37 29 0 0 107 0 0 39 0 0 0 0 89 4 29 11 9 188 10 19 0 0 0 0 0 0 29 0 0 26 0 0 0 0 19 0 12 0 0 0 24 0 0 22 1 0 0 0 33 2 0 68 35 0 26 0 0 0 36 0 97 3 0 0 27 0 0 0 2633 0 12 0 0 3 0 16 14 0 0 0 2875 15 0 0 15 0 0 0 40 0 0 28 0 0 0 0 1 32 1 44 0 0 22 0 9 0 73 0 0 4 0 0 2 0 0 0 0 0 0 14 0 34 0 0 0 219 0 0 0 0 16 1 0 0 0
 0 0 0 0 0 0 0 0 0 0 153 0 0 0 10 8 0 0 387 0 0 3967 0 0 81 0 35 0 3 8 0 0 7 20 7 0 0 16 25 155 0 132 0 0 0 32 0 0 23 21 0 10 0 72 65 0 0 196 0 3 0 0 34 26 0 0 0 106 0 90 0 0 0 567 0 4 0 0 0 65 0 5 0 24 805 38 0 0 8 0 0 0 0 21 3645 0 0 7 0 0 30 0 0 0 0 0 1 61 0 0 0 66 0 4 0 4 0 0 9 65 33 0 0 0 0 0 0 38 0 0 166 6 0 0 0 45 4 0 0 0 33 0 0 10 9 9 0 0 45 267
 51 0 14 0 0 0 0 0 42 53 20 3 0 0 0 0 0 0 0 3 30 0 0 0 0 0 0 0 89 0 0 0 0 0 0 0 7 19 0 0 0 0 1 0 0 65 4 26 0 1 0 0 0 0 0 280 0 0 13 116 62 0 0 348 154 1 0 32 0 0 0 34 3 1 0 0 13 4 0 361 180 0 0 0 1 203 0 176 0 0 17 158 0 23 0 0 0 0 99 0 0 0 23 0 63 0 54 0 0 0 18 0 0 0 0 0 0 0 0 0 0 0 0 0 2 0 0 0 0 3 1 0 49 164 0 0 147 0 0 289 0 0 0 44 0 9 0 9 6 29
 228 0 126 0 0 19 0 0 0 0 2 0 0 162 0 4 0 0 0 11 19 59 0 0 0 44 99 0 0 2665 96 0 22 0 0 0 1 0 0 0 3 1 10 0 0 0 0 0 249 52 68 10 52 0 72 203 347 1 14 0 0 2 105 1 0 0 67 1 44 1056 0 81 2 4 0 0 0 0 0 105 55 0 0 68 2 0 0 0 0 0 0 4 0 0 150 0 31 0 0 19 0 145 371 48 0 0 0 0 0 2175 3 0 0 0 197 25 0 0 0 14 0 2270 17 0 0 0 0 0 0 0 9 23 0 11 0 0 0 0 1 7 0 0 0 0 0 32 0 11 0 0
 0 0 0 4 3 0 0 3 17 0 0 0 0 0 0 0 1 0 0 189 0 0 0 0 165 9 0 0 3 0 0 0 0 0 30 0 0 0 1 1 83 17 9 0 0 0 90 45 0 0 41 0 35 8 1 0 0 96 0 0 347 0 0 11 26 0 0 0 0 0 0 0 41 45 0 3645 1 6 10 0 0 0 12 37 0 7 0 0 0 0 0 3 1 9 0 0 0 8 0 18 14 0 62 0 0 0 25 24 0 0 37 0 46 0 144 5 50 10 0 2 0 47 23 1 0 0 30 1 18 2 0 13 0 167 0 54 0 0 17 0 0 0 7 1 0 24 0 1 0 8
 5 38 334 245 0 2690 0 48 0 0 3 3 57 74 53 0 0 0 0 0 47 2 7 0 0 0 0 190 0 2 0 13 0 0 0 23 13 26 0 0 0 0 0 0 1 6 50 3 0 0 0 0 0 40 0 0 0 0 0 0 14 46 0 40 15 0 20 15 0 0 0 41 0 428 0 0 0 0 556 0 0 39 9 3 0 50 0 5 5 27 0 0 4 0 55 102 0 202 0 0 0 0 1205 0 0 188 7 0 1 0 0 0 15 23 0 3186 0 0 24 0 80 0 2 0 0 0 0 60 0 0 0 11 0 42 2 0 53 0 0 0 0 0 101 7 0 19 0 0 0 0
 38 0 1 2 0 0 25 0 0 0 0 35 6 0 9 658 1 0 7 130 0 0 0 0 24 0 2 0 0 0 0 0 0 23 37 0 0 0 0 0 19 123 8 0 0 0 0 0 0 6 0 48 130 9 4338 0 0 1 0 1 0 138 0 0 8 0 0 8 0 11 0 0 0 0 0 0 6 0 0 0 0 0 0 0 0 5 0 0 0 25 0 3 1 0 16 92 1 0 1 11 4180 0 9 0 0 74 0 0 12 0 2 0 14 0 83 11 4 7 25 180 0 19 58 27 27 0 0 205 0 0 1 0 0 0 0 18 0 1 0 26 11 0 0 64 0 0 0 1 19 0
 14 0 0 0 0 0 0 0 0 0 0 0 0 7 0 0 359 0 0 0 10 0 0 43 0 0 37 44 0 0 12 1 0 0 0 5 0 0 2 0 1 3 0 328 19 8 11 0 89 5 0 217 0 0 0 37 0 12 0 15 0 6 0 0 77 3 1370 73 0 1 52 3 0 0 0 0 50 2 0 0 18 176 0 0 68 17 7 85 198 0 0 17 7 0 96 0 13 0 1 0 0 0 0 0 8 0 77 0 0 7 13 5 0 0 89 0 0 0 6 0 2 5 3 0 0 0 2 0 0 47 0 8 89 0 212 0 28 0 0 0 10 0 0 0 0 0 340 63 0 0
 23 0 0 445 6 87 0 4 0 0 5 0 0 4 0 0 0 0 0 0 0 0 0 0 0 30 0 0 0 18 0 36 0 1 120 0 0 107 23 7 18 0 0 4 25 2 0 177 0 0 31 0 0 65 0 2 0 14 0 35 0 0 0 0 0 0 40 75 0 72 0 4 0 2 41 0 0 0 13 0 0 9 19 0 0 0 6 0 191 0 0 0 0 7 33 0 0 9 0 7 0 33 0 0 11 0 0 16 3645 9 0 0 7 13 0 0 0 0 0 0 0 12 2 0 0 0 0 0 3 135 64 0 37 5 0 56 0 25 0 0 0 0 0 0 0 0 393 0 0 559
 2 0 0 0 0 0 0 3 0 3 0 0 0 0 0 3 64 65 0 0 0 0 6 2 11 0 5 0 0 2987 0 0 1 71 0 1 0 0 2 13 0 196 0 0 96 0 10 0 86 20 0 68 0 0 0 0 338 0 0 4 1 33 0 90 3 0 0 0 570 0 0 0 0 11 0 0 4 114 5 0 9 73 199 4 0 0 0 4 0 0 0 0 0 0 1 322 1 310 7 15 3 25 0 2683 19 0 0 24 0 0 7 0 0 0 0 0 0 0 0 0 15 143 8 0 1 34 10 0 0 0 2 0 0 0 0 0 0 1 60 0 0 0 3 0 63 0 0 62 0 0
 0 17 0 102 186 0 30 29 0 89 0 0 0 0 0 12 45 275 0 0 0 9 0 50 0 0 0 0 0 0 0 0 1 0 17 0 0 0 0 0 18 85 0 0 0 0 0 0 0 57 0 0 0 0 0 0 0 0 0 2 0 1 0 23 0 0 2 25 3 0 87 0 2 0 1 11 0 0 0 0 0 0 7 2687 4 0 0 3 8 0 0 0 0 0 0 257 0 0 2 6 0 0 89 0 0 0 0 77 4 8 3 38 0 0 0 3 0 0 0 61 99 0 3 0 0 4 0 0 0 0 15 6 0 4 0 0 0 70 0 0 0 37 7 0 601 0 0 22 19 0
 472 0 0 0 101 0 0 396 0 4 0 0 5 0 0 0 0 0 0 15 0 197 0 25 0 6 6 0 9 2 6 0 0 0 0 25 0 0 8 0 0 0 0 0 0 0 0 127 0 0 113 0 0 0 5 50 0 2 35 21 0 15 56 0 14 1 0 0 0 2 23 0 113 0 0 136 0 0 0 0 0 5 0 0 83 0 24 0 0 0 0 0 0 0 0 58 0 0 153 0 0 0 23 0 0 38 26 1 13 0 1 0 0 0 0 2 134 0 1 0 0 0 0 18 0 0 8 0 0 0 0 1 1 14 0 0 26 0 8 113 2691 13 0 0 0 31 5 495 0 1
 0 0 38 18 0 57 27 0 28 0 0 0 34 180 0 73 0 0 29 0 0 0 0 0 0 0 0 12 0 0 0 13 0 4 151 0 0 0 0 0 0 0 0 0 158 166 136 5 0 0 346 0 0 0 0 0 1 0 0 0 0 0 0 0 2 0 0 63 0 0 26 0 8 0 0 4 0 5 11 13 15 0 0 0 1 0 23 0 0 70 0 5 0 0 0 90 30 0 0 20 139 0 3 0 0 0 0 149 0 0 35 0 0 798 0 0 16 0 48 19 0 16 0 0 0 5 0 1 9 0 0 0 0 0 0 2 0 4 0 19 1 1 42 0 0 35 1 0 0 1
 0 0 0 2 0 0 0 6 0 4 0 8 0 0 0 128 0 0 0 14 14 0 8 0 0 42 61 1256 17 0 0 0 4 599 2 0 0 0 0 0 55 0 0 0 0 0 13 12 0 0 0 0 0 239 0 4 46 0 0 0 3 0 0 0 15 0 5 0 9 0 813 0 0 0 0 29 0 0 0 0 11 1 0 9 0 14 83 0 0 0 405 184 64 22 3 125 0 0 4 0 0 0 0 64 0 3 0 0 0 0 0 42 2 0 0 13 15 79 484 0 2 0 0 20 17 187 0 0 5 30 0 18 0 0 30 1 0 1366 5 0 0 0 0 0 8 0 0 0 17 0
 5 39 58 0 0 14 39 9 0 0 0 0 0 0 0 129 0 0 0 0 797 93 0 0 0 4 16 0 0 0 2650 109 12 3 25 0 0 4 0 94 0 0 41 0 26 0 0 35 10 0 0 0 149 0 0 0 1 0 8 1 18 0 0 26 0 28 26 0 0 12 0 9 445 30 0 0 8 27 0 47 187 0 5 0 74 0 0 144 0 75 0 0 131 0 0 0 90 44 4338 0 0 7 0 1 199 472 14 13 2 1090 0 0 3 0 0 4 0 21 299 14 12 0 0 0 0 0 18 0 0 0 0 7 10 65 0 0 0 0 0 0 0 0 0 23 0 438 0 66 12 14
 0 419 24 1 21 28 0 3 0 0 0 0 0 47 0 0 0 0 20 18 52 0 0 5 4 273 0 0 1 0 0 0 67 0 16 0 0 18 0 6 0 0 39 0 1 0 0 0 2 62 0 0 0 56 0 0 0 27 0 0 0 14 1 0 75 0 807 41 1 5 13 0 74 0 0 0 0 0 0 0 0 0 133 6 801 67 0 7 0 73 0 0 30 0 0 0 0 3 0 0 2 30 0 5 0 0 87 0 0 0 0 10 0 0 0 0 47 57 0 0 4 7 0 49 0 0 0 0 0 0 426 32 0 2 0 0 84 0 0 0 0 0 0 14 24 17 1 0 17 322
 0 139 38 32 0 2 0 0 0 73 0 0 0 0 1 5 0 0 15 0 14 0 1 0 0 12 0 0 0 7 0 113 0 0 0 0 26 0 8 1 0 0 0 0 11 0 0 0 0 0 0 0 32 0 7 1 0 43 1 3 0 13 0 0 14 0 1 0 2 13 0 18 0 0 0 0 0 0 38 2835 10 0 0 65 1 3 14 7 0 5 17 0 8 0 0 0 0 10 136 529 0 0 12 10 13 3 0 1 0 0 46 0 498 0 1307 77 25 0 9 7 0 93 4 0 10 0 40 0 242 128 72 0 0 0 331 0 7 0 0 40 0 8 17 0 0 0 0 50 0 14
 0 0 5 0 0 0 61 6 0 0 96 15 0 0 0 0 0 0 0 49 1 0 2 0 0 0 102 12 4 347 0 0 20 0 0 0 0 0 0 0 0 0 0 19 0 0 1 0 0 25 176 0 0 63 0 4 0 74 0 0 3 12 0 0 0 0 0 0 4 0 13 0 0 0 76 12 0 0 0 3 0 0 0 0 7 54 166 12 8 6 3 302 0 0 0 0 2 0 0 6 55 0 38 111 0 0 1 0 0 0 2834 0 0 1 0 0 0 37 14 0 0 0 1364 6 0 0 0 0 87 1 0 7 40 8 0 0 0 7 0 5 0 0 0 333 4 34 0 0 0 0
 11 0 0 4 18 0 0 119 96 0 53 0 94 0 11 1 19 0 0 11 128 0 0 69 0 32 0 6 0 0 0 0 0 126 2 0 0 0 4 18 151 0 25 23 0 0 1 0 0 0 0 0 0 0 4 1094 0 0 8 5 0 0 0 0 137 0 0 0 0 0 76 1 0 33 8 1 0 64 0 0 63 0 32 0 27 20 33 376 0 0 0 73 0 0 10 21 0 0 0 0 0 4 9 0 31 73 48 0 0 0 19 67 62 23 0 4 37 67 32 14 20 0 86 0 8 0 42 0 0 0 438 0 0 81 0 17 0 0 76 1 0 12 22 0 0 24 0 0 0 0
 0 2 50 0 0 0 0 1 2 0 2 32 0 6 17 6 0 2650 9 0 0 0 59 176 427 0 29 0 102 62 0 7 0 0 0 0 85 0 0 3997 0 0 0 4 0 2 0 76 11 0 0 69 0 0 0 6 0 0 279 8 153 0 7 0 10 11 0 0 12 0 0 2 0 42 2 0 0 7 1 0 0 0 13 22 22 24 955 0 64 138 0 0 0 0 12 0 0 19 0 2 0 0 14 11 0 242 0 1 0 0 36 3 0 0 6 0 0 0 0 0 1370 1 0 0 31 0 0 18 0 43 0 57 0 3 30 4 0 0 1 49 0 0 0 0 0 342 15 0 13 0
 1 0 12 0 0 3 0 15 84 24 187 16 5 0 24 0 0 0 28 36 3 0 0 244 0 0 0 10 0 41 0 1 6 0 0 0 0 2688 41 0 0 0 7 124 27 6 0 2 0 0 8 13 42 45 0 0 2673 0 0 0 0 0 0 0 1 600 1 0 0 5 13 4 0 52 0 0 0 0 0 0 0 0 146 0 0 0 0 65 0 0 0 0 30 1 15 0 0 70 0 0 0 4 0 1 6 0 0 8 0 0 0 1 9 0 0 13 0 46 7 0 24 0 0 5 14 0 23 4 3 13 0 0 3979 798 9 0 0 0 0 1 1 0 45 0 0 5 0 35 0 0
 4 4332 43 1 0 0 0 49 0 59 1474 0 14 2 0 29 0 0 400 0 1 0 23 0 0 113 45 0 0 0 7 25 0 7 3 10 0 39 0 18 0 23 7 15 4 80 0 53 0 17 0 0 0 199 0 0 381 0 0 0 0 0 0 0 0 3 1 629 0 10 0 0 2 0 3 0 0 0 0 0 0 103 51 2 0 2 0 0 189 0 0 6 0 13 124 13 0 0 164 0 0 0 0 0 4 0 0 0 1 0 0 361 0 4 0 2 64 0 0 0 0 56 44 13 0 0 0 49 0 0 0 0 88 0 38 12 88 0 0 0 0 0 0 0 0 0 6 0 20 0
 63 0 6 0 2 5 0 0 0 0 0 0 11 8 39 0 0 0 24 0 147 4 400 18 0 0 3 0 9 6 66 0 0 4 0 0 0 0 0 0 200 0 138 0 2 196 0 0 0 0 0 0 0 0 10 20 0 103 0 2 0 120 0 14 0 0 0 0 0 23 0 0 53 3 0 497 0 0 0 60 0 0 0 204 0 96 0 0 0 9 0 0 7 0 0 0 391 0 0 0 2 76 27 0 0 0 0 0 0 93 611 0 0 22 12 1 0 0 0 16 4 12 2 22 7 0 2 0 102 0 0 0 13 52 2 0 0 0 29 11 0 12 0 228 0 0 0 136 1 0
 22 22 0 0 2 2 13 0 0 0 0 0 102 0 0 0 25 0 6 0 9 52 72 0 10 0 0 21 3138 0 45 0 0 0 44 0 190 0 0 0 4 52 0 174 0 87 0 0 49 1 0 0 0 17 0 82 2 0 1 1 63 39 0 0 4 11 0 0 0 39 0 192 0 25 45 0 0 0 0 122 0 0 0 0 0 0 0 2 30 0 0 0 14 0 48 0 0 3 0 5 3 0 5 0 0 0 0 0 192 105 0 10 138 0 0 14 0 0 0 3 33 15 12 0 0 0 672 4 0 0 1 0 17 2 0 0 3 0 14 0 10 15 154 31 0 250 0 18 0 2
 0 6 0 0 0 1 0 0 203 68 8 4 0 0 0 4 0 0 445 0 0 11 3 5 0 468 0 15 0 14 14 33 0 29 0 4 1 0 0 0 0 4 97 10 0 11 0 0 0 0 0 2 0 0 2 30 2 0 2 1 2 0 30 0 16 26 0 13 31 0 128 131 0 132 3 185 23 0 0 0 0 798 0 0 0 0 0 14 205 0 0 74 14 1222 0 0 0 203 0 0 0 0 137 0 0 3 32 66 0 1 58 0 7 340 30 1 0 0 1370 0 0 0 0 0 0 0 3 0 0 3 37 53 4 0 0 70 0 47 57 23 0 0 0 11 0 0 58 0 4 0
 1 0 15 77 0 0 1222 0 27 0 0 0 0 0 0 785 0 2 0 105 0 0 12 0 0 0 190 0 0 0 0 0 12 5 15 0 0 0 0 1 0 0 0 1370 0 0 0 0 41 16 120 8 0 0 15 0 5 0 5 8 0 2 0 7 0 64 0 0 2 12 0 0 0 0 0 0 0 91 0 0 2 0 86 0 5 0 0 0 0 24 47 6 0 9 4 0 0 17 7 93 0 0 0 0 0 0 0 120 0 0 27 0 578 0 6 0 10 0 0 1 0 0 0 1 2 1 6 11 0 0 0 11 0 11 0 11 0 2 8 26 0 12 86 0 61 0 0 1437 18 7
 0 0 0 8 0 0 0 25 0 245 14 0 5 4 0 8 0 0 0 0 248 0 0 0 16 0 0 206 0 63 0 0 0 0 0 0 0 0 0 0 0 0 0 0 0 0 0 89 102 3 0 0 56 0 41 0 0 7 0 0 13 0 0 0 0 0 0 31 18 0 0 41 6 13 0 0 8 6 120 7 0 0 5 5 0 0 393 0 1 2 2 0 13 11 0 0 142 0 7 0 7 10 0 17 34 0 0 0 5 0 0 0 0 0 56 1 0 0 0 0 0 0 0 0 0 19 41 2 21 13 0 0 5 0 0 40 0 0 0 0 0 0 0 10 0 0 0 0 0 0
 0 0 52 0 0 0 7 18 15 16 0 27 0 6 0 0 0 0 26 1 7 0 20 0 3 1103 0 0 20 0 0 67 0 0 10 0 3 0 0 15 0 0 69 33 0 0 3 0 0 0 0 0 0 0 0 0 1 1 2 0 0 348 0 0 7 0 0 77 5 20 0 63 53 9 2 0 0 0 0 0 0 8 0 119 6 23 0 4 7 37 0 0 0 2 0 0 0 7 0 0 2 0 0 46 0 0 0 8 0 590 0 0 67 0 26 0 0 1 1 0 0 0 107 301 86 1450 0 0 31 0 0 0 0 0 0 13 0 4 0 35 0 6 119 0 0 2 1 17 1 14
 22 0 0 0 0 0 0 0 0 6 0 0 0 29 0 15 6 0 0 39 4 18 1 1 0 7 0 34 18 0 1427 0 42 0 2184 0 45 5 0 0 0 0 3 0 2 0 144 0 0 0 0 0 1 89 0 49 0 0 0 33 0 0 0 1450 0 3 0 2 0 0 0 0 74 0 0 2 0 78 3 0 176 1 14 1 73 28 0 0 0 0 0 171 0 14 0 0 0 0 2 20 0 16 0 0 0 13 12 4 6 0 26 0 0 0 0 0 0 0 2 2 0 0 0 0 16 0 0 1 0 0 0 76 1 0 64 0 1427 16 0 0 8 0 0 0 0 1095 0 19 0 0
 4 0 97 0 12 55 5 0 0 14 0 147 74 0 0 0 0 5 0 22 35 87 19 0 0 0 92 14 0 0 0 8 1 0 0 1 0 52 0 0 0 55 23 0 15 0 0 2 0 3 0 0 0 3997 0 1 42 1 0 0 0 1 0 0 301 6 0 4 7 0 0 0 0 58 25 0 0 45 1 0 0 0 3 1 0 8 106 0 0 0 29 0 20 6 54 0 3 0 0 0 3 0 85 1 0 0 244 244 0 0 0 0 0 470 1 0 0 51 0 0 0 0 0 0 78 0 742 0 113 0 94 10 0 0 0 0 150 1 0 349 0 0 29 0 0 50 0 0 4 0
 0 0 0 0 0 7 0 1370 544 0 0 0 0 0 9 0 1 0 0 39 2 12 142 0 0 0 0 22 0 0 0 0 0 0 0 0 3 0 0 0 601 0 2 1 31 47 0 0 0 0 0 0 19 0 0 0 0 0 0 0 19 0 0 0 0 9 8 0 1 50 0 0 193 2 0 0 0 13 5 0 18 0 0 0 0 1253 45 0 0 0 1 0 0 0 0 0 14 0 9 413 0 0 0 65 0 15 0 0 20 0 0 55 0 1 0 0 0 4 0 122 0 0 19 0 18 0 13 0 1 3 0 0 23 0 0 0 3 0 2 19 9 1 0 20 0 4244 0 4 24 0
