150
 4 42 0 50 199 0 0 3 705 118 439 506 0 0 0 435 0 15 0 306 0 0 159 0 0 66 17 0 103 95 9 0 0 0 2421 69 14 0 108 0 0 2089 0 0 3 0 0 60 16 18 759 0 16 0 0 489 10 16 278 11 4 0 0 35 0 465 36 448 2 292 0 108 0 3 136 3 0 33 0 0 0 0 0 49 0 4 45 115 59 78 680 0 3 0 0 0 23 3 0 171 0 7 0 12 58 0 3 0 1053 0 0 4 0 0 0 3 220 0 4 3 52 53 0 0 0 0 0 866 28 101 0 0 163 45 0 0 184 0 22 0 10 28 0 643 0 0 0 9 0 8
 0 0 0 67 0 0 11 0 2 7 0 0 36 13 2 1 13 0 0 45 0 0 0 11 1 0 0 0 29 6 18 0 0 0 0 569 0 352 0 0 5 171 2 0 0 0 0 0 23 0 0 2 0 1943 0 14 43 6 27 16 0 0 0 0 0 0 205 0 1 0 10 4 0 25 0 0 0 0 29 0 0 29 1449 0 0 107 155 3 0 284 0 85 0 0 19 12 0 22 4 357 0 0 35 0 308 4236 107 0 12 0 0 0 1774 0 0 0 0 706 5 0 0 0 0 47 7 0 0 0 72 0 0 0 233 0 0 7 0 0 381 7 39 804 0 24 9 135 12 0 22 0
 776 0 18 0 16 104 0 0 0 0 0 0 0 0 3506 0 0 0 0 0 146 35 0 12 0 8 28 0 2 0 48 64 0 206 0 3989 0 1714 12 0 0 0 6 0 1743 1061 1 0 32 0 1 0 6 2 0 52 0 44 351 0 178 0 0 1365 0 74 301 0 59 3 0 5 0 0 963 18 0 3 2 17 0 0 50 109 168 0 0 0 2 0 0 298 136 0 19 60 32 0 0 0 0 0 3 0 0 877 0 133 0 10 0 0 0 173 0 0 0 0 14 27 122 0 0 63 5 178 0 5 0 0 0 0 0 5 8 0 0 4 1 0 2168 20 0 175 0 161 2 6886 0 2
 0 0 19 13 5 0 58 1 0 1 0 0 57 541 14 232 11 0 45 0 0 17 0 0 2 0 0 738 44 0 264 0 0 136 66 0 0 0 14 356 0 0 0 0 0 2 0 1 0 0 447 0 0 446 0 0 16 830 217 0 0 83 0 41 0 82 0 0 2 52 24 204 0 37 422 0 0 0 0 48 394 0 0 0 1134 0 0 2 12 1 0 0 0 27 0 455 82 0 4 0 0 34 725 55 1 0 0 1277 0 0 0 62 94 66 0 235 0 0 0 0 0 0 0 45 0 224 98 57 0 35 0 35 0 0 0 10 0 98 1 6 0 0 104 0 0 0 1 0 52 27
 0 507 0 0 55 0 94 0 0 0 8 0 0 0 0 6 0 507 0 0 0 0 0 0 0 755 1401 2 46 0 9 197 0 0 0 51 13 16 0 0 0 0 0 0 0 0 12 19 75 2419 21 86 1 216 0 0 0 0 0 0 0 509 0 7 0 4 0 0 0 81 1068 0 24 0 15 0 0 0 0 0 0 3 0 0 28 0 1062 0 0 78 0 0 0 3 49 425 0 8 0 0 8 16 1 0 30 0 0 16 169 8 508 0 11 0 0 14 159 29 11 8 0 0 0 7 252 4 6 488 0 2270 670 748 0 0 2116 6 0 14 0 48 0 0 0 0 74 0 3 2 298 97
 0 8 0 17 368 16 120 20 0 0 117 22 11 47 0 0 0 8677 738 165 0 13 0 1932 0 0 0 0 42 0 0 249 0 1743 0 0 0 6 0 0 0 0 0 30 27 78 203 19 85 0 0 0 0 0 0 0 183 140 0 0 0 66 749 179 1202 0 17 0 15 35 124 0 0 0 462 0 0 21 48 112 0 8098 16 0 0 0 34 10036 181 96 0 21 40 811 0 4 51 0 0 0 0 0 0 0 0 47 0 111 0 309 96 50 0 348 498 62 8 8 31 1902 0 42 0 0 0 0 23 1 0 6 0 0 64 0 0 0 12 3 0 0 0 0 0 129 351 13 0 0 0 16
 7 0 124 0 0 0 0 2 0 0 39 10 0 0 0 3 0 0 0 0 1 0 0 0 11 0 0 56 73 4 0 36 0 15 153 0 126 0 4 26 0 0 0 2 0 27 225 0 59 0 0 0 122 7 71 0 5 0 30 6 11 6 0 0 0 82 15 44 747 277 297 16 0 6612 0 0 43 1250 1315 7 0 0 0 68 0 1756 45 0 0 0 29 3 980 8 93 0 0 0 28 0 17 71 0 2302 77 0 26 37 7 12 780 9 10 0 3058 14 0 73 465 8 35 0 0 8 0 6 376 293 0 0 0 0 11 18 49 162 78 0 0 0 9 82 6 0 0 17 86 400 0 78
 0 3 22 0 144 0 0 51 21 378 380 0 0 0 1307 0 40 0 9 676 430 0 0 64 2 0 0 0 6 0 0 4 0 7 2 220 0 205 0 0 0 0 0 1 158 0 0 0 14 227 0 319 31 1040 82 1484 0 1714 0 0 0 70 82 0 0 0 20 0 86 0 6 1 0 0 50 0 0 0 0 0 70 0 283 7 41 0 120 0 6 28 0 0 2 58 420 0 0 43 420 0 0 6 11 18 0 13 64 31 0 2120 94 0 0 188 0 0 77 0 0 235 0 0 0 0 1403 0 0 0 0 0 0 0 0 0 0 0 0 0 0 0 0 0 0 109 181 0 0 4 0 0
 0 0 11 5 133 89 710 0 0 0 0 0 46 0 39 0 44 77 74 1 0 47 513 0 0 0 0 12 10 0 443 0 8 78 0 0 0 0 0 158 0 0 0 0 99 0 5 1932 0 480 29 0 3 152 3316 0 0 513 0 3 900 0 0 0 5 0 20 0 0 364 0 1369 0 23 0 1 0 50 1 224 1 0 8753 0 43 0 0 0 52 74 0 0 1558 3 2 1 0 0 3 0 40 0 0 4 23 0 38 0 0 0 67 53 23 0 145 1 0 0 0 0 162 3 0 0 0 0 0 299 2270 760 1 0 97 0 0 9 26 0 378 0 13 0 0 23 0 11 0 0 48 0
 0 0 0 0 29 14 0 0 124 0 0 46 0 0 24 0 36 0 0 0 0 0 18 0 0 0 8 0 187 8 0 21 0 3297 18 123 19 0 49 36 50 131 161 15 21 40 10 706 64 0 0 0 10 0 0 0 0 0 0 0 16 0 0 638 114 0 10 0 23 0 231 0 69 162 0 13 388 143 0 0 32 0 10 186 0 0 0 0 108 0 0 2 0 0 0 0 121 0 0 24 0 0 0 0 2333 0 1 32 0 0 107 33 0 189 2 23 0 0 0 5 0 3 0 0 0 0 552 16 0 0 0 0 0 7 0 0 0 107 0 8 19 71 22 6 0 48 3 0 0 1371
 0 142 0 2 0 0 0 0 9 139 500 4 9 1 0 0 19 0 674 0 1 0 1471 0 0 0 0 0 24 0 0 48 11 0 41 0 310 0 0 26 8 25 77 0 133 34 0 0 0 0 1376 0 311 0 34 6 114 207 0 20 0 9 0 0 4 0 14 0 0 0 0 0 90 117 0 42 0 0 0 0 0 0 1 18 0 0 17 20 77 2 0 0 0 5 0 0 0 0 0 69 0 358 0 0 0 0 48 0 0 79 895 6 181 0 0 80 1 7840 4 0 0 0 4 0 223 0 0 0 0 291 0 0 0 16 66 0 1 69 82 0 20 10 16 0 0 0 0 154 0 1017
 0 54 14 152 3 0 0 51 63 0 0 360 299 52 7 0 0 119 0 61 0 398 11 5 0 0 0 0 0 126 0 13 2 0 4 43 100 2 0 0 21 6 6558 0 0 10 0 0 937 0 0 101 1074 170 67 49 0 35 0 38 0 25 205 0 0 0 0 0 0 0 0 0 0 0 0 0 8 0 242 0 36 0 0 0 190 0 235 0 109 0 0 11 93 0 18 23 10 13 0 0 0 0 0 0 16 80 0 0 0 473 56 0 925 5 0 188 0 4 0 36 60 0 23 0 0 0 135 0 24 376 0 0 11 0 0 0 0 0 32 8117 1 0 2 216 0 0 7 2 0 0
 14 0 52 0 1058 0 23 17 0 120 0 0 232 0 0 0 4 12 10 62 0 0 1090 0 1 0 8 1116 0 1437 163 0 507 0 10 0 0 0 0 0 0 15 0 26 2 0 0 0 1860 0 9 0 0 0 2 0 522 0 0 7 3 3 0 0 0 0 9 35 0 37 0 0 24 0 0 0 13 34 2 0 11 0 3 9 0 0 21 5 40 0 0 0 0 112 459 3 0 0 0 204 152 12 0 334 8 0 11 0 923 0 0 0 0 292 1753 19 0 5 0 0 2113 0 0 0 1 0 0 26 18 0 159 0 6 0 700 7 0 0 0 0 163 33 72 0 0 0 0 25 757 0
 68 0 276 0 160 0 99 0 822 23 0 0 1 0 0 0 0 17 167 36 13 45 0 16 0 0 8 0 0 6 0 4 45 0 21 0 0 15 0 0 0 1 372 4 0 0 54 17 0 0 0 245 14 0 20 348 0 0 0 0 73 0 1 0 0 0 0 0 97 188 0 0 0 0 0 0 0 2 0 13 25 0 2 0 0 1 0 0 279 0 0 0 295 169 5 2 0 0 0 0 27 90 12 0 655 0 0 76 0 9198 0 0 82 12 262 4 0 0 0 0 74 0 0 32 59 1 27 0 30 1 0 0 0 0 0 0 0 0 0 0 138 0 187 54 6 0 3 0 0 0
 0 0 0 0 0 925 43 0 0 0 9 0 0 48 11 2 0 0 185 1 0 10 4 4 0 51 0 82 753 0 1157 0 31 212 4 33 3 0 0 97 0 30 77 21 6 0 3 0 11 0 114 559 2 0 23 15 101 0 0 0 801 0 220 0 5 0 0 0 163 10 0 0 19 0 0 0 77 0 102 17 0 252 9 542 0 0 0 278 0 0 0 2 0 0 0 56 0 0 4 0 10 239 2 0 0 0 19 0 0 0 238 50 1202 0 0 20 71 0 5 0 31 15 68 338 0 0 86 12 0 134 0 0 0 1 2 0 77 0 33 21 459 126 17 58 8119 0 0 2 1 11
 0 0 140 0 0 5 0 1566 56 10 20 265 33 19 0 193 1431 181 28 94 0 0 771 0 0 0 0 0 0 211 0 0 107 67 24 13 158 230 0 0 0 149 0 16 9 9 8 9 0 24 103 0 18 528 5 2311 0 0 0 0 14 0 56 0 21 0 0 1 21 0 0 44 1509 0 65 0 4 66 0 0 0 26 0 0 0 0 0 48 0 0 0 251 0 87 79 72 0 0 0 0 0 50 0 0 0 0 0 7 0 0 46 52 0 0 67 0 311 0 90 5 1 164 22 0 0 0 0 0 0 1 29 14 2 6 0 1272 0 0 0 2 0 27 7 0 0 0 20 77 3316 1
 6 0 0 0 9 0 149 0 0 0 0 752 0 0 6 0 0 0 0 60 0 0 0 487 0 0 0 0 87 21 15 829 199 0 0 1520 0 0 1519 0 0 25 0 19 0 0 74 0 0 0 27 0 0 18 3 5 0 0 0 0 0 9 0 0 10036 0 1226 1354 0 36 1673 0 203 0 8 151 12 0 0 127 3 79 48 0 0 0 26 604 67 0 0 0 0 0 0 0 317 0 45 104 0 133 0 297 0 2 0 0 129 0 0 9 54 2 58 0 224 17 0 291 0 102 0 10 0 10 0 73 0 0 0 0 0 0 8904 0 0 0 6 0 0 0 17 758 0 0 0 2 11 0
 0 123 20 93 0 0 12 11 0 1 4 0 0 0 28 0 24 5 17 389 138 0 1728 0 0 33 32 238 0 4 0 30 105 17 40 7 23 13 2 5 0 0 0 23 97 0 6 128 541 265 0 155 59 0 0 88 11 0 0 7 0 0 110 33 0 0 0 202 25 3 56 107 6 0 0 0 3152 0 0 0 0 55 0 0 0 0 5 0 0 0 2 0 82 19 182 0 57 0 1501 0 7 0 303 259 0 0 0 0 0 0 0 0 10 453 0 217 17 0 167 0 0 0 92 236 0 29 0 8790 228 26 0 7 2116 0 6 49 0 37 0 14 5 0 13 146 0 0 0 0 0 0
 1251 43 97 0 198 0 49 0 0 504 0 74 0 0 0 0 3557 0 5 2 0 0 5 0 23 93 137 0 0 55 0 0 187 0 107 0 0 0 0 71 417 0 0 8 0 231 0 0 11 245 16 0 127 0 5 0 0 0 0 1571 24 0 16 66 769 0 390 83 0 185 0 79 0 5 0 1 0 0 233 0 13 416 391 0 0 1343 0 0 0 0 0 0 4 0 6 0 77 4 0 0 538 0 6 0 15 1320 0 0 0 7 53 5 15 31 0 242 0 0 1666 22 0 0 7 0 0 0 1 0 37 0 70 120 18 73 4 0 29 712 0 91 7 0 212 0 0 13 0 75 51 0
 0 0 96 21 26 0 60 0 0 18 0 0 0 0 0 0 0 0 0 2 0 324 10 0 0 0 33 187 0 166 7 0 0 3 0 0 0 0 35 24 0 44 0 240 0 54 6 0 0 0 0 0 0 13 9 13 0 0 3 26 18 0 0 33 628 0 5 0 466 0 0 57 0 0 0 0 27 0 13 6 0 8 1503 8 0 48 836 0 1 0 0 9 2073 0 0 0 0 0 8 206 13 70 0 0 0 2 0 0 0 14 0 0 0 0 0 19 2 55 359 0 2 0 0 27 89 0 324 108 56 0 4 0 140 0 0 763 93 0 0 740 0 0 0 0 0 30 4 12 42 0
 2 15 0 50 39 1 0 0 259 18 0 13 74 0 1 13 78 0 59 341 0 43 0 0 201 97 0 0 0 0 0 0 6 8 139 0 0 71 0 66 0 0 0 0 5 0 18 238 0 4 0 187 19 0 40 185 0 0 0 0 18 2 161 763 1 0 444 0 0 0 182 4 243 106 0 10 34 13 0 0 0 0 0 0 0 0 0 224 3991 0 2 0 0 27 0 448 0 0 0 2 1 0 11 0 0 6 0 67 0 0 0 4 33 0 0 0 0 16 0 14 0 2 67 0 11 19 1158 0 0 0 17 2 0 70 0 0 0 16 0 0 78 0 0 0 41 4 0 0 28 0
 52 2 0 0 60 0 63 0 0 2 17 0 174 0 0 96 4 160 86 0 0 6 0 0 0 0 0 0 85 72 96 31 0 0 0 0 3 0 1 257 0 0 0 193 39 4 33 850 0 83 0 0 1 35 0 23 1 18 2 0 0 0 34 0 2053 0 0 353 21 0 0 0 61 21 0 0 0 0 0 940 411 64 0 0 0 1 0 74 521 72 0 0 67 0 875 0 0 0 0 0 0 0 8 0 0 21 0 195 0 0 87 47 0 0 22 0 23 66 0 186 0 745 144 0 176 0 99 0 8 0 11 0 0 0 26 0 0 2 67 0 0 38 0 0 0 110 0 3621 0 0
 0 401 102 37 30 19 10 395 0 0 0 0 0 28 0 0 130 0 0 0 1152 10 28 0 0 0 0 7 0 17 0 0 9 0 0 0 0 0 0 0 676 0 0 5 12 143 0 6 3 0 0 61 233 0 0 0 48 32 0 0 487 883 44 357 41 16 3 0 189 42 0 0 18 0 0 5 0 6 0 27 0 0 0 37 0 0 346 11 9 0 84 3 0 0 0 0 159 88 0 0 0 2 0 4 4 0 0 0 1452 179 0 0 0 17 0 0 0 0 182 183 0 0 169 73 0 37 93 16 0 4 0 5 0 0 10 0 0 0 18 0 713 0 0 0 60 0 191 53 12 0
 112 0 0 1582 32 0 68 0 344 7 97 0 26 0 0 51 0 490 449 41 180 8 632 3 0 95 0 0 232 292 0 0 24 78 882 3 0 0 6 0 5 18 0 0 0 63 2 0 80 0 14 202 71 0 66 0 0 26 0 0 13 0 0 0 0 0 27 355 13 224 0 229 0 0 0 0 0 85 33 0 47 0 8 0 0 79 5 46 0 3 0 55 2 0 12 0 0 0 66 10 0 0 0 67 0 0 0 0 0 0 306 11 7 0 0 0 0 0 81 0 0 38 0 11 0 0 242 0 0 0 1 0 3 0 0 0 0 39 0 0 0 2 0 0 0 0 0 12 1551 11
 1 0 56 0 0 3920 0 0 418 294 0 0 0 183 13 4 11 43 0 3 0 34 0 2 390 236 0 20 29 0 0 41 0 366 10 25 0 0 0 0 0 0 0 0 0 0 0 210 0 150 0 0 0 0 20 49 1198 20 28 0 0 1018 0 0 3 0 239 40 48 0 134 123 0 12 0 0 766 43 0 16 0 32 0 0 511 159 0 120 74 0 70 0 0 60 9 0 13 0 12 0 470 0 0 2209 1198 84 0 0 389 0 1 36 212 296 0 32 1 10 0 274 203 156 118 0 151 1 87 0 0 12 8 19 7 0 11 0 0 0 5 0 53 25 0 70 7 0 0 0 17 294
 0 0 0 48 0 10 112 2 15 66 34 19 507 0 0 0 0 0 0 0 0 1 5 0 0 0 0 298 0 0 0 0 0 22 191 130 94 0 1453 8 0 140 1025 106 0 21 0 6 0 0 0 0 194 0 1 0 0 1932 0 0 0 0 11 743 284 0 0 0 22 14 0 0 29 0 2 16 616 0 12 8 0 0 1972 87 0 0 0 0 12 22 38 0 0 2 0 0 0 0 0 0 23 95 4 0 0 0 23 0 0 0 0 0 4 0 8 0 541 0 0 6 71 137 0 33 0 46 0 99 0 23 12 1452 0 0 53 0 0 56 470 0 0 0 0 72 0 12 77 489 8 0
 0 1927 0 6 0 223 25 0 30 0 99 53 0 0 3 1 0 0 0 0 925 0 8 1 16 1464 1 390 0 0 9 0 0 266 12 0 0 39 32 7 0 86 0 41 125 0 0 1957 0 0 904 0 0 0 642 6 1459 0 339 0 74 985 473 15 0 14 19 7 532 91 0 49 0 0 272 1 0 0 0 138 0 0 0 9 4 54 68 25 169 160 108 0 0 49 307 5 0 0 0 122 0 0 0 0 9 61 0 0 512 0 8 28 242 9 8 8 0 16 30 0 203 0 2 0 25 0 0 15 34 0 0 0 6 0 1 3 777 0 0 0 3 0 0 0 7 0 0 112 324 0
 4 19 70 0 0 7 0 388 0 321 274 8 0 324 0 47 209 0 53 0 89 20 0 1 0 0 0 17 122 0 3 12 0 18 355 581 0 0 163 0 0 51 0 0 0 0 189 6 0 0 68 0 0 0 53 0 0 0 0 361 8 0 1 0 0 0 12 0 0 0 13 4 3 368 509 620 0 0 0 0 50 1 1 284 10 0 0 159 12 0 9264 0 96 0 0 0 28 0 0 0 2 2 12 38 0 0 1 19 0 0 0 57 13 75 0 58 125 0 0 0 15 0 0 68 9 0 15 388 0 0 0 0 1950 0 5 7317 1 5 0 0 0 0 0 522 0 0 598 0 250 0
 0 0 0 0 0 0 0 0 0 0 0 4 6 0 0 3 0 298 0 21 1 0 0 0 0 26 6 0 5 0 0 0 10 0 17 0 321 0 0 2643 0 151 0 16 13 0 0 0 0 0 0 11 0 0 254 0 0 0 0 4 350 0 0 0 63 0 6 0 0 0 191 28 0 89 0 0 22 4 0 318 0 653 0 0 0 66 0 14 0 750 151 105 0 1 208 0 59 25 0 1 0 2227 0 0 0 0 0 315 66 0 81 69 57 89 0 498 136 0 1 3955 0 0 0 743 0 0 0 109 45 16 0 152 72 0 64 0 0 0 48 2 1695 0 21 0 130 0 12 26 0 0
 0 0 841 130 21 481 0 768 9 0 8 0 0 0 123 0 0 0 0 0 27 0 0 0 15 500 7 6 125 0 0 0 0 301 17 4 0 2 17 0 0 19 0 19 0 0 33 257 0 63 0 0 0 20 26 0 0 0 0 0 120 0 2 0 2 0 743 32 97 0 363 11 38 0 34 0 0 0 0 311 0 0 112 9 40 0 0 0 0 21 3 50 20 0 0 1 0 0 0 138 0 118 0 3698 0 68 78 0 0 0 676 0 0 13 0 60 0 0 0 29 0 27 0 0 23 9 0 0 0 0 11 0 0 0 0 45 0 595 7 0 0 16 10 41 22 10 0 251 0 13
 0 0 0 0 0 1 0 11 0 123 772 57 0 3 0 12 0 1217 54 0 55 0 1217 337 0 32 0 0 85 0 42 0 0 0 44 0 0 11 0 0 0 0 48 0 8 120 21 0 0 80 0 3042 25 80 2 0 2 0 0 0 0 0 3 1 0 0 0 0 0 0 0 17 0 33 991 376 2 0 0 0 0 0 0 22 0 0 35 0 184 82 306 5 13 144 0 103 956 12 0 0 0 0 24 0 70 0 993 0 0 0 6509 57 0 0 459 51 0 0 0 794 33 65 0 0 0 0 0 0 70 0 1419 0 0 0 9 37 0 0 28 43 0 1 21 0 0 0 6 0 3152 0
 11 0 0 0 0 0 0 0 52 0 0 0 0 0 85 995 0 0 1 526 27 0 0 136 0 207 0 0 0 1 10 35 17 678 0 64 16 0 9 0 0 0 0 0 6 0 0 0 89 0 7 0 31 0 112 1 389 0 1849 378 20 1 0 21 126 0 922 19 5 17 0 6 1501 0 215 0 1352 0 0 2 0 0 53 0 86 15 0 0 0 4 0 0 1 11 13 0 0 11 0 0 655 63 0 0 2 0 0 0 3 16 53 83 90 3 0 0 0 0 0 1 7 47 0 0 0 0 0 148 0 0 158 80 0 0 0 4 0 0 34 0 1 0 0 1 0 97 0 0 0 2
 1714 104 72 20 67 13 0 13 0 0 0 0 0 0 0 0 0 0 0 571 0 4 0 0 512 33 70 250 0 13 54 0 43 2066 1 0 0 96 12 1 0 4 0 0 0 15 354 7 198 0 245 53 0 972 404 0 0 77 0 0 87 37 5 0 0 0 932 263 393 0 3 0 1 0 0 0 0 0 504 0 0 0 175 0 0 0 10 0 35 0 0 0 19 0 4 0 0 0 0 0 0 50 0 0 11 298 53 166 0 210 0 14 1425 98 0 85 0 0 32 0 2 0 59 0 0 16 4 0 84 0 1 0 0 0 0 0 50 25 0 25 3150 6 1406 97 0 5 0 0 36 27
 89 34 0 0 2 0 0 0 0 0 2 36 597 12 0 0 284 0 0 0 0 5 21 0 0 0 0 0 1 0 0 0 0 2 85 1 0 15 0 24 10 0 6 0 0 0 1006 0 0 0 0 7 1042 0 13 337 15 0 0 387 0 0 22 0 4 0 0 0 1054 0 7 0 117 0 0 0 0 58 13 0 2 2 0 0 0 0 0 0 0 49 0 96 0 0 981 0 60 0 0 0 28 4 0 0 489 0 0 0 0 0 120 463 174 2 0 0 12 86 771 31 0 0 118 31 157 3 0 1 341 0 0 27 302 0 30 2 0 0 0 961 0 813 256 15 166 0 34 0 0 0
 0 25 0 0 4 26 0 0 18 0 0 0 0 0 0 0 2 0 0 9 0 36 79 0 0 0 0 0 0 0 0 127 0 0 0 972 54 0 0 33 18 0 0 0 94 0 0 0 0 0 0 0 0 9 213 822 0 18 0 27 1910 15 38 0 7 285 0 0 0 0 2 0 26 0 187 0 172 0 0 359 0 0 0 95 5 0 0 22 0 0 0 2 35 0 1 50 0 0 5 63 1419 0 0 9 10 13 0 541 17 27 134 0 12 0 8 0 1205 23 12 0 0 0 9 0 118 31 37 1 0 0 29 0 0 0 0 0 10 54 0 24 1 1 20 0 0 0 0 0 0 0
 0 0 0 118 0 12 4 0 3 0 3 0 6 484 0 0 0 0 30 58 0 125 11 0 0 0 464 0 6 0 3 0 3709 0 0 233 1055 0 0 0 17 0 29 12 5 0 0 373 0 828 0 2975 0 38 0 36 0 0 0 10 0 4 4 10 0 0 0 28 0 302 36 22 0 142 14 617 0 0 0 0 0 19 18 0 0 7 0 1 0 0 0 0 407 50 0 78 0 0 17 10 25 0 0 0 22 0 0 0 0 0 0 7 0 0 0 0 0 0 443 60 0 23 8 0 0 0 8 0 0 0 0 79 4 0 0 0 0 994 37 0 153 0 17 0 0 0 36 0 5 9
 0 0 1209 9971 0 27 0 219 880 0 0 0 21 413 0 0 5 0 0 59 9 0 570 19 101 0 36 50 0 28 4 0 242 435 0 0 2 0 0 19 2 11 2 17 0 0 0 4 359 0 0 0 0 22 0 6 1 0 0 0 0 0 0 393 7 63 0 0 0 0 2 1 428 0 0 0 0 96 71 107 0 0 0 202 0 212 30 19 0 290 828 10 0 0 1283 25 0 1054 6 0 14 0 1 3 0 0 0 318 0 1 0 0 0 0 0 0 0 6 1 0 311 1469 0 0 13 0 0 0 15 6 0 7 0 42 0 82 0 0 237 0 0 12 0 0 0 0 288 616 0 0
 3 0 0 0 0 0 21 0 223 68 4 0 247 0 0 0 3 0 44 158 0 45 3 26 18 2 0 0 3 0 0 123 0 0 26 36 41 11 2 988 0 0 172 0 71 0 3 0 0 0 40 284 0 3 1 0 0 0 0 0 16 0 0 0 358 31 12 35 39 17 0 0 0 95 0 2 0 0 0 42 0 1 0 1904 0 4 77 0 0 92 0 0 211 0 0 716 9 0 292 0 0 12 574 0 13 3 0 0 0 0 0 122 0 0 0 0 0 32 1203 0 0 0 56 85 0 13 6 12 0 22 0 1282 0 0 0 0 0 0 0 0 0 2 0 0 0 0 404 0 6 80
 0 74 0 0 10 90 0 28 124 0 23 2 175 0 6 1 0 0 2 0 112 0 9 0 32 0 0 0 64 0 2 0 0 1 70 1051 0 0 25 0 18 0 3 1 73 3 0 0 0 1938 1 189 9 0 186 0 10 5 1 2 1349 0 19 0 0 0 188 7 1222 0 0 7 0 0 0 70 0 0 911 7 82 213 0 0 121 56 23 1 0 63 0 103 0 130 0 0 0 0 16 99 0 0 1 1923 0 28 64 0 0 4 0 222 0 384 0 33 79 0 0 90 602 9 6 8 0 0 0 0 0 32 451 0 53 15 0 0 12 1379 0 0 0 2 0 0 343 5 0 0 55 0
 4 8 0 0 0 8 0 1 0 0 0 25 2 3 0 367 27 0 0 0 0 0 154 60 3 0 0 744 0 0 24 34 0 0 0 282 0 0 52 2 0 609 35 547 0 0 0 0 925 50 4 0 0 0 0 0 69 0 0 759 75 0 12 5 30 0 0 0 0 0 0 0 0 0 13 0 17 592 7344 158 5 0 0 0 0 0 27 4 0 120 0 0 29 4 130 0 351 0 42 54 22 0 0 51 54 0 2 0 0 0 20 0 3 22 11 7 0 0 0 0 100 224 0 3 11 17 52 15 1469 220 0 0 82 376 0 74 428 8 12 0 25 534 59 0 1 179 0 0 32 5
 51 0 10 5 8740 7 11 6 0 0 0 0 343 14 5 1 1980 32 0 971 278 112 0 0 285 10 13 13 3 589 1 2 8669 0 0 0 0 4 0 0 67 0 0 0 1 38 2 2 5 33 0 0 51 33 101 8 90 9 12 46 2419 0 0 106 0 0 8 177 0 0 23 0 0 0 0 34 0 6474 15 16 17 0 0 2 0 0 0 1 0 0 0 0 6 8 0 3 0 0 0 1057 164 0 0 1 0 0 0 0 130 0 0 253 0 14 0 22 169 0 253 2 0 91 0 820 0 0 4 0 0 3 0 66 44 0 0 0 757 0 18 0 211 128 21 0 0 6 0 0 152 0
 0 0 16 11 8 167 11 1 19 0 0 0 0 0 0 0 0 0 9292 0 2058 13 507 0 20 0 0 0 0 0 61 0 0 2 11 24 0 193 1 0 155 0 0 18 0 58 64 0 0 0 0 0 1 1 77 0 0 0 0 0 1931 388 836 0 0 93 0 8 9222 4 0 3 0 0 12 75 0 222 675 0 0 18 0 3 207 2 0 0 0 0 0 0 0 663 9 0 0 108 4 23 0 77 0 0 0 18 0 0 8 0 0 153 0 242 0 19 0 9291 0 100 18 13 0 0 673 0 0 0 0 47 0 22 25 0 0 13 0 0 0 0 0 376 0 4 0 292 168 15 0 0
 22 0 0 269 837 26 12 3 0 0 0 0 35 0 0 61 4 0 0 144 1566 14 51 347 1 0 18 17 15 23 0 3 13 0 1192 0 0 0 0 0 0 3 15 0 99 482 5 0 0 18 6 21 0 0 0 0 0 0 0 0 0 3 966 0 75 7 74 0 0 0 0 0 5 0 4 0 42 0 9 0 14 0 45 0 0 12 0 136 0 0 0 20 0 0 724 0 7 39 119 0 14 0 1 11 0 0 0 0 2 0 0 2 80 0 19 42 0 2357 358 0 174 68 65 0 0 27 0 233 600 0 0 0 8 0 86 97 0 0 0 0 0 39 0 74 5 144 32 148 0 486
 22 0 518 1 33 0 0 0 172 0 35 55 0 0 0 0 0 0 0 0 32 0 0 990 6 0 0 96 0 0 422 39 97 861 3 0 0 18 0 0 0 0 1 61 722 0 0 0 0 0 33 11 0 74 2 0 0 82 0 0 3 588 83 223 0 0 19 10 89 442 0 0 0 29 35 0 51 16 0 0 5 0 0 1 8 539 519 65 651 171 5 0 0 0 0 4 6 0 2 0 30 0 89 10 0 0 109 0 0 0 0 0 5 0 5 52 0 254 0 0 2141 326 54 12 48 11 130 0 0 15 0 22 0 0 0 0 0 4 0 3 52 0 38 0 0 197 0 0 0 59
 0 93 0 59 720 0 127 0 0 0 0 22 0 196 0 0 39 0 21 9 0 0 0 42 11 2 0 1469 0 1 0 0 1 37 0 0 0 0 0 75 0 36 0 0 55 76 28 50 0 0 109 0 1 163 0 0 0 0 7 3 0 0 0 0 0 1 39 1445 2 23 0 4 0 0 26 0 0 0 0 0 25 0 279 0 460 0 0 0 0 1746 144 316 0 65 36 0 182 0 0 1 0 76 0 0 25 2 0 0 0 0 0 573 5 0 197 0 1 0 0 0 0 1 0 3 24 120 0 0 18 311 0 199 320 4 39 319 0 3 0 13 0 301 8 364 27 193 224 0 0 0
 90 8 0 0 2 0 0 0 4 0 0 0 15 886 0 0 7 0 0 0 19 0 0 0 0 0 730 8 13 56 0 12 0 76 0 0 196 32 0 55 0 0 0 1 0 49 96 0 10 40 78 122 0 14 0 471 2368 1121 0 0 26 645 68 0 0 11 0 0 0 0 0 0 12 0 0 22 25 0 0 0 11 0 83 0 9 44 193 70 0 1 0 0 15 0 13 6 0 78 0 861 0 814 36 3 0 0 0 8 1 4 0 0 8 127 1521 0 0 0 0 0 59 37 2422 0 22 0 0 0 0 0 22 0 0 0 0 0 131 64 0 0 0 0 0 0 0 1206 0 0 0 58
 57 58 0 22 0 0 0 190 0 0 299 26 0 0 0 0 0 0 21 0 0 0 36 0 201 2 82 0 4 0 0 16 0 0 1504 636 3 0 117 2 0 0 0 13 0 0 6 0 0 0 0 121 0 0 0 0 353 80 0 495 541 0 205 0 0 10 235 0 0 495 2144 2963 0 0 0 35 0 4 0 0 20 0 0 19 7 0 0 2 10 0 74 0 49 12 0 0 60 44 0 0 105 0 0 4 0 206 0 14 4 0 87 0 5 8 0 10 63 0 33 134 505 14 0 0 0 52 0 0 0 10 0 0 0 0 0 0 2 0 142 0 14 22 0 49 0 0 0 0 11 0
 0 15 2 0 0 0 76 37 0 0 45 22 11 0 0 0 70 0 0 1022 0 0 0 1 0 0 0 0 485 0 125 3 0 36 271 0 0 157 19 51 0 69 29 0 0 2 0 0 1 35 228 0 0 6 0 0 0 1457 64 351 0 0 0 0 0 110 0 0 0 0 10 19 1429 14 0 8 0 6 54 6 0 0 0 7 19 0 95 3 1430 3194 1 20 0 19 15 427 15 0 58 0 0 0 46 0 15 0 0 0 0 0 0 66 0 0 7 38 0 0 37 2 24 0 0 0 17 0 0 32 393 797 106 217 0 980 0 212 0 0 0 0 469 19 0 13 0 0 0 0 0 0
 0 0 0 116 0 0 0 0 1 0 6 0 0 10 0 122 0 0 0 464 2 127 0 0 0 40 0 553 35 0 14 0 0 904 541 46 0 11 0 0 0 94 21 23 13 0 447 0 13 0 0 3 0 4 0 5 117 0 0 140 4 0 0 0 0 40 0 0 22 292 10 0 0 0 727 18 0 0 0 0 0 0 0 128 0 0 0 0 0 47 358 0 0 3 0 0 0 0 0 136 0 4 0 0 156 0 0 0 53 0 0 24 45 0 22 0 756 0 0 1 40 2 0 38 56 0 0 0 134 0 0 0 1075 0 0 0 0 2 68 0 0 0 49 400 0 0 0 0 33 5
 0 45 16 78 0 36 23 0 0 24 3 64 353 11 4639 0 48 0 0 343 0 0 2 217 0 928 57 39 52 0 0 33 7 105 24 0 13 8 0 0 0 221 0 58 211 0 0 0 0 3 0 17 156 17 7 0 16 0 0 0 2 11 0 0 0 3 0 107 0 15 0 0 186 4 0 3 0 0 0 3 1 7 0 0 31 9 0 114 24 0 0 88 0 0 10 9 18 0 0 0 0 384 0 7 612 3 23 0 0 0 139 0 0 8 0 4 53 15 0 20 82 0 0 0 10 0 36 0 103 0 0 420 729 0 2 56 0 0 8 75 2 18 0 0 16 47 0 0 1 0
 0 11 0 0 0 61 205 7 0 113 0 4 0 39 0 0 0 0 0 1 0 0 0 0 3 7 0 0 367 19 18 0 0 74 6 10 21 0 0 0 21 3 0 0 0 0 126 0 5 22 18 18 0 0 0 0 221 0 0 19 0 44 139 4 0 11 0 20 256 10 0 10 0 0 0 0 2947 1287 15 11 76 0 408 0 83 0 42 288 0 0 0 0 0 0 641 21 0 0 0 0 41 0 2 0 0 1051 0 45 0 0 2 363 0 0 42 0 0 209 0 14 0 31 14 138 0 0 2 0 0 49 0 46 0 29 13 1056 0 0 0 106 0 1246 0 51 0 3 1 0 0 5
 310 0 0 0 0 625 69 0 3 10 141 0 243 0 0 270 11 0 569 0 0 4 0 0 233 52 40 4 0 56 0 63 0 0 0 0 4 0 0 0 211 74 0 0 148 0 0 1 0 0 0 0 0 16 3 0 157 52 17 0 0 0 0 0 228 45 0 206 11 66 1 0 0 5 0 21 0 72 70 0 2405 0 0 307 0 22 7 15 0 0 0 0 0 836 264 0 2 0 834 0 0 0 3 0 437 64 0 0 3 0 4 24 0 21 0 0 5 0 34 335 0 0 0 369 0 0 28 7 45 0 5 0 194 19 0 0 36 0 0 0 4 83 350 0 0 17 0 37 102 0
 0 164 0 503 0 24 0 0 0 0 0 0 6 0 0 0 104 0 0 64 0 0 0 0 120 0 292 1 7306 1305 0 0 40 0 34 225 3863 2089 0 264 0 0 590 51 0 24 139 83 87 0 5 0 45 0 0 22 0 329 19 0 0 98 0 0 48 0 383 603 8 198 2867 0 0 15 38 0 14 0 0 4 5 52 298 0 1 0 0 0 77 0 391 3 0 0 30 0 0 0 194 0 0 0 0 18 45 923 10 0 0 49 0 0 201 0 646 0 287 0 94 0 0 5 8 0 0 8 201 15 375 0 128 6 12 66 0 0 0 0 29 0 24 0 582 48 608 9 2 32 58 0
 5 0 0 0 0 0 0 0 0 0 100 0 7312 2 0 0 0 1300 4 0 204 0 1082 35 284 4 298 652 0 0 0 5 0 4 0 0 0 0 13 181 0 0 25 0 0 0 174 0 0 0 93 0 2 82 184 0 84 0 0 927 0 15 9 0 0 0 12 0 0 1 0 2652 0 0 0 241 0 88 33 90 78 0 164 262 0 0 14 0 0 0 0 103 0 0 2 0 0 0 6 204 264 0 62 10 49 5 0 2 264 0 0 0 0 87 0 0 0 0 0 127 0 394 175 0 1 0 0 67 0 51 197 0 98 0 0 553 0 0 0 0 305 0 249 0 0 948 0 0 25 404
 51 62 104 45 250 14 0 0 0 118 0 0 0 0 0 0 0 0 0 0 0 2079 1 0 0 0 0 0 0 0 0 0 0 0 0 18 31 0 0 236 0 0 9 0 237 998 7 31 9 0 4048 0 92 0 951 22 0 0 86 1 0 0 32 0 0 37 0 0 16 207 0 362 0 78 0 1 0 7 0 0 0 0 198 575 4 0 0 2 32 68 407 0 0 0 4 0 0 0 104 0 0 0 0 25 0 16 0 55 0 22 21 6 13 4 0 28 47 80 0 0 969 0 700 0 0 0 0 24 0 0 0 0 0 0 3 0 107 0 44 0 25 0 3 20 0 0 1 0 0 5
 0 0 0 25 0 0 0 0 6 57 0 0 46 0 0 0 0 0 351 0 0 0 14 3 0 0 0 92 8 13 2716 0 66 0 0 0 0 101 191 5 0 6887 198 49 3 0 18 41 0 22 122 17 0 1 0 0 0 0 1399 75 4 0 0 347 16 0 0 244 0 5 41 0 0 3 0 0 20 0 0 0 34 0 205 44 962 1 0 4 28 0 0 0 286 56 0 20 0 0 0 0 503 0 44 0 18 126 28 0 0 0 35 14 0 144 6 106 0 0 0 0 282 0 0 0 6362 266 1 55 295 0 0 0 0 798 37 0 0 25 0 0 16 136 0 31 0 0 4 0 0 0
 0 0 467 0 41 0 0 305 14 0 0 65 0 0 0 3719 12 0 65 0 10 0 0 223 0 286 0 5 6880 10 0 0 16 0 16 5 0 54 0 0 0 413 92 168 77 0 0 36 0 0 0 0 227 0 277 20 190 9 1 0 17 0 0 0 0 0 0 185 0 20 23 0 0 11 468 52 0 15 0 0 41 0 10 0 0 10 31 0 31 0 23 363 59 0 0 15 0 54 0 2 0 0 991 87 0 0 0 92 0 205 24 1 0 0 21 32 0 0 0 76 0 0 0 0 1 16 3515 34 0 410 470 0 0 3 0 0 10 0 0 0 10 0 0 0 526 2 0 0 0 181
 0 0 0 0 15 0 58 0 0 5 0 0 3017 23 0 0 81 13 158 0 40 0 0 0 0 0 0 1464 5 37 1 5 0 33 0 2 12 4 0 0 0 0 1637 0 26 0 0 0 5 15 719 0 0 0 7 29 0 0 0 0 208 0 0 2403 69 0 13 0 0 0 0 17 11 0 0 0 0 0 59 331 0 779 19 357 0 4 3 32 0 0 58 119 18 0 72 0 0 95 139 2 95 0 0 70 0 0 0 3 0 35 1613 0 168 12 19 8 0 2 0 0 0 0 0 0 17 0 2 1198 5 52 1210 0 459 45 0 65 0 0 4 10 289 0 182 0 10 0 447 407 0 30
 0 0 0 0 0 54 0 2 11 16 1 29 217 1053 34 1553 3 0 16 0 358 0 44 42 0 13 0 7 0 305 0 0 0 263 37 0 216 0 0 476 0 5 669 10 0 95 116 0 1 136 4 0 0 440 0 0 0 27 3 0 120 572 0 26 4 0 0 0 0 11 0 11 306 116 2 0 53 1184 0 118 0 0 53 0 7 0 0 0 0 0 0 0 0 2 0 116 0 6 9 0 382 0 0 52 0 0 0 270 53 0 203 0 6 0 0 0 0 0 0 371 0 0 0 0 0 0 64 0 0 79 0 2298 2 0 0 10 0 0 2116 0 0 0 0 108 38 0 0 0 0 0
 0 0 629 1803 25 17 0 83 0 17 0 0 0 219 4 70 118 0 0 0 45 77 111 2 3 107 137 0 0 115 21 0 3 0 0 0 10 0 0 0 0 0 370 390 0 446 0 0 0 88 0 6 6 0 0 0 16 3 66 5 0 0 0 393 0 0 2 14 60 0 0 0 298 0 0 60 0 92 3 87 3 0 2 0 70 10 81 0 0 187 51 384 174 0 0 43 0 67 96 1 0 30 0 2 470 0 0 0 1944 78 104 1275 93 1 0 0 0 5 1 0 0 0 758 0 0 0 0 0 9 0 17 119 0 0 0 34 0 0 0 424 2 0 2 0 0 0 0 602 0 0
 0 56 0 23 70 298 0 494 0 0 0 95 0 0 0 0 4 67 0 0 0 2 0 0 197 6 0 0 0 0 930 0 0 28 0 240 2 0 0 0 0 0 198 0 15 0 0 376 0 0 21 2 47 45 379 0 0 0 0 23 0 155 0 95 54 6 165 0 285 0 0 0 0 0 0 0 4 0 0 55 0 0 3 114 10 0 10 0 0 305 0 0 17 15 0 309 0 29 0 0 185 3346 329 0 8 167 0 1 16 7 21 31 2 66 0 0 0 27 99 0 5 155 2089 11 0 235 1972 26 1151 0 2 0 0 0 44 0 0 0 0 0 0 0 0 36 507 0 0 0 10 219
 1 916 25 0 0 0 0 0 462 1 0 0 0 178 62 964 0 55 745 6 0 74 0 40 0 1 0 0 0 363 3 0 0 0 0 0 3 12 32 2190 37 0 0 0 7 0 76 16 8 0 0 37 0 0 325 12 52 57 0 155 0 30 137 37 0 20 2 0 0 0 25 0 0 0 0 0 310 31 13 0 0 1 9 54 0 0 86 0 321 0 8 0 0 1922 2 0 0 5 63 266 0 0 8 82 0 518 0 0 5 160 0 1 0 13 0 7 35 0 0 389 207 0 4 0 0 0 0 23 0 0 458 0 0 241 15 0 0 602 0 9 0 215 0 0 0 7 34 0 0 0
 0 125 17 0 218 0 0 0 17 18 493 0 18 0 0 0 21 0 0 0 0 0 0 0 2 0 0 0 302 0 0 44 0 0 0 0 0 299 0 0 8 0 0 0 2 0 0 10 7 10 0 316 5 0 0 2 8 4 17 2 32 0 0 0 0 1 0 7 0 0 64 123 0 9 0 14 0 12 0 1 0 0 0 0 22 69 0 0 15 52 0 0 0 16 0 0 0 4 0 19 104 48 0 0 65 0 3 8 0 99 3 0 3 0 0 10 3 34 0 0 0 0 23 1400 0 6863 0 19 5 0 0 0 0 0 0 0 0 0 282 17 0 404 13 0 3 1 0 0 0 0
 0 24 0 0 0 0 771 2 951 0 21 7 6 18 778 157 48 0 0 0 0 0 0 9 13 0 0 9 48 101 0 0 0 95 0 0 0 0 66 0 0 51 21 0 38 3 90 6 13 925 0 32 28 0 167 0 13 0 0 0 0 0 3316 75 0 0 0 0 0 0 0 16 0 0 0 0 7 2 0 0 0 9 1209 0 0 0 4 47 6 0 0 36 0 0 837 0 0 937 0 4 0 23 0 26 29 29 0 0 0 0 0 1 282 18 0 233 8 8775 48 0 0 0 0 0 0 116 128 0 224 4 0 0 3 0 0 0 0 0 11 14 4 0 0 29 0 0 24 0 16 0
 0 1215 25 0 2009 0 126 7 0 0 0 619 0 20 0 0 0 438 0 0 0 0 0 18 0 0 0 1 0 0 385 0 3 0 0 10 0 0 23 0 176 7 0 1 21 577 3 0 330 260 276 0 0 417 140 0 247 0 0 2 0 1229 87 12 106 0 0 215 0 7306 53 0 0 75 250 14 83 5 15 0 1217 15 1155 71 0 325 1037 1116 0 67 0 0 0 168 107 0 9 0 0 0 0 59 8 0 0 73 42 4 3670 34 19 40 0 0 0 120 0 0 689 0 0 159 0 0 27 0 53 0 1 98 0 0 10 0 69 3 3 596 14 0 3295 0 128 33 0 0 72 3342 0 1
 0 2 0 0 0 2 0 1200 0 0 13 0 1 0 5 0 759 163 48 117 1751 0 0 17 248 12 0 925 0 49 6 541 11 53 0 0 0 0 0 28 1 0 0 757 0 0 0 0 0 0 0 0 19 19 0 18 59 3 69 82 0 0 0 62 9291 6 0 0 20 70 0 0 513 0 75 0 0 125 0 479 0 0 37 0 1268 0 151 50 839 6 0 0 360 8 41 159 0 13 61 0 0 0 0 0 8 0 0 1203 14 0 0 21 16 0 0 95 0 0 47 5 2 232 0 0 28 96 15 41 0 0 0 204 0 0 2 5 4 1 960 0 16 0 48 0 0 0 16 243 9 0
 0 0 0 14 138 0 0 0 0 0 0 75 0 13 24 1 0 18 0 0 0 13 0 0 0 30 0 0 0 0 0 0 0 24 42 130 9 0 0 16 0 2 0 0 0 155 0 409 31 25 36 6 0 0 403 79 21 0 512 0 0 0 15 7 168 0 0 11 13 0 0 0 25 2359 0 0 0 0 0 17 8 0 0 0 0 2 1 0 0 5 389 46 0 975 2 0 1404 0 0 0 1020 0 0 0 98 295 0 0 0 0 0 0 64 5 36 15 583 7 17 1 0 96 0 0 5 41 39 0 0 120 0 0 0 0 0 0 60 34 0 0 227 24 0 206 0 0 108 0 0 0
 0 53 761 7 10 0 0 0 11 453 92 224 0 75 99 0 0 0 0 14 317 0 1 0 0 5 0 735 2 0 20 0 0 0 8 0 0 0 0 104 0 0 459 0 0 8 44 142 44 0 0 0 0 4 12 0 0 5 25 0 17 69 0 208 0 117 0 2 58 38 0 51 0 1 127 0 5 15 35 0 0 0 0 698 390 5 0 0 0 100 0 0 0 7 0 0 0 0 70 5 3 24 24 54 94 75 0 0 56 0 0 4 289 0 5 175 24 3 21 71 0 0 0 0 3 0 720 0 184 1900 781 0 0 146 0 232 0 0 0 30 41 2 24 72 0 0 0 12 0 0
 0 0 0 0 6 0 0 0 9 0 48 710 160 0 0 0 508 0 13 0 11 0 0 0 0 0 0 7 10 0 9 0 0 0 1 0 60 0 0 4 7 0 67 0 0 3654 6590 0 0 34 0 0 0 0 0 166 124 441 995 0 0 1376 57 38 819 0 0 0 92 0 0 59 0 1 0 0 666 0 10 0 87 270 0 0 2 0 0 0 37 176 0 121 7 0 34 14 0 0 10 0 19 0 417 22 6 3 0 0 58 0 0 13 0 0 6 10 0 0 0 0 0 0 0 59 1366 0 7 12 0 2 2 94 305 44 0 0 90 131 0 0 5 0 0 0 0 68 0 0 5 0
 0 219 0 0 0 0 0 3 0 405 3 8 0 0 0 7 0 0 0 60 0 0 0 0 242 0 0 20 42 84 0 0 269 256 8 0 40 0 7 3 0 0 3 0 0 9 0 39 0 0 0 0 0 0 0 0 0 11 0 47 10 410 10 497 0 0 0 0 78 473 14 2 5 18 126 473 0 0 0 0 17 0 0 14 34 4 11 52 0 0 0 0 384 25 128 0 199 9 0 0 0 0 0 85 0 0 11 19 0 0 0 125 0 0 0 2 0 26 0 0 7 0 3 0 48 162 0 1448 19 0 0 39 166 0 48 0 0 1 0 1157 215 213 0 0 4 25 0 0 70 0
 12 0 2 0 0 0 0 0 0 0 27 5 1206 27 0 195 0 0 96 0 0 0 977 17 0 6 9 0 0 0 40 18 0 0 0 0 0 29 129 26 0 35 6 2 30 365 0 0 0 3 122 0 0 2 708 0 0 39 22 4 17 0 0 904 0 4 66 28 132 0 1 0 0 0 0 63 0 105 0 0 95 2 0 2 0 0 0 0 25 0 179 0 0 0 0 0 0 77 0 0 190 213 3 35 0 98 123 0 0 22 608 0 0 11 0 0 40 2 0 131 23 0 60 1 2 74 0 0 67 0 0 156 3 0 0 584 66 0 4 0 22 573 0 0 0 0 0 0 114 0
 0 0 0 0 1253 364 0 0 0 4 6 799 650 14 1 0 1022 0 0 0 0 663 0 0 0 39 0 0 0 0 0 0 1 89 4 0 0 15 0 53 3 0 22 21 0 268 0 0 75 21 0 91 56 0 0 13 126 0 0 24 30 47 0 0 42 17 5 0 0 0 821 10 123 60 0 0 0 0 0 0 0 9 100 0 0 202 83 35 7 9 0 0 53 0 0 0 0 26 0 0 11 0 1 0 39 2 0 0 9 0 9 0 0 4 131 6 0 295 0 27 1 0 68 13 0 0 0 0 447 0 0 215 0 5 0 356 0 0 0 122 0 0 32 0 0 0 19 0 0 118
 144 0 5 47 0 25 10 1 0 0 0 9 0 0 0 0 0 0 36 0 0 0 0 98 36 0 30 0 1 0 166 0 0 0 0 2585 0 170 860 3 66 0 0 0 34 0 2360 0 32 0 21 100 0 5 119 67 0 0 0 0 2305 0 3 420 0 0 0 1409 13 0 14 0 98 0 16 8 0 0 154 0 0 0 0 0 1084 230 0 69 0 15 0 0 13 0 0 44 0 11 2392 9 0 0 0 0 0 0 209 1490 0 139 0 0 2 0 0 11 12 2 32 0 5 0 0 0 10 4 16 0 7 0 5 0 0 12 6 0 0 266 297 0 938 137 534 22 0 0 10035 0 0 11
 0 0 0 0 0 451 0 6 0 0 0 4 11 994 0 45 9 0 0 25 0 0 179 38 0 39 1049 0 0 154 0 25 0 7 145 0 552 0 110 1 0 3 1306 0 65 40 0 0 15 0 69 0 0 19 0 0 0 4 0 56 0 542 0 248 0 157 0 0 0 0 2 0 14 9 2 0 0 168 320 1955 0 118 0 0 0 0 0 0 0 0 282 0 0 1 0 49 0 2 305 131 16 26 0 0 0 0 0 1 294 0 24 228 8 0 0 0 25 0 79 0 18 0 228 6 0 0 0 3 51 127 9 870 0 73 4 0 0 0 0 0 0 0 0 17 0 14 83 0 256 0
 0 11 0 0 0 0 0 0 2 16 2 32 0 6 7 0 0 13 951 35 8 1 0 0 0 0 0 0 10018 0 0 0 6 21 0 0 66 573 0 0 21 0 0 0 0 254 1349 0 0 1 368 0 0 2 0 0 0 0 0 48 18 79 908 1435 0 0 1 0 1647 0 25 11 0 0 2 0 11 0 1071 0 0 0 0 0 0 2 61 0 0 55 12 9 1 9 0 0 115 22 0 0 181 0 4 0 0 0 0 12 0 0 13 0 0 131 74 0 48 0 14 0 85 0 0 228 0 357 0 8 32 0 0 1 0 62 0 16 700 0 0 0 49 38 0 0 0 0 3986 23 0 127
 0 40 0 516 100 0 39 1 0 0 0 30 1 6 713 202 0 21 0 23 0 8 0 3 1307 0 0 0 0 21 0 42 46 46 0 0 18 0 0 311 0 0 0 0 4 0 0 0 0 0 2 0 0 0 0 297 0 0 1927 0 3312 323 0 299 0 573 3 313 123 0 0 0 0 163 21 6 0 1083 0 47 0 0 0 0 1 0 226 0 20 1 0 0 280 0 0 0 0 13 44 11 155 10 0 0 0 0 0 912 23 861 0 0 0 0 3 113 0 0 0 0 26 0 0 0 0 0 0 5 0 0 0 0 0 47 0 0 0 0 113 0 35 18 4 27 387 10 11 0 0 0
 51 6791 0 0 0 1 0 0 604 0 5 0 0 80 0 0 0 0 0 0 0 0 4 1049 0 0 22 3 0 6613 0 0 5 0 0 0 0 87 125 0 13 34 0 0 32 0 1 11 149 3 0 9 0 0 2 0 0 111 0 85 0 0 964 0 0 10 284 0 0 249 10 20 33 0 0 67 1457 0 0 0 0 4 0 0 0 78 1 58 0 11 11 0 0 0 144 0 0 134 6 58 5 1 227 0 0 0 22 0 3 407 47 203 65 0 0 0 0 0 0 125 11 0 4 0 0 93 255 0 97 0 0 21 0 107 0 0 480 0 117 0 0 2 1530 0 140 1430 0 0 99 0
 0 119 0 41 18 0 0 10 0 0 58 0 0 0 0 0 98 29 0 415 0 446 0 0 0 208 43 5 0 0 1905 18 148 0 0 18 0 495 42 0 0 0 83 0 7 1 0 0 330 7 0 0 122 0 0 6 0 4 0 0 94 0 0 0 0 0 0 0 34 1 0 7 77 0 99 0 0 2 0 0 39 0 0 55 320 57 202 10 0 15 0 52 0 0 13 4 0 0 0 0 0 2 0 0 35 0 0 191 0 17 0 23 0 0 0 0 16 0 402 0 34 71 0 0 0 88 720 55 0 0 37 0 0 13 0 2 0 6 0 0 0 0 0 0 0 286 0 0 4 39
 1033 0 0 15 181 0 0 0 0 9 204 0 0 0 0 2 4 48 0 0 6 13 85 0 5 0 33 0 80 24 140 38 0 0 3 43 0 15 0 0 0 0 0 83 4 5 30 0 538 70 0 0 21 0 55 2 2 0 4583 0 7 0 6 5 0 10 0 0 0 114 40 370 0 0 0 1 39 4 4 0 1 28 1 22 0 0 0 206 0 205 0 0 0 240 0 0 0 0 447 14 302 0 5 168 3 7 0 0 0 13 0 210 0 0 42 2 0 0 0 28 0 242 0 0 0 0 0 0 92 0 0 0 87 9 0 30 19 174 12 0 3 0 14 237 224 187 0 63 32 0
 0 196 0 0 13 0 0 2 0 33 378 2 1169 0 0 162 0 55 60 0 2 0 0 16 0 0 0 52 0 0 15 0 1063 8 0 31 0 0 0 0 0 0 1256 1708 43 140 0 0 53 0 0 16 0 0 68 8 40 0 0 0 0 12 0 85 10038 0 0 2 5 0 13 10 14 0 109 0 0 177 669 0 59 136 51 0 0 138 0 484 209 15 0 29 9 0 0 0 11 0 0 0 0 0 0 0 0 0 0 0 0 0 0 113 21 0 0 0 0 0 0 0 2386 291 0 51 3 0 3921 12 459 0 34 0 0 0 8 23 0 0 42 0 929 0 391 0 0 0 0 1 78 7
 13 2 2716 0 48 7 25 0 0 0 0 0 0 0 116 53 0 0 0 4 0 0 8790 0 506 0 34 0 14 608 301 12 1 0 8 10 2 185 0 0 0 3 0 0 0 0 0 132 16 0 0 0 0 0 8 0 0 404 26 0 0 0 443 36 0 14 0 8 0 0 0 248 8 1046 4 42 83 0 0 0 7 60 0 0 0 0 0 223 101 829 4 0 1 51 0 2 584 0 26 110 1874 0 104 0 710 0 0 0 0 2 0 0 209 0 126 0 0 0 0 0 0 0 0 421 0 0 0 0 1 0 0 25 0 0 3 0 412 38 0 0 5 1 1676 197 0 13 0 54 0 25
 11 0 10 4 0 0 20 1 44 21 59 0 457 1 0 0 0 0 0 0 909 0 56 3 0 80 0 0 0 4 267 553 1448 0 1354 0 4 0 0 11 26 0 32 139 0 15 0 0 350 0 1 0 0 0 34 0 13 0 27 94 5 0 0 0 0 27 8 35 0 104 0 0 48 0 0 9 0 0 0 0 0 0 0 346 0 0 0 0 0 0 0 0 3 250 39 16 0 66 8 497 0 49 0 0 0 50 0 0 12 8 0 0 69 0 0 0 0 14 0 169 2 235 0 0 0 1859 0 0 0 300 0 495 0 0 27 12 0 0 1 0 75 21 0 0 0 4 0 0 0 0
 4 0 0 16 1 0 9 0 0 0 0 12 0 0 0 227 0 372 0 0 188 0 8 0 18 0 1 0 25 0 2 0 0 616 56 0 68 372 203 154 28 23 0 1081 0 0 235 2070 21 16 0 323 0 0 0 0 0 0 0 0 0 0 0 0 0 0 216 1 29 2 25 0 0 19 13 154 7 9 0 0 1 1 12 0 179 28 0 30 0 56 0 0 322 0 0 0 0 342 0 0 10 263 0 6 1 9 7 0 64 8 0 0 75 1172 16 110 0 0 0 0 2 0 0 0 0 3 0 0 130 1 0 2690 2 2203 418 0 0 2 499 72 0 0 0 0 0 33 0 13 0 0
 0 522 0 221 0 2 0 0 28 0 0 0 0 14 0 167 10 17 0 0 2 19 0 55 43 0 0 0 64 0 0 213 3356 0 0 373 0 0 265 2 0 0 231 0 31 6 0 0 0 2 0 0 5 0 0 0 600 0 77 10 0 0 115 30 0 3 211 0 1371 0 0 19 0 37 97 5 75 0 0 16 233 0 19 33 0 391 0 2972 5 0 1 473 27 0 5 2 0 4 0 0 1 0 0 0 0 23 0 0 0 0 10 0 0 0 108 99 523 534 15 0 0 240 0 0 0 0 64 0 12 0 87 3 0 1 14 0 0 71 175 197 0 53 52 6 0 0 154 0 42 2
 11 25 0 0 0 10 0 0 0 196 9291 0 306 44 259 663 0 12 23 1 76 43 211 12 0 484 0 0 55 0 2829 0 8 137 0 778 2 18 0 29 2 0 40 0 0 0 0 0 0 0 0 29 0 0 0 0 39 17 0 0 0 311 0 7 785 0 76 0 0 0 947 6 0 0 302 0 78 0 102 103 0 33 0 58 24 0 0 822 0 0 0 0 0 45 0 12 0 0 256 0 0 0 0 0 0 0 1511 0 0 10 54 0 132 0 0 21 0 11 0 0 0 0 0 58 0 0 0 0 0 0 0 0 0 1 0 60 0 0 93 0 213 350 0 0 151 419 46 9 33 0
 0 0 395 44 22 376 0 4 55 320 67 0 79 0 0 484 249 0 0 0 5 0 5 0 0 42 0 19 0 77 31 0 541 3 23 0 0 0 0 44 0 0 0 0 0 0 2 11 9 0 2 0 0 0 1707 0 0 0 0 0 3355 0 0 52 0 179 0 0 447 0 12 0 0 0 0 1 0 0 19 0 187 132 0 0 0 223 4 0 18 14 0 487 0 0 0 0 0 1952 0 2 0 0 30 26 69 0 0 21 0 0 41 0 89 51 0 0 127 0 0 0 0 3 95 0 0 1 101 0 36 39 0 0 13 29 0 0 0 2 0 12 0 6 0 887 0 6 0 0 0 0
 0 0 2345 0 0 0 0 0 616 30 0 0 0 0 33 225 0 0 0 0 5 0 0 0 14 2 0 11 44 12 0 2 0 0 115 211 0 0 0 0 1 31 5 0 87 0 304 0 146 200 0 0 2 0 4 53 0 0 53 0 0 0 13 0 0 0 0 232 183 0 925 0 0 37 0 0 0 0 0 78 485 3 18 3 1392 0 8 13 70 0 25 0 157 1 0 0 48 0 0 1368 17 52 0 110 698 0 0 0 9 0 0 108 0 2 66 757 0 0 59 772 0 0 0 0 0 93 0 56 2974 105 1511 0 0 0 0 0 0 0 2 0 0 0 0 0 0 9 0 0 158 0
 0 0 1 0 38 0 0 27 58 9 0 70 0 67 0 0 0 17 11 180 0 0 0 0 0 4 0 0 0 106 309 689 12 1 0 0 0 0 0 0 0 54 0 0 81 0 0 0 271 0 0 0 0 5 0 0 20 0 249 62 0 1 261 0 0 0 4 11 44 0 2 0 0 218 0 12 0 0 0 0 0 35 0 0 0 10 0 1 0 0 194 250 0 80 23 0 0 126 0 0 117 0 0 0 0 0 0 0 0 106 0 85 0 12 2 0 0 0 5 0 0 0 2 0 0 359 3112 0 0 8 3989 0 52 0 0 20 0 0 0 762 3 0 0 14 347 0 177 0 12 748
 0 4 0 0 8 0 61 0 0 0 0 0 0 0 1 4 0 72 200 0 0 0 0 131 0 0 0 0 14 51 0 64 0 5 50 279 28 38 1117 50 0 476 97 0 2116 4 0 0 56 0 0 109 0 181 0 0 0 10037 3 4 7 0 0 0 10 0 2 19 0 528 0 0 331 925 0 0 7 66 1156 0 0 0 2 0 0 0 0 850 115 0 311 0 0 0 0 0 5 78 0 13 125 191 0 0 48 0 144 3 0 0 28 0 0 2 0 0 0 0 2 393 0 0 0 17 0 0 0 0 0 0 72 4 0 27 0 0 0 0 0 0 2 0 0 2 33 400 0 9 0 8
 0 0 3 0 0 0 49 0 0 401 0 0 6 952 47 2 1916 35 3 0 0 0 96 0 69 0 0 12 0 0 0 0 56 0 0 0 0 0 0 0 0 0 874 0 0 0 0 0 0 181 31 1 8 1 0 10 4 135 2 0 0 13 0 407 0 0 0 0 0 18 29 0 0 363 0 0 0 0 0 0 0 42 0 5 30 0 62 9239 9 0 30 0 6 0 0 0 0 0 0 1308 0 9 31 0 37 66 0 1 0 1 396 4 0 176 129 0 0 108 0 0 0 0 722 39 0 0 2 0 123 0 40 22 3 5 0 0 0 0 0 1756 0 13 0 0 0 530 0 18 0 96
 0 0 0 6 1077 22 0 990 13 711 8 0 464 3 439 6 2 0 77 0 0 38 0 235 0 0 0 0 0 0 0 14 1 439 182 706 0 1184 69 2 53 6 4 0 0 329 0 0 0 50 256 38 0 696 0 356 0 0 23 0 4 0 0 183 58 21 0 27 0 246 0 1 83 0 0 301 0 0 2 19 0 86 959 0 119 0 0 0 0 0 12 0 114 0 12 0 102 0 0 0 0 0 0 0 0 0 67 94 0 10 0 0 0 250 0 0 0 10 2 0 0 0 0 0 35 0 22 0 0 17 0 0 21 21 31 6 0 4 28 0 0 0 0 9 1 0 134 0 30 0
 142 0 0 46 125 0 0 0 163 0 3 0 0 280 0 0 0 0 10 0 119 169 0 0 3 158 2 309 0 0 0 0 24 0 0 591 0 5 0 2308 8 0 0 3 0 201 568 0 203 0 1 5 0 0 121 0 0 0 7 0 379 278 18 0 36 2 0 0 0 149 5 1 9 2 0 7 4 0 576 0 50 0 2 0 2 0 797 0 0 9 12 1089 0 166 3 3 0 6 0 270 25 0 0 0 0 0 7 0 1403 101 0 522 3 0 0 0 0 0 0 0 0 14 0 426 0 0 4 123 0 0 5 0 1071 0 0 76 0 2 0 62 96 18 0 161 0 0 0 0 245 79
 0 247 0 160 101 0 0 0 0 0 1 0 860 0 44 37 82 0 0 0 726 0 27 0 1452 10 0 0 39 0 0 0 0 106 0 0 23 0 4 0 0 71 7 1077 188 0 0 29 357 370 18 19 1 2 1051 0 0 0 4 0 0 65 1908 3 1 0 1 4 0 0 0 0 0 4 0 0 124 18 3 0 0 0 0 0 17 8 0 0 0 0 0 55 105 0 0 20 0 0 0 0 7 425 0 146 0 0 343 96 0 0 6 239 0 0 0 423 0 0 95 0 0 0 239 0 0 0 0 0 37 0 42 437 0 0 0 0 8 0 0 109 15 33 0 0 194 0 0 745 1274 0
 10 541 37 0 0 0 0 0 0 152 0 2 0 0 123 0 83 0 123 1567 0 118 74 5 0 0 0 9 0 1 0 0 21 0 0 0 22 899 0 0 0 0 32 25 0 17 0 0 0 614 0 0 1 11 0 0 2959 640 0 104 0 0 0 11 0 0 0 0 0 0 71 2 2 0 0 0 43 0 0 140 0 0 110 15 0 231 0 0 42 4 1 0 54 344 0 0 0 0 0 9 0 0 25 0 0 124 25 67 616 0 57 0 0 0 0 1943 734 118 8391 797 47 0 767 118 379 0 0 3 6 0 7 281 28 379 0 200 30 0 0 2 0 0 0 0 77 0 42 0 0 0
 358 0 0 951 0 2 0 0 0 75 151 0 0 0 1 0 0 0 0 25 3 0 12 0 0 0 0 80 0 149 79 0 0 0 0 36 0 37 2737 0 269 0 0 772 0 0 0 0 0 0 0 0 0 0 0 3 18 0 1063 765 107 0 152 0 0 0 0 0 0 0 12 13 38 1214 0 0 0 0 22 2 1 0 214 0 0 30 22 0 173 7 0 0 22 2 22 32 0 0 9 0 0 7 88 0 0 0 0 21 13 0 0 453 430 1970 0 87 53 0 0 4 761 0 390 0 21 0 0 0 0 0 0 0 0 21 518 0 352 11 60 709 0 0 7 0 0 1089 0 0 23 9
 10 0 0 0 0 0 0 14 0 5 16 0 0 0 0 0 5 305 16 30 0 35 0 76 0 10 0 525 757 0 0 12 354 1318 0 0 0 0 0 5 0 32 0 0 255 0 6 0 3 0 0 4 53 0 616 0 0 1 0 0 0 56 21 63 0 0 0 7 0 1 7 777 0 0 23 387 0 0 16 26 0 0 0 0 0 1 137 0 2 70 84 0 0 0 0 16 0 0 3 36 19 0 0 0 0 0 0 10 0 1511 0 0 0 0 0 167 0 0 1247 53 3 0 1 0 0 7 0 0 0 162 10 0 0 0 15 10 0 0 0 50 171 0 151 0 14 0 0 691 0 9
 0 376 0 0 8 0 115 128 0 0 298 0 75 110 8 4 0 0 0 2 503 11 0 5 0 1489 11 0 0 614 0 735 294 0 160 804 154 0 19 0 65 306 0 0 0 50 0 0 0 0 0 0 0 0 4 0 1738 0 0 0 26 1100 31 4 0 73 0 21 0 0 5 8 1056 10036 0 0 797 35 1286 0 0 208 0 7 1 32 0 98 0 46 0 36 30 8349 1 2 66 14 4 0 992 0 0 853 0 0 132 0 0 0 0 0 0 0 6 0 0 0 0 0 0 0 19 0 38 0 0 162 0 0 0 9 0 0 0 0 0 51 0 0 8 0 0 6 9 0 784 0 0 21
 0 0 35 17 0 0 6 0 892 762 1 0 0 19 1 4 4 11 0 676 1007 121 0 88 7 997 0 32 0 94 0 0 48 457 5 127 0 0 3 3 1 0 0 1053 0 0 0 0 484 18 56 11 0 4 26 17 0 0 0 0 0 0 0 0 15 0 59 261 311 0 0 0 0 0 0 0 0 29 25 0 1556 0 0 0 41 0 26 0 0 40 12 0 161 0 1 36 0 13 0 1 90 616 0 33 0 0 10 0 28 0 0 142 0 0 55 784 0 31 41 0 123 4 131 0 0 0 1018 23 23 0 20 164 0 0 68 0 0 0 42 0 0 25 0 0 0 0 0 0 0 2
 53 0 8 0 0 1985 0 0 0 2 1 0 60 0 0 15 0 0 336 0 23 0 0 0 0 882 24 2 2 73 17 4 5 0 0 0 0 0 0 0 477 0 0 0 275 61 43 0 0 0 17 0 0 0 0 1 24 0 0 0 372 0 11 31 35 0 273 0 0 46 109 0 0 0 765 0 0 29 0 31 0 0 53 86 0 156 10 8363 83 0 81 378 3 77 0 0 0 119 13 608 53 0 0 0 0 0 7 0 0 18 0 352 75 37 0 1018 74 0 41 0 0 0 0 172 0 0 67 19 0 0 170 61 166 3 12 0 184 0 1 0 0 8 0 36 0 14 0 43 0 0
 0 0 34 27 33 38 0 0 53 0 0 0 0 56 82 0 0 118 30 0 0 8788 31 0 0 1 0 14 0 0 5 6 10038 40 0 0 1 1 0 0 0 0 51 16 0 0 24 78 0 2 475 0 94 0 257 1 0 0 1 0 0 0 0 0 31 13 15 0 16 62 1 166 0 0 53 0 0 64 0 16 0 0 76 47 52 0 0 2212 0 0 121 0 5 0 11 0 74 0 0 0 242 0 60 0 8 0 1 0 0 0 5 0 0 0 0 0 3 0 0 0 713 0 0 0 80 0 1 0 0 33 6 11 0 16 5 23 0 0 13 0 0 0 20 4 44 129 208 0 19 2
 0 21 17 1197 0 120 0 1445 0 0 82 1766 0 0 0 15 42 0 0 0 0 6 0 77 0 0 22 0 69 20 128 0 3 0 0 0 0 136 2 0 0 0 0 0 0 3286 0 18 149 99 0 0 197 0 41 0 13 0 0 69 0 141 0 215 177 179 0 0 0 154 0 0 759 0 0 0 0 1662 0 64 0 34 0 0 37 143 0 0 0 459 102 0 0 119 0 0 0 0 0 0 7 5 0 55 0 11 95 0 0 244 0 7 0 0 46 0 0 0 0 76 38 57 0 0 0 705 0 0 660 0 39 323 0 110 590 0 0 0 38 35 0 0 0 0 3 1 93 0 0 8
 0 11 212 0 0 0 0 0 108 4 0 41 0 0 0 0 0 53 0 0 29 1 0 303 1 0 202 0 0 0 65 0 0 0 22 4 6 0 4 470 0 0 16 26 0 0 8 0 0 0 29 0 0 1 6 0 0 0 387 0 0 26 0 0 0 6 4 0 12 0 0 0 37 0 0 0 0 0 201 506 12 0 0 5 66 13 0 2 0 0 53 119 0 418 0 6 23 0 718 30 0 0 0 31 27 0 0 0 336 0 4 0 0 27 7 182 0 41 0 7 0 0 38 10 0 832 60 8 0 0 0 33 0 0 27 0 0 34 5 30 2 191 15 0 0 0 0 0 156 35
 372 0 0 0 0 9 7 0 38 60 2 6 18 0 0 0 5 0 0 133 0 0 39 1 29 0 0 0 59 50 0 189 60 147 96 40 0 0 0 1 8 4 0 0 0 0 13 0 12 31 0 0 18 0 4 0 0 0 147 93 0 0 32 44 0 4 902 0 0 1 0 0 0 136 0 0 0 13 0 26 0 371 77 2 3 0 109 73 613 0 0 30 23 0 0 47 81 5 52 0 414 126 21 0 48 1 0 0 43 0 0 0 3 0 0 2082 0 0 0 448 0 0 0 74 0 0 0 0 0 4 0 0 0 0 1058 0 4 0 0 26 144 0 45 0 1398 0 9 3 0 0
 0 113 6 0 1 79 0 0 0 0 65 259 0 4 18 537 0 0 0 9926 32 96 0 0 0 3 5 0 5 0 157 41 12 69 0 0 0 0 0 0 0 3989 0 0 10 0 0 114 679 0 94 7 0 0 0 7 0 0 0 0 3 0 146 0 40 0 26 0 0 0 0 10 0 288 3 0 0 18 0 19 22 294 0 0 2089 0 0 8 188 176 97 19 0 7 11 69 0 0 2 615 0 0 313 31 0 28 69 259 0 0 1 0 68 5 0 547 73 0 58 2 35 1061 0 0 0 35 0 28 12 0 0 244 0 0 216 428 3 0 158 0 67 0 145 680 407 23 0 1169 0 16
 0 0 31 0 0 631 0 11 0 0 0 0 0 0 82 23 0 148 0 39 575 142 0 118 0 51 0 386 24 4 0 0 0 0 0 0 103 0 25 0 93 0 27 3 0 2 6 0 0 0 930 0 0 0 631 0 1 38 4 0 0 34 0 0 18 0 0 0 0 0 2 0 11 6889 3 56 724 0 0 8 0 1 0 53 57 0 0 22 0 0 0 54 11 33 8 103 561 0 38 0 0 0 0 5 69 64 0 0 0 0 0 0 0 6 430 0 0 0 0 0 117 0 17 32 14 0 2 0 28 0 0 0 0 1 0 168 9 0 45 107 0 527 0 0 0 0 5 0 7 0
 200 0 0 1 2 0 392 0 9 21 23 0 508 1016 168 9 0 155 0 0 0 0 3 131 0 12 0 7 0 0 0 257 0 0 0 0 17 0 0 0 29 0 147 46 0 1289 0 15 1 0 0 0 0 0 0 0 5 1 13 1342 0 0 0 0 0 43 0 0 0 102 0 0 3 0 30 17 126 1 0 1 80 0 0 0 242 0 0 404 74 0 3 66 210 0 0 12 51 1185 53 40 0 7 0 0 0 2 158 19 143 0 0 1 0 0 140 128 0 445 0 0 2 0 1562 0 9 3 0 0 0 0 0 23 0 0 0 296 6 319 12 3617 4 3312 33 0 0 0 9 15 6 197
 0 0 0 164 32 273 0 0 0 0 0 127 0 153 0 0 130 37 50 8 223 0 109 0 2 0 109 0 3 0 0 0 0 34 7 1 5 124 0 0 13 56 0 0 55 82 6885 40 31 0 16 387 0 0 9 0 2212 13 0 18 67 51 0 1 0 301 6 85 11 0 0 1964 0 27 2 8 0 34 22 0 864 235 0 368 0 4 0 826 0 220 0 0 0 0 1 19 0 0 0 0 0 36 0 0 15 0 6 111 10 1452 28 0 35 0 0 3 1 322 0 0 0 17 0 0 40 0 1511 0 411 0 0 0 30 0 49 0 506 37 85 0 0 0 0 5 55 865 0 0 0 69
 3 0 0 0 0 0 0 0 161 0 9 41 0 0 0 0 7 1511 150 165 0 0 16 10 154 3 29 0 0 2 0 11 0 66 0 11 0 38 19 0 62 27 34 6 812 0 0 3 101 11 0 50 18 0 0 659 0 0 0 211 0 224 0 31 0 0 553 867 0 0 808 1201 0 0 0 0 0 0 15 17 36 7 6 61 2 0 0 0 0 0 0 14 0 0 0 0 71 0 1 0 36 59 616 0 112 0 0 5 0 0 4 3 0 0 0 0 0 0 2 0 0 278 74 45 0 8902 0 0 0 369 0 12 0 0 0 0 0 0 0 64 0 0 125 4 1385 0 191 0 2 0
 0 0 14 2 0 4 0 17 53 3 93 0 0 20 1 2089 0 894 44 38 383 16 0 17 0 508 0 0 0 59 0 0 1744 1304 0 118 1469 1180 20 74 0 0 0 92 30 0 0 0 0 0 39 0 29 0 40 385 236 610 0 0 0 0 144 0 0 0 241 0 0 244 7 0 337 0 47 0 0 61 293 74 120 0 0 10 70 38 0 154 6 122 8 0 1 0 0 0 4 0 20 2 85 0 0 159 11 0 0 0 13 0 19 0 337 0 0 12 105 1 17 0 0 0 32 3 0 30 0 0 0 14 274 54 5 76 0 11 0 670 0 0 0 0 21 0 0 1 11 0 0 12
 0 0 0 66 0 0 0 0 1 178 0 0 140 0 0 1 30 51 0 0 28 95 0 27 565 303 186 33 59 27 6 0 0 5 0 36 0 18 0 0 46 512 11 474 8 0 12 1059 1251 63 13 4 0 180 0 985 0 0 6 0 0 0 0 60 0 29 6776 0 15 40 0 563 0 54 27 0 0 0 0 0 0 0 0 13 0 1 699 0 13 0 0 0 55 4 33 0 2089 5 0 32 0 539 82 31 3 8 0 117 1 0 65 0 200 16 0 9 0 200 0 735 53 0 0 221 64 6 15 133 0 0 67 0 0 0 0 4 0 3 0 0 1 0 34 35 19 293 0 13 11 0
 39 5 31 0 0 0 0 0 0 0 0 0 8 33 0 0 2 0 0 207 0 0 1 0 0 4 0 9 0 0 0 0 1 0 0 102 0 24 2 0 0 66 2058 1 0 74 0 4 19 0 0 0 78 0 0 0 0 0 0 0 0 34 0 0 0 8912 12 387 18 87 0 0 450 0 0 63 0 4 1 125 76 0 0 0 0 0 199 8 0 0 642 5 0 0 64 13 94 1 151 0 42 0 93 0 1971 4 0 0 0 0 52 5 0 47 0 0 34 1 0 15 2089 0 0 0 0 89 0 9262 25 96 3610 8 30 12 0 0 0 44 2 37 17 0 33 1774 499 0 0 0 0 0
 0 41 209 0 798 0 0 318 0 0 0 7 0 20 0 0 0 131 0 0 0 0 0 0 0 36 0 0 0 141 0 0 0 0 19 0 64 0 0 5 0 0 0 28 0 44 2 0 0 4 0 0 94 40 0 0 0 8 293 0 0 0 67 0 0 0 21 0 0 0 16 1 6 0 35 31 0 0 0 0 25 29 42 17 256 0 0 0 27 0 3 0 0 38 0 108 75 0 0 926 0 12 87 146 409 0 5 0 6 2 0 190 1 0 0 0 0 0 2 0 73 112 0 0 0 0 0 2 51 0 1 11 134 73 0 0 68 35 19 0 0 0 0 12 87 0 0 11 7 1363
 2058 0 0 0 0 0 0 114 0 23 0 0 0 0 0 0 0 0 0 7314 0 604 10 0 0 0 0 0 0 2 135 0 0 0 0 281 80 49 9 0 1 7 0 0 0 0 0 0 0 19 120 1 0 0 0 99 82 0 0 0 0 2 0 0 283 0 0 0 16 63 3 1 0 0 8 4 0 114 50 0 0 0 0 1 0 0 12 30 19 12 41 0 256 45 0 14 11 4 0 70 16 776 0 0 304 29 0 1 0 0 2083 0 34 0 0 2017 1 0 0 0 0 0 0 79 5 0 3152 60 5 0 0 0 0 82 0 20 0 0 0 7 0 0 700 0 4 17 11 0 67 0
 82 572 0 0 94 0 0 0 347 0 294 0 0 0 107 20 0 0 0 3 66 55 0 593 0 26 0 0 0 0 1 0 0 0 420 9 1185 3 0 0 0 0 4 50 53 0 0 125 11 0 1445 0 1510 0 0 0 982 0 39 0 0 0 300 0 26 347 0 23 64 244 0 0 0 323 0 12 11 1 1114 5 314 465 0 6 0 0 0 0 0 0 0 9 1 19 0 29 17 78 0 83 0 0 14 0 0 433 10 5 16 0 0 0 7 762 28 45 0 0 0 0 3 0 1756 0 71 8370 124 0 0 7 0 3 0 47 0 13 34 36 0 147 0 0 0 0 0 0 7 54 1 50
 101 557 3 208 0 0 0 29 0 0 47 16 0 0 4 0 0 0 43 2 223 0 174 704 882 0 0 109 125 47 0 10 9 18 0 437 12 348 1 0 9 177 0 0 0 0 394 0 0 0 0 29 0 27 379 0 0 0 4 52 1884 8 0 5 68 27 0 0 0 16 2144 0 667 36 0 0 15 7 0 157 0 36 0 0 3057 16 0 0 279 0 60 158 13 5 57 85 0 0 6 2 0 0 191 25 0 0 34 4 14 16 0 5 1 0 0 99 0 2 0 0 0 0 16 0 86 0 109 0 0 0 451 804 0 2 0 6 0 0 421 0 14 8 756 16 211 0 24 0 8 0
 0 0 110 0 0 0 0 2282 0 0 0 0 0 0 0 0 23 0 0 0 105 378 1145 800 0 989 0 0 0 0 0 1 0 7318 114 72 0 1 0 0 0 0 0 0 2087 0 0 0 43 0 0 32 15 21 0 0 0 0 5 65 157 0 0 0 0 0 0 0 0 0 10 0 0 4 540 0 109 5 0 49 28 401 0 0 0 13 0 0 161 142 125 253 0 0 0 0 21 0 0 25 31 0 0 0 162 0 0 0 0 0 11887 30 0 0 0 0 0 0 0 0 0 0 195 0 15 48 68 21 0 0 8 0 0 7 0 0 16 38 0 67 0 9 0 0 89 23 40 0 457 0
 0 1 32 124 0 0 52 0 177 3041 0 494 104 414 0 0 0 0 954 0 3 0 0 9 0 0 0 0 0 38 8 16 10 0 0 981 242 27 0 29 0 185 0 79 0 12 0 1 0 0 60 0 0 1 0 1 31 47 11 261 2 0 0 0 3 2 0 0 482 140 0 2 0 0 0 3 145 0 2 14 4 1 2975 0 5 0 72 0 55 4 21 303 0 0 0 1 511 20 0 0 36 4 20 0 2 146 0 64 0 12 0 1 0 108 102 80 0 0 2 0 733 695 0 0 0 0 15 0 60 0 0 0 0 0 0 174 41 206 0 0 15 12 219 0 11 0 21 0 0 0
 130 0 29 0 0 0 0 80 503 210 0 0 0 9 45 0 0 202 0 0 0 0 836 57 0 1117 0 0 1 10 598 5 19 0 0 4 0 0 279 39 140 0 0 0 354 3 353 59 0 0 0 323 0 21 0 26 154 0 119 0 0 10 0 0 1424 1195 0 0 95 0 0 0 0 83 4 9 6 318 10 2 576 0 42 0 0 19 20 14 348 0 0 512 10 0 82 2 540 0 72 20 70 0 0 0 7 0 0 203 0 0 0 26 508 2 0 19 3 0 0 6 0 10 8 0 0 532 71 3 0 0 0 0 0 0 0 0 6 0 21 0 130 0 0 0 0 17 55 0 0 0
 0 0 0 32 0 0 0 364 18 15 0 0 13 33 0 0 2 0 0 0 42 312 0 0 0 19 0 23 0 0 0 7893 0 0 0 0 0 0 242 21 0 17 0 2 4 6 0 0 0 193 462 0 0 304 157 0 7 0 0 0 0 3 1 0 0 0 0 0 1 357 0 58 0 0 0 109 19 0 0 44 49 4 159 0 6 6 0 0 0 9 0 440 0 0 0 0 11 0 0 13 256 54 43 0 56 12 4 0 0 0 185 0 0 64 882 10 0 52 2 23 77 0 0 3 0 0 0 33 349 0 0 94 3 0 0 0 3 28 0 0 0 2 17 0 2 0 8 0 1 0
 0 63 0 601 0 0 0 0 66 0 0 0 268 0 60 0 0 166 0 1 0 0 0 12 0 0 54 24 0 0 0 0 94 0 522 0 5 5 0 2295 0 0 11 0 139 0 0 0 0 0 0 0 334 0 0 30 0 66 0 177 22 0 53 37 205 0 0 0 12 14 0 0 93 28 109 32 0 0 0 26 57 0 2 204 12 47 0 13 0 8395 504 38 2 0 0 0 39 17 0 12 0 0 0 0 106 9 35 127 111 0 0 3665 53 11 154 0 133 0 0 8 2974 0 97 251 0 0 0 659 3 305 867 0 0 0 3 0 0 0 0 25 10 6 0 23 107 0 0 107 143 0
 0 1 0 451 37 5 0 638 0 160 60 0 0 0 0 0 91 49 218 0 12 0 6 180 0 0 0 0 45 353 0 0 0 8 20 222 0 45 0 0 141 0 0 0 2423 0 0 0 0 0 10 94 572 1 0 0 0 0 5 213 0 0 77 206 106 0 0 9292 0 0 0 0 0 0 0 0 0 0 41 0 1 0 0 0 10031 40 56 0 7 272 11 80 43 0 0 0 1452 0 37 0 0 54 3 0 0 0 1 40 12 0 0 0 0 0 0 0 0 4 0 0 11 0 1714 0 0 0 0 672 7 60 0 0 0 133 48 82 48 34 179 0 4 178 10 0 0 377 34 0 0 45
 0 16 25 60 24 0 214 4 0 0 25 38 1265 12 0 0 0 18 0 437 0 0 10 0 0 0 348 7 0 0 0 0 294 123 116 0 0 96 0 0 0 0 0 0 0 0 0 1 0 542 0 0 0 0 31 98 0 646 9 8 0 0 14 0 0 0 0 57 1957 80 1431 9 11 0 16 552 6 0 0 0 425 0 8 0 163 0 23 12 18 831 1317 0 7 0 451 9 0 0 6 6 0 7 16 0 284 25 0 0 5 38 141 0 102 97 145 45 0 0 0 5 13 217 0 0 0 0 0 13 71 0 0 0 0 0 830 0 0 0 0 0 0 43 23 0 24 0 0 45 109 0
 6 64 0 219 95 12 122 25 49 208 0 0 36 1 0 0 0 0 0 851 0 0 0 8 0 1279 0 2 4 53 4 132 0 0 0 0 2 0 0 1303 4 8 0 0 39 0 242 19 94 77 0 4 0 0 0 27 0 22 675 0 0 0 0 4 1400 36 224 439 80 0 0 0 102 0 0 49 0 0 15 14 157 19 58 109 0 0 37 0 0 0 1503 281 0 0 0 0 0 0 0 3581 439 0 263 0 0 0 10 0 0 0 170 61 0 0 0 0 12 0 8 0 0 27 16 0 0 540 18 0 0 0 0 0 0 0 0 24 75 3 0 76 0 17 115 201 50 3 534 0 0 10
 86 0 0 0 0 0 0 62 19 6 17 24 135 0 0 97 0 0 174 0 19 2024 0 0 115 0 16 0 0 22 103 44 19 0 0 53 69 0 0 0 0 6877 4 0 0 20 24 1 0 57 0 0 17 7 348 0 55 4 28 2 0 0 0 39 69 243 30 37 0 1023 0 0 1 0 0 720 1 40 118 0 0 402 26 93 0 0 141 57 0 0 6 0 18 0 15 927 67 16 0 194 948 0 0 7 0 48 26 0 0 0 1415 16 0 88 23 2 30 865 0 0 14 619 28 0 14 1 0 0 0 0 0 0 395 15 109 279 796 28 0 0 3 2 0 0 0 0 0 0 0 0
 947 0 0 1200 0 2 10 0 55 57 0 5 0 0 49 0 62 121 12 0 0 0 12 3 0 867 0 0 1 0 220 0 50 0 0 4 0 57 62 0 2 0 18 0 0 0 22 0 0 0 16 4 0 0 237 0 0 0 106 2 780 73 158 6 0 0 0 0 0 0 0 15 0 43 0 1343 4 110 10 0 86 628 0 125 0 8 98 2 211 14 0 41 222 0 0 348 0 0 1132 0 0 1451 315 2 0 0 0 76 5 0 0 0 0 0 0 0 237 223 77 152 70 1045 0 0 1 229 3 0 0 1912 1 51 441 0 0 20 10 0 704 6 0 0 37 0 8 0 151 11 0 306
 82 4 0 0 0 71 0 319 16 3 4 122 73 0 15 113 0 0 213 250 0 47 0 24 0 0 2 29 11 0 50 89 0 0 0 136 82 0 247 0 11 57 0 0 0 2 0 40 752 4 110 0 0 567 0 0 0 993 0 42 0 400 0 0 30 0 0 0 14 0 0 1380 0 218 0 178 0 0 80 128 82 0 0 72 1 0 0 0 11 57 291 7304 9 2405 22 0 20 51 6 489 0 0 0 0 37 0 43 0 0 0 0 2 29 0 40 0 38 0 14 2 197 0 0 0 0 0 161 6 0 2 0 0 8 12 31 0 0 11 0 1508 14 0 55 1 0 0 3 55 0 0
 304 0 4639 0 0 0 0 49 750 0 79 0 132 0 0 40 0 189 0 0 0 0 0 0 0 262 49 0 3 14 1405 8 0 23 0 0 70 0 4628 0 0 1 163 0 4 13 4 0 11 0 0 0 0 104 504 0 0 0 0 8 0 218 87 0 0 0 0 0 0 45 1 39 0 42 17 8 0 0 1 0 0 17 6 0 0 0 23 0 1 0 0 0 0 49 882 0 1 0 0 0 135 0 24 0 0 446 0 1 0 0 9 20 0 0 0 0 0 0 23 21 2 16 0 2351 0 0 19 4 27 15 1401 0 0 0 0 0 0 47 61 0 0 1 0 2 48 38 0 33 1344 115
 0 0 0 0 0 0 0 1 0 0 12 10 0 2 0 143 0 0 2 0 951 0 0 0 9 0 0 0 0 12 12 0 76 0 0 7802 0 0 121 0 9 994 0 82 5 528 33 0 0 2 0 0 0 0 0 0 0 0 0 701 0 0 0 510 6 0 3 59 0 0 95 3 39 0 0 0 80 0 503 0 51 6 199 16 7 31 0 69 13 0 353 0 6 0 1 22 0 0 0 70 1 0 20 0 332 304 0 0 28 0 0 0 0 206 32 0 0 0 0 0 0 0 220 38 54 0 0 17 0 176 0 0 236 0 14 763 0 0 0 3 0 6 4634 0 0 17 7 0 0 1
 0 0 15 448 376 1 48 1 0 38 11 0 0 0 9 2 32 0 0 0 1 0 60 12 313 10 0 4 0 1 0 154 0 0 193 50 0 90 39 0 30 0 0 0 0 0 51 0 0 0 35 0 0 0 121 0 2714 0 244 0 0 0 0 0 0 12 22 0 29 0 0 0 0 0 0 357 0 787 0 0 0 0 0 0 13 0 0 50 1735 0 5 29 0 0 865 24 434 0 37 237 0 0 43 0 0 79 0 58 120 0 0 0 0 11 358 0 0 802 0 0 0 0 44 7 44 14 0 115 1077 0 0 9 0 109 0 231 2 8 4 227 94 0 2 71 0 0 0 9 12 0
 0 24 2355 0 0 0 464 4 0 17 0 0 5 0 0 0 70 0 2 2716 39 58 0 107 0 0 179 4 0 168 26 28 64 1444 298 11 0 0 0 0 0 0 598 0 0 0 0 0 127 5 0 105 480 0 0 88 0 0 0 0 2063 12 70 0 0 28 0 0 0 0 2 2 15 0 82 44 75 80 2253 36 2 0 0 45 0 0 0 0 390 0 0 14 167 10 0 0 172 35 30 0 12 166 0 0 40 41 7 0 0 4 0 5 3 0 1 23 48 47 58 0 0 73 357 2416 0 0 0 0 1 12 15 22 47 0 8 466 546 0 0 3 930 53 0 4 54 56 1 12 0 6
 11 139 42 706 0 644 34 88 0 82 16 18 0 34 53 0 12 141 0 0 0 0 0 0 0 0 1 222 14 0 0 0 0 0 0 0 330 1172 0 0 0 9 280 61 43 0 1348 0 250 1071 3 0 0 0 4 1 0 0 61 0 0 0 13 120 69 1571 59 0 0 0 975 79 0 0 0 0 71 0 11 0 20 11 2 0 21 0 0 0 0 0 51 0 0 0 48 0 107 0 0 0 0 47 44 17 6 208 720 3 0 0 0 0 1916 324 0 0 249 25 3 0 12 46 4 1771 0 0 0 241 38 0 0 9 16 10 82 0 0 0 0 0 0 0 0 48 0 90 0 0 35 541
 44 3048 23 0 0 4 107 2 239 0 30 354 62 560 0 0 9 0 0 361 0 195 0 3 0 0 446 212 0 8 7 0 58 0 449 0 0 0 634 6 0 0 5 0 0 4 7 0 22 0 0 0 0 121 27 48 54 7 0 0 659 8 379 5 23 0 272 43 0 0 0 0 1934 0 0 8 0 184 36 14 0 0 0 0 707 6 6 578 0 0 295 478 0 0 229 0 0 0 0 0 0 0 20 0 6 0 6 0 0 2 0 0 18 0 0 0 1199 0 0 103 102 9 640 1 0 4 57 0 0 0 0 0 0 0 0 4 0 10 0 0 1313 0 47 1 0 4 231 2 11 0
 0 0 2 0 9 0 0 584 0 0 581 0 0 16 158 0 4 0 0 0 2 2 15 0 0 63 0 0 0 46 154 5 258 0 0 0 27 0 0 0 0 0 0 0 0 33 47 230 0 0 1339 0 0 0 18 104 60 0 0 2 576 6 66 0 0 5 75 14 0 0 0 744 129 6 25 0 53 5 0 4 45 155 0 421 4 0 7 0 21 0 0 0 4 0 631 443 26 0 0 0 143 50 24 142 169 84 0 80 0 136 0 0 41 4237 0 9 355 3 0 32 11888 84 9 0 0 0 0 0 6 0 0 1157 14 19 0 16 77 2 309 0 154 6 0 26 0 0 0 0 49 0
 0 96 0 12 39 4 0 21 9 0 0 135 13 0 0 0 10 507 0 291 0 38 0 77 217 236 324 62 0 220 110 3 13 32 340 5 0 24 0 0 0 14 5 69 0 57 80 0 0 2 0 0 0 1 432 0 0 0 1319 20 127 0 11 97 24 87 133 0 0 1 71 0 0 0 0 0 0 0 0 6 1 18 0 0 0 0 4 78 0 0 0 34 217 0 0 12 402 10 0 0 0 13 26 0 0 3 87 1 0 22 0 0 0 0 0 0 157 10 18 32 0 0 13 0 1887 0 94 306 0 84 0 1988 0 0 5 0 0 0 41 633 0 18 2 26 0 0 0 82 0 0
 49 2 0 57 0 72 0 3 23 3 0 98 0 3 0 132 0 0 0 141 8 0 0 23 0 0 0 0 0 9 0 97 91 0 0 120 50 2079 1 8 0 59 0 73 0 678 76 437 1 0 0 15 1084 0 0 0 359 0 23 11 0 0 582 12 0 0 299 0 0 0 1740 80 0 0 6 18 12 38 40 0 0 0 0 0 0 165 0 112 3621 1 0 20 92 330 0 0 0 0 0 0 0 0 0 0 326 58 0 877 88 0 4 21 122 1163 487 9 5 0 0 0 0 0 29 0 0 0 1007 0 6 0 0 107 37 0 36 0 41 143 0 0 0 582 0 0 11 0 0 0 0 0
 0 0 0 0 0 40 0 0 0 0 518 43 0 8 300 0 5 0 42 0 6601 106 47 64 0 0 0 0 2 0 0 0 310 0 55 1 0 6 27 0 6 0 0 544 0 1 58 0 17 0 0 0 15 0 20 89 2118 0 0 0 983 22 106 2423 0 0 63 0 85 14 0 0 1561 0 0 13 8 0 0 0 48 0 2 673 0 226 3314 0 0 103 0 0 16 0 68 0 2 95 25 0 21 3 10 0 0 0 36 0 0 0 14 3 0 0 0 20 0 155 7 163 0 271 0 0 0 138 10 0 0 0 512 0 0 0 3316 71 0 20 0 0 0 0 0 169 144 768 0 0 0 277
 0 0 1055 7 17 0 0 7 0 4 0 1 4 67 0 34 31 9 0 0 53 31 11890 8 3 0 0 0 0 44 2 121 0 291 0 11 2 19 0 0 0 3 13 1 0 0 0 2375 4 6 6 0 965 103 0 0 0 34 0 115 588 420 84 32 0 0 0 24 0 3 0 49 19 17 0 58 0 47 0 18 0 6 0 53 23 2 22 217 21 98 0 0 0 0 0 8 107 0 0 3 0 30 0 0 0 0 0 13 84 388 21 0 743 0 158 0 0 0 0 89 0 24 0 0 0 2427 28 71 0 0 613 9 0 52 0 6 1 0 0 0 0 69 82 0 4 0 0 0 0 227
 64 21 0 0 0 0 38 14 47 0 0 143 66 0 198 9 142 0 0 9 0 0 10 0 39 0 4 0 0 0 58 22 0 17 0 0 75 0 0 0 20 2 0 0 0 0 52 0 0 507 0 115 392 21 4 0 7318 15 811 1 173 0 6 10 0 0 0 51 0 0 0 597 0 103 13 28 12 0 0 20 0 17 0 0 282 0 1 6 184 13 0 0 2 10 0 11 0 246 35 26 267 0 10 21 1 0 0 23 0 0 0 0 1233 0 8 0 0 5 0 2422 0 2 0 0 92 0 0 25 0 31 0 0 0 330 0 0 102 45 95 1364 0 0 67 292 61 0 0 0 20 0
 0 0 0 0 63 101 3356 0 0 2 0 0 126 376 0 13 0 28 83 877 2 0 0 149 0 0 0 388 0 0 0 0 1748 11 1175 0 0 8 16 0 0 168 1 119 165 38 0 16 0 0 637 5 0 1 0 102 0 0 0 119 13 0 0 0 0 0 4 89 15 366 0 16 0 19 129 0 0 5 0 0 20 0 0 0 0 0 0 218 3 9111 0 2 7 199 0 50 65 0 0 0 0 0 3755 0 0 0 0 221 1 313 0 0 2687 6 0 0 10 0 11 3 0 124 0 39 0 541 0 0 0 92 24 234 0 0 12 4 354 0 45 86 1317 62 0 3 0 44 1180 11 0 0
 7 0 7 0 0 3 0 45 188 0 0 0 1 34 0 0 61 0 0 0 111 0 37 51 5 22 8 0 0 0 0 333 0 0 0 114 11 0 33 196 122 15 11 0 0 668 379 1047 0 0 0 82 147 264 13 0 3 0 46 0 20 0 0 0 2 183 47 0 7 0 0 0 43 209 9 78 294 40 9 17 3 0 0 0 384 0 0 0 0 0 48 0 0 0 0 0 23 74 154 0 0 0 0 760 0 0 6 0 193 12 0 49 0 0 41 0 1312 138 25 0 19 23 0 163 0 0 1904 0 0 0 331 49 10 0 6 78 4 0 0 0 0 0 153 46 0 0 0 0 0 0
 0 0 0 0 225 0 0 6 0 0 0 0 0 0 0 126 2 0 0 553 0 93 0 0 0 18 0 6 0 0 10 0 0 13 0 0 6 0 5 0 0 76 1 0 0 122 0 0 0 0 18 0 0 0 0 0 0 0 6 0 7 62 50 0 0 0 0 0 0 0 0 3 0 11 0 0 69 14 0 0 0 0 27 1219 0 3 47 0 0 2519 10 0 0 4639 0 0 0 0 1 8 1919 0 0 0 1 0 84 36 90 0 0 0 46 679 0 0 0 0 0 0 0 0 51 0 194 0 798 297 0 0 17 0 0 11 882 191 0 4 0 80 0 16 15 0 15 0 9 0 4 0
 0 0 0 405 0 0 0 10 8 0 0 161 0 8 0 0 3304 12 11890 0 87 0 18 0 0 103 2 0 169 0 0 97 0 0 0 12 0 0 0 0 0 0 0 33 0 4218 0 0 19 0 0 0 18 125 0 0 30 318 1 0 2403 0 0 394 55 3 0 0 269 0 0 63 0 5 0 0 0 7 296 0 0 0 35 0 0 0 122 159 164 0 9 0 0 9 154 0 9 0 0 3356 92 0 4 31 0 0 12 0 0 318 57 0 0 33 0 0 0 6 0 0 0 0 0 0 28 0 0 0 0 0 19 1 0 0 0 2 0 286 0 0 0 95 0 73 0 16 2 16 3 0
 49 3 6 0 760 115 0 63 378 0 0 0 0 0 0 0 0 0 0 0 699 7 31 115 31 8 0 66 0 0 0 375 0 0 0 0 463 41 67 0 0 70 93 0 0 210 1 5 0 1548 40 0 0 0 0 7 8 0 263 0 13 1 0 5 0 0 56 0 75 8 0 0 0 473 69 0 0 0 0 0 0 9 263 0 17 1 17 4 0 10 3 72 11881 10 0 0 200 334 4 0 77 0 0 0 3 0 6 0 0 0 0 99 0 354 0 37 0 32 0 1 0 0 0 0 0 0 0 0 0 20 125 0 2 0 0 0 0 0 20 0 0 13 2212 0 0 0 0 0 19 1435
 0 0 0 951 7 0 0 0 0 0 0 0 22 0 0 2 0 0 300 68 9 40 527 2850 0 0 174 0 73 0 0 0 0 0 12 35 4 8910 5 44 2 0 0 114 0 12 0 0 0 35 0 0 0 6 0 0 7 327 0 151 0 22 45 0 0 1509 0 0 46 19 232 420 0 0 17 0 16 1863 0 7 0 1 547 0 208 0 22 0 0 230 0 0 1 847 1 0 0 18 0 0 14 9 155 0 7 109 0 0 93 0 0 0 114 344 0 119 467 2 75 0 149 2 0 98 112 0 0 40 0 0 0 0 0 0 8 0 12 0 0 0 477 0 1459 29 24 0 0 0 4 83
 22 0 86 9 0 0 1 0 68 8 82 45 82 0 0 3 4 10 465 16 0 33 0 12 0 5 0 0 0 0 12 338 8 0 604 0 18 420 0 0 49 3 0 128 0 0 252 219 0 0 8 80 0 20 4 7 0 0 0 31 0 97 0 1508 0 743 48 10 448 0 82 6 357 211 1 0 0 0 0 532 242 3 1440 0 0 21 0 0 0 6 0 8 0 0 32 0 0 14 7 0 0 50 0 0 1 536 0 0 55 0 0 0 0 55 0 0 0 24 0 0 16 0 0 1 0 0 0 5 50 0 0 237 26 240 0 0 0 0 1039 1869 0 5 2 0 82 78 20 0 0 0
 0 0 0 726 60 0 0 121 0 0 0 36 139 0 133 13 1962 12 0 0 0 0 2 45 23 0 0 56 16 0 0 0 0 13 226 19 521 0 0 0 0 0 0 0 0 0 29 190 11 0 0 0 0 0 111 0 0 464 18 58 9 0 0 1 45 107 0 79 0 0 58 0 7 0 710 0 0 0 0 0 0 0 0 46 0 0 0 0 0 0 1 27 0 424 0 660 11 84 0 0 0 60 6 0 10 246 0 96 0 0 0 616 0 63 40 0 659 0 52 10 0 2068 0 1511 201 31 0 0 0 0 0 0 251 24 0 0 0 44 0 9 0 0 47 5 0 232 14 0 0 5
 0 0 0 0 0 9 0 31 6 0 16 0 24 0 221 0 9 141 1169 0 2 6 0 32 9 0 913 0 0 24 0 0 1 0 374 0 0 0 1090 23 56 0 0 8 0 1467 5 15 12 127 0 51 0 0 0 0 198 0 33 0 204 0 2212 0 0 0 0 28 152 102 15 0 0 0 0 0 440 6606 97 0 41 13 7 0 0 16 1 0 2 4 0 4 93 0 2 0 0 2270 5 0 0 1171 0 65 0 0 35 0 0 0 619 459 0 0 0 0 0 0 0 727 0 2060 0 29 0 0 0 0 8 0 2 0 172 80 21 1 0 165 0 185 0 0 3 0 0 0 16 0 0 0
 0 129 0 213 0 24 0 0 345 864 0 0 0 85 0 0 0 12 0 0 50 0 0 0 225 0 0 0 0 0 12 13 60 4 344 7 0 3 37 407 112 0 0 0 77 11 80 38 4 107 381 0 0 4 6 42 0 0 16 0 26 26 7 31 0 0 194 0 2 1478 67 0 52 19 0 0 900 8118 0 0 0 190 0 75 0 94 357 14 0 0 15 12 0 41 25 0 152 112 0 74 0 102 0 0 39 0 3 1 6 0 11 0 20 0 265 1 12 2 66 0 242 0 8272 232 0 0 0 0 0 0 4 0 6 0 1 2 121 458 0 165 0 0 2 48 20 5 0 311 0 0
 0 0 3 0 0 9 1 0 0 13 387 49 0 17 0 0 0 22 0 0 0 31 0 0 0 0 0 0 33 0 0 22 0 149 0 0 234 0 0 0 0 1 1 49 29 50 0 908 0 0 21 0 0 0 64 130 0 3 2 34 0 40 380 0 12 0 13 3375 0 0 0 1 23 0 67 2 0 0 0 0 40 4 234 0 0 23 0 0 0 164 0 0 0 1 0 16 0 46 246 0 8 0 6 38 0 0 49 0 1078 0 147 0 0 0 0 0 1302 18 0 0 48 0 1 797 7 0 0 798 0 276 0 0 0 232 51 1347 80 0 64 410 0 0 0 0 702 26 21 151 20 0
 0 0 0 0 0 0 0 19 16 0 0 680 75 0 0 0 3356 58 53 0 13 4 0 0 0 6889 13 11 38 0 0 0 0 248 13 0 1412 0 25 0 75 14 0 0 8 0 4 63 0 1 0 1453 16 0 0 2248 0 0 1 12 0 2 141 12 0 8 52 162 3 0 15 0 0 5 0 0 52 0 2 0 0 2 586 0 13 2 36 0 0 0 2 0 21 192 0 0 0 0 994 0 0 0 3 0 13 0 0 2 0 5 80 0 235 0 3 1 145 75 30 19 0 14 0 8 0 6 0 0 0 0 0 342 2 4 1 0 0 4 34 12 67 11 0 0 179 0 59 39 2294 1
