150
 4 10 0 79 91 0 0 3 308 28 269 270 0 0 0 123 0 5 0 344 0 0 123 0 0 14 7 0 32 138 2 0 0 0 718 42 6 0 26 0 0 893 0 0 0 0 0 48 8 12 354 0 9 0 0 699 2 7 62 5 4 0 0 43 1 166 19 251 2 143 0 30 0 0 104 4 0 23 0 0 0 0 0 17 0 3 65 49 27 27 292 0 0 0 0 0 13 0 0 95 3 6 0 13 34 0 0 0 673 0 0 3 0 0 0 0 53 0 2 3 17 33 0 0 0 0 0 325 13 95 0 0 20 11 0 0 71 0 16 0 7 13 0 210 0 0 0 6 0 26
 0 0 1 69 0 0 22 0 1 4 0 0 15 4 0 0 17 0 0 40 6 0 0 6 32 0 0 0 27 3 16 0 0 0 0 394 0 128 0 0 0 37 3 0 0 0 0 12 14 0 2 1 0 825 0 22 18 2 23 16 0 0 0 0 0 0 77 17 0 0 12 1 0 12 0 0 0 0 14 0 22 9 535 0 0 39 136 2 0 58 0 82 0 0 12 7 0 37 2 45 0 0 11 0 72 609 57 0 14 1 0 0 784 0 0 0 0 469 0 37 16 0 0 14 3 0 0 0 74 0 0 0 92 0 0 4 0 0 235 4 9 321 0 19 0 91 5 0 14 0
 203 0 10 0 6 80 0 0 0 0 0 0 0 0 3392 0 0 12 0 0 60 14 0 5 0 7 24 0 1 0 17 63 0 196 0 1255 0 917 6 0 0 0 3 0 769 456 9 0 22 0 2 0 2 1 0 28 0 42 207 0 161 0 0 414 0 15 254 0 100 4 0 2 1 0 499 13 1 3 2 7 0 0 57 41 111 0 0 0 2 0 0 157 79 0 20 30 19 23 0 0 0 0 7 0 0 348 0 149 0 7 0 0 0 101 0 0 0 0 17 0 70 0 0 8 1 30 0 3 0 0 0 0 1 5 17 0 0 3 0 0 1394 16 0 89 0 83 3 3355 0 3
 0 0 12 23 7 0 32 0 0 4 0 0 14 147 15 95 10 0 21 0 0 8 0 0 1 0 0 338 76 0 35 1 0 70 62 0 0 0 15 191 0 0 0 0 0 0 0 1 0 0 0 0 0 343 0 28 4 633 91 0 0 40 0 28 0 28 0 0 0 28 5 86 0 32 157 0 0 0 0 12 117 9 0 0 385 0 0 2 17 13 0 0 0 42 0 517 37 0 4 0 0 16 418 34 3 0 0 1003 2 0 1 29 41 25 0 68 0 0 0 0 0 0 0 27 0 163 12 30 0 18 0 16 0 0 0 1 0 52 0 1 0 0 64 0 0 0 1 0 16 9
 0 270 0 0 19 0 15 0 0 0 6 0 0 0 0 2 0 270 0 0 0 0 0 0 0 348 817 1 7 0 0 170 0 0 1 18 6 0 0 0 0 0 0 0 0 0 2 9 43 717 10 34 1 130 0 0 0 0 0 0 0 215 0 6 0 18 0 0 0 24 856 0 14 0 5 0 0 0 0 0 0 1 0 0 2 0 1077 0 0 47 0 0 0 6 19 317 0 5 0 0 7 13 4 0 0 0 0 4 62 9 232 0 5 0 0 61 142 14 3 4 0 0 0 6 119 4 0 381 0 1457 454 290 0 0 966 4 0 5 0 24 0 0 0 1 46 0 3 1 172 44
 0 3 0 21 156 13 369 8 0 0 79 9 22 54 0 0 0 6091 908 166 0 12 0 1229 0 0 0 0 36 0 0 145 0 1135 0 0 0 3 0 0 0 0 0 5 42 28 92 6 49 0 0 0 0 0 0 0 47 84 0 0 0 66 352 35 667 0 9 0 12 9 84 0 0 0 134 0 0 75 23 47 0 5159 14 0 0 0 26 6228 46 57 0 9 12 322 2 4 18 0 0 0 0 0 0 0 0 13 0 32 0 164 16 21 0 213 398 34 3 10 12 1225 0 32 0 1 0 0 26 0 0 0 0 0 0 0 0 0 10 4 0 0 0 0 0 75 169 20 0 9 0 8
 4 0 37 0 0 0 0 1 0 0 17 7 0 0 0 7 0 0 0 0 0 0 0 0 5 0 0 26 27 2 0 11 0 6 134 0 54 0 7 13 0 0 0 0 0 14 157 0 11 0 0 0 0 7 33 0 1 0 25 3 4 4 0 0 0 46 6 27 290 148 143 5 7 2733 1 0 12 1180 631 0 0 0 0 42 0 1048 23 0 0 0 0 3 430 5 20 0 0 0 0 0 11 49 0 928 16 0 11 17 3 9 212 3 12 0 1697 5 0 30 248 4 13 0 0 0 0 2 187 325 0 0 0 0 14 8 16 88 63 0 0 1 4 55 5 0 0 13 34 201 0 55
 0 18 9 22 93 0 0 18 26 202 167 0 0 0 1014 0 4 0 8 433 361 0 0 18 1 0 0 0 1 0 0 2 0 0 1 87 0 324 0 0 1 0 0 1 575 0 0 0 8 108 0 122 18 601 34 482 0 917 0 0 0 33 3 0 0 0 14 0 117 0 4 2 3 3 14 0 2 0 0 2 47 1 250 6 12 0 131 0 5 59 0 8 0 26 229 0 0 15 229 0 0 7 6 1 0 11 27 0 0 982 37 0 0 168 0 0 6 0 0 68 0 0 0 0 737 0 9 0 0 0 0 0 0 0 0 0 0 0 0 0 0 0 0 154 82 0 0 3 0 0
 0 0 4 3 46 117 261 0 0 0 0 0 42 0 22 0 38 34 52 0 0 24 286 0 0 0 0 2 8 0 207 0 4 36 0 0 0 0 0 18 0 0 0 0 71 0 4 1232 1 474 11 0 1 101 2951 0 0 284 0 2 429 0 0 0 0 7 7 0 0 89 0 1057 0 33 0 1 0 58 0 176 1 0 4627 0 36 0 0 0 53 39 0 0 1132 0 2 0 0 0 1 0 29 0 0 0 11 0 8 0 0 0 69 15 0 0 301 0 0 0 0 0 391 0 0 0 0 0 0 172 1462 354 0 0 75 0 0 4 15 0 140 0 23 0 0 4 0 9 0 0 25 0
 0 0 0 0 14 5 4 0 84 0 0 25 0 0 19 0 19 1 0 0 0 0 22 0 0 0 11 0 60 4 0 8 0 1086 9 73 8 0 45 11 21 44 19 4 1 38 2 337 36 0 0 2 7 0 0 12 0 0 0 0 7 0 0 212 110 0 23 0 43 0 98 0 33 391 0 12 177 74 0 0 19 0 0 81 0 0 0 0 82 0 0 0 0 0 0 0 84 0 0 27 0 3 0 2 650 0 0 38 0 0 141 14 0 84 1 22 0 0 0 1 0 2 0 0 0 8 384 14 0 0 0 13 0 16 0 1 22 41 0 0 61 25 6 3 5 26 0 0 0 1058
 0 129 0 1 0 0 0 0 7 120 398 5 1 0 0 0 6 0 468 0 2 0 370 0 1 0 0 0 13 3 0 29 13 0 33 0 119 6 0 25 6 3 16 0 91 2 0 0 0 0 587 0 356 0 23 4 62 78 0 17 0 17 0 0 2 0 5 0 0 0 0 0 27 48 0 22 0 0 0 0 0 0 0 14 0 0 10 10 34 0 0 0 0 3 0 0 0 0 0 30 0 181 1 0 0 0 12 10 104 39 503 5 148 0 0 35 1 3986 4 0 0 0 3 0 96 0 0 0 0 209 0 0 0 12 81 0 5 42 28 0 10 0 9 0 0 0 0 79 0 300
 0 24 4 89 2 0 0 18 1 0 0 163 195 21 6 0 0 33 0 35 0 198 4 2 0 0 0 0 0 42 0 9 0 0 1 19 20 1 0 0 22 3 2714 0 0 11 0 0 186 0 0 63 863 203 64 45 0 16 0 14 0 5 76 0 0 0 0 0 0 0 0 0 0 0 0 0 5 0 18 0 26 0 0 0 74 0 68 0 85 0 0 30 66 0 13 33 3 8 0 0 0 0 0 0 15 118 0 0 0 67 82 0 795 1 0 57 0 0 0 0 67 0 9 0 0 0 48 0 21 198 0 0 9 0 0 0 0 0 11 5163 0 0 4 90 0 0 7 1 0 0
 4 0 28 0 888 0 43 7 0 105 0 0 107 0 0 0 2 6 3 20 0 0 268 0 0 0 5 262 0 1261 48 0 275 0 6 0 0 0 0 0 0 17 0 6 1 0 1 13 757 20 0 0 0 0 0 0 252 0 0 0 7 1 0 0 0 0 4 30 0 15 0 0 13 0 0 0 8 12 2 0 26 0 17 4 0 0 12 5 88 0 0 0 0 124 211 3 0 0 0 93 87 4 0 397 3 0 4 0 356 0 0 0 0 189 762 9 0 1 0 0 973 0 0 0 1 0 0 20 8 0 58 0 2 0 251 3 0 0 0 13 91 25 42 0 0 0 0 21 316 0
 35 0 340 0 145 0 13 0 153 11 2 0 14 0 0 0 0 7 44 10 8 62 0 2 0 0 10 0 0 3 0 2 35 0 9 0 0 6 0 0 0 1 182 4 0 0 16 6 0 0 0 179 11 0 8 172 0 0 0 0 6 0 1 0 0 0 0 0 16 9 0 2 0 0 0 0 0 0 0 11 40 0 3 0 0 3 0 0 140 0 0 0 50 87 4 2 0 0 0 0 10 70 2 0 221 0 0 16 0 5284 0 0 10 11 31 1 0 0 0 0 40 1 0 15 100 0 16 0 24 0 0 0 0 0 0 0 0 0 0 0 79 0 137 39 8 2 1 0 0 0
 0 1 0 0 0 365 13 0 0 0 2 0 0 21 5 1 0 0 203 0 0 8 3 4 0 21 3 27 851 0 337 0 8 189 19 11 0 1 0 50 9 24 34 23 2 0 1 0 6 0 79 389 9 0 9 2 46 0 0 0 317 0 93 0 4 0 0 0 20 1 1 0 22 0 0 0 132 0 77 11 0 160 4 260 0 0 0 93 0 0 0 0 0 0 0 57 0 0 3 0 2 89 4 0 0 0 2 0 0 0 228 46 500 0 0 12 43 0 3 0 0 0 1 58 0 0 64 13 0 66 0 7 0 5 0 0 60 0 31 7 377 57 7 31 5169 0 0 0 0 4
 0 0 57 0 0 7 0 790 38 7 25 150 26 13 0 95 800 96 5 49 0 0 360 16 0 0 0 0 0 100 0 0 63 48 14 0 184 93 0 0 0 57 0 8 5 14 19 4 0 14 196 0 0 273 2 1468 0 0 0 0 0 0 56 0 23 0 0 0 0 0 0 7 380 0 62 0 3 20 0 0 0 19 0 0 0 0 0 18 0 0 36 224 0 31 14 43 0 0 0 0 0 17 0 0 0 0 0 4 0 0 21 140 0 0 24 0 191 0 81 6 1 115 8 0 0 0 0 0 0 2 29 15 6 4 0 974 0 0 0 1 0 9 3 0 0 0 7 5 2951 0
 2 0 2 0 7 0 40 0 0 0 0 346 0 1 6 0 0 0 0 30 0 0 0 189 0 2 0 0 10 14 19 408 93 0 0 889 0 0 887 0 0 33 0 11 0 0 11 0 0 0 0 0 0 8 11 3 0 0 0 0 0 6 0 0 6228 0 574 772 0 21 941 0 92 0 0 133 6 0 0 28 3 31 29 0 0 0 15 211 24 0 0 11 0 0 0 0 193 0 16 28 0 79 0 194 0 3 0 0 112 0 0 0 17 3 70 0 176 3 0 144 0 74 0 15 0 0 0 117 0 0 0 0 0 0 6273 0 0 0 5 0 0 0 16 392 0 0 0 1 6 0
 0 73 0 62 0 0 20 4 0 0 2 0 0 0 13 0 58 1 4 206 79 0 734 0 0 18 9 114 0 1 0 39 41 11 22 4 43 27 0 0 0 0 0 4 44 0 8 122 147 97 0 78 27 0 0 108 4 0 1 4 0 0 198 11 0 0 1 194 39 0 17 39 3 0 0 0 2084 0 0 0 0 52 0 43 0 0 6 0 0 0 1 0 55 6 81 0 20 0 379 0 1 0 229 110 0 0 0 0 0 21 0 0 22 131 0 91 8 0 270 0 33 3 14 104 0 14 0 4643 147 57 0 5 966 0 8 14 0 18 0 6 2 0 10 58 0 0 0 9 0 0
 1299 20 27 0 146 0 19 0 0 333 0 74 0 0 0 0 1184 0 3 2 0 0 1 0 0 51 55 0 0 26 0 0 275 0 74 0 0 0 10 15 87 0 0 0 0 106 0 0 3 171 5 0 140 0 2 0 0 0 0 508 11 0 9 62 512 0 240 23 0 112 0 26 0 1 0 3 0 1 92 0 3 131 199 0 0 967 0 0 0 0 0 0 3 0 2 0 95 3 0 0 103 0 4 0 6 637 0 0 0 2 28 6 12 12 0 286 0 0 1473 41 0 0 4 0 0 0 0 0 36 0 36 64 7 22 1 0 19 238 0 71 8 0 2 0 0 5 0 44 18 0
 0 0 28 16 24 0 31 0 0 13 0 0 0 0 0 0 0 0 0 1 0 118 6 0 0 0 23 62 4 110 7 0 0 2 0 0 0 0 5 95 0 14 0 119 0 18 22 0 0 0 1 0 0 20 6 7 0 0 1 12 15 0 0 40 194 0 29 0 259 0 1 17 0 0 0 0 11 0 3 1 0 6 1392 34 0 24 413 0 18 0 0 8 881 0 0 0 0 0 5 60 7 37 0 0 0 0 0 0 0 3 0 0 0 0 0 11 11 48 163 0 2 0 0 41 49 0 118 177 6 0 2 0 117 0 0 670 67 0 0 496 0 0 0 0 2 14 0 6 25 0
 1 0 0 59 20 3 1 0 58 7 0 10 46 0 2 4 82 0 27 92 0 32 0 0 90 51 0 0 0 0 0 0 0 12 51 0 0 13 0 82 0 0 0 0 2 0 8 99 0 6 0 137 6 0 17 273 0 0 0 0 17 3 61 205 0 0 407 0 0 0 32 0 0 0 0 9 13 11 0 0 0 0 0 0 0 0 0 91 1256 0 3 0 0 42 0 178 0 0 0 7 0 0 8 0 0 12 0 64 0 0 0 3 54 0 0 0 0 17 0 7 0 2 33 0 6 17 759 0 0 0 11 0 0 23 0 0 0 7 0 0 36 0 0 0 33 4 0 0 19 0
 30 9 0 0 41 0 17 0 0 1 9 0 153 0 0 16 3 164 110 0 0 2 0 0 0 0 0 0 63 31 52 16 0 0 0 0 0 7 2 211 0 0 0 264 3 3 18 267 0 26 1 2 1 13 0 17 0 13 6 0 0 0 13 0 1410 0 0 334 8 0 0 0 12 23 0 0 0 0 0 693 234 20 0 0 0 1 2 38 229 17 0 0 19 0 347 0 0 0 0 0 0 1 4 0 0 9 0 0 9 0 54 13 0 0 14 0 1 48 0 97 0 410 132 0 114 0 120 0 5 0 4 0 1 0 2 0 0 0 56 0 0 13 0 472 0 44 0 1203 4 0
 0 160 46 36 14 24 3 120 0 0 0 0 0 18 0 0 38 0 0 0 336 3 11 0 0 0 13 7 0 8 0 0 6 0 0 0 0 0 0 0 291 0 0 17 0 84 0 0 3 0 0 14 139 0 0 0 32 13 0 0 393 214 13 125 33 19 4 0 24 29 0 0 20 0 3 0 0 2 0 12 0 0 0 28 0 0 138 12 9 0 14 12 0 0 0 0 163 37 0 0 0 1 0 5 1 35 0 0 844 74 0 0 0 12 0 0 0 0 78 68 0 0 270 30 0 23 55 13 0 5 0 3 0 0 1 0 0 0 17 0 239 0 0 0 52 0 114 28 6 2
 105 0 0 524 30 0 18 0 687 10 52 0 13 0 0 0 0 181 207 3 36 4 235 3 0 36 0 0 107 77 0 0 5 190 286 4 0 0 6 0 1 16 0 0 0 56 1 0 40 0 6 120 33 0 62 0 0 16 0 0 10 0 0 0 0 0 58 74 4 80 0 253 0 0 0 0 0 78 20 0 39 0 2 26 0 33 2 31 0 0 0 142 21 0 19 0 0 0 29 0 0 0 0 41 0 0 0 0 0 0 284 2 6 0 0 0 0 0 34 0 0 13 3 5 0 0 108 0 0 0 0 0 2 0 0 0 0 10 46 0 0 0 0 0 0 0 0 6 1130 0
 1 0 56 0 0 2747 0 0 376 50 0 0 0 112 4 6 7 19 6 4 0 21 0 1 112 228 0 18 16 0 0 24 0 186 3 13 0 0 0 8 0 13 0 0 0 0 0 128 0 69 0 0 0 0 14 26 498 8 19 0 0 499 5 0 2 0 105 13 4 0 66 68 0 9 0 0 338 34 0 11 0 1 0 0 277 19 0 131 44 0 32 0 0 61 1 0 13 0 5 1 250 0 0 686 496 64 0 0 215 0 1 14 2 139 0 137 0 7 0 86 92 90 0 0 107 1 72 0 0 5 4 6 0 0 5 0 50 0 4 0 36 9 0 58 1 0 0 0 10 235
 0 0 0 51 0 5 38 1 28 62 37 6 270 0 0 0 0 0 0 1 0 4 4 0 0 0 0 149 0 0 0 0 0 8 167 54 82 0 622 0 0 378 274 57 0 8 0 0 0 0 0 0 144 0 1 0 0 1232 0 0 0 0 5 400 150 0 0 2 0 15 0 0 17 0 1 6 365 0 0 4 0 0 894 15 0 0 0 0 4 10 23 0 0 0 2 30 0 0 0 3 7 116 2 0 0 0 3 0 0 0 0 0 8 0 9 0 290 0 27 4 47 95 0 12 0 50 0 48 0 14 16 542 0 0 28 0 0 17 11 0 0 0 0 31 0 17 52 699 4 0
 0 1219 0 1 0 71 11 0 23 0 42 21 0 0 0 1 0 0 0 0 795 0 0 1 17 1369 0 206 3 1 5 0 0 191 6 0 0 27 12 4 0 0 0 52 62 0 0 970 0 0 432 0 0 0 182 3 805 0 156 0 69 344 67 6 0 12 18 4 289 189 0 141 0 0 344 0 0 0 0 57 0 0 0 5 0 28 42 7 330 60 30 0 0 19 244 4 24 1 0 40 0 0 0 0 2 31 4 0 462 0 9 3 130 9 8 1 0 16 6 0 46 0 5 0 12 0 0 0 12 0 0 0 6 0 0 5 436 0 0 0 0 0 0 0 2 0 0 124 113 0
 1 33 35 0 0 1 0 111 0 38 64 4 0 118 0 17 150 0 18 0 34 27 0 0 0 0 0 7 72 0 4 19 0 2 193 321 0 0 20 0 0 29 0 0 0 3 206 3 0 0 25 0 6 0 141 0 0 0 0 277 11 0 1 0 0 0 6 0 0 0 6 23 0 144 243 125 0 0 0 0 27 0 0 139 3 0 10 189 15 0 5327 0 53 0 0 0 14 0 0 0 0 2 4 20 0 0 1 35 0 0 0 22 0 28 0 33 75 0 0 0 5 0 2 30 5 0 4 110 0 0 0 0 1228 0 3 3090 0 2 0 0 0 0 0 252 1 0 295 0 99 0
 0 0 0 0 0 0 0 0 0 0 0 3 1 0 0 17 0 176 0 0 1 0 0 0 0 7 0 0 3 0 0 0 36 0 15 0 180 0 0 1206 0 143 0 34 5 0 15 0 0 0 0 5 0 0 42 0 0 0 0 4 272 1 0 0 51 0 0 0 0 0 114 24 36 49 0 0 8 2 0 119 0 234 0 0 0 24 0 9 0 405 63 37 0 1 97 0 13 30 0 1 0 1387 0 0 0 0 0 214 21 0 74 9 0 67 0 266 156 0 2 1235 0 0 0 345 0 0 0 55 23 16 0 94 56 0 44 0 0 0 138 3 945 0 40 0 254 0 5 25 0 0
 0 0 234 254 8 297 0 413 58 0 0 0 0 0 147 0 0 0 0 0 18 0 0 0 37 398 0 3 99 0 0 0 0 204 0 2 0 15 6 0 0 21 0 36 0 0 12 103 0 44 0 0 0 5 2 0 0 0 0 0 43 0 2 0 0 9 354 28 31 0 276 4 49 0 26 0 0 0 0 356 0 3 159 0 10 0 0 0 0 7 4 14 5 0 0 2 0 0 2 79 0 72 0 3446 0 25 50 0 0 0 433 0 0 3 0 4 0 0 0 13 0 8 0 0 35 9 0 0 0 0 12 0 0 0 0 62 0 295 6 0 0 11 0 24 10 3 0 151 0 14
 0 0 0 0 0 1 10 3 0 23 354 17 0 2 0 5 0 510 21 0 27 0 874 161 0 18 0 0 35 0 60 0 0 0 50 0 0 14 0 0 0 0 4 0 3 72 13 0 0 37 0 1401 10 47 0 0 9 2 0 0 0 0 62 1 0 0 0 0 0 0 0 10 0 20 717 200 0 0 0 3 0 0 0 22 0 0 25 0 101 27 162 17 12 108 0 47 378 9 0 0 0 0 11 0 25 0 675 0 0 1 3153 20 0 0 211 53 0 0 0 315 18 38 0 0 0 0 0 0 65 0 797 21 0 0 3 17 0 0 29 61 0 1 213 2 0 2 4 0 2084 0
 1 0 0 0 0 0 0 0 36 0 0 0 0 0 63 560 0 0 1 272 10 0 0 79 0 164 0 0 0 0 7 11 13 434 0 21 14 0 8 0 1 0 0 0 4 0 0 0 5 0 3 0 19 0 38 3 182 0 1166 287 7 1 0 22 45 0 618 4 0 8 0 2 746 0 152 0 973 0 0 3 2 0 71 0 0 2 1 0 0 0 5 0 1 11 23 0 0 9 0 0 235 44 0 0 2 0 0 0 1 11 34 59 36 3 0 0 0 5 0 1 3 41 0 0 0 0 0 4 0 0 103 37 0 0 0 4 0 0 24 0 0 0 0 0 0 75 0 0 0 3
 917 98 31 7 82 17 0 8 0 0 0 27 0 0 0 0 0 0 0 375 1 4 0 0 462 15 51 97 0 20 38 0 19 1152 7 0 0 72 1 1 0 6 0 0 0 9 192 5 112 0 179 28 0 759 197 0 0 47 0 0 117 18 15 0 0 0 446 46 218 0 4 0 0 0 0 88 18 0 206 0 0 0 114 0 0 0 1 0 26 0 0 0 2 0 3 0 0 0 0 0 0 17 0 1 4 203 38 166 0 46 1 2 660 76 0 46 0 0 19 0 2 0 29 0 0 15 0 0 39 0 1 0 0 0 0 0 79 21 0 10 2083 5 640 44 0 0 0 0 15 0
 37 48 0 0 20 0 0 0 0 0 3 11 295 20 0 0 150 0 0 0 0 13 30 0 0 0 0 0 2 0 0 0 0 1 60 0 0 15 0 15 2 0 2 0 0 0 775 0 0 0 0 3 554 8 5 131 1 0 0 206 0 0 9 0 3 0 0 0 607 0 4 0 0 0 0 0 0 20 3 0 0 1 0 5 0 0 0 0 0 0 0 51 0 3 888 0 26 0 0 0 19 1 6 0 448 0 0 0 0 0 64 164 62 1 0 0 11 0 311 4 0 0 129 13 62 4 0 1 116 0 0 10 182 0 7 0 0 0 0 499 0 386 171 13 87 0 108 0 0 0
 0 9 0 0 0 23 0 0 7 0 0 0 0 0 0 0 4 0 0 9 0 21 67 0 0 0 0 0 0 10 0 28 0 0 0 975 14 0 0 44 8 0 0 0 43 0 0 0 0 0 0 0 9 3 171 151 0 16 0 21 1216 15 41 0 7 251 0 0 0 0 1 0 28 0 162 0 201 0 0 162 0 0 0 50 5 0 0 2 0 0 0 1 13 0 0 10 0 0 1 28 1253 0 0 2 18 7 0 260 10 16 105 0 4 0 0 0 607 20 13 0 0 0 4 0 52 9 8 8 0 0 29 0 0 0 0 0 6 21 0 14 1 0 15 0 0 0 0 0 0 1
 0 0 0 129 0 15 0 0 2 0 0 0 3 275 0 44 0 0 19 29 0 132 10 0 0 0 243 0 4 0 4 0 3453 37 0 139 608 0 0 0 9 0 23 10 18 0 0 161 0 176 0 925 0 33 0 21 0 2 0 11 0 2 1 10 0 0 0 27 0 173 30 60 0 162 5 433 0 0 0 0 0 6 18 0 0 3 0 1 0 0 0 0 203 59 0 3 0 0 13 13 14 0 0 0 17 0 0 0 0 0 0 92 0 0 0 0 0 0 150 0 0 21 2 0 9 0 4 0 0 0 0 56 3 0 0 0 0 584 12 0 109 0 0 41 0 0 13 0 0 3
 0 0 869 6190 0 16 0 84 192 0 0 0 23 207 0 0 3 0 3 19 41 3 195 3 120 0 17 10 0 28 2 0 171 323 0 0 2 7 0 23 5 7 0 14 6 0 1 1 273 0 0 0 0 22 0 5 2 0 0 0 0 0 0 205 6 111 0 0 0 0 0 1 337 0 0 0 0 38 60 0 0 0 0 74 0 100 25 17 0 199 407 3 0 0 663 9 0 888 9 0 8 0 2 2 0 0 0 120 0 0 0 0 0 0 0 0 0 3 0 0 156 624 0 0 8 0 0 0 0 3 0 0 0 30 0 62 0 0 100 0 0 0 0 0 0 0 47 365 0 0
 4 0 0 0 15 0 14 0 110 36 0 0 166 0 0 0 1 0 14 135 0 0 10 10 9 1 0 0 4 0 0 73 0 0 107 16 0 6 1 673 0 0 87 0 25 0 0 0 0 0 12 250 0 6 3 0 0 0 0 0 0 11 0 1 163 4 2 15 21 7 0 0 0 45 0 4 0 0 0 39 0 1 0 780 0 0 118 0 0 75 0 0 133 0 0 255 6 0 76 0 0 1 465 0 8 3 0 0 0 0 0 70 0 0 0 0 0 22 501 0 0 0 10 60 0 4 3 5 0 11 0 1218 0 0 0 0 0 0 14 0 0 2 0 0 0 4 374 0 3 40
 0 68 0 0 7 228 0 29 56 0 14 9 78 0 2 9 0 4 0 0 48 0 12 0 15 0 0 0 5 0 3 0 0 0 45 881 0 0 17 0 10 0 0 9 30 4 0 0 0 1116 1 97 4 0 202 0 2 2 1 1 498 0 17 0 0 0 57 8 1284 0 0 5 0 0 0 13 0 0 787 6 41 71 0 0 51 29 4 1 0 18 0 0 0 54 0 0 0 0 14 42 0 0 2 877 0 89 41 0 0 1 0 112 0 191 0 12 23 0 0 85 194 0 8 6 0 0 0 0 0 39 193 0 36 3 0 0 2 590 0 0 11 0 0 0 264 7 0 0 35 0
 3 4 0 0 3 2 0 0 0 0 0 56 0 2 0 444 23 12 0 0 0 0 149 29 0 1 0 291 0 0 25 21 0 0 0 362 0 0 55 4 0 361 14 302 74 0 0 0 795 78 0 0 0 0 0 0 33 0 0 259 42 0 6 0 13 0 0 0 0 0 0 0 0 0 7 0 11 191 2692 113 5 0 0 0 0 0 16 0 0 29 0 0 24 1 254 0 286 0 46 10 3 0 0 54 18 0 2 0 0 0 22 0 2 13 4 4 0 0 0 0 43 176 0 1 7 17 14 28 624 96 0 3 32 187 0 65 460 8 41 0 15 367 32 0 0 98 0 0 15 3
 5 0 16 4 4622 4 9 0 0 0 0 0 14 4 0 1 980 19 0 529 129 49 0 0 188 6 22 12 0 177 2 0 6180 0 0 0 0 3 0 0 64 0 0 0 0 26 1 1 0 31 0 0 52 32 76 8 70 4 0 17 717 0 0 57 0 0 9 72 0 0 24 0 0 0 0 16 0 2669 14 12 8 0 0 8 0 0 0 1 0 0 0 0 3 20 0 3 0 1 0 883 66 0 0 1 0 0 5 0 39 0 0 127 0 0 0 14 97 0 167 2 0 16 0 149 0 0 1 0 0 2 0 35 19 0 0 0 852 0 12 0 92 52 0 1 0 0 7 0 93 0
 0 0 9 5 13 155 14 0 13 0 0 0 0 0 0 0 0 2 5340 0 1152 5 231 0 0 0 2 0 0 0 31 0 0 3 5 12 0 146 3 0 90 0 4 8 0 15 20 0 0 0 0 0 1 0 49 0 0 0 0 1 817 111 413 0 0 36 0 8 5305 4 0 0 0 0 20 35 0 32 276 0 0 9 0 0 57 5 0 0 0 0 0 0 0 220 0 29 0 125 2 3 0 34 0 0 0 8 0 0 8 0 0 26 0 144 0 12 0 5340 0 85 10 6 0 0 281 0 0 0 0 15 0 16 10 0 0 18 0 7 0 0 12 187 0 3 0 77 81 0 0 0
 10 0 0 152 338 15 22 0 0 0 0 0 13 0 0 22 5 0 0 96 789 7 18 84 2 0 5 10 14 18 0 4 6 0 496 0 6 0 6 0 0 0 2 0 75 187 23 0 0 7 0 7 0 0 0 0 0 0 0 0 0 0 547 0 28 8 38 0 0 0 0 0 1 0 4 0 10 0 0 0 13 0 35 0 0 21 0 74 0 0 0 12 0 0 475 0 4 0 37 0 10 0 0 9 0 0 0 0 9 0 0 2 14 0 9 55 0 956 223 0 92 32 28 0 0 7 0 189 306 0 0 0 0 0 41 27 0 0 0 0 0 21 0 42 3 56 19 88 0 248
 10 0 286 0 24 0 1 0 36 0 40 15 0 0 0 0 0 0 2 0 19 0 0 717 3 0 0 57 0 0 116 36 58 786 2 0 0 16 0 0 0 0 0 24 358 0 0 0 0 0 14 6 0 34 2 0 0 69 0 0 0 157 66 96 0 0 33 15 188 367 0 0 0 10 17 0 60 35 0 0 2 0 0 1 13 147 300 32 443 139 0 1 0 0 0 3 5 0 1 0 15 0 33 3 0 0 65 0 0 0 0 0 0 0 8 39 0 115 0 0 1006 300 24 10 19 4 164 0 0 6 0 16 0 0 0 0 0 2 0 5 43 0 27 0 0 170 0 0 0 41
 0 15 0 19 390 0 45 0 0 0 0 13 0 170 0 0 16 0 7 10 0 0 1 6 4 1 0 624 0 1 0 0 1 39 0 0 0 0 0 0 9 18 0 0 19 17 4 112 0 33 14 0 0 75 0 0 0 0 11 1 1 0 0 0 0 0 15 1269 5 19 0 7 0 0 12 0 0 0 0 0 11 1 140 0 224 0 0 0 0 1510 91 118 0 34 6 0 32 0 0 0 0 0 1 0 3 1 64 0 0 0 1 464 2 0 146 0 1 0 0 0 0 0 0 0 8 23 0 0 9 181 0 119 121 0 29 134 0 1 0 4 0 204 7 89 21 84 163 0 0 0
 19 4 0 0 4 0 0 0 3 0 0 0 6 500 0 0 3 0 0 0 10 0 0 0 0 0 490 0 10 15 0 4 0 53 0 0 51 28 0 41 0 0 0 0 0 21 57 0 15 33 41 36 0 15 0 248 430 1131 0 0 0 255 19 0 0 2 0 0 0 0 33 0 17 0 0 19 13 0 1 0 4 0 46 0 4 44 95 39 0 3 0 0 14 0 11 0 0 52 0 669 0 629 30 2 0 0 0 6 0 3 0 0 26 64 889 0 0 0 0 0 31 20 719 0 15 0 0 0 0 0 9 13 0 0 0 0 62 58 0 0 0 0 0 2 0 667 0 0 0 25
 34 23 0 21 0 0 0 84 0 0 142 3 0 0 0 0 0 0 16 0 0 0 130 0 182 1 50 0 0 0 0 3 0 0 875 226 0 0 90 6 0 0 0 4 0 0 3 0 0 0 0 24 0 0 0 0 84 6 0 187 196 0 195 0 0 9 80 0 0 187 1002 920 0 0 0 13 5 3 0 0 17 0 0 11 3 0 0 0 44 0 38 0 10 6 1 0 42 32 0 0 43 0 0 0 0 77 0 4 23 0 126 0 6 30 0 10 49 0 6 42 274 8 0 0 0 52 0 0 0 20 0 0 0 0 0 0 0 0 55 0 10 122 0 11 0 0 0 0 5 0
 0 0 1 0 0 0 32 14 0 0 26 21 0 0 0 0 45 0 0 648 0 0 2 0 0 1 0 0 241 0 87 0 0 22 106 0 0 102 3 12 0 45 23 0 0 2 0 0 3 13 128 0 0 8 0 0 0 544 22 140 0 0 0 0 0 89 0 0 0 0 5 12 799 10 0 3 0 4 50 1 0 4 0 7 6 0 37 1 800 1499 4 14 0 14 0 161 12 0 57 0 0 0 18 0 10 0 0 0 0 0 0 78 0 0 4 41 0 0 34 1 10 0 0 0 14 0 0 23 217 293 66 107 0 672 0 101 0 0 0 0 41 8 0 3 0 0 0 0 0 0
 0 0 0 71 0 0 0 0 0 0 0 0 0 22 0 64 0 0 0 247 5 64 0 0 0 30 0 383 17 0 0 0 0 432 196 10 0 3 0 0 1 49 6 2 20 0 374 0 21 0 0 0 0 1 0 4 13 0 0 93 3 0 0 0 0 42 0 0 8 175 0 0 0 0 341 11 0 0 0 0 0 11 0 39 0 0 0 0 0 38 223 0 0 0 0 0 0 0 0 281 0 3 0 0 122 15 0 0 23 0 0 16 16 1 14 0 852 0 0 0 11 0 0 26 0 0 0 0 46 0 0 0 864 0 0 0 0 1 30 0 0 0 111 214 0 0 0 2 9 3
 0 30 9 35 0 25 8 0 0 20 2 33 0 5 2015 0 4 0 0 342 0 0 1 119 0 230 54 27 28 0 0 24 3 62 15 0 8 5 0 0 0 116 0 31 0 0 0 0 0 4 0 9 104 20 12 0 5 0 0 0 4 14 0 0 0 1 0 124 0 3 0 0 76 6 0 5 0 0 0 0 1 6 0 0 17 0 0 128 5 0 0 32 0 0 0 8 8 0 0 0 0 211 0 5 306 0 0 0 0 0 9 0 0 4 0 2 38 5 0 56 71 0 0 0 2 0 15 0 37 0 0 229 350 0 2 17 0 0 0 42 2 15 0 0 19 41 0 7 4 0
 0 0 0 2 0 25 193 7 0 68 0 4 3 60 0 0 5 0 0 0 0 0 0 0 3 4 0 0 192 5 13 0 0 65 74 5 19 0 0 9 18 10 1 0 0 0 28 0 2 10 7 8 0 0 0 4 70 0 0 4 0 15 51 1 0 14 10 2 171 12 0 3 0 0 0 0 901 1298 23 3 46 0 323 0 115 0 0 75 1 0 0 1 7 0 215 10 0 0 0 0 34 0 0 0 0 697 0 65 0 0 2 175 0 0 30 0 0 70 0 8 0 18 6 66 0 0 0 0 0 16 0 7 0 7 8 557 0 0 0 63 0 1296 0 0 0 4 1 0 0 6
 103 0 0 0 0 194 45 0 3 0 128 0 91 0 0 129 9 0 273 0 0 0 0 0 163 53 62 2 0 8 0 17 0 0 1 0 3 0 0 17 1 65 0 0 111 0 0 1 0 0 0 0 0 2 6 0 63 37 14 0 0 0 0 0 61 0 0 108 10 27 1 0 0 5 1 0 0 43 24 0 455 0 0 227 0 16 1 4 16 0 0 0 0 413 216 0 5 0 409 0 0 0 3 0 213 34 0 0 3 0 9 25 0 25 0 0 2 0 22 168 0 0 0 97 1 0 12 4 19 0 5 0 64 2 0 0 14 0 4 0 4 123 78 2 0 17 0 25 86 0
 0 150 0 264 0 19 2 0 0 0 0 0 4 0 0 9 54 0 0 68 0 0 0 0 72 0 77 0 3085 1012 0 0 30 0 0 93 2725 893 0 119 0 0 158 24 0 23 166 71 58 0 1 0 21 0 0 26 0 65 17 0 0 35 0 0 25 0 415 185 15 74 1700 0 0 10 12 0 4 0 0 9 3 21 193 0 1 0 0 0 61 0 333 2 0 0 48 0 0 2 90 0 0 0 0 9 76 363 8 0 0 38 0 0 90 0 255 0 106 0 56 0 0 5 3 0 0 1 135 8 140 0 52 6 10 0 0 0 0 0 29 0 7 0 330 13 357 8 3 12 22 0
 5 0 0 0 0 0 0 0 0 0 65 0 3089 2 0 0 0 1012 9 0 165 0 1083 111 150 2 184 303 0 0 0 2 0 0 0 0 0 0 6 163 0 0 33 0 0 0 116 0 0 0 36 0 0 55 55 1 81 0 0 203 0 18 17 0 0 0 10 0 0 0 0 1786 0 0 0 93 1 77 3 25 56 0 63 216 0 0 8 0 0 0 0 16 0 0 3 2 0 0 33 48 97 0 11 3 49 5 0 2 133 0 0 0 0 51 10 8 12 0 0 59 2 209 60 0 2 0 0 68 0 17 170 0 42 0 0 384 0 0 0 0 242 0 98 0 0 657 0 0 12 374
 16 46 98 76 99 12 0 0 0 87 0 0 0 0 0 0 0 2 0 0 0 883 19 0 0 0 0 0 0 0 1 0 0 0 0 15 9 0 0 116 0 0 2 0 100 418 2 18 4 0 532 0 16 0 657 13 0 0 65 0 0 0 14 60 0 34 0 0 12 49 0 275 0 20 0 6 0 0 0 0 0 0 146 226 1 0 0 0 22 36 128 0 0 0 6 0 0 0 51 0 0 0 0 0 0 13 0 35 0 23 49 3 4 66 0 15 19 79 0 0 504 0 302 0 0 0 0 11 0 0 6 0 0 0 0 0 41 0 27 0 16 0 2 4 0 0 0 0 0 0
 0 0 0 0 0 0 0 0 9 0 0 0 20 0 0 0 0 0 178 0 0 0 22 0 0 0 0 46 3 7 1849 0 53 0 0 0 0 115 79 8 0 3355 67 19 0 0 20 12 0 14 0 7 0 0 0 0 0 0 625 83 3 0 0 134 9 0 0 354 0 0 16 0 0 82 0 0 12 0 0 0 22 0 160 9 498 13 0 5 21 0 0 0 289 17 164 11 0 0 0 0 455 0 177 0 13 23 87 0 0 0 16 8 0 85 0 87 0 0 0 0 345 0 0 0 2582 217 0 30 143 0 0 0 0 421 18 0 0 0 0 0 10 19 0 22 0 0 1 0 0 0
 0 0 4 0 7 0 0 218 14 0 0 32 0 0 0 3464 6 0 28 0 4 0 0 71 0 103 0 2 3349 5 0 0 3 0 36 6 0 32 0 0 0 198 29 99 186 0 0 17 0 0 0 0 588 0 137 10 74 12 1 0 22 0 0 0 0 0 0 146 0 10 43 0 0 10 246 39 1 4 2 0 23 0 10 0 0 7 16 0 61 0 9 195 27 0 0 28 0 7 0 3 0 0 717 51 0 4 0 130 0 90 10 0 0 0 14 15 0 0 3 17 0 0 0 0 0 12 1117 13 0 391 10 0 0 17 0 0 3 0 0 0 2 0 0 0 252 22 0 0 0 143
 0 0 0 0 7 0 35 0 0 5 0 0 1402 3 0 0 54 11 158 0 33 0 0 0 0 0 0 340 2 26 0 2 0 46 0 0 9 1 0 0 0 2 868 0 7 0 0 0 5 22 355 0 0 0 3 30 0 0 0 0 170 0 0 1984 41 0 8 0 0 0 0 9 6 11 1 2 0 0 0 124 0 212 11 700 0 0 1 9 0 0 83 69 6 0 37 0 0 49 64 3 116 3 0 39 0 0 0 2 0 13 1420 0 64 9 28 4 0 2 0 0 1 0 0 0 9 0 0 857 3 28 619 0 212 8 1 0 0 0 3 8 116 0 162 0 10 0 132 204 0 6
 0 0 0 0 0 26 0 1 3 15 4 25 91 673 29 1129 4 0 12 0 223 0 30 10 0 8 0 7 0 185 0 0 1 74 7 0 116 0 0 678 1 1 474 7 0 57 130 0 12 50 1 0 0 368 0 0 0 10 1 0 58 343 0 16 1 0 0 0 0 0 12 13 24 26 1 0 18 422 0 40 0 0 24 0 3 0 0 0 0 0 0 0 0 1 0 36 0 4 6 0 168 0 0 28 0 0 0 136 0 0 0 0 0 0 0 0 0 0 0 198 0 0 0 0 0 0 11 0 0 1 0 414 2 0 0 10 0 0 736 0 2 0 0 122 18 0 0 0 0 0
 0 0 415 508 9 7 0 31 0 13 0 0 2 243 1 30 87 0 0 0 29 48 49 1 2 128 29 0 0 49 23 0 7 0 0 0 3 0 0 0 0 0 192 112 0 250 0 0 0 116 0 8 3 0 0 0 9 1 31 2 0 0 0 0 0 0 0 6 27 0 0 0 193 0 0 40 0 36 4 52 0 0 1 0 34 2 37 0 0 137 14 191 5 37 0 36 0 39 50 0 0 18 0 4 250 0 0 0 1230 54 194 1214 83 16 0 13 0 2 1 0 0 0 293 0 2 0 0 0 7 0 15 69 0 0 0 15 0 4 0 161 3 0 3 0 0 0 0 195 0 0
 0 2 0 9 45 193 0 117 0 0 0 37 0 0 0 55 9 64 0 0 0 2 0 0 170 5 0 0 0 0 231 0 0 48 0 229 6 12 0 0 0 0 90 25 0 73 0 197 0 0 3 1 17 29 452 0 0 0 0 7 0 83 0 116 28 4 117 0 251 0 0 0 0 0 0 0 3 0 0 8 0 0 5 48 0 0 9 0 0 343 0 0 11 12 0 128 3 7 0 0 14 1887 127 0 23 108 0 0 8 6 15 9 1 23 0 0 0 40 42 0 3 90 893 6 0 531 894 4 404 0 0 0 0 0 75 0 0 0 0 0 0 0 0 18 270 0 0 0 5 84
 54 357 12 0 0 0 0 0 156 0 0 0 0 73 11 220 0 38 498 3 0 40 0 18 0 1 0 0 0 218 0 0 0 0 0 0 4 0 15 1460 6 0 0 0 7 0 63 7 8 0 0 8 0 0 220 11 60 34 0 60 0 16 30 14 0 7 0 0 0 0 33 0 0 0 0 0 231 15 20 0 0 1 5 30 0 0 113 0 179 0 4 0 77 803 1 0 0 3 42 217 0 0 5 37 0 662 0 0 1 99 0 14 4 5 0 4 28 0 0 198 127 0 0 0 0 0 0 26 0 0 58 0 0 95 9 0 0 360 0 0 0 326 1 0 0 0 17 0 0 0
 0 75 7 1 100 0 0 0 13 28 178 0 13 0 0 0 8 0 0 1 0 0 0 0 0 0 0 0 165 0 0 78 0 0 0 0 0 146 0 0 2 0 0 0 2 0 0 7 3 14 0 119 3 0 0 0 5 4 17 2 15 0 0 0 0 0 0 7 0 0 14 153 0 7 0 7 0 5 0 0 0 0 0 0 9 34 0 0 22 38 0 0 0 18 0 0 0 1 0 12 197 24 0 0 27 1 0 14 0 70 0 0 1 0 0 5 0 17 0 0 0 0 10 388 0 3337 0 11 7 0 0 0 0 0 0 0 0 0 362 5 0 374 6 0 1 0 0 0 0 0
 0 5 0 0 0 0 368 1 766 0 14 2 45 5 436 277 92 0 0 0 0 0 0 4 4 0 0 22 20 43 0 0 0 38 0 0 0 0 82 0 0 13 4 0 43 7 32 3 8 795 0 24 13 0 0 0 13 0 0 44 0 0 2951 78 0 51 0 0 0 0 0 10 0 0 0 0 2 2 0 0 0 5 669 0 0 7 0 50 8 0 0 40 0 0 338 0 0 243 0 5 0 2 0 10 18 23 0 0 0 0 5 0 251 15 0 136 8 4638 46 0 0 0 0 0 0 341 17 0 176 0 0 0 1 0 0 0 0 0 10 15 3 0 0 15 0 2 9 0 9 0
 0 594 11 0 950 0 24 4 0 0 0 185 0 10 0 0 0 424 0 0 0 0 0 33 0 0 0 1 0 7 331 0 1 0 0 9 0 0 13 0 114 25 0 2 10 277 5 0 124 128 139 0 0 228 284 0 150 0 0 2 0 687 126 5 87 0 0 181 0 3074 22 0 1 43 0 7 67 4 87 0 874 0 390 26 0 158 543 621 0 69 0 0 6 28 49 0 9 0 0 0 0 27 5 0 0 34 16 3 3445 20 10 0 0 0 0 72 0 0 288 0 0 16 0 0 22 0 141 0 9 95 0 0 22 0 33 4 3 296 6 0 2941 0 25 18 0 0 43 1882 0 0
 0 5 0 0 0 1 0 500 0 0 6 0 1 0 6 1 189 121 58 70 763 0 0 5 341 6 0 795 0 0 10 147 9 46 0 0 0 0 0 45 0 0 0 357 1 0 0 0 0 0 0 0 11 11 0 10 11 1 28 37 0 0 10 0 5339 3 0 0 0 28 0 0 253 0 77 0 0 26 0 474 0 0 26 0 1206 0 70 51 475 3 0 0 85 8 39 78 0 13 19 16 0 0 0 0 5 0 0 501 3 0 0 23 5 0 0 96 0 0 39 6 0 91 0 0 15 74 13 28 0 0 0 127 0 0 1 0 1 4 225 0 14 0 25 0 0 0 12 74 18 0
 0 0 0 35 282 0 0 0 0 0 0 28 0 9 58 1 0 0 0 0 0 14 0 0 0 19 0 0 4 0 0 0 0 31 16 89 3 0 0 12 0 2 0 0 0 139 0 180 19 14 0 7 0 0 373 2 6 0 462 0 0 43 2 3 99 0 0 4 20 0 0 0 21 959 0 0 0 0 0 11 3 0 0 0 0 3 2 6 0 1 112 32 0 314 2 0 637 0 0 0 421 0 0 0 65 51 0 0 0 0 0 0 56 0 30 12 332 71 17 1 0 41 0 0 1 14 9 0 0 29 0 0 0 0 0 0 16 19 0 0 120 10 0 42 0 0 86 0 0 0
 0 0 289 166 6 0 0 18 12 243 72 176 0 49 55 1 0 0 0 12 111 0 1 0 0 0 0 498 0 0 16 0 0 0 4 0 0 0 0 123 0 0 212 0 0 5 14 117 13 0 0 0 0 0 4 0 0 18 17 0 9 25 0 97 0 147 0 7 52 35 0 24 0 1 88 0 2 0 17 0 0 0 5 481 204 2 0 0 0 36 0 0 0 4 0 0 0 0 70 3 1 68 19 15 42 28 0 0 27 0 0 2 241 0 4 88 6 1 34 57 0 0 0 5 3 0 835 0 176 908 281 0 0 135 0 132 0 0 0 21 28 4 8 31 0 0 0 5 0 0
 0 0 0 7 4 0 0 0 7 0 121 233 49 0 0 4 232 0 7 0 5 0 0 0 0 4 0 2 8 0 5 1 0 0 1 0 48 0 0 2 4 0 64 0 0 3442 2712 0 0 32 0 0 0 0 0 152 25 337 348 0 0 587 24 10 401 0 0 0 75 0 0 26 8 3 0 0 272 8 0 0 36 37 0 0 0 0 0 0 19 72 0 90 4 0 20 7 0 0 8 0 2 0 393 16 3 4 0 0 49 0 0 0 0 0 4 5 0 0 0 0 0 0 0 19 978 0 1 4 0 1 0 43 107 27 1 4 32 92 14 0 7 0 0 0 0 24 0 0 6 0
 0 87 0 0 0 0 0 1 0 188 5 6 0 0 0 2 0 1 0 29 0 0 0 0 139 0 0 5 22 45 0 0 168 144 9 0 15 0 6 4 0 0 2 0 0 4 0 20 0 0 0 0 0 9 0 1 0 4 1 23 5 482 8 234 0 0 0 0 47 67 10 0 3 8 54 67 0 0 0 0 4 0 0 53 10 1 5 42 0 0 0 0 168 9 74 0 90 1 0 0 0 0 0 82 0 0 5 9 0 0 0 179 0 0 0 4 0 6 0 0 6 0 1 0 44 61 0 332 13 0 0 6 152 0 17 0 0 1 0 337 52 89 0 0 3 42 0 0 35 0
 7 0 4 0 0 0 0 0 0 0 9 6 870 11 0 168 0 0 76 0 0 1 662 14 0 4 8 0 0 0 17 16 0 0 0 0 2 26 80 14 0 40 7 4 18 0 0 0 11 4 49 0 0 1 237 0 0 23 0 9 15 0 0 432 0 6 24 32 61 0 0 0 0 0 0 88 0 62 0 0 50 2 0 1 0 0 0 0 9 0 71 0 0 0 0 0 0 34 0 0 84 71 1 22 0 39 92 0 0 17 213 0 0 0 0 0 10 0 0 47 29 0 27 4 10 15 0 0 93 0 0 38 0 0 0 278 0 0 2 0 16 396 1 0 0 0 0 0 40 0
 0 0 0 0 1301 89 0 0 0 6 12 316 231 0 1 0 369 0 0 0 1 270 0 0 0 44 0 0 0 0 0 0 2 39 1 0 0 33 0 36 2 0 0 38 0 74 0 0 49 22 0 70 38 0 0 2 250 0 0 13 15 76 0 0 43 12 2 0 0 2 151 7 14 48 0 0 0 0 0 0 0 15 31 0 0 114 38 23 0 6 0 0 28 0 0 0 0 11 1 0 7 0 0 4 41 4 0 0 6 0 6 0 0 0 89 2 0 51 0 0 0 0 22 9 0 0 0 0 188 115 0 0 0 0 0 160 0 0 0 68 0 0 9 0 0 0 0 0 1 49
 89 0 0 32 0 17 0 0 0 0 0 5 0 0 0 0 0 0 71 0 153 0 0 49 38 0 29 0 0 0 84 0 5 41 0 1787 0 103 710 3 43 0 0 0 20 0 393 0 9 0 7 50 0 3 47 12 0 0 0 0 1464 0 0 134 0 0 0 743 0 0 26 0 101 0 7 4 0 0 13 0 0 0 0 0 477 81 0 31 0 29 0 3 11 0 0 34 0 10 441 4 0 0 0 0 0 0 108 597 0 64 0 0 2 0 0 11 15 0 20 0 2 0 0 5 5 8 0 0 3 0 0 0 0 20 6 0 0 211 194 0 654 65 289 16 0 0 6228 0 0 9
 0 0 0 0 0 193 0 0 0 0 0 8 4 263 0 32 5 0 0 9 3 0 74 28 0 17 886 0 0 79 0 33 0 10 129 0 268 0 67 1 0 2 1013 0 34 21 0 0 7 0 40 0 0 22 0 0 0 0 0 28 0 366 0 75 0 63 0 0 0 0 7 0 9 6 2 0 0 72 186 976 0 47 0 0 1 0 0 0 0 0 362 0 0 1 0 33 0 8 174 77 7 19 0 0 0 0 0 1 50 0 12 92 0 0 0 0 15 0 51 0 15 1 133 2 0 0 0 1 25 65 0 410 0 40 25 1 0 139 0 0 0 0 0 11 0 5 66 0 61 0
 0 10 0 0 0 0 0 0 5 7 1 10 0 2 13 0 0 11 535 17 5 0 0 0 0 0 0 0 6226 0 0 0 7 10 0 0 24 396 0 0 18 0 0 0 0 289 721 1 0 0 93 0 0 2 0 0 0 0 0 67 15 32 357 608 4 0 0 0 912 0 15 6 0 0 5 0 4 0 427 0 0 0 0 0 0 0 31 0 0 41 13 5 0 4 0 0 99 7 0 0 234 0 3 0 0 0 0 13 0 0 33 0 0 41 28 0 26 0 3 0 20 0 0 84 0 176 0 3 16 0 0 0 0 72 5 13 302 0 0 0 41 0 0 0 0 0 1255 12 0 108
 0 30 0 248 95 0 17 2 0 0 0 18 0 3 239 120 0 21 0 36 0 6 13 1 1014 0 3 0 0 16 0 63 0 22 0 0 39 0 0 180 0 0 0 0 1 0 0 0 0 0 5 0 0 0 0 180 0 0 1230 0 2948 111 0 52 0 396 1 174 136 0 0 0 0 103 2 1 0 1090 0 13 0 0 0 0 1 0 195 0 3 0 0 0 66 1 0 0 0 14 46 14 120 7 0 0 0 0 0 660 35 669 0 0 0 0 4 39 29 0 0 0 28 0 0 0 0 0 1 7 0 0 0 0 0 36 0 0 0 0 0 0 37 17 0 9 215 7 4 0 0 0
 18 3304 0 0 0 2 0 0 195 0 13 0 0 62 0 0 0 0 1 0 0 0 0 607 0 0 12 2 0 2733 1 0 0 0 0 0 0 48 168 0 11 31 0 0 21 0 0 9 41 1 0 35 0 0 1 0 0 57 0 99 0 0 228 0 0 4 68 0 0 98 1 20 14 0 0 69 544 0 0 0 0 3 0 0 0 25 0 33 0 9 4 0 0 0 3 0 0 90 2 34 3 0 106 0 0 0 14 0 2 204 39 23 33 0 0 0 0 0 0 151 9 0 1 0 0 43 346 0 41 0 0 22 0 63 0 0 474 0 103 0 0 2 881 0 93 794 0 0 70 0
 0 47 0 58 9 0 0 0 0 0 29 0 0 1 0 0 10 15 0 224 0 343 0 0 0 97 36 6 0 0 780 10 86 0 0 17 0 187 28 0 0 0 114 0 4 0 0 0 9 4 0 0 71 0 3 4 0 21 0 0 22 0 0 0 0 0 8 11 0 1 0 2 34 0 92 0 0 1 0 0 26 0 0 8 265 56 120 11 0 12 1 23 0 0 7 5 0 0 0 0 0 0 40 0 13 0 0 114 0 10 2 66 0 0 1 0 0 0 196 1 20 34 0 0 0 113 315 54 0 0 12 0 1 5 0 2 0 3 0 0 0 0 0 0 0 92 0 0 7 17
 666 0 0 13 128 0 0 0 0 11 106 0 0 0 0 3 4 3 0 0 8 4 82 0 4 8 21 0 6 11 93 18 0 0 2 31 0 4 0 0 0 0 31 33 3 0 44 0 195 55 0 0 2 0 29 3 0 22 2005 0 4 0 5 1 0 4 0 0 0 95 28 195 0 0 0 1 10 1 4 0 2 17 0 5 0 0 0 94 0 128 3 0 0 137 0 0 0 0 374 5 243 0 5 139 1 4 0 0 0 21 0 214 0 0 22 0 5 0 0 22 0 115 0 0 0 0 0 0 38 0 0 0 65 21 0 7 17 116 11 0 0 0 12 106 159 78 0 127 4 0
 0 314 0 0 9 0 5 0 0 19 165 0 410 0 0 391 0 27 27 0 0 0 0 8 0 0 0 18 0 0 0 0 594 2 0 23 38 0 0 0 0 0 1304 954 110 73 0 0 13 0 0 10 0 0 28 8 11 0 0 0 0 8 4 122 6229 0 0 3 3 0 2 3 42 0 41 0 0 139 277 2 49 84 60 0 0 78 0 358 0 7 0 24 34 0 0 0 8 0 0 0 0 0 16 0 0 0 0 0 0 0 0 32 7 0 0 0 2 0 0 0 439 124 0 61 3 0 2747 7 153 0 7 0 0 0 2 8 0 0 22 0 393 0 333 7 0 0 0 0 52 1
 17 0 1849 0 19 2 30 0 0 0 0 0 0 0 25 141 0 0 0 7 0 0 4643 0 157 0 12 0 8 213 158 0 1 0 4 1 1 84 0 0 0 0 0 0 0 0 0 88 26 0 0 0 0 0 26 0 0 374 25 1 0 0 223 36 0 14 0 3 0 0 0 55 5 607 5 10 48 0 0 0 2 0 0 0 0 0 0 175 46 312 13 0 1 33 0 7 282 0 12 118 893 0 43 0 389 0 0 0 0 0 0 0 98 0 47 0 0 0 0 0 0 0 0 215 0 0 0 0 0 0 0 6 0 0 2 0 114 10 0 0 2 2 411 99 0 20 0 30 0 5
 5 0 4 0 0 0 3 0 15 10 27 0 192 0 0 0 0 0 0 0 206 0 15 2 0 35 0 0 0 0 37 384 541 0 970 0 0 0 0 18 6 0 51 64 0 25 0 0 0 0 1 1 0 0 16 0 17 0 25 82 0 0 0 0 8 27 4 79 0 42 0 0 90 0 0 6 0 0 0 0 5 1 0 44 0 0 0 0 0 0 0 0 10 93 11 13 0 26 5 250 0 21 0 0 0 59 0 4 9 0 0 0 35 0 7 0 0 0 0 72 0 80 0 0 0 776 0 0 0 335 0 187 0 0 9 10 0 0 1 1 28 23 0 0 0 4 0 0 0 0
 3 0 0 2 0 0 2 0 0 7 0 2 0 0 0 133 0 144 0 0 310 0 2 0 31 0 0 0 33 0 2 0 0 365 94 0 25 346 92 248 13 14 0 587 0 0 190 1157 10 12 0 265 0 0 0 0 0 0 0 0 0 0 0 0 0 0 244 0 15 3 22 0 0 12 17 288 2 14 0 0 2 1 4 0 212 24 0 14 0 18 0 0 180 0 0 0 0 41 0 0 7 74 0 0 3 5 3 0 12 7 0 0 22 418 2 73 0 0 0 0 8 0 0 0 0 2 0 0 42 3 3 1830 2 684 321 0 0 2 261 40 0 0 0 0 0 67 0 11 0 0
 0 269 0 85 4 3 0 0 10 0 0 0 0 12 0 29 28 0 0 0 2 10 0 0 26 0 0 0 24 14 0 100 1890 0 0 160 0 0 555 1 0 9 98 0 15 4 0 0 0 2 0 0 3 0 0 0 209 0 20 3 0 0 12 6 0 2 100 0 1058 0 0 3 0 63 40 1 77 0 0 7 92 0 11 3 0 424 0 923 7 0 0 472 21 0 0 2 0 1 0 0 1 0 0 0 0 4 0 0 0 0 5 1 0 0 77 136 360 285 12 0 0 116 0 0 0 0 34 0 6 0 51 1 0 1 10 0 0 51 128 53 0 70 60 7 0 0 79 0 18 1
 5 19 0 0 0 8 0 0 0 86 5340 0 181 78 136 220 0 9 4 1 5 33 329 9 0 360 0 0 37 0 867 112 9 93 0 436 2 23 0 21 1 0 11 0 0 0 0 0 0 0 0 11 0 4 0 0 20 8 0 0 0 114 0 3 154 0 43 0 1 0 551 10 0 0 165 0 78 0 39 79 0 24 0 15 17 0 0 332 0 0 0 0 0 52 0 13 0 0 171 0 0 0 0 0 0 0 381 0 0 20 20 0 47 0 0 28 0 23 0 1 0 0 0 27 0 0 0 0 28 0 0 0 32 0 0 46 0 0 41 0 260 698 0 0 178 157 105 3 19 0
 0 0 636 31 10 187 0 1 27 114 35 0 85 0 0 109 99 0 0 0 4 0 0 0 0 50 0 6 0 35 27 0 196 3 4 0 0 0 0 21 0 0 0 0 0 0 1 5 5 8 17 0 0 0 552 0 0 0 0 0 1890 0 0 0 0 275 0 0 374 0 5 0 0 0 0 1 0 0 9 0 65 47 0 0 0 157 5 3 11 9 0 185 0 0 0 0 0 1235 0 0 0 0 11 6 45 0 0 23 0 1 33 0 96 25 2 0 72 0 0 0 0 11 50 0 0 1 19 0 18 17 0 0 6 12 0 0 0 1 0 7 21 0 0 586 0 3 0 0 0 0
 0 0 950 0 0 0 0 0 308 24 0 0 0 0 12 65 0 0 0 0 3 0 0 0 6 1 0 0 7 6 0 0 0 0 77 16 0 0 0 0 0 4 5 0 54 0 174 0 117 231 0 0 1 0 1 20 0 0 38 0 0 0 8 0 0 0 0 117 204 0 795 0 0 40 0 0 0 0 0 149 361 1 15 1 734 0 3 9 33 0 15 0 115 1 0 0 19 0 0 1057 13 38 0 68 453 0 0 0 3 0 0 50 0 4 24 288 0 0 28 369 0 2 0 0 0 51 0 57 924 73 381 0 0 5 0 0 0 0 4 0 0 0 0 7 0 10 0 0 388 0
 0 0 0 0 14 0 0 20 64 12 0 37 0 64 0 0 0 7 7 179 0 0 0 0 0 5 0 0 0 87 179 288 5 3 0 0 0 0 0 48 0 13 0 0 28 0 0 0 323 0 0 0 0 3 0 0 7 0 96 23 0 1 171 0 0 0 0 12 13 0 1 0 0 51 0 12 0 0 0 0 0 23 0 0 0 0 0 1 0 0 265 99 0 9 13 0 0 60 0 0 47 0 0 0 0 0 0 0 0 39 0 51 0 0 15 0 0 0 2 8 0 0 3 0 0 275 2062 0 0 4 1250 0 39 0 0 55 0 1 0 294 2 0 0 10 346 0 35 0 1 290
 0 3 0 0 1 0 44 0 0 0 0 0 0 0 1 1 0 79 103 0 0 0 0 79 0 0 0 0 11 29 0 33 0 6 22 240 13 27 622 10 1 470 75 0 736 1 0 0 55 0 0 0 0 215 0 0 0 6228 2 0 6 0 0 0 6 0 2 12 0 257 0 8 175 795 0 0 9 39 336 204 0 0 1 0 0 0 0 782 99 0 173 1 0 0 0 0 2 63 0 3 74 64 0 0 40 0 89 2 0 0 43 0 0 0 0 0 0 0 3 144 0 0 0 6 0 0 0 0 0 0 36 3 0 22 0 0 0 0 0 0 2 0 0 6 11 121 0 4 4 9
 0 0 2 0 0 0 46 0 0 196 0 0 17 497 47 1 785 13 2 0 0 0 58 0 30 0 0 9 0 0 0 2 44 6 1 0 0 0 0 0 0 0 347 0 0 0 0 0 0 86 28 0 8 0 0 3 30 79 0 0 0 20 0 213 0 0 0 0 0 26 14 0 0 276 0 1 0 0 0 0 0 12 0 5 15 0 50 5199 2 0 16 0 6 0 0 0 0 0 0 690 0 2 25 0 47 26 0 0 0 0 161 5 0 72 76 0 0 125 0 0 0 0 358 17 0 0 2 1 73 0 18 65 1 3 0 0 0 0 0 1048 0 16 0 0 0 285 0 14 0 16
 0 0 16 12 864 10 2 260 5 396 6 0 381 3 269 0 2 0 23 0 0 26 0 64 0 0 0 0 0 0 0 0 12 403 32 344 0 1173 30 1 7 4 10 1 0 127 0 0 0 41 177 20 0 477 0 160 0 0 9 0 4 0 0 103 99 16 0 11 0 151 0 0 66 0 0 236 0 0 0 14 0 32 757 0 23 0 0 0 0 0 20 0 67 0 9 0 36 0 0 0 0 0 0 0 0 0 40 70 0 4 0 0 0 99 0 0 0 8 10 0 0 0 0 0 21 0 17 0 0 5 13 0 10 12 10 3 0 3 0 0 0 0 0 3 0 4 47 0 15 0
 55 0 0 17 40 0 0 0 20 0 4 0 0 134 4 0 0 0 0 0 146 144 0 0 10 135 3 319 0 0 0 0 14 0 0 332 0 3 8 1464 8 0 0 0 0 90 236 0 164 0 0 3 0 0 49 0 0 0 8 0 195 134 19 0 39 0 0 0 0 58 4 0 0 2 0 4 5 0 313 0 9 0 0 0 1 0 451 0 0 8 11 1091 0 167 0 2 0 3 0 347 7 0 63 0 0 0 3 0 740 95 0 252 3 0 0 0 0 0 0 0 0 13 0 317 24 0 1 62 0 0 1 0 427 0 0 55 0 9 0 28 38 8 0 134 0 0 0 0 179 51
 0 166 0 55 18 0 0 0 0 0 2 0 418 0 18 58 3 0 0 0 738 0 41 0 844 7 0 0 21 0 0 0 0 57 0 0 13 0 3 0 0 59 13 864 57 0 0 29 166 92 0 6 2 5 389 0 0 0 3 0 0 0 938 3 0 0 1 0 0 0 0 0 0 12 0 0 22 304 10 0 0 0 0 0 4 4 0 0 0 0 0 25 44 27 0 39 0 0 0 0 3 333 0 379 16 0 273 13 0 0 3 72 0 0 0 189 0 0 25 0 0 0 105 0 0 0 0 5 110 0 20 137 0 0 0 0 0 0 0 157 4 32 0 0 68 0 0 499 1217 0
 7 249 9 0 0 0 0 0 0 143 0 0 0 0 45 0 18 0 107 847 0 77 65 1 0 1 0 7 0 1 0 0 7 0 0 0 4 430 0 0 0 0 8 102 0 9 0 0 0 824 0 0 1 6 0 0 913 208 0 0 0 0 0 7 0 0 0 0 0 0 38 1 2 0 0 0 2 2 0 66 0 0 57 1 0 285 0 0 13 0 3 0 0 90 0 0 0 0 0 9 0 0 21 0 0 84 9 30 194 0 9 0 0 0 0 825 282 68 3283 293 58 0 207 50 452 0 0 4 3 0 2 116 29 452 0 111 19 0 0 1 0 0 0 0 28 0 31 0 0 0
 222 0 0 657 0 0 0 0 0 18 155 0 0 0 1 0 0 0 0 81 1 0 8 0 0 0 0 37 0 84 67 0 0 0 0 70 0 17 842 0 191 6 0 369 0 0 0 1 0 7 0 0 0 0 0 0 7 0 423 410 57 0 65 0 0 0 0 0 0 0 8 3 42 611 0 0 0 0 32 4 0 0 129 1 0 15 21 0 150 6 0 6 6 2 4 28 3 0 9 0 0 4 46 0 0 0 0 23 3 0 0 681 402 893 0 26 38 0 0 10 294 0 331 0 17 0 0 0 0 0 13 0 0 11 286 0 386 8 0 383 0 0 2 9 0 1091 0 0 35 20
 8 0 0 0 0 0 0 6 0 1 34 0 0 0 0 0 2 174 5 16 0 18 0 48 0 0 0 250 291 0 0 1 343 630 0 0 0 0 2 9 0 0 2 0 95 29 8 0 1 0 0 5 48 0 308 0 0 0 0 0 0 26 8 28 0 0 0 10 0 2 6 435 0 0 35 203 0 0 7 10 0 0 0 0 0 0 52 0 9 32 49 0 0 0 0 6 0 0 3 30 4 0 0 48 0 0 0 4 0 381 0 0 0 0 0 206 0 0 915 70 0 0 0 0 0 6 0 0 0 391 15 0 0 0 6 6 6 0 0 24 157 0 56 0 42 0 0 326 0 2
 0 139 0 0 0 0 99 89 0 0 149 0 83 73 1 2 0 0 0 3 453 11 0 3 0 1375 0 0 0 224 0 902 49 0 142 136 37 0 5 0 22 133 0 0 0 41 0 0 0 0 0 0 0 0 3 1 1498 0 0 0 0 599 18 11 0 7 0 13 0 0 4 3 557 6227 0 0 293 11 1219 0 0 170 0 7 0 19 0 10 0 43 0 111 6 3221 0 0 82 11 4 0 674 0 0 639 0 1 9 0 0 0 0 0 0 78 2 0 0 0 0 0 0 0 16 0 27 0 0 87 0 0 0 3 0 0 0 1 0 18 0 0 4 0 0 1 5 0 547 0 0 6
 0 0 0 7 0 0 4 0 824 294 1 0 0 16 2 1 0 7 0 277 776 43 0 66 10 418 0 22 0 63 0 0 17 671 1 56 0 0 1 1 0 0 6 606 0 0 0 0 236 9 31 20 0 1 12 16 0 0 0 0 0 0 0 0 2 0 19 99 356 0 0 0 0 0 0 0 0 64 10 3 1126 0 0 0 107 0 19 0 0 45 7 0 45 0 0 37 0 5 0 1 32 190 1 14 0 0 32 0 4 0 0 109 0 0 17 318 0 7 38 2 95 3 67 0 0 0 433 13 4 0 16 7 0 1 98 0 0 0 10 0 0 10 0 0 0 0 0 0 0 2
 38 0 13 0 0 928 8 0 0 2 1 0 29 0 0 10 0 0 336 0 3 0 0 0 0 286 6 1 2 0 7 3 32 0 0 0 0 0 0 0 170 0 0 0 342 20 74 0 0 0 14 0 0 0 0 0 16 0 0 0 144 0 9 2 38 0 137 0 0 31 169 0 0 0 423 0 0 13 0 19 0 0 46 17 0 97 17 3189 66 0 168 140 0 94 0 0 0 47 11 212 29 0 0 0 0 0 2 0 0 10 0 45 23 14 0 1034 38 0 34 0 0 0 0 112 0 0 29 17 0 0 296 104 167 0 9 0 47 0 2 0 2 2 0 15 0 5 0 11 0 0
 0 0 59 40 67 4 0 0 16 0 0 0 0 36 41 0 0 49 11 0 0 4641 15 0 0 0 0 11 0 0 4 7 6229 39 0 0 1 2 0 0 0 0 12 12 0 0 14 47 0 0 13 0 22 0 316 0 0 0 1 0 0 0 0 0 26 0 16 0 12 25 0 72 0 0 38 0 0 27 0 4 0 0 52 52 43 0 0 688 0 0 50 0 7 0 21 0 33 0 0 0 108 0 30 0 4 0 1 0 0 0 3 0 0 0 0 0 7 0 0 0 239 0 0 0 61 0 0 0 0 24 8 4 0 7 1 19 0 6 22 0 0 0 6 3 20 252 196 0 10 1
 0 8 19 611 0 166 0 1269 0 0 194 779 0 0 0 14 12 0 0 0 0 5 0 45 0 0 13 1 45 4 79 0 6 0 0 0 0 31 0 0 0 0 0 0 0 3060 0 12 94 121 0 0 89 0 32 0 16 0 0 33 0 128 0 326 81 113 0 0 0 81 0 0 350 0 0 0 0 864 0 4 0 23 0 0 23 117 0 0 0 212 11 0 0 250 0 0 0 0 0 0 2 3 0 17 0 7 50 0 0 106 0 0 0 0 3 0 0 0 0 17 22 23 0 0 0 308 0 0 465 0 12 118 0 77 349 1 0 0 10 17 0 0 0 0 5 0 15 0 0 4
 0 9 59 0 0 0 0 0 34 0 0 32 0 0 0 0 0 38 0 0 23 0 0 43 3 0 87 0 0 0 20 0 0 0 11 2 3 0 2 10 0 0 8 9 13 0 18 1 0 0 3 0 0 0 15 1 0 0 216 0 0 10 0 0 0 1 4 0 10 0 0 0 25 0 0 0 0 2 90 459 6 0 0 1 35 11 0 1 0 0 29 587 0 169 0 8 10 0 475 11 0 0 0 13 33 7 0 0 162 0 8 0 0 40 20 198 0 26 1 6 0 6 13 0 0 438 47 0 24 0 0 35 0 0 11 0 0 17 2 11 1 79 32 0 0 0 0 0 67 19
 144 0 0 0 0 7 1 0 55 61 0 3 10 0 0 0 4 0 0 46 0 0 16 0 24 0 0 0 36 26 0 206 30 0 99 20 0 0 0 0 5 1 0 0 0 0 7 0 4 14 0 0 7 0 0 0 0 0 146 46 0 0 135 15 0 1 432 0 0 1 0 0 0 85 0 0 0 0 0 0 0 2 16 0 1 0 105 30 400 0 0 0 10 0 0 21 71 0 53 0 207 251 10 0 6 0 0 0 31 0 0 0 3 0 0 884 0 0 0 251 0 0 0 38 0 0 0 0 0 4 0 0 67 0 471 0 3 0 0 32 48 0 0 0 525 0 0 0 0 0
 0 20 17 0 0 41 0 0 13 0 34 96 0 4 20 280 0 0 0 6070 119 94 0 0 0 4 2 0 8 0 94 18 0 23 0 0 0 0 0 0 0 1255 0 0 8 0 0 59 292 0 51 2 0 0 0 2 0 0 0 0 7 0 43 0 36 0 3 0 0 0 0 0 0 146 2 2 0 5 0 8 13 51 1 0 893 0 0 6 176 197 27 17 0 15 6 0 0 0 18 145 0 0 192 25 0 22 13 136 0 0 1 0 30 4 0 268 37 3 15 1 17 424 0 0 2 21 0 14 3 0 0 110 0 0 100 148 0 0 171 0 42 0 135 297 204 16 0 857 0 6
 0 0 10 0 16 460 0 4 0 0 0 0 0 0 37 13 0 85 0 16 276 55 0 63 0 21 0 183 14 3 0 0 0 0 0 0 22 0 17 0 36 0 21 0 0 1 4 0 0 0 231 0 0 0 438 0 2 2 0 0 0 20 0 0 13 0 0 0 0 0 1 0 5 3356 1 79 478 0 0 14 0 3 0 35 24 0 0 17 0 0 0 15 0 16 8 117 433 0 7 0 0 0 0 0 25 42 0 0 0 0 0 0 0 4 281 0 0 0 0 0 76 0 0 9 7 0 1 0 7 0 0 0 0 0 0 108 5 0 20 124 0 253 0 0 0 0 1 0 13 0
 256 0 0 0 2 0 203 0 18 23 5 0 232 648 85 7 0 90 0 7 0 0 0 65 0 8 0 6 0 0 0 176 0 0 0 0 13 0 0 0 13 0 135 11 0 1007 0 12 0 10 0 0 0 0 0 0 0 0 27 755 0 0 0 0 0 53 0 0 0 91 0 0 4 0 15 8 51 0 0 1 33 0 0 0 201 0 0 374 23 0 1 26 128 0 0 6 0 851 21 12 0 0 2 0 0 0 56 0 82 0 0 1 0 0 73 76 0 188 0 0 3 0 1133 0 7 5 0 0 0 0 0 11 0 0 0 143 3 122 16 1201 3 3260 9 0 0 0 0 12 4 89
 2 0 0 116 28 38 0 0 0 0 0 92 0 139 0 0 34 53 28 6 157 0 73 0 1 0 0 0 5 0 0 0 0 19 3 1 13 39 0 0 0 79 0 0 0 71 3355 21 28 13 5 130 0 0 2 0 688 13 0 14 44 22 0 0 0 165 5 60 4 0 0 868 0 16 0 3 0 100 3 0 414 68 0 191 0 2 16 409 0 156 0 0 0 0 2 19 0 0 0 0 0 18 1 0 11 0 3 49 17 613 16 0 12 0 0 3 5 112 0 0 0 7 0 0 6 0 381 0 255 0 0 0 16 0 22 0 243 46 82 0 0 0 0 13 28 717 0 0 0 34
 3 0 0 0 0 0 0 27 390 0 0 28 0 0 0 0 4 381 132 151 0 15 33 3 79 1 23 0 0 2 0 4 0 48 0 0 0 52 4 0 31 11 25 1 328 0 0 4 18 8 0 119 33 0 0 223 0 0 0 70 1 188 0 16 0 0 316 790 0 0 761 498 0 0 0 0 0 0 12 19 21 0 3 24 0 0 0 0 0 1 0 15 0 0 0 0 40 0 1 0 25 36 365 0 47 14 0 5 0 0 1 27 0 0 0 1 0 0 2 0 0 359 23 8 0 6276 0 0 0 189 0 17 0 0 0 0 0 0 0 21 0 0 151 2 793 0 79 0 1 0
 0 0 3 0 0 4 0 16 30 6 0 0 0 7 0 893 0 502 18 60 421 0 0 13 0 232 0 0 0 31 0 0 1042 1013 0 39 820 419 13 122 0 0 0 14 17 0 0 15 0 0 27 0 55 0 30 181 104 364 36 0 0 0 77 0 0 0 68 0 0 101 2 0 161 0 24 0 0 32 138 75 131 0 0 3 73 41 0 47 3 48 8 0 1 0 0 0 3 0 17 1 126 0 0 97 9 0 0 3 9 0 0 0 161 12 0 8 31 1 1 0 0 0 77 0 0 5 0 0 0 7 90 54 2 24 0 14 0 282 0 0 0 0 59 0 0 1 6 0 0 0
 0 0 0 28 0 0 0 0 0 73 0 0 93 0 0 0 56 0 0 0 12 54 0 15 186 77 70 14 17 21 0 0 0 5 0 111 0 9 0 0 40 462 4 13 5 0 6 889 1304 41 11 11 0 6 0 709 0 0 67 0 0 0 0 27 0 14 2830 0 13 18 0 92 0 39 17 0 0 0 0 0 0 3 0 9 0 0 481 0 7 0 0 0 50 14 27 0 893 1 0 30 0 259 55 10 1 3 0 48 1 0 34 0 103 13 0 4 47 187 0 278 53 0 0 75 63 5 4 96 0 0 88 0 0 0 0 3 0 1 0 0 1 0 12 13 8 44 0 4 5 0
 41 1 18 0 0 0 0 0 0 0 0 0 5 16 0 0 2 0 0 169 0 0 1 0 0 1 0 5 0 0 0 0 0 0 0 38 0 27 2 0 2 21 865 3 0 38 0 1 3 0 0 0 63 0 0 0 0 0 49 0 0 22 3 0 0 6281 10 182 8 126 0 0 169 0 0 78 0 0 4 81 33 0 0 0 0 0 119 8 0 0 298 8 0 0 20 12 201 0 70 0 19 0 39 0 893 2 0 0 33 0 21 1 0 58 0 0 15 4 0 4 893 0 0 0 0 83 0 5330 2 57 1194 7 16 5 2 0 0 18 0 18 18 0 14 784 122 0 0 0 0 0
 0 11 131 0 421 0 0 120 0 0 0 1 0 3 0 0 0 108 0 0 0 0 0 0 0 18 0 0 0 107 0 0 0 0 3 0 20 0 0 2 0 0 0 32 0 78 1 0 0 0 0 0 80 11 0 0 0 3 50 0 0 0 6 1 1 0 19 0 14 0 13 1 5 0 13 18 0 0 0 0 17 39 26 0 171 0 0 0 10 0 0 0 0 13 0 139 88 0 0 295 34 5 26 38 180 0 3 0 4 0 0 84 1 0 0 0 0 0 1 0 29 159 0 0 0 0 0 2 23 0 0 3 57 65 0 0 36 0 6 0 0 0 0 6 67 0 0 6 2 977
 609 0 0 0 0 0 0 84 61 39 0 0 0 0 0 1 0 0 0 3084 0 178 0 0 0 0 0 4 0 4 48 0 0 0 0 190 63 36 3 0 0 28 0 19 0 0 0 0 0 9 29 0 0 0 0 34 34 0 5 0 0 0 0 0 99 0 0 0 9 11 1 1 0 0 8 8 0 146 26 0 0 0 0 0 0 0 17 11 14 12 12 0 177 29 0 12 4 8 0 38 13 293 0 0 249 2 0 1 0 0 967 0 41 0 0 1121 1 0 0 0 0 0 2 61 0 0 2084 54 6 2 0 0 0 57 0 25 0 0 0 4 0 0 364 0 3 14 15 0 24 0
 41 328 0 0 82 0 0 0 184 0 76 0 0 0 40 26 0 0 0 2 23 142 0 187 0 39 0 0 0 0 0 0 0 0 390 1 529 1 0 0 33 0 3 29 40 0 0 49 0 0 1269 0 752 0 0 0 261 0 6 0 0 0 203 0 5 184 13 9 60 101 0 1 0 155 0 4 4 0 621 1 199 166 0 12 0 0 0 0 0 0 0 15 0 4 0 15 0 70 0 66 0 0 17 0 0 404 3 0 0 0 0 0 4 294 53 27 0 1 0 0 1 0 1048 0 29 3284 250 0 0 9 0 5 0 54 0 1 12 30 0 70 0 0 0 0 0 0 1 27 1 26
 63 22 2 97 0 0 0 11 0 0 9 15 0 0 3 0 0 0 132 2 99 0 61 304 286 0 0 54 61 25 0 5 6 15 1 213 6 183 3 0 9 81 0 0 0 0 209 0 0 14 0 18 0 0 190 12 0 0 3 6 604 6 2 6 31 25 0 0 0 16 1009 0 465 26 0 0 2 0 0 90 0 0 0 0 1413 0 0 0 222 0 24 135 6 2 27 22 0 0 3 4 0 0 49 17 0 0 16 9 21 16 0 2 1 0 0 57 0 1 0 0 14 0 2 0 180 0 154 0 0 9 193 341 0 1 0 0 0 0 215 0 6 4 351 13 192 0 12 0 5 0
 0 0 198 0 0 0 0 1471 0 0 0 0 0 0 0 0 26 0 0 0 83 115 476 709 0 674 0 0 0 0 0 1 0 3091 89 38 0 1 0 0 0 0 0 0 722 0 0 0 21 0 1 23 2 0 0 0 0 0 2 0 81 0 0 0 0 0 0 0 0 0 9 0 0 18 160 0 28 1 2 21 42 183 0 0 0 3 0 0 24 72 151 209 0 0 0 0 10 0 0 72 23 0 0 0 117 0 0 0 0 0 4534 10 0 0 0 0 0 0 0 1 0 0 318 0 6 24 37 15 0 0 10 0 0 10 0 6 7 14 0 64 0 53 9 0 38 8 11 0 131 0
 0 0 18 56 0 0 21 0 214 1404 0 445 88 235 0 0 0 0 365 0 1 0 0 7 0 0 0 0 0 21 8 9 5 0 0 269 93 14 0 70 0 85 0 41 0 13 0 1 0 0 30 0 0 0 0 0 18 41 11 99 1 0 6 0 1 1 0 0 358 51 0 8 0 0 0 0 136 2 0 0 2 1 925 0 2 0 5 0 27 9 5 160 6 0 0 0 312 17 0 0 20 1 15 0 2 100 0 35 0 0 0 0 0 19 45 35 0 0 1 0 890 591 0 0 169 0 6 1 27 0 0 0 0 0 0 114 52 63 0 0 11 9 52 0 8 0 4 0 0 0
 90 0 2 0 0 0 0 24 270 149 0 3 0 3 10 0 0 86 0 0 0 0 338 46 0 633 0 0 1 2 301 0 16 10 0 1 0 0 133 10 31 0 0 0 343 4 209 25 0 0 0 124 0 23 0 9 91 0 47 0 0 2 0 0 446 498 0 0 45 0 0 0 1 9 2 24 7 120 8 2 277 2 10 0 0 33 6 16 152 0 0 180 3 0 34 4 288 0 43 4 35 0 0 0 3 0 0 86 0 0 0 20 241 0 0 8 4 0 0 5 0 10 3 0 0 289 27 2 0 0 0 0 0 0 0 0 9 0 23 0 83 0 0 0 0 9 22 0 0 0
 0 0 0 26 0 0 0 89 9 8 0 0 13 20 0 0 1 0 0 0 10 123 0 0 1 0 0 65 0 0 0 4974 0 0 0 0 0 0 115 25 0 1 0 1 3 8 0 0 0 74 134 0 0 343 63 0 0 0 0 0 0 7 0 0 0 0 0 0 2 83 0 27 0 0 0 54 23 0 0 31 36 2 152 0 1 8 0 0 0 0 0 405 0 0 0 0 5 0 0 11 100 0 33 0 41 6 3 0 0 0 136 0 5 19 286 10 0 29 0 7 34 0 0 0 0 0 0 88 38 0 0 43 1 0 0 0 4 5 0 0 0 2 15 0 0 0 5 0 1 0
 0 0 2 429 0 0 0 0 14 0 0 24 190 0 30 0 0 167 0 1 0 0 0 4 0 0 40 11 0 0 0 0 43 0 252 1 2 10 0 1462 0 0 4 0 124 0 0 0 1 0 0 0 224 0 0 18 0 26 0 158 40 0 38 23 105 0 0 0 5 12 0 0 61 22 140 20 0 0 0 8 27 0 1 95 0 54 0 0 0 3298 267 58 1 0 0 0 43 0 0 16 0 0 0 0 57 7 21 253 46 0 0 350 1 6 79 0 126 0 0 6 924 0 65 151 0 0 0 674 3 229 790 0 0 0 0 0 0 0 0 11 2 30 0 14 71 0 0 57 37 0
 0 0 0 193 4 0 0 134 0 142 36 0 0 0 3 0 50 0 52 0 4 0 2 77 0 0 0 0 34 209 0 0 0 9 6 61 0 19 0 0 51 0 0 0 720 0 0 0 0 0 2 59 465 0 0 0 0 0 6 116 0 0 36 144 8 1 0 5340 0 0 0 9 0 0 0 0 0 0 20 0 1 2 0 0 6220 6 28 0 4 41 27 35 28 0 0 1 844 0 30 0 0 18 1 0 0 0 0 55 11 0 0 0 0 0 0 0 0 3 0 0 4 0 917 0 0 0 0 287 9 48 0 0 0 90 58 27 16 20 35 0 1 152 4 0 0 182 21 0 0 76
 0 7 39 30 18 0 81 3 0 0 10 12 902 0 3 0 0 0 0 213 0 0 8 0 0 0 213 6 0 0 0 0 50 73 76 0 0 36 7 0 0 0 0 0 0 0 0 1 0 261 0 0 0 0 26 69 0 255 3 5 0 0 0 1 0 0 0 38 883 22 799 3 5 0 19 266 4 0 0 0 314 0 17 0 203 0 0 6 7 337 577 0 19 0 193 9 0 0 3 5 0 0 7 0 150 23 0 0 13 6 128 0 196 27 63 52 0 0 0 2 16 119 0 0 0 0 0 11 25 0 0 0 45 0 407 0 0 0 0 0 0 19 14 0 8 0 0 15 71 0
 2 41 0 51 116 3 49 15 17 169 0 0 15 1 0 0 0 0 0 336 0 0 0 0 0 1210 0 0 1 53 2 68 0 0 0 0 0 0 0 555 0 12 0 0 8 0 115 38 56 34 0 6 0 0 0 22 0 28 290 0 0 0 0 4 637 13 176 325 87 0 0 0 77 0 0 138 0 0 12 6 81 57 54 53 0 0 41 0 0 0 1391 344 0 0 0 0 0 0 1 3386 269 0 74 0 12 0 9 0 0 0 84 24 0 0 0 0 6 0 13 0 0 22 13 0 0 160 9 0 0 0 0 0 0 0 0 12 31 3 0 38 0 11 42 94 51 0 156 0 0 5
 76 0 0 0 0 0 1 34 16 7 8 11 97 0 0 51 0 0 113 0 21 1391 0 0 13 0 5 0 0 16 62 20 22 0 0 38 42 0 0 0 0 3340 1 0 2 5 22 1 0 19 0 0 7 6 178 0 37 4 13 8 0 1 0 5 24 92 19 0 0 370 0 0 0 0 0 315 2 16 51 0 0 205 13 51 0 1 117 33 0 0 2 0 9 0 4 405 0 5 0 328 222 14 0 4 0 23 2 0 0 0 747 35 0 61 27 2 17 717 0 0 7 214 87 0 7 0 0 0 0 0 0 0 221 0 41 252 363 2 0 0 0 1 0 0 0 0 0 0 0 0
 655 0 0 534 0 1 4 0 41 31 0 3 0 0 49 0 47 39 10 0 0 0 7 4 0 790 0 0 0 0 80 0 112 0 0 0 0 30 59 0 0 0 12 0 0 0 15 0 0 0 7 0 0 0 100 0 0 0 56 0 311 39 184 4 0 0 0 0 0 0 0 6 0 31 0 1036 4 49 7 0 32 599 1 108 0 3 101 1 69 6 0 0 61 0 0 172 0 0 1122 0 0 539 120 0 0 0 0 39 3 0 0 0 3 0 0 0 0 70 72 166 32 467 0 0 0 253 1 0 0 782 1 24 509 0 0 6 4 0 303 2 0 0 5 0 0 0 59 7 0 344
 64 1 0 0 0 57 0 122 5 0 3 25 19 0 13 32 11 0 71 99 0 11 0 14 0 0 0 3 9 0 62 117 0 0 0 77 57 0 166 0 4 21 0 0 0 1 0 33 127 0 106 0 0 379 0 0 0 675 0 33 0 151 0 0 17 0 0 0 5 0 0 590 0 88 0 96 0 0 111 290 27 0 0 1 1 0 0 0 9 9 191 3084 1 454 4 0 21 20 9 190 0 0 0 0 23 0 64 0 0 0 0 6 16 0 6 0 18 0 15 4 77 0 0 0 0 0 171 2 0 1 0 0 8 5 0 0 0 5 0 477 10 1 18 1 0 0 2 37 0 0
 173 0 2015 0 0 0 0 0 405 0 41 0 41 0 0 21 0 97 0 0 0 0 0 0 0 174 30 0 1 4 740 9 1 14 0 0 24 0 2011 0 0 1 89 0 3 11 2 0 0 0 2 0 0 23 341 0 0 0 0 5 0 54 126 0 0 0 0 0 0 65 1 20 0 25 5 0 0 0 0 0 0 5 3 0 1 0 14 0 1 0 0 0 0 21 286 0 2 0 0 0 36 0 3 1 0 121 0 0 0 0 4 69 0 0 0 0 0 0 13 8 1 18 0 951 0 0 8 4 14 5 638 0 0 0 0 0 0 18 24 0 0 1 0 4 2 18 1 22 606 145
 0 0 0 0 0 1 0 1 0 0 4 9 0 9 0 74 0 0 2 0 657 0 0 0 4 0 2 0 0 16 15 0 32 0 0 4976 0 0 103 0 4 263 0 29 4 281 12 0 1 3 0 0 0 0 0 0 0 0 0 307 0 0 0 153 5 0 3 29 0 0 37 2 22 0 0 0 91 0 216 0 25 4 329 9 5 21 0 57 7 0 84 0 0 0 0 9 0 0 0 13 1 8 37 0 148 333 0 0 22 0 0 0 0 61 18 0 0 0 0 0 0 0 99 18 18 0 0 23 0 81 0 0 134 0 9 407 0 0 0 0 0 8 2014 0 0 17 9 0 0 1
 0 0 4 189 187 1 19 1 0 3 3 0 0 0 6 1 3 0 0 0 1 0 30 1 193 5 0 7 0 0 0 79 0 0 85 112 5 36 21 0 350 0 0 1 0 0 25 0 0 0 16 0 0 0 48 0 1848 0 106 0 0 0 0 0 0 5 8 0 28 0 0 0 0 0 0 700 0 287 0 0 0 0 0 0 0 0 0 14 1501 0 0 20 0 0 717 13 268 0 17 146 0 0 64 0 0 38 0 24 29 0 0 0 0 9 223 0 0 320 0 0 0 0 72 2 30 6 0 99 864 0 0 6 0 41 0 98 2 2 7 23 66 0 5 30 0 0 0 0 6 0
 0 13 957 0 0 0 381 3 0 6 0 0 4 0 0 0 35 0 1 1849 20 32 0 40 0 0 35 2 0 262 15 59 9 842 149 7 0 0 0 0 0 0 165 0 0 0 0 0 81 9 0 19 127 0 0 34 0 0 0 0 971 6 35 0 0 8 0 0 0 0 7 0 8 0 47 15 49 25 1460 58 0 0 0 93 0 0 0 0 186 0 0 12 99 9 0 0 107 11 12 0 20 64 0 1 31 40 0 0 0 3 0 2 0 0 0 30 23 21 44 0 0 37 274 711 0 0 0 0 0 5 13 6 9 0 13 259 376 0 0 1 231 29 0 3 64 16 3 17 0 5
 9 141 10 236 0 248 26 66 0 71 7 9 0 20 34 0 19 51 0 0 0 0 0 0 0 0 1 61 32 0 0 0 0 0 0 0 124 474 0 0 0 9 99 24 18 0 956 0 126 1078 1 0 0 0 0 1 0 0 17 0 2 0 9 102 64 508 27 0 1 2 437 22 2 0 0 0 29 0 7 0 15 2 0 0 59 0 0 0 0 0 0 0 0 0 0 0 63 0 0 0 0 40 21 23 8 140 356 0 0 0 0 0 785 118 0 0 654 10 2 0 13 33 1 781 0 0 0 115 20 0 0 5 6 5 34 0 0 0 0 0 0 0 0 17 0 41 0 0 29 196
 29 1409 37 0 0 3 41 14 105 0 18 218 50 161 0 0 1 0 0 277 2 25 0 2 0 0 343 70 0 15 0 0 28 0 205 0 1 0 249 0 0 0 7 0 0 0 0 0 10 0 0 2 0 43 13 26 17 9 0 0 224 13 188 3 14 0 100 36 0 0 0 21 818 0 1 17 0 315 25 20 0 0 0 0 526 2 0 197 0 0 139 230 0 0 253 0 0 0 0 0 0 0 14 0 13 0 4 0 0 6 0 0 10 0 0 0 534 0 0 193 66 3 208 1 0 1 26 0 0 0 0 0 0 0 0 3 0 21 0 0 958 0 30 1 0 2 98 18 9 0
 0 0 0 0 3 5 0 211 0 0 338 0 0 17 139 0 4 0 0 0 2 0 13 0 0 17 0 0 0 80 90 0 352 0 0 0 22 0 0 0 0 0 7 7 0 15 24 112 0 0 1039 0 0 0 12 197 48 0 0 0 277 3 14 0 0 8 57 6 0 0 0 498 60 1 17 0 70 0 0 4 35 64 0 181 0 0 9 0 10 0 0 0 1 0 808 246 21 0 0 0 65 94 0 131 108 81 0 36 0 94 0 0 18 622 1 6 161 1 0 19 4534 0 0 0 0 0 0 0 1 0 0 337 7 8 0 13 74 2 164 0 288 6 0 9 0 0 0 0 20 0
 0 77 0 6 18 2 0 8 15 0 0 97 4 0 0 0 9 276 0 191 0 13 0 93 152 101 118 19 0 53 198 1 9 28 690 1 0 25 0 0 0 17 3 40 0 27 37 0 0 4 0 0 22 0 321 0 0 0 746 6 64 0 9 97 15 42 90 0 0 0 57 32 0 0 0 0 0 0 0 1 0 15 0 0 1 0 0 37 0 0 0 11 91 0 0 4 280 0 0 0 0 10 10 0 1 0 32 0 0 6 0 0 0 0 0 0 61 2 11 61 0 0 2 0 857 0 63 179 0 55 0 929 0 0 5 0 0 0 18 440 0 15 0 30 0 0 0 89 0 0
 25 3 0 25 0 37 0 5 12 3 0 52 0 11 0 41 0 0 0 92 8 0 0 3 0 0 0 0 0 15 0 27 80 0 1 358 23 886 1 5 0 48 0 61 0 434 52 213 1 0 0 12 477 0 0 0 87 0 9 13 0 0 319 11 0 0 354 0 0 0 764 113 0 0 0 13 11 26 45 0 0 0 0 0 0 152 0 159 1204 0 0 3 20 124 0 0 0 0 0 0 0 0 0 0 113 33 0 602 34 0 0 12 67 527 189 6 3 0 0 0 0 0 52 0 0 37 776 0 7 0 0 57 24 0 21 0 3 133 0 0 0 330 0 0 3 0 0 0 0 0
 0 0 0 0 0 62 0 2 0 0 286 18 0 6 340 0 4 0 16 0 2713 36 16 102 0 1 0 0 2 0 0 0 165 0 37 2 0 1 40 0 1 0 0 377 0 0 18 0 8 0 0 0 12 0 10 55 993 4 0 0 713 4 107 720 0 5 51 0 0 6 0 0 500 0 0 1 20 0 0 0 56 0 3 431 0 249 2948 0 0 142 0 0 3 0 21 0 0 49 6 0 0 4 7 0 0 0 30 0 0 0 11 4 0 0 1 0 0 149 4 103 0 182 0 0 0 5 7 0 0 0 281 0 0 0 1884 57 0 8 0 0 0 0 0 8 55 413 1 0 0 181
 0 0 608 3 11 0 0 6 0 0 0 1 0 69 0 73 19 14 0 0 31 28 4535 3 0 0 0 0 0 13 3 53 0 225 0 5 0 12 0 0 0 3 18 1 1 0 3 444 4 2 3 0 582 35 0 0 0 18 0 128 186 269 4 30 0 0 0 27 0 3 38 22 3 14 0 57 0 21 0 10 0 3 0 35 14 1 9 119 16 26 0 0 26 0 0 0 53 0 0 21 0 14 0 0 0 0 0 1 30 164 3 0 354 0 80 0 0 0 0 33 0 4 0 0 0 1327 11 39 0 0 187 5 0 2 0 17 1 0 0 1 0 27 62 3 4 1 0 0 0 96
 10 12 0 0 0 0 27 2 16 0 0 11 48 12 73 2 55 0 0 22 0 1 3 0 14 0 4 0 0 0 64 10 0 16 0 0 28 1 0 0 3 0 0 0 0 0 14 0 0 231 0 49 114 16 2 61 3091 0 400 0 40 0 3 2 0 0 0 40 0 0 0 422 0 0 20 14 4 0 0 14 0 6 0 0 362 0 0 0 45 21 0 0 3 5 0 8 0 25 17 0 40 0 36 7 1 0 0 4 0 0 0 6 1292 0 3 0 0 7 0 719 0 2 0 0 75 0 0 28 0 25 0 0 0 197 0 0 74 76 65 1053 0 0 22 230 43 0 0 0 22 4
 0 0 0 0 51 53 1890 0 0 0 0 0 253 309 0 4 0 33 38 276 12 0 0 0 0 0 0 206 0 0 0 0 1038 3 480 0 0 0 13 0 0 64 1 47 117 15 0 12 0 50 337 0 0 1 0 72 0 0 0 70 4 0 0 0 0 0 3 36 0 323 0 9 0 8 64 12 0 3 0 0 22 0 0 0 0 0 0 148 4 5263 0 2 9 167 0 28 34 0 0 0 0 0 2595 0 0 0 0 117 0 147 1 0 780 2 0 0 4 0 5 3 0 30 0 2 0 147 0 0 0 29 12 195 0 0 6 10 343 0 62 70 634 31 0 4 0 16 419 9 0 0
 2 0 11 0 0 4 0 19 57 7 0 0 0 21 0 0 32 0 0 0 98 0 30 18 2 16 8 0 0 0 0 269 0 0 0 39 6 0 55 106 109 8 1 0 0 274 452 1029 0 0 0 55 160 190 10 7 2 0 70 0 13 8 0 0 2 68 2 0 8 0 0 0 36 128 7 29 126 10 6 8 0 0 0 0 191 0 3 0 0 0 24 0 0 0 0 0 9 36 91 0 0 0 0 354 0 0 2 0 148 13 0 72 0 0 9 0 757 79 17 0 13 8 0 130 0 0 780 0 0 0 162 8 3 0 0 36 0 0 0 0 0 0 135 24 0 0 0 0 0 0
 0 0 0 0 263 0 0 2 0 0 0 0 0 0 0 63 4 0 0 384 0 107 0 0 0 2 3 7 0 0 8 13 0 44 0 0 3 0 0 0 0 0 2 0 0 91 0 0 0 0 12 0 0 0 0 0 0 0 0 0 3 48 41 0 0 0 0 0 0 0 0 0 0 10 0 0 40 10 3 0 0 0 46 700 0 0 19 0 0 2658 9 0 0 2015 0 0 0 1 0 12 1209 0 0 0 0 0 11 25 32 0 0 0 39 279 0 0 0 0 0 0 0 4 34 0 318 0 421 145 0 0 29 0 0 21 286 114 0 9 0 9 0 10 14 0 7 0 5 0 1 0
 0 0 0 112 0 0 0 10 6 0 16 61 0 0 0 0 2943 16 4535 0 25 0 10 3 0 35 2 0 70 0 0 56 0 0 2 12 1 0 0 0 0 0 0 32 0 591 0 0 7 0 0 0 14 62 0 0 5 211 1 0 454 0 0 495 142 4 0 0 191 0 0 46 0 6 35 0 0 6 194 0 0 0 30 0 0 0 73 257 25 0 4 0 0 5 65 0 0 0 0 1890 11 0 1 30 0 0 10 0 0 121 27 0 0 12 0 0 0 9 0 0 0 0 0 0 25 0 0 0 0 0 11 1 0 0 0 2 0 75 0 0 0 65 0 31 0 24 5 14 3 0
 18 7 3 0 354 99 0 17 104 0 0 0 0 0 0 0 0 0 0 0 630 4 19 140 2 2 0 40 0 2 0 204 0 0 0 1 139 70 81 0 3 56 15 0 0 128 3 4 0 1121 42 0 0 0 0 4 3 0 554 0 126 0 0 2 0 0 17 0 53 14 0 0 0 243 19 1 0 0 0 0 0 11 21 0 32 0 7 1 0 8 1 52 4528 3 0 0 103 328 2 0 28 0 15 0 1 0 2 0 0 0 0 141 0 343 0 0 0 11 0 1 0 0 0 0 0 0 0 0 0 7 53 0 1 0 0 0 0 0 6 0 0 9 688 0 0 0 0 0 16 674
 0 0 0 657 0 0 0 0 0 0 0 0 16 0 0 1 0 0 147 31 9 0 289 2692 0 0 110 0 30 0 0 0 0 0 13 0 5 6279 3 34 0 0 0 102 0 0 0 0 0 16 0 0 0 4 0 0 24 113 0 180 0 40 26 0 0 379 0 0 19 23 91 229 0 0 12 0 35 644 0 0 0 0 263 0 126 0 0 0 0 95 0 0 0 709 0 0 0 7 0 0 17 3 26 0 11 64 0 0 91 0 0 0 39 210 0 63 174 0 28 0 261 0 0 52 124 0 0 36 0 0 0 0 0 0 4 0 0 0 0 0 192 0 812 20 33 0 0 0 1 54
 12 6 32 15 0 0 0 0 37 0 49 19 55 0 0 0 1 15 259 0 0 14 0 2 0 0 0 0 0 0 6 162 3 0 302 0 11 229 0 1 29 1 0 24 0 0 337 95 0 0 9 24 0 8 2 3 0 0 0 45 0 41 0 1395 0 354 6 6 251 0 27 4 287 12 1 0 0 0 0 288 74 4 1267 0 0 25 0 0 0 2 0 5 0 0 19 0 0 11 2 0 0 3 0 0 1 438 0 0 21 0 0 0 0 41 0 0 0 32 20 0 8 0 0 1 0 0 0 3 54 0 0 176 20 67 0 0 0 0 590 731 0 2 3 0 62 29 5 0 0 0
 1 0 0 491 42 0 0 59 0 0 0 18 51 0 123 9 892 8 0 0 0 0 2 34 30 0 0 10 22 0 0 0 1 6 195 4 249 0 0 0 89 0 0 0 0 0 15 74 15 0 0 0 0 0 57 0 0 381 33 30 1 1 0 0 136 116 0 23 0 0 34 0 3 0 261 0 0 0 0 0 0 0 0 31 0 0 0 0 0 0 0 14 0 157 0 289 4 52 0 0 2 58 3 0 3 119 0 57 0 0 0 308 0 19 58 0 278 0 44 39 0 885 0 381 36 7 0 0 0 0 0 0 126 19 15 0 0 19 0 17 0 0 16 2 0 107 4 0 0 29
 2 0 0 0 0 2 0 15 12 3 18 0 7 0 69 0 4 131 490 0 1 3 0 73 5 0 1002 0 0 2 0 3 1 0 194 0 0 0 580 4 0 0 0 5 0 1358 3 9 18 47 0 12 0 0 0 0 57 0 25 0 100 0 688 0 0 0 0 14 153 74 5 2 0 0 0 0 184 2727 56 0 6 0 0 0 0 0 1 0 192 2 0 3 112 0 2 0 0 1462 2 0 0 1275 1 29 0 34 16 0 0 0 207 376 0 0 0 0 0 0 0 903 0 970 0 16 0 0 0 0 3 0 1 0 118 148 8 0 0 117 0 85 0 0 2 0 0 0 11 0 0 0
 0 80 0 73 0 0 0 0 426 771 0 0 0 91 11 0 0 0 0 0 41 0 0 0 155 0 0 0 0 0 6 5 74 2 77 4 0 1 34 124 247 16 0 0 51 8 36 17 0 0 213 0 0 3 7 32 0 0 8 0 9 14 2 19 0 0 107 0 9 1069 163 0 24 4 0 0 348 5168 0 4 0 74 0 33 0 22 700 7 0 0 12 12 0 41 28 0 117 37 0 41 0 43 1 0 33 0 1 0 5 0 4 0 4 0 217 5 7 2 22 0 175 0 3272 132 0 0 0 0 2 0 3 0 7 0 1 0 24 24 0 88 0 0 1 16 13 4 0 181 0 0
 0 0 2 0 0 2 1 0 0 37 87 108 0 7 1 0 0 6 0 0 0 0 0 0 0 0 0 0 12 0 0 14 0 69 0 4 124 0 0 0 0 0 1 137 21 79 0 784 0 0 16 0 0 0 59 137 0 6 1 14 0 33 188 0 19 0 6 948 0 0 0 0 44 0 24 2 0 0 0 0 17 2 98 0 0 8 0 0 0 28 0 0 0 1 0 5 0 8 144 0 2 0 5 14 0 0 24 0 474 0 97 0 0 0 0 0 1013 27 0 0 34 0 1 293 5 0 0 421 0 34 0 0 0 131 25 566 140 0 26 220 0 0 0 0 304 17 20 71 7 0
 0 0 0 0 0 0 0 14 2 0 0 279 48 0 0 1 1890 16 55 0 1 26 0 1 0 3356 20 12 58 0 0 0 38 98 0 0 642 0 9 0 355 11 0 0 4 0 6 19 0 3 0 543 10 0 0 836 0 0 0 7 0 0 128 5 0 1 28 152 4 0 11 0 0 6 0 1 30 0 1 0 0 5 322 0 20 2 34 0 0 0 6 0 8 95 0 0 0 0 417 0 0 0 4 0 3 0 0 4 9 3 33 0 98 0 6 1 120 115 10 9 0 7 0 3 0 4 0 0 0 0 0 146 4 4 1 0 0 0 20 5 29 1 0 0 213 0 32 20 1451 0
