150
 0 8 0 94 54 0 0 3 240 15 267 233 0 0 0 86 0 2 0 271 0 0 153 0 0 16 5 0 29 128 0 0 0 0 656 24 2 0 18 0 0 730 0 0 0 0 0 80 7 11 246 0 8 0 0 409 3 7 78 3 1 0 0 33 1 66 18 160 2 89 0 28 0 0 106 0 0 10 0 0 0 0 0 12 0 4 86 41 23 16 241 0 2 0 0 0 16 0 0 0 4 3 0 7 31 0 0 0 388 0 0 1 0 0 0 0 32 0 2 4 9 18 0 0 0 0 0 211 4 81 0 0 11 2 0 0 54 0 11 0 7 6 0 160 0 0 0 6 0 24
 0 1 1 67 0 0 26 0 1 5 0 0 21 3 0 0 11 0 0 72 3 0 0 5 28 0 0 0 28 0 13 0 0 0 0 203 0 70 0 0 0 41 3 0 0 0 0 17 12 0 3 0 0 819 0 22 14 2 20 17 6 0 0 0 0 0 42 6 1 0 7 0 0 13 0 0 0 0 10 0 39 5 459 0 0 35 134 2 0 49 0 118 0 0 13 5 0 23 1 0 0 0 9 0 32 287 56 0 20 0 0 0 542 0 0 0 0 499 0 19 5 0 0 12 3 0 0 0 44 0 0 0 95 0 0 3 0 0 197 3 3 161 0 27 0 51 5 0 16 0
 203 0 11 0 7 61 0 0 0 0 0 0 0 0 3268 0 0 0 0 0 35 6 0 4 0 5 22 0 1 0 15 83 0 368 0 590 0 661 5 0 0 0 6 0 528 436 10 0 16 0 0 0 2 1 0 25 7 25 154 0 111 0 0 367 0 12 182 0 102 3 0 1 0 0 307 9 0 3 3 5 0 0 68 32 119 0 0 0 0 0 0 94 72 0 9 20 18 19 0 0 0 0 5 0 0 362 0 137 0 7 0 0 0 104 0 0 0 0 15 0 63 0 0 4 1 18 0 2 0 0 0 0 0 6 35 0 0 1 1 0 1520 15 0 65 0 26 4 2464 0 4
 0 0 8 16 7 4 27 0 0 5 0 0 0 133 15 81 8 0 19 0 0 4 0 0 3 0 0 234 88 0 16 1 0 55 61 0 0 0 13 93 0 0 0 0 0 0 0 1 0 0 0 0 0 249 0 28 2 350 82 0 0 29 0 13 0 31 0 0 0 17 2 77 0 18 81 0 0 0 0 6 86 12 0 0 259 0 0 1 15 27 0 0 0 29 0 605 30 0 3 0 0 13 323 0 1 0 0 727 4 0 4 27 36 27 0 37 0 0 0 0 0 0 0 32 0 194 5 26 0 17 0 13 0 0 0 1 0 30 0 1 0 0 41 0 0 0 0 0 20 6
 0 234 0 0 16 0 16 0 0 0 4 0 0 0 1 5 0 234 0 0 0 0 0 0 0 240 679 1 9 0 0 105 0 0 152 13 6 0 0 0 0 0 0 0 0 0 0 8 24 656 4 31 1 103 0 0 1 0 0 0 0 233 0 5 0 30 0 0 0 19 867 0 15 0 3 0 0 0 0 0 0 1 1 0 5 0 1138 0 0 21 0 0 0 2 14 342 1 2 0 0 6 9 1 0 0 0 0 3 93 10 154 0 5 0 0 63 65 12 2 0 0 0 0 4 115 3 0 248 0 844 485 292 0 0 455 3 0 5 0 22 0 0 0 7 35 0 3 0 96 24
 0 5 0 0 131 11 344 4 0 0 54 7 26 34 0 0 0 6079 1069 149 0 8 0 1143 0 0 0 0 35 0 0 101 0 930 0 0 0 1 0 0 3 0 0 3 29 17 55 3 45 0 0 0 0 0 0 0 53 149 0 0 0 44 243 29 464 0 8 0 6 9 47 0 0 0 97 0 0 54 15 44 0 4714 9 0 0 0 23 4976 52 51 0 4 10 234 6 8 13 0 0 0 0 0 0 0 0 8 0 24 0 177 17 16 0 234 264 24 6 9 3 1135 0 19 0 1 0 0 20 0 0 0 0 0 0 0 0 0 5 3 0 0 0 0 0 53 144 27 0 5 0 6
 4 0 30 0 0 0 0 0 0 0 12 5 0 0 0 18 0 0 0 0 0 0 0 0 0 0 0 21 7 1 0 9 0 5 124 0 35 0 5 13 0 0 0 0 0 13 158 0 9 0 0 0 0 6 18 0 1 0 18 4 5 2 0 0 0 32 6 23 292 126 147 3 2 1537 1 0 9 1271 551 0 0 0 0 35 0 444 22 0 0 0 0 0 196 7 10 0 0 0 0 0 10 46 0 769 13 0 11 15 3 4 210 2 36 0 3287 2 0 24 134 5 14 0 0 0 0 1 112 333 0 0 0 0 12 7 15 31 64 0 0 0 3 36 7 0 0 11 22 163 0 55
 0 17 6 25 49 0 0 13 24 104 98 0 0 0 732 0 4 0 12 356 223 0 0 1 1 0 0 0 0 0 0 1 0 2 1 81 0 262 0 0 1 0 0 1 314 0 0 0 7 116 0 87 14 440 26 422 0 661 0 0 0 36 2 0 0 0 12 0 117 0 4 2 3 7 3 0 0 1 0 2 33 0 231 3 9 0 99 0 5 63 0 6 0 14 42 0 0 12 42 0 0 8 8 0 0 7 26 0 0 464 31 0 0 119 0 0 8 0 0 37 0 0 0 0 492 0 11 1 0 0 0 0 0 0 0 0 0 1 0 0 0 0 0 190 88 0 0 4 0 0
 0 0 4 2 40 117 178 0 0 0 0 15 61 0 15 0 29 35 24 0 103 22 213 0 0 0 0 0 18 0 160 0 3 27 0 0 0 0 0 8 0 0 0 0 51 0 3 980 1 396 10 0 1 81 2036 0 0 210 0 0 348 0 0 0 0 12 7 0 0 84 0 972 0 16 0 0 0 40 0 155 1 0 4005 0 35 0 0 0 57 57 0 0 872 0 0 1 1 0 1 0 43 0 0 0 7 0 7 0 0 0 67 22 0 0 254 0 0 0 0 0 366 0 0 0 0 0 0 76 850 246 0 0 126 0 0 3 16 0 78 0 16 0 0 4 0 9 0 0 23 0
 0 0 0 0 10 5 3 0 47 0 0 23 0 0 21 0 8 1 0 0 0 0 2 0 0 0 7 53 22 3 0 8 0 1083 5 64 0 0 29 5 16 38 22 1 0 33 2 315 18 0 0 0 5 0 0 10 0 0 3 0 5 0 0 132 59 0 25 0 33 0 70 0 18 366 0 8 113 68 0 0 18 0 0 65 0 0 0 0 77 0 0 0 0 0 0 0 54 0 0 30 0 5 0 5 607 0 0 42 0 0 140 7 0 56 1 21 0 0 0 2 0 1 0 0 0 3 276 15 3 0 0 7 0 11 0 2 67 37 0 0 37 17 3 2 0 34 0 0 0 973
 0 52 0 1 0 0 0 0 5 143 264 3 1 0 0 0 9 0 366 3 2 0 184 0 0 0 0 0 10 0 0 25 11 0 20 0 117 4 0 17 6 1 13 0 53 2 0 0 0 0 402 0 277 0 33 3 49 0 0 9 0 25 0 0 1 0 5 0 0 0 0 0 5 36 0 22 0 0 0 0 0 0 0 10 0 0 8 8 23 0 0 0 0 2 0 0 0 0 0 23 0 144 1 0 0 0 5 11 27 18 284 7 136 0 0 32 1 3653 2 0 0 0 3 0 61 0 0 0 0 94 0 0 0 6 88 0 7 24 29 0 6 0 25 0 0 0 0 79 0 248
 0 19 4 100 2 0 0 11 0 0 0 115 147 14 11 0 0 31 0 20 0 157 6 2 0 0 0 0 0 42 0 6 0 0 1 15 21 1 0 0 30 0 1521 0 0 15 0 0 122 0 0 58 874 190 53 29 0 13 0 10 0 11 41 0 0 0 0 0 0 0 0 0 0 0 0 0 5 0 51 0 10 0 0 0 31 0 37 0 63 0 0 33 93 0 13 34 1 5 0 0 0 0 0 0 0 43 0 0 0 27 91 0 634 1 0 41 0 0 0 0 36 0 9 0 0 0 47 0 19 101 0 0 11 0 0 0 0 1 11 4710 1 0 4 80 0 0 5 2 0 0
 4 0 17 22 1000 0 33 6 0 89 0 0 236 0 0 0 4 3 2 14 0 0 134 0 0 0 6 297 0 922 20 0 192 0 1 0 0 0 0 0 0 14 0 12 1 0 1 5 705 93 0 0 0 0 0 0 248 0 0 5 2 1 0 0 0 0 2 20 0 17 0 0 4 0 0 1 7 15 1 0 39 0 18 3 0 0 11 5 22 0 0 0 0 103 119 0 0 0 0 55 45 5 0 296 5 0 5 0 366 0 0 0 0 224 512 10 0 1 0 0 459 0 0 0 1 0 0 19 0 0 20 0 2 0 173 4 0 0 0 7 83 22 17 0 0 0 0 12 223 0
 16 0 311 0 239 0 6 0 71 13 4 0 10 0 0 0 0 5 9 0 7 46 0 1 0 0 10 0 0 5 0 2 14 0 5 0 0 3 0 0 0 0 369 1 0 0 13 4 0 0 0 183 7 0 5 118 0 0 0 0 22 0 1 0 0 0 0 0 18 0 0 3 0 0 0 0 0 0 0 6 26 0 3 0 0 1 0 0 179 0 0 0 41 61 8 2 0 0 0 0 11 52 3 0 202 0 0 6 0 3454 0 2 4 11 15 0 0 0 0 0 25 0 0 11 105 0 11 0 18 0 0 0 0 0 0 0 0 4 0 0 63 0 158 47 6 5 1 0 0 0
 0 0 0 0 0 377 13 0 0 0 0 0 0 16 5 3 0 0 192 0 0 11 4 5 0 20 9 20 733 0 201 0 4 159 17 11 0 0 0 45 8 22 23 19 1 0 1 0 4 0 43 197 9 0 7 0 36 0 0 0 233 0 61 0 3 0 0 0 11 0 1 0 18 0 0 0 134 0 69 9 0 141 3 273 0 0 0 39 0 0 0 0 0 0 0 0 0 0 3 0 1 65 0 0 0 20 1 0 0 0 221 43 233 0 0 7 17 0 3 0 4 0 0 0 0 0 46 7 0 56 0 11 0 6 0 0 40 0 27 7 234 43 0 17 4719 0 0 0 1 0
 0 0 40 0 0 3 0 619 15 8 18 105 20 21 0 83 770 88 0 37 1 0 343 4 0 0 0 0 0 95 0 0 54 22 13 0 161 78 0 0 0 0 0 6 3 13 24 3 0 13 141 0 0 267 2 1588 0 0 0 0 0 0 29 0 19 0 0 0 18 0 0 7 189 0 56 0 3 20 0 0 0 11 0 0 0 0 0 18 0 0 33 213 0 27 13 17 2 0 1 0 0 14 0 0 0 6 0 3 0 0 11 162 0 0 22 0 179 0 98 10 1 90 5 0 0 0 0 0 0 0 19 13 5 2 0 677 0 0 0 1 0 6 2 0 0 0 6 1 2036 0
 1 0 3 0 4 0 27 0 0 0 0 240 0 1 6 0 0 0 0 20 0 0 0 183 0 2 0 0 6 10 1 229 62 0 0 739 0 1 736 0 0 34 0 7 0 0 15 0 0 0 0 0 0 6 13 1 0 0 0 0 0 4 0 0 4976 0 515 746 0 14 707 0 55 0 3 131 4 0 0 12 4 23 24 0 0 0 10 223 16 0 0 21 0 0 0 0 198 0 10 21 0 88 0 131 0 3 0 0 90 0 0 0 14 3 41 0 155 0 0 90 0 54 0 9 0 0 0 41 0 0 0 0 0 0 6218 0 0 0 2 0 0 0 19 380 0 0 0 1 2 0
 0 70 25 46 0 0 25 2 0 0 2 0 0 0 12 0 80 1 4 207 63 0 495 0 0 13 7 71 0 0 0 54 22 10 14 5 33 40 0 0 0 0 0 6 24 0 8 111 132 114 0 28 24 0 0 66 4 0 2 5 0 0 246 15 0 0 4 368 40 0 9 22 2 0 0 0 1522 0 5 0 0 40 0 36 0 0 5 0 0 0 1 0 36 3 77 0 43 0 188 0 3 0 189 60 0 0 0 0 0 18 0 0 21 0 0 82 4 0 322 0 27 7 8 68 0 10 0 4023 44 49 0 3 455 0 6 14 0 16 0 3 3 0 5 41 0 0 0 7 0 0
 1061 11 14 0 145 0 22 0 0 268 0 119 0 0 0 0 1123 0 3 1 0 0 1 0 0 24 28 0 0 25 0 0 327 0 51 0 0 0 0 4 94 0 0 1 0 235 0 0 0 159 4 0 127 0 1 0 0 0 0 441 7 0 9 61 711 0 201 11 0 94 0 25 0 1 0 1 0 0 95 0 2 95 187 1 0 812 0 0 0 18 125 0 3 0 1 0 89 3 0 0 84 0 1 0 3 554 0 0 0 2 34 6 8 6 0 215 0 0 1054 37 0 0 2 0 0 0 0 0 28 0 22 52 7 12 1 0 6 169 0 59 9 0 2 0 0 4 0 32 14 0
 0 0 22 6 4 0 23 0 0 9 0 0 0 1 0 0 0 0 0 0 0 54 7 14 0 0 21 42 0 88 5 0 0 2 0 0 0 0 0 100 0 3 0 165 0 10 25 0 0 0 0 0 0 16 2 8 0 0 3 6 15 0 0 60 168 0 36 0 185 0 1 13 0 0 0 0 9 0 2 0 0 8 1046 22 0 6 234 0 22 0 0 7 722 0 22 0 0 0 4 60 4 19 0 0 0 0 0 0 65 3 0 0 0 0 0 158 17 80 114 0 2 0 0 29 23 0 54 219 10 0 3 0 97 0 0 651 51 0 0 279 0 0 0 0 3 13 0 5 29 0
 0 0 0 40 18 1 0 0 0 6 0 5 35 0 0 0 79 0 23 69 0 20 0 0 64 29 0 0 0 0 0 0 1 11 40 0 0 7 0 88 0 0 0 0 2 0 6 80 0 5 0 158 3 0 13 326 0 0 0 0 16 3 87 205 0 0 354 0 0 0 14 0 0 0 0 5 16 13 0 0 0 0 0 0 0 0 0 88 590 0 3 0 0 29 0 164 0 0 0 3 0 0 8 0 0 12 0 53 0 0 0 4 60 0 0 0 0 26 0 6 1 7 29 0 5 14 495 0 0 0 10 1 0 17 0 0 0 3 0 0 22 0 0 0 20 4 0 0 11 0
 33 13 0 0 67 0 11 0 0 1 4 0 135 0 0 14 3 148 70 0 0 1 0 0 0 0 0 0 32 31 57 12 0 0 0 0 0 12 1 199 0 0 0 161 13 1 12 212 0 27 1 5 2 14 0 15 0 15 9 0 0 0 15 0 1098 0 0 277 6 0 0 0 14 34 0 0 0 0 0 671 145 14 0 0 0 1 0 29 189 1 0 0 12 0 236 0 0 0 0 0 0 12 2 0 0 8 0 0 3 0 41 8 0 0 11 0 0 63 0 50 0 308 136 0 75 0 100 0 4 0 1 0 1 0 1 0 0 0 71 0 0 10 0 737 0 28 0 1136 0 0
 0 95 37 54 10 24 1 100 0 0 0 0 0 14 0 0 69 0 0 0 200 1 7 0 0 0 11 11 0 7 0 0 7 0 0 0 0 0 0 0 229 0 0 0 0 73 0 0 3 0 0 18 126 0 0 0 10 9 0 0 260 211 10 72 20 15 5 0 9 21 0 0 9 0 4 0 0 0 0 10 0 0 0 29 0 0 173 6 7 0 23 87 0 0 0 0 147 29 0 0 0 0 0 4 0 35 0 0 669 66 0 0 2 10 0 0 0 0 84 26 0 0 321 24 0 21 44 11 0 8 0 4 0 0 0 0 0 0 14 0 171 0 0 0 40 0 108 34 3 2
 71 0 0 464 25 0 3 0 391 11 23 0 5 0 0 0 0 148 116 0 33 0 220 3 0 23 0 0 236 91 0 0 6 172 230 5 0 0 4 0 1 11 0 0 10 43 0 0 22 0 0 127 29 0 61 0 0 13 0 0 7 0 0 0 0 0 62 74 4 80 0 172 0 0 0 0 0 66 19 0 21 0 2 27 0 13 1 16 0 0 0 163 27 0 11 0 0 0 26 0 0 0 0 34 0 0 0 0 0 0 211 1 4 0 0 0 0 0 34 0 0 10 2 1 0 0 104 0 0 0 0 0 5 0 0 0 0 10 30 0 0 0 0 0 0 0 0 8 872 0
 1 0 36 0 0 2326 0 0 265 41 0 0 0 45 7 7 9 12 19 1 0 20 0 1 65 221 0 12 10 0 0 20 0 90 3 9 0 0 0 21 0 0 0 0 0 0 0 55 0 53 0 0 0 0 10 20 232 14 14 0 0 302 10 0 2 0 69 2 2 0 56 49 0 3 0 0 327 30 0 12 0 0 0 0 193 20 0 99 158 0 27 0 0 50 0 0 13 0 4 1 135 0 0 724 229 74 0 0 127 0 0 16 2 98 0 133 1 3 1 1 55 41 0 0 62 0 125 0 0 4 0 5 0 0 3 0 55 0 2 0 42 9 4 59 3 0 0 0 14 120
 0 0 0 41 0 5 21 2 40 61 51 3 234 0 0 0 0 0 0 1 0 4 8 0 0 0 0 156 2 0 0 0 0 11 103 22 85 0 171 0 0 354 238 33 0 9 0 0 0 0 0 0 144 0 1 0 0 980 0 0 0 0 5 301 128 0 0 6 0 15 0 0 16 0 1 6 257 0 0 0 0 0 503 17 0 0 0 0 5 2 11 0 0 1 4 24 0 0 0 10 5 72 1 0 0 0 2 0 0 0 0 0 7 0 6 0 262 0 0 2 33 67 0 14 0 47 0 40 0 9 18 466 2 0 34 0 0 13 0 0 0 0 0 31 0 16 28 409 3 0
 0 964 0 1 0 38 6 0 4 0 30 21 0 0 0 1 0 0 0 0 634 0 0 0 15 1030 1 207 3 2 3 0 0 180 6 0 0 14 10 3 0 0 2 136 37 0 0 544 0 0 352 0 0 0 126 2 529 0 97 0 44 375 27 6 0 7 13 4 207 134 0 163 0 0 316 0 0 0 0 50 0 0 0 5 0 28 35 6 225 21 26 0 0 22 126 3 31 1 0 72 0 0 0 0 1 18 21 0 212 0 4 5 126 8 8 1 0 17 6 0 26 0 7 0 9 0 0 0 15 0 0 0 6 0 0 4 332 0 0 0 0 0 0 0 1 0 0 103 83 0
 0 30 27 0 0 2 0 64 0 0 82 3 0 54 0 15 108 0 9 0 30 27 0 0 0 0 0 7 63 0 3 26 0 1 100 241 0 0 11 0 0 27 0 0 0 2 194 3 0 0 23 0 6 0 238 0 0 0 0 226 10 0 0 0 0 0 3 0 0 0 3 84 0 116 287 253 0 0 0 0 15 1 1 199 2 0 11 78 4 0 3488 0 46 0 0 0 6 0 0 0 16 1 3 13 0 0 1 32 0 0 0 18 0 23 0 32 24 0 0 0 0 0 2 9 4 0 3 64 0 0 0 0 1133 0 2 2593 0 0 0 0 0 0 0 248 0 0 321 0 91 0
 0 0 0 0 0 0 0 0 0 0 0 2 1 0 0 30 0 179 0 1 1 0 0 0 0 0 0 0 2 0 0 0 24 0 16 0 230 0 2 746 0 139 0 36 1 0 27 0 0 0 0 4 0 0 32 0 0 0 0 11 224 1 0 0 32 0 0 0 0 0 108 22 30 21 0 0 7 1 0 82 0 218 0 0 0 21 0 9 0 235 48 33 0 3 59 0 10 34 0 1 0 1462 0 0 0 0 0 174 20 0 51 0 0 62 0 229 145 0 3 571 0 0 0 240 0 0 0 50 6 12 0 48 64 0 43 0 0 0 235 1 707 0 21 0 233 0 5 17 0 0
 0 1 94 233 9 237 0 310 43 0 0 0 0 0 227 0 0 0 0 0 24 0 0 0 23 264 0 3 112 0 0 0 0 158 23 0 0 8 3 0 0 16 0 40 0 0 11 52 0 53 0 4 0 3 4 0 0 0 0 0 33 0 1 0 0 11 330 32 27 0 229 5 50 0 27 0 0 0 0 277 0 7 96 0 4 0 0 0 0 6 2 3 5 0 0 0 0 0 4 63 0 60 0 3296 0 18 37 0 0 0 356 0 0 3 0 0 0 0 0 14 0 0 0 0 31 10 0 0 0 0 35 0 0 0 0 46 0 322 5 0 0 9 0 19 8 3 0 48 0 0
 0 0 0 0 0 0 36 6 0 9 342 13 0 1 0 4 0 361 19 0 6 0 698 146 0 18 0 0 27 0 51 0 0 0 39 0 0 13 0 0 0 0 1 0 2 60 16 0 0 26 0 875 11 30 0 0 16 5 0 0 0 0 34 1 0 0 0 0 0 0 0 9 0 19 695 101 0 0 0 4 0 0 0 0 0 0 16 0 49 20 176 12 9 109 0 39 254 12 0 0 0 0 9 0 11 0 905 0 0 1 2359 43 0 0 119 28 0 0 0 157 13 21 0 0 0 0 0 0 54 0 768 32 0 0 2 18 0 0 21 54 0 1 201 2 0 3 2 0 1522 0
 2 0 0 0 0 0 0 0 62 0 0 0 0 0 62 365 0 0 2 154 11 0 0 72 0 147 0 0 0 0 4 8 13 357 0 19 9 0 13 0 1 0 0 0 2 0 0 0 0 0 5 0 18 0 21 5 114 0 912 265 8 0 0 21 45 0 860 2 0 4 0 2 525 0 22 0 819 0 0 4 3 0 59 0 0 2 1 0 0 0 34 0 1 9 20 2 0 6 0 0 218 13 0 0 3 0 0 0 1 12 18 45 50 5 0 0 0 9 0 0 3 36 0 0 0 0 0 0 0 0 84 26 0 0 0 4 0 0 23 0 0 0 0 0 0 126 0 0 0 1
 660 80 29 8 63 16 0 8 0 0 0 33 0 0 0 0 0 0 0 272 0 3 0 0 213 15 31 100 0 24 21 0 15 1006 2 0 0 125 0 0 0 8 0 0 0 11 13 9 91 0 183 22 0 723 121 0 0 42 1 0 117 14 33 0 0 0 263 0 130 0 3 0 0 0 0 0 7 0 205 0 0 0 75 0 0 0 4 0 20 0 0 0 1 2 1 0 0 0 0 0 0 40 0 0 5 157 25 143 0 41 2 0 833 68 0 27 0 0 18 0 1 0 32 0 0 12 0 0 0 0 2 0 0 0 0 0 94 21 0 11 1521 7 493 24 0 0 0 0 12 0
 31 32 0 0 18 0 0 0 0 0 3 9 322 13 0 0 128 0 0 0 0 16 36 0 0 0 0 0 2 0 0 0 0 2 48 0 0 19 0 10 7 0 2 0 0 0 734 0 0 0 0 3 276 11 5 102 0 0 0 155 0 0 7 0 0 0 0 0 444 0 1 0 0 0 0 0 0 23 2 0 0 1 0 7 0 0 0 0 0 0 0 37 0 5 690 0 23 0 0 0 22 1 0 0 201 0 0 0 0 0 52 63 23 1 0 0 17 83 139 3 0 0 104 6 44 3 0 1 56 0 0 11 114 0 3 0 0 0 0 308 0 375 167 8 52 0 80 0 0 0
 0 10 0 0 0 24 0 0 8 0 0 0 0 0 0 0 5 0 0 5 0 19 62 0 0 0 0 0 0 0 0 12 0 0 0 746 12 0 0 37 7 0 0 0 41 0 0 0 0 0 0 0 5 0 153 69 0 10 0 25 969 18 31 0 7 232 0 0 0 0 1 0 17 0 144 0 198 0 0 114 0 0 0 38 6 0 0 6 0 0 0 1 15 0 0 10 0 0 1 27 914 0 0 0 23 5 0 273 12 11 94 0 3 0 0 0 292 20 7 0 0 0 3 0 20 8 9 0 0 0 19 0 1 0 0 0 7 11 0 15 1 0 18 0 0 0 0 0 0 0
 0 0 0 97 0 14 0 0 2 0 0 0 4 186 0 18 0 0 27 19 0 77 9 0 0 0 126 0 5 0 5 0 3292 35 0 126 445 0 0 0 6 0 21 8 8 0 0 94 1 203 1 757 0 29 0 19 0 3 0 12 0 2 1 11 0 0 0 17 0 77 30 37 0 142 3 188 0 0 0 0 0 3 27 0 0 3 0 1 0 0 0 0 129 40 0 0 0 0 12 0 11 0 0 0 8 0 0 0 0 0 0 66 0 0 0 0 0 0 55 0 0 21 2 0 11 0 2 0 0 0 0 32 2 0 0 0 0 430 1 0 66 0 0 35 0 0 6 0 0 0
 0 0 693 4955 0 10 0 68 141 38 0 0 28 134 0 0 4 0 2 12 9 0 208 6 73 0 13 10 0 18 1 0 161 345 0 0 2 28 0 19 7 6 0 11 3 0 0 0 227 0 0 0 0 21 0 7 3 0 0 0 0 0 0 153 4 56 0 0 0 0 7 1 325 0 0 0 0 39 75 0 0 0 0 41 0 95 31 20 0 154 229 4 0 0 665 6 0 1000 9 0 9 0 2 2 0 0 0 98 0 0 0 0 0 0 0 0 0 2 0 0 87 173 0 0 7 0 0 0 0 0 0 0 0 22 0 43 0 0 77 0 0 0 0 0 0 0 40 257 0 0
 3 0 0 1 21 0 12 0 73 19 0 0 138 0 1 0 0 0 6 125 0 0 26 9 5 1 0 1 4 0 0 64 0 0 76 14 0 5 1 903 0 0 64 0 17 0 0 0 0 0 10 231 0 6 2 0 0 0 0 0 0 4 0 1 96 3 2 18 15 5 0 0 0 28 0 4 0 0 2 34 0 1 0 727 0 0 42 0 0 74 0 0 123 0 0 125 3 0 66 0 0 1 337 0 18 0 0 0 0 0 0 41 0 0 0 0 0 16 234 0 0 0 0 48 0 3 2 5 0 5 0 1322 0 0 0 0 0 0 19 0 0 0 0 0 0 4 378 0 2 22
 0 48 0 0 8 125 0 31 37 0 18 13 41 0 1 8 0 0 1 4 40 0 11 0 10 0 0 0 0 0 4 0 0 0 52 995 0 0 15 0 6 0 0 8 24 18 0 0 0 985 1 50 3 0 190 0 1 2 1 1 430 0 19 0 0 0 41 9 1053 0 0 4 0 0 0 10 0 0 627 7 26 61 0 0 43 24 2 1 0 15 0 0 0 22 0 0 0 0 8 30 0 0 0 490 0 91 39 0 0 1 0 134 0 163 0 25 36 0 0 90 183 0 5 3 0 0 0 0 0 22 123 0 42 3 0 0 3 405 0 0 9 1 0 0 213 4 0 0 30 0
 1 3 0 0 5 2 0 0 0 0 0 40 0 3 0 401 22 8 0 0 0 0 139 19 0 1 0 135 0 0 16 20 0 0 0 249 0 0 43 7 0 254 10 221 135 0 0 0 634 93 0 0 0 0 0 0 18 1 0 115 24 0 5 0 14 0 0 0 0 0 0 0 0 0 4 0 12 163 1748 86 4 0 0 0 0 0 12 0 0 16 0 0 23 1 233 0 316 0 44 0 0 0 0 42 15 1 1 0 0 0 18 0 2 12 3 4 0 0 0 0 40 155 0 1 5 6 25 40 173 61 0 3 41 112 0 77 386 8 24 0 18 262 25 0 0 88 0 0 18 3
 1 0 18 3 4004 0 8 0 0 0 0 0 47 3 0 0 553 18 0 215 98 34 0 0 125 7 22 9 0 155 1 0 6144 0 0 0 0 3 0 0 53 0 0 0 0 17 1 1 1 21 0 0 44 13 37 5 52 0 3 10 656 0 0 55 0 0 10 75 0 0 17 0 0 0 0 13 0 1498 11 7 7 0 0 5 0 0 0 1 0 0 0 0 3 53 0 1 0 0 0 995 45 0 0 1 0 0 0 0 24 0 0 69 4 0 0 12 103 0 164 5 0 36 0 68 2 0 0 1 0 1 0 22 18 0 0 0 734 0 14 0 77 44 0 1 0 0 10 0 88 0
 0 0 8 5 19 138 12 0 21 0 0 1 0 0 0 1 0 1 3499 0 1005 4 153 0 0 0 10 0 0 0 22 0 0 5 7 8 0 145 2 0 76 0 1 6 0 11 17 0 0 0 0 0 1 0 54 0 0 0 0 0 814 64 234 10 0 29 0 5 3472 3 0 0 0 0 15 21 0 40 196 0 1 6 0 0 29 5 0 0 0 0 0 1 0 168 0 32 0 79 1 2 0 35 0 0 0 6 0 0 7 0 0 0 0 197 0 13 0 3498 0 35 8 2 0 0 167 0 0 0 0 9 0 7 6 0 0 13 0 0 0 0 22 112 0 1 0 91 72 16 0 0
 6 0 0 196 247 10 23 0 1 0 0 0 9 0 0 25 4 0 0 52 619 2 13 53 1 0 0 11 13 19 0 3 2 0 229 0 3 0 3 0 0 0 2 0 68 181 32 0 0 7 0 2 0 0 0 0 0 0 0 0 0 0 273 0 23 9 29 0 0 0 0 0 5 0 2 1 8 0 0 0 8 0 31 0 0 25 0 61 0 0 0 8 0 0 499 5 4 0 22 0 13 0 1 6 0 0 0 0 11 0 0 2 23 0 3 45 0 792 245 0 79 31 15 0 0 15 0 146 198 0 0 0 0 0 30 14 0 0 0 0 2 14 0 24 3 37 18 113 0 204
 6 0 213 1 23 0 1 0 2 0 55 14 0 0 0 0 0 0 0 0 16 0 5 695 2 0 0 51 0 0 84 24 44 702 2 0 0 8 0 0 0 0 0 15 242 0 0 0 3 0 7 5 0 22 1 0 0 48 0 0 0 127 61 61 0 0 19 14 240 214 0 0 0 6 12 0 72 32 0 0 3 0 0 1 19 133 217 18 236 143 0 2 0 0 0 1 4 0 0 0 14 0 21 5 2 0 56 0 0 0 0 0 0 0 4 21 0 118 1 0 493 249 19 5 15 4 143 0 0 5 0 10 0 0 0 0 0 2 0 6 28 0 14 0 0 105 0 0 0 50
 0 9 0 11 224 0 28 0 0 3 0 9 0 105 0 0 11 0 6 10 0 0 1 0 3 1 0 173 0 1 0 0 0 30 0 0 0 0 0 0 16 18 0 0 16 7 4 137 0 43 6 0 0 58 0 0 0 0 14 1 2 0 0 0 0 0 10 927 7 13 0 2 0 0 8 0 11 0 0 0 9 1 179 0 269 0 0 0 0 1080 48 83 0 27 11 0 14 0 0 0 0 162 1 0 1 1 59 0 0 0 1 336 1 0 144 0 1 0 0 0 0 0 0 0 9 20 0 0 9 106 0 126 90 0 24 69 0 1 0 1 0 158 4 84 14 59 194 0 0 1
 69 3 0 0 3 0 0 0 3 0 0 0 6 282 0 0 2 0 0 0 9 0 0 0 0 0 277 0 5 9 0 2 0 27 0 0 52 32 0 38 0 0 0 1 0 16 43 0 14 28 26 21 0 13 0 150 317 1250 0 0 0 203 25 0 0 0 0 0 0 3 37 0 16 0 0 29 9 0 0 0 4 0 45 0 3 61 83 33 0 1 0 0 16 0 7 0 0 30 0 720 0 677 21 3 0 0 0 4 0 0 0 0 24 40 739 0 0 0 0 0 23 27 658 0 9 0 0 0 0 0 6 12 0 0 0 1 47 69 0 0 0 0 0 3 0 463 0 0 0 24
 31 6 0 21 0 0 0 67 0 0 101 0 0 0 0 0 0 0 14 0 0 0 155 0 146 0 39 0 0 0 0 3 0 0 732 211 1 0 77 8 0 0 0 2 0 0 4 0 0 0 0 21 0 0 0 0 91 0 0 154 135 0 368 0 0 5 56 0 0 154 489 752 0 0 0 10 5 4 0 0 18 0 0 26 2 0 0 0 42 0 29 0 9 5 1 0 45 13 0 0 43 18 0 0 0 42 0 3 22 0 115 0 3 16 0 13 44 0 3 61 191 7 0 0 0 56 0 0 0 14 0 0 0 0 0 0 0 0 43 0 13 144 0 7 0 0 0 0 5 0
 0 0 2 0 0 0 14 9 0 0 19 20 0 0 0 0 51 0 0 364 0 0 3 0 0 0 0 0 361 0 74 0 0 11 128 0 0 27 4 5 0 44 13 0 0 2 0 0 5 14 93 0 0 4 0 0 0 468 10 83 0 0 0 0 0 67 0 0 0 0 4 13 769 1 0 3 0 3 39 1 0 5 0 7 7 0 31 1 770 3150 5 9 0 17 1 83 12 0 36 0 0 0 4 0 7 0 0 0 0 0 0 77 0 0 4 31 0 0 42 0 3 0 0 0 11 0 0 28 129 212 54 109 0 904 0 96 0 0 0 0 0 7 0 1 0 0 0 0 0 0
 0 0 0 43 0 0 0 0 0 0 3 0 0 21 0 38 0 0 2 133 4 40 0 0 0 18 0 275 12 0 3 1 0 352 135 0 0 1 0 0 0 5 5 0 24 0 220 0 25 0 0 0 0 1 0 154 0 0 0 65 3 0 0 0 0 32 0 0 7 112 0 0 0 25 320 13 0 26 0 0 0 0 0 46 0 0 0 0 0 35 245 0 0 0 0 0 0 0 0 196 0 0 0 0 109 13 0 0 7 0 0 11 10 2 16 0 734 0 0 0 6 0 0 31 0 0 3 0 13 0 0 0 873 0 0 0 0 1 32 0 0 0 137 24 0 0 0 1 3 5
 0 25 8 25 0 34 4 0 0 13 3 45 0 1 913 0 2 0 0 287 0 0 2 100 0 229 42 44 25 0 0 25 3 53 13 0 7 5 0 0 0 72 0 26 0 0 0 0 0 2 0 7 84 8 11 0 4 0 0 0 8 12 0 0 0 1 0 154 0 6 0 0 61 21 0 7 0 0 0 0 1 2 0 0 14 0 0 156 2 0 0 25 0 0 0 7 7 0 0 5 0 125 0 3 197 0 1 0 0 0 0 0 0 1 0 1 25 6 0 49 57 0 0 0 2 1 11 0 34 0 0 42 253 0 2 9 0 0 0 24 1 19 0 0 15 36 0 0 5 0
 0 0 0 17 0 29 364 7 0 58 0 3 1 64 0 0 1 0 0 0 0 0 0 0 1 8 0 0 206 1 8 0 0 77 85 0 11 0 0 2 11 17 3 0 0 0 12 0 1 6 7 4 0 0 0 7 37 0 0 3 0 9 23 0 0 12 21 0 167 10 0 2 0 0 0 0 735 960 17 5 29 0 190 0 115 0 0 90 1 0 0 4 0 0 200 5 0 0 0 0 39 0 0 0 0 493 0 86 0 0 2 165 0 0 30 0 0 74 0 5 0 12 6 55 0 0 0 1 0 17 0 8 0 4 5 351 0 0 0 61 1 1056 0 0 0 3 1 0 0 6
 72 0 1 0 0 167 44 0 3 0 89 0 47 0 0 139 9 0 264 0 0 0 0 0 138 57 66 2 0 0 0 11 0 0 0 0 1 0 0 19 1 77 0 0 88 0 0 1 1 0 0 0 0 1 5 0 45 24 10 0 0 0 0 0 50 0 0 106 5 12 0 0 0 5 1 15 0 17 18 0 351 0 0 188 0 11 0 12 0 1 0 0 0 234 203 0 4 0 387 0 0 0 3 0 77 31 0 0 0 0 17 16 0 37 0 0 2 0 13 130 0 0 0 56 0 0 11 8 18 0 6 0 61 0 0 0 16 0 7 0 3 111 55 0 0 20 0 16 82 0
 0 134 0 243 0 11 73 0 0 0 0 0 5 0 0 11 52 0 0 66 0 0 0 0 60 0 91 0 2589 730 0 0 20 0 0 60 2305 730 0 164 0 0 127 25 1 17 137 122 49 0 1 0 19 0 0 20 0 53 20 0 0 34 0 0 21 0 312 159 17 68 3332 0 0 5 6 0 3 0 1 17 3 14 229 0 1 0 0 0 42 0 326 2 0 0 134 0 3 5 69 0 0 0 0 9 88 376 10 0 0 43 0 0 64 0 202 0 98 0 45 0 0 9 0 0 0 0 103 8 78 0 44 3 5 0 0 0 0 0 19 0 5 0 170 2 251 7 3 8 21 0
 2 0 0 0 0 0 0 0 0 0 60 0 2593 1 0 0 0 729 10 0 148 0 1142 81 128 3 144 190 0 0 0 1 0 0 1 0 0 0 7 110 0 0 34 0 0 0 125 0 0 0 29 0 0 36 39 1 126 0 0 117 0 19 7 0 0 0 7 0 0 0 0 1885 0 0 0 101 0 81 1 13 31 0 60 204 0 0 9 0 0 0 0 0 0 0 4 2 0 0 21 42 111 0 4 8 33 5 0 1 144 0 0 0 0 36 14 12 9 0 0 27 1 157 118 0 3 0 0 41 0 5 105 0 44 0 0 276 0 0 0 0 123 0 104 0 0 371 0 0 12 378
 15 39 80 88 91 12 0 0 0 51 0 0 0 0 0 0 0 4 0 0 0 719 40 0 0 0 0 0 0 0 0 0 0 0 0 13 8 0 0 134 0 0 2 0 77 308 0 12 5 0 235 0 18 0 371 12 0 0 35 0 0 0 11 44 0 42 0 0 12 49 0 228 0 12 0 0 0 0 0 0 0 0 145 183 0 0 3 0 26 19 141 0 0 0 5 0 0 0 42 0 0 0 0 0 0 11 0 34 0 27 26 2 4 46 0 19 11 124 0 0 312 0 199 0 0 0 0 8 0 0 14 0 0 0 0 0 37 0 23 0 14 0 1 4 0 0 4 0 0 0
 0 0 0 0 0 1 0 0 10 0 0 0 23 0 2 0 0 0 169 0 0 0 14 0 0 0 0 39 4 7 1968 0 47 0 0 0 0 115 65 2 0 2463 44 22 0 0 11 16 0 9 0 4 0 0 0 0 0 0 479 80 2 0 0 104 9 0 0 278 0 1 19 0 0 198 0 0 12 0 0 0 17 0 142 8 307 5 0 4 16 0 0 0 292 9 174 10 0 0 0 0 209 0 226 0 8 0 110 0 0 0 13 9 0 73 0 97 0 0 0 0 317 0 0 0 1489 204 1 15 150 0 0 0 0 409 10 0 0 0 0 0 3 5 0 22 0 0 0 0 0 0
 0 0 0 0 0 0 0 175 15 0 0 30 0 0 0 3307 7 0 25 0 4 0 0 38 0 96 0 2 2460 4 0 0 1 3 40 3 0 31 0 0 0 67 23 53 133 0 0 17 2 0 0 0 314 0 143 6 31 11 0 0 19 0 0 0 0 2 0 147 0 8 33 0 0 0 130 21 0 5 0 1 17 0 19 0 0 6 11 0 77 0 9 102 23 0 0 40 0 2 0 1 0 0 695 36 0 5 0 101 0 53 8 0 0 0 10 10 0 0 8 7 0 0 0 0 0 14 1036 10 0 342 0 0 0 30 0 0 2 0 1 0 4 0 0 0 264 3 0 0 0 36
 0 0 0 0 6 0 46 0 0 3 6 0 874 2 0 0 35 9 146 0 19 0 0 0 0 0 0 154 1 17 0 1 0 40 0 0 19 1 0 0 0 1 607 0 2 0 10 0 6 18 241 0 0 0 3 20 0 0 0 0 152 0 0 1035 34 0 7 0 0 0 0 6 5 16 1 0 0 0 0 95 0 210 10 404 0 0 1 8 0 0 92 39 5 0 17 0 0 32 39 1 72 0 0 33 0 0 0 2 0 14 1021 0 61 5 28 3 0 1 0 0 1 0 0 0 6 0 0 678 2 17 300 0 120 12 2 0 0 5 3 0 97 0 113 0 13 0 95 164 0 6
 0 0 0 0 0 25 0 1 4 0 8 17 82 388 28 870 3 0 8 0 245 0 34 8 0 7 0 9 0 188 0 0 0 64 3 0 106 0 0 384 0 1 372 8 0 51 98 0 10 22 1 0 0 238 0 0 0 11 1 0 48 318 0 13 0 0 0 0 0 0 5 18 0 12 1 0 9 280 0 11 0 0 11 0 2 0 0 0 0 0 0 0 0 1 0 39 0 4 3 0 99 0 0 17 0 0 0 96 0 0 0 0 0 0 0 0 8 0 0 200 0 0 0 0 0 0 4 0 0 0 0 314 1 0 0 5 0 0 615 0 6 0 0 102 16 0 0 0 0 1
 0 0 342 610 8 6 0 21 0 12 0 0 0 161 1 21 76 0 0 0 21 30 45 0 1 68 23 0 0 41 16 0 5 0 0 0 2 0 0 0 0 0 155 65 0 159 0 0 0 116 0 3 3 0 0 0 8 0 6 3 0 0 0 0 0 0 0 6 21 0 0 0 229 0 0 41 0 30 4 30 0 0 1 0 32 1 26 0 0 158 10 163 0 55 0 21 0 22 22 0 0 12 0 5 135 0 0 0 1141 35 244 1318 96 11 0 6 0 2 2 0 0 0 433 0 1 0 0 0 5 0 9 55 2 0 0 12 0 3 0 83 3 0 3 0 0 0 0 184 0 0
 0 0 0 8 51 229 0 33 0 0 0 31 0 0 0 45 23 53 0 0 0 0 0 0 105 4 0 0 0 0 229 0 0 16 0 222 2 3 0 0 0 0 69 11 0 58 0 185 0 0 0 2 15 21 406 0 0 0 0 5 0 44 0 72 25 3 91 0 232 0 0 0 0 0 0 0 2 0 0 4 0 1 1 41 0 0 14 0 0 270 0 0 10 13 0 33 0 5 0 0 11 3514 39 0 21 70 0 1 7 11 0 8 2 17 0 0 0 40 30 0 4 76 730 7 0 606 502 7 267 0 0 0 0 0 57 0 0 0 0 0 0 0 0 18 234 0 0 0 6 68
 49 369 13 0 0 0 0 0 151 0 0 0 0 76 11 145 0 22 281 2 0 25 0 13 0 1 0 0 0 171 1 0 0 0 0 0 4 0 10 842 0 0 0 0 7 0 67 6 5 0 0 6 0 0 180 7 103 31 0 40 0 13 11 0 0 8 0 0 0 0 41 0 0 0 0 0 191 10 37 0 0 1 3 21 0 0 112 0 230 0 3 0 42 789 1 0 0 2 49 204 0 0 4 35 0 903 0 0 0 101 0 14 0 4 0 8 13 0 0 186 54 0 0 0 0 0 0 20 0 0 23 0 0 102 5 7 0 252 0 0 0 265 2 0 0 0 6 0 0 0
 0 24 7 3 230 0 0 0 11 15 141 0 13 0 0 0 7 0 0 1 0 0 0 0 0 0 0 0 101 0 0 56 0 0 0 0 0 111 0 0 4 0 0 0 3 0 0 5 2 15 0 97 1 0 0 1 0 3 14 3 10 0 0 0 0 0 1 5 0 0 16 129 0 9 0 6 0 4 0 0 0 1 0 6 7 26 0 0 14 20 0 0 0 11 0 0 0 0 0 13 141 13 0 6 16 2 0 13 0 48 0 21 2 0 0 5 0 7 0 0 0 0 8 363 0 2453 0 11 6 0 0 0 0 0 0 0 23 0 249 1 0 378 6 0 0 0 0 0 0 0
 0 2 0 0 0 0 268 1 735 0 10 1 44 3 332 198 66 0 0 0 0 0 0 3 2 0 0 25 19 35 0 0 0 27 0 0 0 0 88 0 0 0 2 0 46 9 34 2 5 634 1 21 3 0 0 0 13 0 0 32 0 0 2036 99 0 66 0 0 0 0 0 7 0 0 0 0 2 2 0 0 0 7 465 0 0 11 1 38 2 0 0 27 0 0 247 0 0 213 0 3 0 0 0 9 18 13 0 0 0 0 4 3 232 13 0 151 5 4020 36 0 0 0 0 24 0 319 17 0 155 0 0 0 1 0 0 0 0 0 8 15 1 0 0 13 0 1 8 0 9 0
 0 511 1 0 626 0 8 3 0 0 0 159 0 8 0 0 0 184 0 0 0 0 0 26 0 0 0 1 0 10 324 0 1 1 0 13 0 0 11 0 75 56 0 0 6 119 2 0 95 107 178 0 0 41 200 0 47 0 3 2 0 554 115 5 101 0 0 147 0 2578 21 0 2 23 0 2 67 4 65 0 698 0 249 25 0 117 337 603 0 67 0 0 6 23 41 0 7 0 0 0 0 18 6 0 0 27 17 3 3292 14 9 0 0 0 0 60 0 0 174 0 0 8 0 0 16 0 238 0 11 77 0 0 21 0 17 5 5 323 0 0 2030 0 6 13 0 0 17 3507 0 0
 0 6 0 0 0 0 0 234 0 0 7 0 1 0 0 1 198 110 39 65 530 0 0 1 229 7 0 634 0 0 9 133 7 26 0 0 0 0 0 44 3 0 0 262 0 2 0 0 0 0 0 11 6 11 0 3 0 1 27 33 0 0 6 0 3497 2 0 0 0 14 0 0 128 0 0 0 0 10 0 395 0 0 22 0 1310 0 53 34 257 2 0 0 81 6 34 48 0 8 7 19 0 0 0 0 4 0 0 234 0 0 0 28 4 0 0 103 0 0 16 3 0 94 0 0 11 63 2 45 0 0 0 80 0 0 1 0 1 4 148 0 11 0 11 0 0 0 10 58 16 4
 0 0 0 32 196 0 0 0 0 0 0 23 0 7 51 2 0 0 0 0 0 19 0 0 0 27 0 0 8 0 0 0 0 9 17 52 3 0 0 8 0 3 0 0 0 63 0 115 16 11 0 5 0 0 377 1 3 0 213 0 0 30 0 2 53 0 0 4 27 0 0 0 17 795 0 0 0 0 0 10 1 1 0 0 0 0 3 2 0 1 65 22 0 174 3 0 491 0 0 0 404 0 0 2 59 42 0 0 0 0 0 0 44 0 30 10 171 66 20 1 0 20 0 0 1 6 5 0 0 16 0 0 0 0 0 0 13 5 0 0 107 8 0 33 0 0 63 0 0 0
 0 0 188 90 7 0 0 21 7 129 61 155 0 19 47 1 0 0 0 3 79 0 1 0 0 0 0 280 0 0 9 0 61 0 3 0 0 0 0 77 0 0 120 0 0 2 3 106 10 0 6 0 0 0 4 0 0 27 17 0 5 16 0 59 0 229 0 12 41 0 0 19 0 1 52 0 3 0 16 0 0 0 9 375 24 2 0 0 0 34 0 0 0 3 0 0 0 0 70 2 1 82 20 22 39 23 0 0 33 0 0 1 260 0 6 65 13 1 30 45 0 0 0 3 4 0 719 0 178 412 204 0 0 127 0 98 0 0 0 33 13 4 9 31 0 0 0 5 0 0
 0 0 0 7 2 0 0 0 5 0 53 165 50 0 0 0 154 0 6 0 3 0 0 0 0 4 0 6 8 0 2 4 0 0 1 0 80 0 0 1 2 0 53 0 0 3297 1525 0 0 20 0 0 0 0 0 98 13 246 372 0 0 401 17 17 226 2 0 0 74 0 0 25 8 1 0 0 250 0 0 0 28 16 0 0 0 0 0 0 20 65 0 63 4 0 14 7 0 0 10 0 1 0 298 11 2 2 0 0 30 0 0 0 2 0 1 0 0 0 0 0 0 0 0 19 823 0 1 3 0 0 0 41 85 20 1 6 34 71 22 0 0 0 0 0 0 15 0 0 8 0
 0 90 0 0 0 0 0 0 0 101 5 7 0 70 0 0 0 0 0 19 0 0 0 0 91 0 0 3 16 35 0 0 100 101 10 0 17 0 5 3 0 0 2 0 0 0 0 21 0 0 0 0 0 0 0 0 0 4 6 13 3 574 10 210 0 0 0 3 39 27 6 0 2 6 35 27 0 0 0 0 7 0 0 46 7 2 3 27 0 0 0 0 102 9 55 0 69 1 0 0 0 0 0 118 0 0 3 8 0 0 0 168 0 0 0 7 0 12 0 0 11 0 0 0 29 22 0 146 9 0 0 2 98 0 15 0 0 2 0 201 31 80 0 0 0 25 0 0 20 0
 7 0 3 0 0 0 0 0 0 0 3 6 696 11 0 103 0 0 71 0 0 2 894 7 0 2 10 0 0 0 13 14 0 0 0 0 0 37 72 13 0 55 6 4 16 0 0 0 12 4 45 1 0 1 169 0 0 13 0 12 11 0 0 352 0 5 21 30 49 0 1 0 0 0 0 91 0 37 0 0 38 1 0 0 0 0 0 0 8 0 26 0 0 100 0 0 0 23 0 0 67 61 0 23 0 37 79 0 0 8 224 0 0 0 0 0 10 0 0 51 49 0 21 2 19 6 0 0 101 0 0 33 0 0 0 173 1 0 1 0 10 205 1 0 0 0 0 0 69 0
 0 0 0 0 1066 84 0 0 0 3 12 155 154 0 2 0 391 0 0 0 1 250 0 0 0 62 0 0 0 0 0 0 1 31 1 0 0 29 0 42 2 0 7 31 0 50 0 0 34 30 0 59 15 0 0 1 228 0 0 8 11 86 0 0 30 8 1 0 0 0 70 5 22 80 0 0 0 0 0 0 0 11 26 0 0 108 27 15 0 4 0 0 25 0 0 0 0 11 1 0 6 0 0 0 45 5 0 0 3 0 5 0 0 0 57 2 0 42 0 0 0 0 16 10 0 0 0 0 118 196 0 0 0 0 0 112 0 0 0 49 0 0 8 0 0 0 0 0 1 41
 81 0 0 13 0 12 0 0 0 0 0 5 0 0 0 0 0 0 83 0 231 0 0 42 45 0 16 0 0 0 34 0 9 38 0 1921 0 43 809 4 41 0 0 0 11 0 305 0 8 0 6 42 0 1 35 6 0 0 3 0 1585 0 0 98 0 0 0 495 0 0 44 0 73 0 7 5 0 0 7 0 0 0 0 0 447 54 0 26 0 6 0 0 7 0 0 29 0 7 332 3 0 0 0 0 0 0 106 407 0 39 0 2 3 0 0 10 4 0 20 0 0 0 0 5 1 5 0 0 5 0 0 0 0 22 6 0 0 106 131 0 371 54 262 11 0 0 4976 0 0 7
 2 0 0 0 0 123 0 0 0 0 0 12 4 256 0 30 4 0 0 9 27 0 66 42 0 15 1000 0 0 79 0 63 0 6 70 0 137 0 56 1 0 3 731 0 27 19 0 0 0 0 22 0 0 32 0 0 13 0 0 27 0 178 0 47 0 45 0 0 0 0 22 0 10 5 2 0 0 85 180 549 0 34 0 0 1 0 0 0 0 0 249 0 0 1 0 39 0 4 78 70 6 11 0 0 0 0 0 2 41 0 3 68 0 0 0 0 18 0 59 0 10 0 85 2 0 0 0 0 13 39 0 339 2 29 15 0 0 35 0 0 0 0 0 10 0 5 43 0 50 0
 0 3 0 0 0 0 0 0 6 5 1 13 0 1 15 0 0 13 550 12 2 0 0 0 0 0 0 0 4974 0 0 0 2 14 0 0 21 205 0 0 11 0 0 0 0 228 467 1 0 0 69 0 0 2 0 0 0 0 0 78 12 15 370 158 11 47 0 0 672 0 18 6 0 0 7 0 3 0 295 0 0 0 0 0 0 0 30 0 0 38 12 3 0 3 0 0 108 6 0 0 166 0 1 1 0 0 1 7 0 0 54 0 0 25 33 0 22 0 0 0 5 0 0 72 0 106 0 3 8 0 0 0 0 73 9 3 198 0 0 0 43 0 0 0 0 0 590 9 0 86
 0 19 0 246 80 0 15 3 0 0 0 12 0 1 171 127 0 17 0 41 0 5 29 0 732 0 2 0 1 13 0 84 47 25 0 0 37 0 0 105 0 0 0 0 1 0 0 0 0 0 2 0 0 0 0 115 0 0 977 0 2031 80 0 6 0 205 2 227 120 0 0 0 0 104 6 0 0 1150 0 8 0 0 0 0 1 0 162 0 3 0 0 0 53 1 0 0 0 13 29 12 74 7 0 0 0 0 0 663 31 720 0 0 36 0 3 18 18 0 0 0 23 0 0 0 0 0 1 6 0 0 0 0 0 41 0 0 0 0 81 0 18 16 0 6 35 5 6 0 0 0
 13 2434 0 0 0 1 0 0 184 0 16 0 0 71 0 0 0 0 1 0 0 0 4 444 0 0 9 0 0 1537 2 0 0 0 0 0 0 29 147 0 10 18 0 0 0 0 0 7 27 1 0 39 0 0 1 0 0 53 0 59 0 0 151 0 0 2 50 0 0 104 1 18 6 0 0 67 468 0 0 0 0 2 0 0 0 18 0 32 0 6 2 0 0 4 0 0 0 51 2 31 0 1 235 0 0 0 11 0 2 164 17 10 26 0 0 0 0 0 0 231 6 0 1 0 0 40 277 0 28 0 0 30 0 53 0 0 396 0 111 0 0 2 641 0 65 759 0 0 51 0
 0 30 0 44 5 0 0 0 0 0 32 0 0 0 0 0 5 13 0 39 0 249 0 0 0 59 35 3 0 0 727 11 33 0 0 26 0 154 25 0 0 0 115 0 4 1 0 0 0 5 0 0 41 0 7 3 0 22 0 0 9 0 0 0 0 0 6 13 1 1 0 1 35 0 89 0 0 2 0 0 14 0 0 4 191 36 127 15 0 12 1 18 0 0 4 7 0 0 0 0 0 0 31 0 10 0 0 108 0 13 12 51 0 0 3 0 0 0 123 0 11 12 0 0 0 71 321 26 0 0 10 0 1 5 0 1 0 0 0 0 0 0 0 0 0 66 0 0 7 15
 381 0 0 11 143 0 0 0 0 6 104 0 0 0 0 5 1 0 0 0 12 2 118 0 3 10 16 0 2 8 65 17 0 0 1 37 0 0 0 0 0 0 22 2 4 0 76 0 135 29 0 0 0 0 29 3 0 13 913 0 4 0 5 1 0 2 0 0 0 93 34 94 0 0 0 1 0 1 8 0 3 11 2 2 0 0 0 62 0 55 2 0 0 89 0 0 0 0 232 5 126 0 3 74 1 3 2 0 0 25 0 274 0 0 22 4 5 0 0 22 0 121 0 0 0 0 0 0 20 0 0 0 59 20 0 3 8 124 10 0 0 0 9 102 188 43 0 26 0 0
 0 257 0 0 10 0 6 0 0 19 95 1 270 0 0 366 0 27 21 0 0 0 0 8 0 0 0 9 0 0 0 0 578 2 0 22 53 0 0 0 0 0 1067 717 136 59 0 0 21 0 0 9 0 0 26 5 0 0 0 0 0 18 6 44 4977 0 0 5 4 0 4 3 47 0 32 0 0 87 166 2 31 76 70 0 0 51 0 340 0 8 0 29 23 0 2 0 4 0 0 0 8 0 116 0 0 0 0 0 0 0 0 24 5 0 0 0 4 0 0 0 338 70 0 73 0 0 2326 8 149 0 9 0 0 0 2 8 0 0 17 0 292 0 326 12 0 0 0 0 50 3
 16 0 1968 0 12 1 29 0 0 0 1 0 0 0 12 238 0 0 0 5 0 0 4024 0 123 0 13 0 3 224 171 0 0 0 3 1 1 50 0 0 0 0 0 0 0 0 0 63 27 0 0 0 0 0 24 0 0 378 17 2 0 0 144 38 0 2 0 3 0 0 0 42 5 444 4 8 21 0 0 0 2 0 0 0 0 0 0 154 36 223 19 0 1 18 0 12 310 0 12 117 489 0 33 0 220 0 0 0 0 0 0 0 66 0 38 0 0 0 0 0 0 0 0 275 0 0 0 0 0 0 0 1 0 0 2 0 78 10 0 0 1 1 268 94 0 14 0 25 0 0
 3 0 4 0 0 0 3 0 14 5 24 0 120 0 0 0 0 0 0 0 192 0 9 1 1 23 0 0 0 0 32 276 465 0 818 0 0 0 0 10 12 0 32 39 0 22 0 0 131 0 1 1 0 0 15 0 16 0 17 85 0 0 0 0 12 31 0 90 0 45 0 0 84 0 0 4 0 0 0 0 6 1 0 64 0 0 0 0 0 0 0 0 17 86 0 10 0 20 5 286 0 16 0 0 0 40 0 0 5 1 0 0 22 0 14 0 0 0 0 52 0 52 0 0 0 723 0 0 0 265 0 154 0 0 6 8 0 0 1 1 23 28 0 0 0 0 2 0 0 0
 4 0 0 2 0 0 1 0 0 1 0 2 0 0 0 191 0 116 0 0 254 0 3 0 60 0 0 0 16 0 2 0 0 257 99 0 16 197 55 149 11 12 0 280 0 0 147 1010 10 8 0 191 0 0 0 0 0 0 0 0 0 0 0 0 0 0 153 0 12 4 10 0 0 8 169 203 3 6 0 0 1 2 5 0 199 24 0 12 0 10 0 0 230 27 0 0 0 13 0 0 5 64 0 3 2 4 1 0 15 7 0 0 17 275 1 42 0 0 0 0 4 0 0 0 0 2 0 0 26 1 3 1957 2 722 229 0 0 3 230 29 0 0 0 0 0 66 0 13 0 0
 0 247 0 79 6 3 0 0 6 0 0 0 0 14 0 21 43 0 0 0 2 21 0 0 16 0 0 0 28 20 0 68 3516 0 0 91 0 0 624 0 0 6 70 0 14 2 0 0 0 1 0 0 2 0 0 0 223 0 7 8 0 0 0 6 0 2 95 0 973 0 0 2 0 81 37 1 99 0 0 6 95 0 15 1 0 321 0 755 8 0 0 394 14 0 0 3 0 1 17 0 1 0 0 0 0 4 0 0 0 0 9 0 0 0 54 80 254 258 5 0 0 106 0 0 0 3 27 0 7 0 36 1 0 0 6 0 0 55 146 52 0 84 39 5 0 0 79 0 21 2
 5 11 0 0 0 7 0 0 0 66 3499 0 106 56 115 168 0 2 4 1 1 23 220 10 0 341 3 0 32 0 716 51 9 54 0 332 1 15 0 171 1 0 10 0 0 0 0 0 0 0 0 10 0 6 0 0 21 12 0 0 0 93 0 2 85 0 32 0 0 0 390 10 0 0 101 0 115 0 38 68 0 21 0 12 17 0 0 242 0 0 13 0 0 52 0 8 0 0 167 0 0 0 1 0 0 0 190 0 0 39 20 0 51 0 0 49 0 25 0 0 0 0 0 22 0 1 0 0 40 0 0 0 34 1 0 39 0 0 29 0 270 403 0 0 150 80 146 3 19 0
 0 0 370 37 6 112 0 0 27 50 18 0 77 0 0 52 90 0 0 0 2 0 0 0 0 59 0 6 0 23 13 0 135 5 4 0 0 0 0 22 0 0 0 0 0 0 1 4 5 16 11 0 0 0 236 0 0 0 0 0 3516 0 0 0 0 326 0 0 220 0 6 0 0 0 0 1 0 0 8 0 29 51 0 0 0 115 3 5 12 10 0 178 0 0 0 0 0 1145 0 0 0 0 12 14 44 0 0 12 0 0 21 0 69 25 0 0 67 0 0 0 0 9 38 0 0 1 15 0 18 15 0 0 6 6 0 0 0 1 0 7 31 0 0 335 0 5 0 0 13 0
 0 0 791 0 0 0 0 0 198 17 0 0 0 0 10 36 0 0 0 0 5 0 0 0 3 1 0 0 2 4 0 0 0 0 44 10 0 0 0 0 0 3 2 0 41 0 78 0 66 150 0 0 0 0 0 9 0 0 29 0 0 0 5 0 0 0 0 65 191 0 634 0 0 29 0 0 1 0 0 141 342 1 14 1 486 0 3 8 36 0 18 0 73 1 0 28 15 0 0 972 11 36 0 48 487 0 0 0 2 0 0 46 0 4 21 430 8 0 15 268 0 0 0 0 0 24 0 72 756 61 190 1 0 0 0 0 0 0 7 0 0 0 0 16 0 15 0 0 364 0
 0 0 0 0 13 0 0 9 106 11 0 19 0 40 0 0 0 8 9 87 0 0 0 0 0 4 0 0 0 101 104 174 4 4 0 0 0 0 0 69 0 15 0 0 36 0 1 0 249 0 0 0 0 1 1 0 8 0 100 9 0 1 79 0 0 0 0 10 10 0 0 0 0 31 0 17 0 0 0 0 0 23 0 0 0 0 0 1 0 0 162 105 0 4 12 0 0 46 0 0 31 0 0 0 0 0 0 0 0 29 0 36 0 0 17 0 0 0 2 3 0 0 0 0 0 228 1508 0 0 3 585 0 21 0 0 74 0 4 0 434 2 0 1 9 351 0 29 0 0 292
 0 2 0 0 0 0 24 0 0 0 0 0 0 0 0 1 0 47 49 0 0 0 0 68 0 0 0 0 9 29 0 55 0 9 16 96 5 13 603 2 1 394 126 0 615 4 0 0 77 0 0 1 0 204 0 0 0 4976 1 0 16 0 0 0 7 0 2 8 0 270 0 3 42 634 0 0 8 46 200 202 0 0 0 0 0 0 0 702 108 0 100 1 0 0 0 0 1 64 0 1 53 45 0 0 42 0 81 3 0 9 39 0 0 0 0 0 0 0 4 99 0 0 0 4 0 0 0 0 0 0 14 2 0 16 0 0 0 0 0 0 1 0 1 6 16 101 0 3 8 4
 0 0 3 0 0 0 39 0 0 152 0 0 15 305 42 1 732 10 0 0 0 0 38 0 28 0 0 10 0 0 0 2 26 19 1 0 0 0 0 0 0 0 236 0 0 0 0 0 0 50 16 0 5 0 0 1 35 63 0 0 0 27 0 134 0 0 0 0 0 20 11 0 0 229 0 2 0 0 0 0 0 7 0 5 14 0 31 3261 1 0 13 0 4 0 0 0 0 0 0 441 0 1 15 0 38 30 0 0 0 0 88 4 0 75 0 0 0 79 3 0 0 0 242 15 0 0 1 1 64 0 13 88 1 4 0 0 0 0 0 444 0 19 0 0 0 261 0 11 0 17
 0 0 18 12 874 12 3 254 3 297 6 0 237 4 267 0 0 0 0 0 0 20 0 31 0 0 0 0 0 0 0 0 13 350 14 233 0 1286 23 1 3 0 10 1 0 39 0 0 0 43 165 9 0 371 0 112 0 0 9 0 6 0 0 55 100 6 0 9 0 120 0 0 68 0 0 255 0 0 0 6 0 30 723 0 0 0 0 0 0 0 15 0 35 0 2 0 28 0 0 0 0 0 0 0 0 0 13 50 0 2 0 0 0 91 0 0 0 11 0 0 0 0 0 0 19 0 8 0 5 5 4 0 4 8 4 2 0 2 6 0 0 0 0 3 1 3 44 0 12 0
 43 0 0 14 45 0 1 0 11 0 3 0 0 121 0 0 0 0 4 0 116 78 0 0 17 125 3 199 0 0 0 0 24 0 0 194 0 1 0 1586 8 0 0 0 0 64 111 0 146 0 0 3 0 30 32 0 0 0 4 0 144 121 7 0 52 0 0 0 0 43 3 0 4 1 0 2 5 0 238 0 9 0 0 0 1 0 254 0 0 6 11 1151 0 150 0 1 0 4 0 297 1 0 93 0 0 0 1 0 491 81 0 248 4 0 0 0 0 0 0 0 0 11 0 342 29 0 0 44 0 0 1 0 295 0 0 32 0 11 0 27 27 8 0 67 0 0 0 0 183 46
 0 138 0 53 19 0 0 1 0 0 2 0 349 0 16 55 2 0 0 0 681 0 59 0 669 4 0 0 14 0 0 0 0 34 0 0 11 0 2 0 0 33 5 874 41 0 0 19 131 65 5 6 2 5 382 0 0 0 2 6 0 0 529 3 0 0 1 0 0 0 0 0 0 15 0 0 4 528 17 0 0 0 0 0 4 3 0 0 0 0 0 23 34 20 0 37 0 0 0 0 3 243 0 352 26 0 226 0 0 0 5 57 0 0 0 108 0 0 12 0 0 0 69 0 0 0 0 29 136 0 17 127 0 0 0 0 0 0 0 135 1 22 0 0 40 0 0 281 1321 0
 5 130 9 0 0 0 0 0 0 139 0 1 0 0 0 0 8 0 86 618 0 66 77 1 0 0 0 7 0 1 0 0 0 0 0 0 2 350 0 0 0 0 2 74 0 15 0 0 0 1022 0 0 7 8 0 0 749 178 0 0 0 0 0 6 0 0 0 0 0 0 0 1 3 0 0 0 0 0 0 51 0 0 0 0 0 247 0 0 5 0 1 0 0 50 0 0 0 0 0 8 0 0 21 0 0 47 8 0 163 0 9 0 0 0 0 819 283 38 2173 212 40 0 205 34 406 0 0 4 2 0 1 61 20 406 0 75 27 0 0 1 0 0 0 0 24 0 30 0 0 0
 244 0 0 371 0 0 0 0 0 16 144 0 0 0 2 0 0 0 0 0 0 0 9 0 1 0 0 26 0 71 62 0 0 0 0 46 0 15 701 0 180 6 0 268 0 0 0 0 0 5 0 0 0 0 0 0 7 0 295 308 56 0 44 0 0 0 0 0 0 0 5 2 50 291 0 0 67 0 28 0 0 1 85 7 0 13 37 0 245 4 0 161 3 3 2 32 1 0 5 0 0 3 37 0 0 0 0 28 2 0 0 391 302 502 0 11 29 0 0 21 434 0 324 0 15 0 0 1 0 0 22 0 0 3 213 0 346 5 0 373 0 0 1 11 0 1151 0 0 31 20
 8 0 0 0 0 0 0 4 0 1 34 0 5 0 16 0 2 78 5 23 0 9 0 30 0 0 0 206 432 0 0 0 288 542 0 20 0 0 2 3 0 0 0 0 87 17 12 0 4 0 0 6 34 0 198 0 0 1 0 0 0 16 6 32 0 0 0 10 0 2 7 331 0 0 31 204 0 0 4 9 0 0 0 0 0 1 0 0 11 27 40 0 0 0 0 4 0 0 3 29 1 0 0 29 0 0 0 2 0 190 0 0 0 0 0 130 0 0 772 84 2 0 0 0 0 5 0 0 0 366 15 0 0 0 10 5 10 0 0 21 109 1 82 0 96 0 0 305 0 0
 0 77 0 0 0 0 108 54 0 0 157 0 80 42 2 0 0 0 0 3 206 12 0 2 0 1034 0 0 0 136 0 1063 41 0 65 57 32 0 7 0 10 130 0 0 0 43 0 0 0 0 0 0 0 0 4 1 1069 0 0 0 19 583 12 2 0 8 0 12 0 0 2 9 351 4975 0 0 212 8 1323 0 0 151 0 7 0 16 0 5 0 35 0 81 2 2099 0 0 88 4 2 0 904 0 0 644 0 0 0 0 0 0 0 0 0 56 2 0 0 0 0 0 0 0 13 0 24 0 0 72 0 0 0 3 0 0 0 0 0 12 0 0 0 0 0 0 8 0 282 0 0 0
 0 0 0 7 0 0 2 0 939 434 1 0 0 13 3 2 0 6 0 196 735 33 0 36 10 307 0 21 0 39 0 0 15 377 1 43 0 0 1 1 0 0 4 444 0 0 0 0 229 5 28 11 0 1 8 21 0 0 0 0 0 0 0 0 2 0 11 92 277 0 0 0 0 0 0 0 0 47 10 7 864 0 0 0 134 0 18 0 0 63 5 0 18 0 0 34 0 4 0 1 34 163 3 15 0 0 18 0 2 0 0 99 0 0 9 158 0 13 26 5 81 4 70 0 0 0 338 12 2 0 9 0 0 21 72 0 0 0 8 0 0 10 0 0 0 0 0 0 0 0
 25 0 19 0 0 441 19 0 0 4 0 0 18 0 0 0 0 0 281 0 3 0 0 0 0 230 5 1 3 0 7 3 16 0 0 0 0 0 0 0 169 0 0 0 315 20 72 0 0 0 10 0 0 0 0 0 10 0 0 0 116 0 9 10 51 0 178 0 0 35 168 0 0 0 319 0 0 9 0 22 0 0 26 0 0 101 19 2112 68 0 356 78 0 55 0 0 0 35 6 223 29 0 0 0 0 0 2 0 0 11 0 15 12 13 0 1106 29 0 32 0 0 0 0 136 0 0 31 19 0 0 235 106 150 0 12 0 53 0 2 0 2 1 0 14 0 5 0 5 0 0
 1 1 63 40 66 9 0 0 11 0 0 0 0 34 26 0 0 49 5 0 0 4023 14 0 0 0 0 9 0 0 2 6 4977 28 0 1 1 1 0 0 0 0 7 8 0 0 15 39 0 0 2 0 9 0 232 0 0 0 0 0 0 0 0 0 27 0 16 0 8 23 0 119 0 0 25 0 0 26 0 3 0 0 29 56 76 2 0 725 0 0 51 0 2 0 12 0 21 0 0 0 104 0 26 0 3 0 0 0 0 0 2 0 0 0 0 0 8 0 0 0 171 0 0 0 56 0 0 0 0 21 12 4 1 3 3 9 0 11 21 0 0 0 2 4 18 230 368 0 25 1
 0 8 25 295 0 108 0 927 0 0 148 537 0 0 0 15 6 0 0 0 0 2 0 31 0 0 12 0 44 4 72 0 6 0 0 0 0 25 0 1 0 0 0 0 0 3002 0 9 51 93 0 0 69 0 34 0 15 0 0 18 0 89 0 265 74 41 0 0 0 50 0 0 238 0 0 0 2 604 0 0 0 14 0 0 28 99 0 0 0 119 0 0 0 229 0 0 0 0 0 0 2 3 0 38 0 7 38 0 0 84 0 0 0 0 0 0 0 0 0 7 26 15 0 0 0 241 0 0 358 0 10 54 0 39 244 12 0 0 7 11 0 0 0 0 7 0 8 0 0 3
 0 7 44 0 0 0 0 0 27 0 0 17 0 0 0 0 0 29 0 0 13 0 1 48 4 0 50 0 0 0 18 0 0 0 13 1 3 0 3 1 0 0 4 5 0 0 0 1 0 0 3 0 0 1 10 1 0 0 128 0 0 9 0 0 0 0 1 0 5 0 0 0 34 0 0 0 0 4 64 210 3 0 0 1 17 11 0 0 0 0 19 839 0 100 0 12 10 0 500 5 0 0 0 6 41 11 0 0 122 0 1 0 0 40 12 84 0 12 0 3 0 16 7 0 0 257 79 0 22 0 0 13 0 0 11 0 0 18 2 5 0 65 33 0 0 0 0 0 42 13
 116 0 0 0 0 3 1 0 81 73 0 4 6 0 2 1 4 0 0 40 0 0 31 1 17 0 0 0 21 21 0 194 24 32 72 23 0 0 0 0 4 1 0 0 0 0 7 0 3 5 0 0 6 0 0 0 0 0 140 26 0 0 88 6 0 1 352 0 0 2 0 0 0 87 0 0 0 0 0 0 0 54 13 0 0 0 74 31 330 0 0 0 5 0 0 7 57 0 57 0 134 229 4 0 0 0 0 0 57 0 0 0 1 0 0 722 0 0 0 160 0 0 0 29 0 1 0 0 0 5 0 0 60 0 436 0 1 0 0 41 49 0 0 0 456 0 0 0 0 0
 0 11 18 3 0 26 0 0 12 0 32 94 0 1 21 382 0 0 0 4881 208 79 0 0 0 4 2 0 6 0 50 43 4 20 2 0 0 0 0 0 0 589 0 0 10 0 1 37 241 0 36 3 0 0 1 3 0 0 0 0 5 0 0 0 35 0 0 0 0 0 0 3 0 75 0 0 0 5 0 1 12 42 0 0 730 0 0 7 106 84 14 22 0 14 5 0 0 0 31 106 0 0 197 18 4 20 1 115 0 0 1 0 12 0 0 172 17 4 8 0 8 294 0 0 2 19 0 14 5 0 0 122 0 0 233 132 0 0 166 0 52 0 103 232 164 11 0 683 0 6
 0 0 7 0 11 256 0 4 0 0 0 0 0 0 30 11 0 72 0 17 269 43 3 41 0 20 0 115 15 2 0 0 0 0 0 0 9 0 12 0 29 0 10 0 0 1 3 0 0 0 229 0 0 0 374 0 3 7 0 0 0 16 0 0 17 0 0 0 0 0 1 0 5 2464 1 47 504 0 0 9 0 2 0 10 24 0 0 8 0 0 0 22 0 5 10 119 486 0 21 0 0 0 4 0 16 41 0 0 0 0 0 0 0 5 151 0 0 0 0 0 65 0 0 8 4 0 1 0 9 0 0 0 0 0 0 70 4 0 16 78 0 210 0 0 0 0 1 0 16 0
 218 0 0 0 1 0 96 0 23 34 6 0 154 354 0 0 0 76 0 5 0 0 0 56 0 10 0 3 0 0 0 166 0 0 0 0 4 0 0 0 12 0 105 10 0 725 0 10 0 7 0 0 0 0 0 9 0 0 39 505 0 0 0 0 0 91 0 0 0 100 0 0 1 0 11 7 43 1 0 1 14 0 0 0 190 1 0 378 19 0 0 30 31 0 0 5 0 670 18 10 0 0 2 0 0 0 57 23 65 0 0 1 1 0 59 54 0 118 0 0 3 0 873 0 8 6 0 0 0 0 0 8 0 0 0 148 5 87 18 1129 4 3143 5 0 0 0 0 12 3 63
 0 0 0 91 32 17 0 0 0 0 0 78 0 62 0 0 21 44 28 5 115 0 41 0 1 0 0 0 1 0 0 0 0 16 3 1 16 24 0 0 11 80 0 0 0 57 2463 18 16 0 1 39 0 0 1 0 725 8 0 10 43 25 0 0 0 101 3 48 4 0 0 479 0 10 0 3 0 129 0 0 339 37 0 154 0 2 10 232 0 115 0 0 0 0 2 20 5 0 0 0 0 18 1 0 20 0 2 45 18 163 10 0 6 0 0 1 2 164 0 0 0 5 0 6 3 0 190 0 262 2 0 0 13 0 26 0 287 30 118 0 0 0 0 21 26 815 0 0 0 19
 3 0 0 0 0 0 0 35 365 0 0 45 0 0 0 0 3 190 122 97 0 18 34 2 79 1 13 0 0 0 0 2 0 63 0 0 0 136 2 0 22 9 42 1 242 0 0 3 19 7 0 140 23 0 0 204 0 0 0 21 0 150 0 12 0 0 213 705 0 0 687 231 0 0 0 0 0 0 8 28 14 27 2 15 0 0 0 0 0 1 0 13 41 2 0 0 22 0 0 0 40 45 257 0 44 0 0 3 0 0 1 19 0 0 0 1 0 0 2 0 0 244 18 3 0 6223 0 0 0 161 0 16 0 0 0 0 0 0 0 19 0 0 231 1 659 0 65 0 1 0
 0 0 2 0 0 3 0 21 27 0 0 0 0 8 0 730 0 283 21 0 319 0 0 9 0 154 0 0 0 22 0 0 436 732 0 32 544 279 11 127 0 0 0 8 15 0 0 23 0 0 14 0 39 0 20 112 68 256 38 0 0 0 32 0 0 1 137 0 0 82 0 0 146 0 21 0 0 37 82 116 99 0 0 3 121 31 0 42 6 44 7 0 2 0 0 0 1 0 18 0 115 0 0 103 6 0 0 40 6 0 0 0 146 2 0 0 23 1 0 0 0 0 98 0 0 3 0 0 0 7 65 33 0 27 35 19 0 184 0 0 0 0 57 0 0 1 5 0 0 0
 0 0 0 10 0 0 0 0 0 76 0 0 65 0 0 0 46 0 0 0 15 30 0 14 191 64 26 7 16 15 0 0 0 6 0 81 0 8 0 0 38 213 1 1 2 0 3 1000 1067 58 6 11 0 10 0 693 0 0 52 0 0 0 0 21 0 10 2321 0 5 13 0 64 0 22 21 0 0 0 0 0 0 0 0 6 0 2 375 0 0 0 0 0 32 19 18 0 730 1 0 24 0 272 36 9 1 3 0 30 1 0 27 0 49 13 0 3 74 176 0 284 44 0 0 79 74 2 7 82 0 0 91 0 0 0 0 4 0 1 0 0 0 0 14 10 2 30 0 3 2 0
 33 1 12 0 0 0 0 0 0 0 0 0 4 14 0 0 1 0 0 151 0 0 2 0 0 0 0 4 0 0 0 0 0 0 0 33 0 30 2 0 0 20 714 5 0 29 0 1 9 6 0 0 64 0 0 0 0 0 4 0 5 17 7 0 0 6226 7 114 6 115 0 0 170 0 0 103 0 0 8 60 21 0 0 0 0 0 126 10 0 0 187 4 0 0 17 9 174 0 53 0 12 0 33 0 502 2 0 0 26 0 14 1 0 68 0 0 0 12 0 3 730 0 0 0 0 72 0 3493 3 51 1134 3 11 5 2 0 0 21 0 16 21 0 7 542 104 0 0 0 0 0
 0 6 82 0 409 0 0 98 0 0 0 0 0 0 0 0 0 91 0 0 0 0 0 0 0 6 0 0 0 108 0 0 7 0 2 0 17 0 0 2 0 13 0 36 0 56 1 0 0 0 0 0 30 6 0 0 0 3 41 0 0 0 0 0 2 0 15 0 25 0 10 1 0 0 10 14 0 0 0 0 15 24 14 35 167 0 0 0 11 0 0 0 0 10 0 138 61 0 0 266 38 6 19 24 115 0 4 0 4 0 0 67 2 0 0 0 0 0 0 0 28 96 0 0 0 0 0 1 20 0 0 5 44 62 0 0 19 0 7 0 0 0 0 7 58 0 0 5 0 822
 646 0 0 0 0 0 0 72 74 33 0 0 0 0 0 1 0 0 0 2589 0 153 0 0 0 0 0 4 9 5 47 0 0 0 0 128 74 23 2 0 0 35 0 37 0 0 0 0 0 7 16 0 0 0 0 31 17 0 4 0 0 1 0 0 80 0 0 0 0 14 0 1 0 0 10 0 0 227 34 0 0 0 0 0 0 0 16 5 14 12 5 0 165 21 0 9 0 7 0 20 10 331 0 0 199 0 0 1 0 0 449 0 25 0 0 968 1 0 0 4 0 0 1 42 0 0 1522 43 4 7 0 0 0 34 0 18 0 0 232 2 0 0 192 0 4 7 7 0 16 0
 26 169 0 0 85 0 0 0 148 0 61 0 0 0 36 22 0 40 0 2 16 163 0 173 0 34 0 0 0 0 1 0 0 0 336 1 319 1 0 0 17 0 2 29 28 0 0 42 0 0 927 0 604 0 0 0 254 0 3 0 0 0 157 0 3 148 12 8 50 82 2 1 0 106 0 4 2 0 603 1 165 66 0 12 0 0 0 0 0 0 0 15 0 2 0 7 0 48 0 68 1 0 15 2 0 305 2 1 0 0 0 0 5 434 54 51 0 1 0 0 1 0 444 0 20 2183 230 0 0 6 0 2 0 34 0 0 6 30 0 43 0 0 0 0 0 0 0 22 0 34
 85 27 1 59 0 0 0 11 0 0 7 18 0 0 8 0 0 0 233 2 96 0 58 201 230 0 0 34 47 9 0 2 6 10 0 77 6 149 4 0 8 32 0 0 0 0 157 0 0 37 0 11 0 0 150 10 0 0 4 4 517 6 2 7 35 12 0 0 0 10 494 0 367 19 0 0 4 0 0 76 0 0 0 0 880 1 0 0 183 169 15 125 7 2 26 17 0 0 2 4 12 0 2 15 0 0 15 7 13 12 0 3 1 0 0 46 0 1 0 0 10 0 1 0 134 0 190 0 0 10 123 356 0 1 0 0 0 0 276 0 3 0 244 11 159 0 7 0 5 0
 0 0 246 0 0 0 0 855 0 0 0 0 0 3 0 0 20 0 0 0 61 30 207 599 0 904 0 0 0 5 0 1 0 2594 50 21 0 0 0 0 0 0 0 0 605 0 0 0 21 0 0 22 2 0 0 0 0 0 4 0 50 0 0 0 0 0 0 0 0 0 4 0 0 10 158 0 29 1 0 16 28 102 0 0 0 2 0 0 6 43 231 197 0 0 0 0 6 0 0 60 22 0 0 0 91 0 0 0 0 0 4555 6 0 0 0 0 0 0 0 0 0 0 305 0 9 21 20 9 0 0 9 0 0 8 0 0 7 13 0 53 0 51 26 0 30 10 6 0 95 0
 0 1 15 37 0 0 14 0 204 872 0 197 38 147 0 0 0 0 358 0 1 7 0 7 0 0 0 0 0 15 7 6 4 0 0 227 88 12 0 68 0 82 0 26 0 20 0 1 0 0 26 0 0 0 0 0 12 36 0 84 1 0 7 0 0 1 0 0 338 24 0 9 0 0 0 0 104 2 0 0 0 1 757 0 1 0 0 0 27 7 4 172 8 0 0 0 121 18 0 0 13 1 9 0 2 77 0 18 0 0 12 0 0 21 36 23 0 0 1 0 1038 702 0 0 171 0 6 1 21 0 0 0 0 0 0 39 136 34 0 0 15 2 31 0 6 0 2 0 0 0
 53 0 0 0 0 0 0 8 234 152 0 4 0 2 9 0 4 50 0 0 0 0 247 42 0 437 0 0 0 1 191 0 16 0 0 1 0 0 121 4 19 0 0 0 288 3 155 21 0 0 0 35 0 28 0 8 40 0 46 0 0 2 0 0 414 231 0 0 27 0 0 0 0 37 2 16 6 87 5 1 269 2 8 0 0 30 2 21 84 0 0 144 1 0 17 4 261 0 17 4 21 0 1 0 3 0 0 89 0 0 0 11 285 0 0 6 2 0 0 5 0 5 3 0 0 262 36 1 0 0 0 1 0 0 0 0 5 0 12 0 85 0 0 0 0 6 6 0 0 0
 0 0 0 18 0 0 0 84 5 6 0 0 13 19 0 0 0 0 0 0 8 48 0 0 0 11 0 65 0 0 0 4557 0 0 0 0 0 0 121 19 0 2 0 0 3 2 0 0 0 65 97 0 0 271 45 0 0 0 0 0 0 5 0 0 0 0 0 0 2 78 0 21 0 0 0 34 19 0 0 37 21 2 143 0 0 2 0 0 0 0 1 352 0 0 0 0 3 0 0 4 57 14 18 0 51 5 2 0 0 0 157 0 5 16 230 11 0 30 0 6 23 0 0 0 0 0 0 66 7 0 0 41 1 0 0 0 2 1 0 0 0 1 9 0 0 0 3 0 1 0
 0 0 1 338 0 0 0 0 15 0 0 14 178 0 26 0 0 150 0 1 0 0 0 2 0 0 45 16 0 0 0 1 41 0 248 26 2 9 0 1585 0 0 5 0 126 0 0 0 0 0 0 0 183 0 0 26 0 30 0 142 31 0 29 14 105 0 0 0 6 7 0 9 37 20 137 14 0 0 0 2 25 0 1 77 1 33 0 0 0 2192 230 48 1 0 0 0 51 0 0 14 0 0 0 0 56 6 23 232 43 0 0 49 0 8 49 0 125 0 0 5 756 0 105 48 0 0 0 609 4 188 705 0 0 0 0 0 0 0 0 7 1 27 0 13 36 0 0 56 24 0
 0 0 0 123 19 0 0 199 0 65 22 0 0 0 0 0 27 0 31 0 0 0 2 53 0 0 0 1 23 155 0 0 0 9 6 55 0 18 0 0 23 0 0 0 659 0 0 0 0 0 1 50 337 0 0 0 0 0 4 97 0 0 21 103 7 2 0 3499 0 0 0 9 0 0 0 0 0 0 16 0 0 3 0 0 4967 3 27 0 5 41 39 23 20 0 0 0 668 0 33 0 0 15 1 0 0 0 0 61 8 0 0 0 0 0 0 0 0 4 0 0 5 0 661 0 0 0 0 236 10 80 0 0 0 59 38 12 12 14 29 0 3 246 3 0 0 100 20 0 0 88
 0 7 29 18 22 0 66 2 0 0 5 10 755 1 10 0 0 0 0 77 0 0 11 0 0 0 234 5 0 0 0 0 42 64 70 0 0 34 5 0 0 0 0 0 0 0 0 1 1 273 0 0 0 0 30 53 0 203 2 2 0 0 156 1 0 0 0 27 493 24 770 2 3 0 15 262 2 0 0 0 337 0 35 0 193 0 3 3 7 247 446 0 28 0 123 10 0 0 2 5 0 0 6 0 128 16 0 0 16 6 89 0 243 19 48 52 0 0 0 2 31 100 0 0 0 0 0 7 17 0 0 0 70 0 386 0 0 0 0 0 0 4 1 1 15 0 0 12 38 0
 3 39 0 31 72 4 45 14 13 152 0 0 9 1 2 0 0 0 0 228 0 0 0 0 13 1315 0 0 1 44 2 64 0 0 0 0 0 0 0 431 0 7 0 0 14 0 121 26 45 35 0 5 0 0 0 16 0 32 239 0 0 0 0 3 812 10 155 347 75 5 0 0 69 0 0 161 0 0 12 19 50 56 58 33 0 0 31 1 0 0 1047 316 0 0 0 8 0 0 1 3256 267 0 64 0 13 0 6 0 0 0 49 15 0 0 0 0 8 0 15 0 0 17 11 0 1 158 8 0 0 0 0 0 1 0 0 4 12 3 0 26 0 10 10 61 34 0 163 0 0 5
 34 0 0 0 0 0 5 21 13 9 7 12 83 0 51 18 0 0 74 0 16 1086 0 0 8 0 4 0 0 15 51 17 12 0 0 25 15 0 0 0 0 2446 1 0 1 3 21 1 0 20 0 0 5 5 139 0 32 0 8 9 0 1 0 0 22 85 27 0 0 392 0 0 0 0 0 321 1 12 34 0 0 132 8 23 0 1 99 32 0 0 1 0 5 0 3 301 3 5 0 216 144 13 0 3 0 24 0 0 0 0 497 32 0 37 28 4 12 815 3 0 7 201 110 0 8 1 0 0 0 0 0 0 35 0 32 333 351 0 0 0 0 0 0 0 0 0 0 0 0 2
 369 0 0 321 0 1 5 0 38 26 0 2 0 0 54 0 31 34 5 0 0 0 5 4 0 705 0 0 0 0 74 0 137 0 0 0 0 24 41 0 0 0 8 0 0 0 6 0 7 0 3 2 0 0 77 0 0 0 52 0 222 9 161 3 0 0 0 0 0 0 0 10 0 31 0 953 5 45 5 0 30 502 1 85 0 3 73 1 60 0 0 0 55 0 0 118 0 0 821 0 0 465 86 0 0 0 0 18 4 0 0 0 5 0 0 0 0 60 71 142 27 438 0 0 0 172 1 4 0 729 3 22 600 0 0 2 2 0 200 2 0 0 2 0 6 0 46 6 0 270
 67 2 0 0 0 45 0 87 4 0 2 13 13 0 6 24 15 0 61 91 0 3 0 11 0 0 0 0 6 0 61 117 0 0 0 51 34 0 138 0 2 20 0 0 0 1 0 20 121 0 74 0 2 187 0 0 0 905 0 18 0 72 0 0 15 0 0 0 5 0 0 405 0 69 0 86 0 0 64 195 20 0 0 0 0 0 0 0 9 12 129 2588 1 351 2 0 13 28 9 184 0 0 0 0 21 0 86 0 0 0 0 5 10 0 3 0 16 0 15 5 84 0 0 0 0 0 145 2 0 1 0 0 6 6 0 0 0 5 0 421 7 0 17 1 0 0 2 13 0 0
 77 0 913 0 0 0 0 0 235 0 26 0 25 0 0 18 0 50 0 0 0 0 0 0 0 182 31 0 0 3 492 3 0 12 0 0 18 0 908 0 0 2 100 0 4 13 0 0 0 0 3 0 0 29 279 0 0 1 0 6 0 30 115 0 0 0 0 0 0 85 1 21 4 29 14 0 0 0 0 0 0 2 5 0 1 0 1 0 1 0 0 0 0 16 230 0 1 0 0 2 15 0 1 2 0 87 0 1 0 0 3 55 0 0 0 0 0 0 16 9 1 19 0 789 0 0 6 5 9 8 490 0 0 0 0 0 0 13 15 0 0 1 0 4 0 17 0 1 476 144
 0 0 0 0 0 0 0 0 0 0 5 6 0 11 0 68 0 0 3 0 371 0 0 0 3 0 6 0 0 12 14 39 20 0 1 4521 0 0 102 0 0 256 0 24 1 257 14 0 1 3 0 0 0 0 0 0 0 0 0 238 0 0 0 84 6 0 3 18 0 0 31 2 17 0 0 0 107 0 172 0 25 2 215 5 4 9 0 51 162 0 91 0 0 0 0 6 0 0 0 7 1 10 32 0 80 278 0 0 22 0 0 0 0 59 16 0 0 0 0 0 0 0 77 17 0 0 0 20 0 79 0 0 52 0 7 304 0 0 0 0 0 12 912 0 0 11 5 0 0 1
 0 0 2 121 112 1 22 2 0 0 5 0 0 0 4 1 3 0 0 0 1 0 20 9 198 4 0 5 0 1 0 79 16 0 66 137 2 44 15 0 341 0 0 0 0 0 22 0 0 0 15 0 0 0 32 0 1967 0 84 0 0 0 0 0 0 2 7 0 19 0 0 0 0 0 0 404 0 207 0 0 0 0 0 0 0 0 0 10 1069 0 0 26 0 0 815 9 266 0 16 115 0 0 85 0 0 39 0 17 16 0 0 0 0 11 245 0 0 161 0 0 0 0 85 2 17 3 0 98 874 0 0 8 1 32 0 70 2 1 5 12 50 0 5 15 0 0 1 0 5 0
 0 8 793 0 0 1 237 3 0 3 0 0 3 0 0 2 22 0 1 1968 21 28 0 36 0 0 29 1 0 288 10 63 13 667 156 10 0 0 0 0 0 0 141 0 0 0 0 0 37 4 0 7 113 0 0 43 0 0 12 0 645 3 21 0 0 8 0 0 0 0 3 0 7 0 40 6 34 21 845 44 0 0 0 99 0 0 0 0 251 0 0 7 105 5 0 0 71 6 3 0 15 61 0 0 22 31 0 0 0 2 0 2 0 0 0 12 22 18 61 0 0 17 229 655 0 0 0 0 0 6 10 6 12 0 19 185 267 0 0 1 229 19 0 2 40 4 3 15 0 5
 7 76 8 168 0 163 27 36 0 57 5 5 0 14 33 0 15 37 0 0 0 0 0 0 0 0 1 55 30 0 0 0 0 0 0 0 95 309 0 0 0 6 140 16 10 0 805 0 68 1138 1 0 0 0 0 1 0 0 11 0 2 0 10 101 76 441 23 0 3 2 304 23 1 2 0 0 20 0 5 0 18 2 0 0 57 0 0 0 0 0 0 0 0 0 0 0 53 0 0 0 0 43 22 20 2 95 240 0 0 0 0 0 732 54 0 0 366 6 1 0 9 33 1 541 0 0 0 121 17 0 0 5 7 6 17 0 0 0 0 0 0 0 0 15 0 30 0 0 26 135
 12 877 60 0 0 3 37 27 83 0 12 242 57 142 0 0 2 0 0 225 0 14 0 2 0 0 249 60 0 6 0 0 17 0 112 0 5 0 200 0 0 0 5 0 0 0 2 0 4 0 0 3 0 48 10 32 9 8 0 0 205 10 161 2 19 0 94 35 0 0 0 40 815 0 0 35 0 199 18 28 0 0 0 0 110 1 0 211 0 0 98 147 0 0 172 0 0 11 0 0 0 0 8 0 21 0 2 0 0 9 0 0 6 0 0 0 320 0 0 241 58 3 178 1 0 1 25 0 0 0 0 0 0 0 0 2 0 25 0 0 805 0 24 1 0 1 70 23 12 0
 0 0 2 0 2 4 0 178 0 0 110 0 0 20 75 0 5 0 0 0 1 0 10 0 3 0 0 0 0 84 76 0 241 0 0 0 16 0 0 0 0 0 2 5 0 12 24 116 0 0 955 0 0 0 11 142 80 0 0 0 269 2 16 0 0 5 68 0 0 0 0 280 49 0 12 0 84 0 0 5 31 49 0 118 0 0 10 0 5 0 0 0 0 0 707 158 10 0 0 0 48 95 0 99 68 126 0 33 0 76 0 0 17 314 1 5 125 1 0 16 4555 0 0 0 0 0 0 0 0 0 0 201 7 6 0 11 25 2 177 0 203 5 0 7 0 0 0 0 18 0
 0 71 0 5 34 1 0 9 15 0 0 83 3 0 0 0 4 198 0 129 0 13 0 67 102 98 54 16 0 32 246 0 7 32 396 0 0 16 0 0 0 17 1 26 1 25 26 0 0 6 0 1 54 1 344 0 0 0 552 6 40 0 6 52 15 22 59 0 0 0 45 21 0 0 0 0 0 0 0 1 0 10 0 0 0 0 6 30 0 0 0 11 82 0 0 4 216 0 0 0 0 15 7 0 1 0 12 0 0 6 0 0 0 0 0 0 68 2 12 77 0 0 2 6 570 0 39 105 0 28 0 621 0 0 6 0 2 0 14 376 0 16 7 15 0 0 0 56 0 0
 33 3 0 16 0 17 0 6 10 2 0 30 0 12 0 25 0 0 0 49 8 0 0 3 0 0 0 0 0 14 0 14 57 0 1 348 44 723 0 1 0 42 0 66 0 357 34 77 1 0 0 12 448 0 0 0 82 0 9 36 0 0 239 5 0 0 275 0 0 0 528 83 0 0 0 13 11 16 63 0 0 0 0 0 0 97 0 96 1137 0 0 3 8 95 0 0 0 0 0 0 0 0 0 0 83 32 0 332 0 0 0 5 55 318 183 2 1 0 0 0 0 0 65 0 0 49 735 0 5 0 0 56 15 0 19 0 3 123 0 0 0 170 0 0 6 0 0 0 0 0
 0 0 0 0 0 66 0 1 0 0 213 13 0 4 269 0 4 0 10 0 1522 23 15 103 0 1 0 0 1 0 0 0 216 0 32 1 0 0 40 0 0 0 0 271 0 0 5 0 5 0 0 0 6 0 8 50 481 3 0 0 695 0 88 659 0 4 40 0 0 3 0 0 431 0 0 1 27 0 0 0 67 0 2 355 0 170 2033 0 0 225 0 0 1 0 16 0 0 41 12 0 0 2 7 0 0 0 30 0 0 0 7 2 0 2 1 0 0 244 3 104 0 218 0 0 0 44 8 0 0 0 206 0 0 0 3513 45 0 12 0 0 0 0 0 11 38 310 2 1 0 120
 0 0 445 2 10 0 0 6 0 0 0 1 6 67 0 91 28 6 0 0 27 28 4556 3 0 0 0 0 0 7 5 35 0 111 0 5 0 0 0 0 0 3 0 0 0 0 0 346 1 1 3 0 422 29 0 0 0 4 0 156 172 255 0 25 0 0 0 30 0 0 0 23 2 10 0 36 0 18 0 5 0 1 0 41 12 1 8 100 12 18 0 0 13 0 0 0 32 0 0 40 0 10 0 0 0 0 0 1 24 109 2 0 330 0 52 0 0 0 0 31 0 3 0 0 0 188 7 19 0 0 160 5 0 0 0 18 1 0 0 0 0 9 43 8 3 0 0 0 0 92
 12 12 0 0 0 0 24 0 13 0 0 0 63 0 35 0 43 0 0 25 0 5 0 0 11 0 3 0 0 0 106 9 0 12 0 0 23 1 0 0 3 0 0 0 0 0 10 0 0 153 0 41 98 16 2 44 2594 0 378 0 40 0 2 3 0 0 0 34 0 0 0 359 0 0 23 5 2 1 0 9 0 5 0 0 249 0 2 0 36 17 0 0 3 4 0 8 0 28 12 0 35 0 24 6 2 0 0 2 0 0 0 26 1058 0 3 0 0 7 0 659 0 2 0 0 74 0 0 38 0 26 0 0 0 227 0 0 54 88 49 968 0 0 17 201 31 0 0 3 20 0
 0 0 0 0 32 26 3516 0 0 0 0 0 232 217 0 4 0 21 35 220 11 0 0 0 0 0 0 153 0 0 0 0 434 1 331 0 0 0 16 0 0 34 2 46 91 14 0 9 0 90 175 0 0 2 0 47 0 0 0 61 3 0 0 0 0 0 3 36 0 318 0 12 0 9 48 0 0 4 0 0 30 0 0 0 0 0 0 111 2 3445 0 3 10 149 7 31 32 0 0 0 0 0 2228 0 0 0 0 61 0 106 0 0 0 1 0 0 2 0 4 5 0 13 0 4 0 133 0 0 0 21 12 178 0 0 5 11 288 0 46 34 554 14 0 5 0 6 277 19 0 0
 1 0 11 0 0 1 0 18 41 10 0 0 0 19 0 0 23 0 0 0 108 1 15 13 2 11 10 0 0 0 0 195 0 0 0 25 5 0 60 71 87 5 1 0 0 253 406 705 0 0 0 36 142 179 12 5 1 4 48 0 11 7 0 0 1 62 0 0 7 0 0 0 35 55 5 25 73 4 7 3 0 0 0 0 163 0 5 0 0 0 25 0 0 0 0 0 9 28 40 1 0 0 0 246 0 0 2 0 138 37 0 87 0 0 4 0 499 63 12 0 21 8 0 94 0 0 730 0 0 0 105 8 2 0 0 22 0 0 0 0 0 0 59 20 0 0 0 0 0 0
 0 0 0 0 216 0 0 1 0 0 0 0 0 0 0 37 5 0 0 276 0 97 0 0 0 2 5 8 0 0 13 6 0 3 0 0 2 0 0 0 0 0 0 0 0 49 0 3 0 0 0 0 0 0 0 0 0 0 0 0 1 43 43 0 0 0 0 0 1 0 0 0 0 6 0 0 26 12 5 0 0 0 136 516 0 0 18 0 0 1824 4 0 0 913 0 0 0 1 0 6 964 0 0 0 0 0 11 21 34 0 0 0 38 197 0 0 0 0 0 0 0 1 21 0 258 0 409 106 0 0 28 0 0 15 230 119 0 7 0 4 0 15 13 0 8 0 5 0 1 0
 0 0 0 84 0 0 0 5 5 0 23 87 0 1 0 0 2031 18 4556 0 20 0 6 2 0 35 4 0 53 0 0 32 0 0 2 13 1 0 0 0 0 0 0 13 0 277 0 0 6 0 0 0 8 54 0 0 3 172 1 0 350 0 0 272 163 3 0 0 180 0 0 28 0 6 34 0 0 11 131 0 0 0 21 0 0 2 60 157 39 0 7 0 0 7 51 0 0 0 0 3516 5 0 0 25 0 0 18 0 0 86 28 0 0 14 0 0 0 14 0 0 0 0 0 1 24 0 0 0 0 0 26 0 0 0 0 2 0 59 0 0 0 49 0 26 0 23 7 9 0 0
 17 5 1 0 246 108 0 11 60 0 0 0 0 0 4 0 0 0 0 0 762 3 16 93 0 0 0 43 0 11 0 169 0 0 0 3 168 75 106 0 9 60 9 0 0 55 5 2 0 866 46 0 0 0 0 3 1 0 623 0 153 0 0 1 0 0 24 0 30 12 0 0 0 215 31 4 0 0 0 0 0 16 90 0 25 0 6 0 0 10 1 32 4549 2 0 0 49 270 2 0 35 0 15 0 0 0 2 0 0 0 0 82 0 288 0 0 0 16 0 1 0 0 0 0 0 0 0 0 0 3 34 0 2 0 0 0 0 0 3 0 0 19 725 0 0 0 0 0 13 839
 0 0 0 371 0 0 0 0 0 0 0 0 14 0 0 1 0 0 92 29 7 0 208 1851 0 0 67 0 24 0 0 0 0 0 7 0 4 6225 2 29 0 0 0 111 0 0 0 0 0 13 10 1 0 3 0 0 22 84 0 157 0 36 27 0 0 189 0 0 16 19 94 42 0 0 10 0 32 494 0 0 0 0 154 0 78 0 0 0 0 80 0 0 0 809 0 0 2 1 0 0 15 2 29 0 10 59 0 0 80 0 0 0 25 165 0 50 173 1 25 0 313 0 0 30 103 0 0 24 0 0 0 0 0 0 2 0 0 0 0 0 191 0 533 17 16 0 0 0 0 40
 10 6 30 11 0 0 0 0 20 2 44 15 36 0 0 0 1 14 185 0 0 19 0 2 0 0 0 0 0 0 6 105 3 0 193 0 12 42 0 0 2 1 0 6 0 0 231 60 0 0 3 8 0 7 1 3 0 0 0 38 0 29 0 1048 0 330 2 5 160 1 20 4 312 4 1 0 0 0 0 207 58 4 925 0 0 37 0 0 0 2 0 5 0 0 18 0 0 10 1 0 0 3 0 0 1 313 0 0 9 0 0 0 0 38 0 0 0 40 14 0 13 0 0 1 0 0 2 1 43 0 0 131 9 58 0 0 0 0 426 698 0 2 2 0 43 25 5 0 0 0
 1 0 0 275 45 0 0 32 0 0 0 17 24 0 122 10 501 6 0 0 0 0 1 23 24 0 0 0 35 0 0 0 2 5 162 2 205 0 0 0 59 0 0 0 0 0 17 31 4 0 0 0 0 0 53 0 0 237 28 21 2 2 0 0 234 115 0 7 0 0 31 0 0 0 178 0 0 0 0 0 0 0 0 35 0 0 0 0 0 0 0 13 0 82 0 195 3 59 0 0 1 42 2 0 1 132 0 41 0 0 0 198 0 13 51 0 168 0 39 37 0 723 0 190 12 4 0 0 0 0 0 0 68 8 16 0 0 3 0 51 0 0 25 2 0 236 3 0 0 36
 1 0 0 1 0 0 0 10 13 5 18 0 5 0 35 0 5 98 346 0 1 3 0 50 5 0 1086 0 0 1 0 2 1 0 185 0 0 0 574 4 0 0 0 4 0 1024 2 5 13 51 0 5 0 0 0 0 55 0 12 0 103 0 725 0 0 0 0 13 108 54 2 8 0 0 0 0 204 1531 32 0 2 0 1 0 0 3 1 0 100 1 0 1 65 0 1 0 0 850 1 0 0 1044 6 16 0 21 13 0 0 0 158 231 0 1 0 0 0 0 0 1064 0 645 0 10 0 0 0 0 0 0 2 0 193 139 6 0 0 91 0 82 0 0 1 0 0 0 12 0 0 0
 0 72 0 30 0 0 0 0 349 619 0 0 0 121 5 0 0 0 0 0 43 0 0 0 166 0 0 0 0 0 5 5 76 1 84 2 0 1 42 91 226 0 0 0 20 10 33 12 0 2 123 0 0 1 8 18 0 0 7 0 6 13 6 16 0 0 96 0 11 799 100 0 10 2 0 0 362 4718 0 5 0 31 0 22 0 9 404 8 0 0 10 6 0 31 33 0 72 22 0 30 0 33 1 0 33 0 3 1 5 0 2 0 4 0 204 0 6 2 14 0 182 0 2181 98 0 0 0 0 1 0 3 0 8 0 0 0 21 0 0 73 0 0 1 24 9 4 0 106 0 0
 0 0 3 0 0 0 0 0 0 29 64 29 0 6 0 0 0 4 0 0 0 4 0 0 0 0 0 0 14 0 0 13 0 52 0 4 102 0 0 0 0 0 1 238 22 94 0 624 0 0 11 0 0 0 45 122 0 6 1 16 0 28 162 0 13 0 4 392 0 0 0 0 19 0 10 1 0 0 3 0 13 0 75 0 0 0 0 0 0 17 0 0 0 1 0 4 0 3 41 0 3 0 3 13 0 0 21 0 445 0 78 0 0 0 0 0 731 27 0 0 32 0 0 212 6 0 0 409 0 22 0 0 0 168 22 382 80 0 26 37 0 0 0 0 237 11 3 43 8 0
 0 0 0 0 0 0 0 9 1 0 0 197 30 0 0 2 3516 18 35 0 1 35 0 1 0 2464 24 6 49 3 0 0 52 90 0 0 495 0 13 0 87 11 0 0 0 0 5 17 0 1 0 468 10 0 4 693 0 0 0 4 0 2 89 1 0 0 18 135 5 0 15 0 0 6 0 1 14 0 1 0 0 7 242 0 24 1 53 0 0 0 4 0 9 83 0 2 1 1 308 0 0 0 2 0 0 0 0 7 2 4 14 0 56 0 6 2 100 89 6 3 0 4 0 0 0 2 0 0 0 0 0 87 7 5 1 0 0 1 14 6 31 1 0 0 204 0 17 21 1568 0
