150
 4 38 0 45 196 0 0 3 694 105 390 456 0 0 0 500 0 9 0 305 0 0 162 0 0 62 14 0 95 106 9 0 0 0 2161 66 16 0 97 0 0 1785 0 0 2 0 0 53 14 13 678 0 15 0 0 498 9 15 262 11 4 0 0 36 0 482 28 431 2 256 0 97 0 3 118 2 0 28 0 0 0 0 0 46 0 3 42 104 43 84 439 0 1 0 0 0 21 3 0 178 3 7 0 11 53 0 1 0 940 0 0 4 0 0 0 3 193 0 4 3 48 53 0 0 0 0 0 782 24 101 0 0 169 47 0 0 125 0 22 0 9 24 0 549 0 0 0 8 0 7
 0 0 0 68 0 0 17 0 2 7 0 0 31 12 2 1 10 0 0 38 0 0 0 10 0 0 0 0 27 5 18 0 0 0 0 544 0 348 0 0 5 145 2 0 0 0 0 0 20 0 0 2 0 1758 0 9 51 6 23 10 0 0 0 0 0 0 181 0 2 0 9 4 0 22 0 0 0 0 21 0 1 27 1324 0 0 99 146 3 0 257 0 75 0 0 14 11 0 38 4 334 0 0 31 0 354 3718 100 0 9 0 0 0 1145 0 0 0 0 665 5 0 0 0 0 43 6 0 0 0 63 0 0 0 199 0 0 6 0 0 344 5 35 791 0 21 4 129 11 0 19 0
 726 0 17 0 13 94 0 0 0 0 0 0 0 0 3299 0 0 0 0 0 166 28 0 12 0 8 25 0 2 0 43 58 0 186 0 3865 0 1946 11 0 0 0 5 0 1116 1082 1 0 21 0 1 0 6 2 0 47 0 39 253 0 158 0 0 1244 0 63 305 0 37 3 0 5 0 0 948 17 0 3 2 14 0 0 51 93 150 0 0 0 3 0 0 302 124 0 18 53 28 0 0 0 0 0 3 0 0 625 0 121 0 9 0 0 0 152 0 0 0 0 14 23 77 0 0 53 5 162 0 5 0 0 0 0 0 4 7 0 0 4 1 0 1911 24 0 153 0 134 2 6215 0 2
 0 0 18 13 5 0 52 1 0 1 0 0 55 507 14 207 10 0 41 0 0 16 0 0 2 0 0 659 44 0 274 0 0 122 59 0 0 0 9 335 0 0 0 0 0 2 0 1 0 0 435 0 0 439 0 0 16 823 172 0 0 74 0 38 0 77 0 19 1 48 23 160 0 33 270 0 0 0 0 41 369 0 0 0 1087 0 0 2 15 1 0 0 0 42 0 419 72 0 3 0 0 30 646 49 1 0 0 1304 0 0 0 50 88 71 0 206 0 0 0 0 0 0 0 41 0 224 102 41 0 35 0 32 0 0 0 9 0 94 1 5 0 0 102 0 0 0 1 0 42 24
 0 458 0 0 48 0 86 0 0 0 8 0 0 0 0 6 0 458 0 0 0 0 0 0 0 674 1431 2 46 0 8 194 0 0 0 48 12 15 0 0 0 0 0 0 0 0 12 17 74 2159 20 80 1 195 0 0 0 0 0 0 0 410 0 7 0 4 0 0 0 72 913 0 22 0 15 0 0 0 0 0 0 3 0 0 25 0 946 0 0 81 0 0 0 2 44 434 0 8 0 0 7 16 2 0 27 0 0 14 174 7 500 0 10 0 0 13 246 27 12 5 0 0 0 6 236 4 5 482 0 2025 647 736 0 0 2087 6 0 14 0 38 0 0 0 0 66 0 3 2 288 86
 0 7 0 24 263 18 108 18 0 0 106 19 17 43 0 0 0 7864 668 150 0 20 0 1780 0 0 0 0 39 0 0 243 0 1564 0 0 0 5 0 0 0 0 0 34 42 70 200 17 76 0 0 0 0 0 0 0 156 131 0 0 0 55 670 171 1027 0 16 0 14 34 122 0 0 0 524 0 0 21 42 101 0 7464 16 0 0 0 29 9123 154 87 0 18 36 691 0 4 48 0 0 0 0 0 0 0 0 44 0 101 0 285 88 57 0 320 490 54 7 7 19 1750 0 42 0 0 0 0 20 1 0 6 0 0 69 0 0 0 11 3 0 0 0 0 0 124 312 12 0 0 0 15
 6 0 106 0 0 0 0 2 0 1 35 9 0 0 0 1 0 0 0 0 1 0 0 0 9 0 0 53 72 4 49 32 0 14 129 0 113 0 4 25 0 0 0 3 0 26 235 0 50 0 0 0 188 6 71 0 5 0 26 6 10 6 0 0 0 86 14 37 735 219 271 16 0 6320 0 0 37 1177 1221 9 0 0 0 63 0 1542 34 0 0 0 24 3 901 7 79 0 0 0 25 0 15 64 0 1824 66 0 23 36 5 12 730 9 9 0 2690 14 0 68 444 8 33 0 0 7 0 6 427 316 0 0 0 0 10 16 51 141 72 0 0 0 6 75 6 0 0 15 75 361 0 71
 0 2 17 0 128 0 0 48 18 355 338 0 0 0 1331 0 37 0 8 614 431 0 0 57 2 0 0 0 6 0 0 4 0 6 2 187 0 210 0 0 0 0 0 1 259 0 0 0 12 231 0 284 27 927 82 1357 0 1946 0 0 0 60 85 0 0 0 19 0 81 0 6 1 0 0 52 0 1 0 0 0 73 0 252 7 35 0 103 0 5 25 0 0 2 58 414 0 0 41 414 0 0 5 11 19 0 11 63 31 0 2089 83 0 0 167 0 0 70 0 0 206 0 0 0 0 1252 0 0 0 1 0 0 0 0 0 0 0 0 0 0 0 0 0 0 97 151 0 0 2 0 0
 0 0 10 6 114 84 699 0 0 0 0 0 41 0 28 0 48 67 75 1 0 37 505 0 0 0 0 12 9 0 395 0 7 56 0 0 0 0 0 165 0 0 0 0 71 0 4 1750 0 416 21 0 3 143 3119 0 0 505 0 3 790 0 0 0 5 1 18 0 0 311 0 1289 0 17 0 1 0 36 1 204 1 0 7815 0 40 0 0 0 49 52 0 0 1587 3 2 1 1 0 2 0 37 0 0 0 22 0 36 0 0 0 68 47 84 0 160 1 0 0 0 0 147 3 0 0 0 0 0 294 2025 679 1 0 87 0 0 8 24 0 372 0 13 0 0 20 0 10 0 0 43 0
 0 0 0 0 21 9 0 0 122 0 0 42 0 0 22 0 41 0 0 0 0 0 23 0 0 0 9 0 165 7 0 19 0 3196 17 79 22 0 44 35 57 112 141 14 21 38 7 635 62 0 0 0 10 0 0 0 0 0 0 0 14 0 0 633 107 0 10 0 20 0 206 0 61 147 0 15 394 122 0 0 28 0 8 163 0 0 0 0 94 0 0 2 0 0 0 0 75 0 0 21 0 0 0 0 2074 0 1 33 0 0 98 29 0 170 2 23 0 0 0 4 0 3 0 0 0 0 559 15 0 0 0 0 0 6 0 0 0 94 0 7 38 51 22 5 0 45 3 0 0 1291
 0 229 0 2 0 0 0 0 8 144 492 1 9 1 0 0 14 0 621 0 1 0 1448 0 0 0 0 0 23 0 0 46 10 0 40 0 290 0 0 26 7 26 66 0 127 32 0 0 0 0 1354 0 291 0 30 5 98 237 0 25 0 8 0 0 4 0 14 0 0 0 0 0 90 107 0 39 0 0 0 0 0 0 1 17 0 0 16 18 87 2 0 0 0 4 0 0 0 0 0 65 0 320 0 0 0 0 44 0 0 76 867 6 183 0 0 71 1 6913 3 0 0 0 4 0 199 0 0 0 0 334 0 0 0 15 60 0 1 66 77 0 19 9 13 0 0 0 0 132 0 797
 0 35 13 133 3 0 0 51 58 0 0 316 267 48 6 0 0 122 0 52 0 360 10 5 0 0 0 0 0 123 0 13 11 0 4 39 89 2 0 0 20 3 6274 0 0 9 0 0 804 0 0 59 918 175 61 44 0 32 0 34 0 29 182 0 0 0 0 0 0 0 0 0 0 0 0 0 8 0 235 0 34 0 0 0 216 0 206 0 110 0 0 12 56 0 18 21 9 12 0 0 0 0 0 0 14 69 0 0 0 305 51 0 921 5 0 168 0 8 0 33 61 0 20 0 0 0 131 0 24 353 0 0 9 0 0 0 0 0 25 7481 1 0 2 171 0 0 8 2 0 0
 13 0 48 0 962 0 20 16 0 127 0 0 206 0 0 0 3 11 9 58 0 0 948 0 1 0 7 1146 0 1255 129 0 326 0 9 0 0 0 0 0 0 22 0 30 2 0 0 0 1593 0 7 0 0 0 2 0 472 0 0 14 4 2 0 0 0 0 9 34 0 34 0 0 21 0 0 0 11 25 1 0 10 0 3 8 0 0 19 5 36 0 0 0 0 112 452 4 0 0 0 183 133 11 0 303 7 0 10 0 666 0 0 0 0 256 1125 18 0 4 0 0 2082 0 0 0 1 0 0 23 17 0 165 0 5 0 689 7 0 0 0 0 143 29 67 0 0 0 0 32 640 0
 62 0 250 0 143 0 103 0 722 21 0 0 10 0 0 0 0 14 144 40 13 45 0 17 0 0 6 0 0 6 0 4 44 0 19 0 0 14 0 0 0 1 305 4 0 0 54 16 0 0 0 234 13 0 20 310 0 0 0 0 71 0 1 0 0 0 0 0 95 227 0 0 0 0 0 0 0 2 0 12 40 0 2 0 0 1 0 0 251 0 0 0 335 171 5 2 0 0 0 0 25 89 11 0 584 0 0 79 0 7860 0 0 50 10 273 4 0 0 0 0 64 0 0 29 51 1 24 0 27 2 0 0 0 0 0 0 0 0 0 0 121 0 187 47 5 0 3 0 0 0
 0 0 0 0 0 668 38 0 0 0 8 0 0 42 10 2 0 0 188 1 0 10 4 4 0 48 0 81 682 0 1016 0 31 192 3 30 3 0 0 84 0 28 87 19 5 0 3 0 10 0 107 534 2 0 20 13 89 0 0 0 680 0 196 0 5 0 0 0 169 10 0 0 16 0 0 0 70 0 100 17 0 237 9 431 0 0 0 261 0 0 0 6 0 0 0 55 0 0 4 0 9 218 5 0 0 0 20 0 0 0 206 43 1119 0 0 21 65 0 4 0 29 13 68 306 0 0 84 11 0 121 0 0 0 2 2 0 77 0 21 19 458 114 16 55 7483 0 0 0 1 11
 0 0 135 0 0 4 0 1462 55 9 20 257 30 18 0 174 1295 161 25 87 0 0 713 0 0 0 0 0 0 191 0 0 69 56 19 11 156 205 0 0 0 126 0 14 9 9 8 6 0 17 90 0 18 464 5 2033 0 0 0 0 17 0 47 0 19 0 0 1 21 0 0 36 1485 0 63 0 4 62 0 0 0 22 0 0 0 0 0 45 0 0 0 222 0 84 75 67 0 0 0 0 0 31 0 0 0 0 0 5 0 0 42 47 0 0 62 0 399 0 88 5 1 164 20 0 0 0 0 0 0 4 25 9 2 6 0 1301 0 0 0 2 0 24 6 0 0 0 18 76 3119 1
 5 0 0 0 8 0 136 0 0 0 0 671 0 0 6 0 0 0 0 53 0 0 0 456 0 0 0 0 55 19 13 738 192 0 0 1548 0 0 1547 0 0 25 0 18 0 0 68 0 0 0 24 0 0 16 4 5 0 0 0 0 0 6 0 0 9123 0 1139 1224 0 35 1576 0 200 0 9 148 14 0 0 132 3 68 34 0 0 0 26 539 59 0 0 0 0 0 0 0 292 0 40 95 0 121 0 292 0 2 0 0 129 0 0 8 48 2 51 0 204 16 0 255 0 74 0 8 0 9 0 63 0 0 0 0 0 0 8095 0 0 0 2 0 0 0 17 690 0 0 0 2 12 0
 0 111 24 84 0 0 11 10 0 1 4 0 0 0 26 0 23 4 16 348 121 0 1100 0 0 30 29 206 0 4 0 26 104 15 36 7 20 12 1 6 0 0 0 21 86 0 6 107 507 247 0 146 55 0 0 74 11 0 0 7 0 0 110 30 0 0 0 182 22 3 55 109 5 0 0 0 2965 0 0 0 0 49 0 0 0 0 5 0 0 0 2 0 75 17 145 0 57 0 1478 0 5 0 273 243 0 0 0 0 0 0 0 0 8 408 0 172 16 0 151 0 0 0 59 170 0 21 0 7848 211 22 0 7 2087 0 6 47 0 29 0 12 4 0 11 141 0 0 0 0 0 0
 1134 40 70 0 182 0 43 0 0 457 0 65 0 0 0 0 3504 0 5 2 0 0 4 0 20 92 116 0 0 49 0 0 168 0 109 0 0 0 5 75 401 0 0 4 0 205 0 0 10 231 14 0 120 0 5 0 0 0 0 1435 24 0 14 59 649 0 352 57 0 172 0 74 0 5 0 1 1 0 199 0 9 389 355 0 0 1370 0 0 0 0 0 0 4 0 5 0 82 4 0 0 520 0 6 0 14 1229 0 0 0 6 45 5 14 23 0 199 0 0 1707 17 0 0 6 0 0 0 1 0 30 0 60 103 16 47 4 0 25 808 0 85 6 0 327 0 0 10 0 65 36 0
 0 0 90 18 23 0 54 0 0 17 1 0 0 0 0 0 0 0 0 2 0 368 9 0 0 0 29 131 0 160 7 0 0 3 0 0 0 0 32 4 0 43 0 217 0 50 5 0 0 0 0 0 0 11 8 12 0 0 1 21 15 0 0 28 587 0 5 0 529 0 0 53 0 0 0 0 24 0 12 6 0 7 1366 7 0 41 743 0 1 0 0 8 1770 0 0 0 0 0 8 182 12 62 0 0 0 2 0 0 0 13 0 0 0 0 0 14 2 48 314 0 2 0 0 42 88 0 368 108 49 0 4 0 140 0 0 731 82 0 0 728 0 0 0 0 0 23 4 10 39 0
 2 14 0 36 37 2 0 0 270 18 0 7 66 0 2 13 69 0 43 321 0 36 0 0 181 93 0 0 0 0 0 0 6 8 139 0 0 62 0 60 0 0 0 0 4 0 16 203 0 5 0 187 17 0 38 167 0 0 0 0 18 2 148 713 1 0 443 0 0 0 189 4 256 109 0 8 30 11 0 0 0 0 0 0 0 0 0 189 3867 0 2 0 0 42 0 389 0 0 0 0 1 0 10 0 0 5 0 61 0 0 0 4 29 0 0 0 0 15 0 12 0 0 52 0 10 17 1187 0 0 0 15 2 0 61 0 0 0 15 0 0 89 0 0 0 40 3 0 0 34 0
 45 2 0 0 53 0 55 0 0 2 16 0 186 0 0 91 4 146 73 0 0 5 0 0 0 0 0 0 85 62 77 22 0 0 0 0 3 0 1 242 0 0 0 164 31 4 24 815 0 77 0 0 1 33 0 26 0 15 2 0 0 0 30 0 2022 0 0 359 20 0 0 0 58 19 0 0 0 0 0 870 404 60 0 0 0 1 0 69 514 70 0 0 61 0 790 0 0 0 0 0 0 1 8 0 0 19 0 311 0 0 63 44 0 0 18 0 11 60 0 183 0 849 133 0 154 0 100 0 8 0 10 0 0 0 27 0 0 2 62 0 0 36 0 0 0 109 0 3564 0 0
 0 352 90 32 22 18 10 370 0 0 0 0 0 25 0 0 111 0 0 0 1011 10 27 0 0 0 0 6 0 16 0 0 8 0 0 0 0 0 0 0 668 0 0 7 11 132 0 6 2 0 0 57 232 0 10 0 48 30 0 0 480 762 38 307 40 16 2 0 196 35 0 0 18 0 0 4 0 6 0 25 0 0 0 37 0 0 318 10 8 0 80 0 0 0 0 0 146 79 0 0 0 2 14 4 6 12 0 0 1429 142 0 0 0 15 0 0 0 0 154 209 0 0 151 68 0 36 81 18 0 5 0 4 0 0 9 0 0 0 16 0 809 0 0 0 60 0 191 45 14 0
 114 0 0 1181 29 0 67 0 538 6 93 0 24 0 0 44 0 458 437 50 167 5 550 3 0 85 0 0 206 271 0 0 21 70 843 2 0 0 3 0 5 14 0 0 0 55 2 0 80 0 12 180 63 0 59 0 0 26 0 0 13 0 0 0 0 0 24 342 12 177 0 219 0 0 0 0 0 83 29 0 44 0 7 0 0 69 5 43 0 3 0 50 2 0 12 0 0 0 66 10 0 0 0 62 0 0 0 0 0 0 183 11 6 0 0 0 0 0 66 0 0 36 0 10 0 0 207 0 0 0 2 0 6 0 0 0 0 38 0 0 0 1 0 0 0 0 0 11 1580 10
 2 1 68 0 0 3992 0 0 380 334 0 0 0 153 3 2 9 42 0 3 0 33 0 2 364 204 0 18 20 0 0 39 0 343 10 22 0 0 0 0 0 0 0 0 0 0 0 178 0 136 0 0 0 0 18 48 1115 16 20 0 0 1016 0 0 3 0 173 37 50 0 121 109 0 14 0 0 721 40 0 14 0 21 0 0 330 153 0 103 72 0 65 0 0 56 9 0 13 0 11 0 449 0 0 2036 1115 78 0 0 383 0 1 32 327 265 0 17 1 12 0 292 200 147 131 0 150 1 78 0 0 12 8 17 4 0 11 0 0 0 5 0 45 23 0 66 7 0 0 0 17 335
 0 0 0 30 0 8 107 2 14 59 31 17 458 0 0 0 0 0 0 0 0 1 4 0 0 0 0 294 0 0 0 0 0 21 189 128 87 0 1228 10 0 127 811 105 0 18 0 6 0 0 0 0 178 0 1 0 0 1750 0 0 0 0 4 850 226 0 0 0 22 14 0 0 20 0 2 12 699 0 15 5 0 0 1785 87 0 0 0 0 11 19 37 0 0 2 0 0 0 0 0 0 20 81 4 0 0 0 23 0 0 0 0 0 4 0 9 0 492 0 22 6 70 147 0 31 0 45 0 88 0 20 11 1326 0 0 45 0 0 52 455 0 0 0 0 62 0 10 77 498 7 0
 0 1745 0 6 0 219 23 0 21 0 87 47 0 0 4 1 0 0 0 0 921 0 6 1 16 1327 1 349 0 0 6 0 0 270 11 0 0 38 29 6 0 77 0 41 123 0 0 1872 0 0 794 0 0 0 738 5 1486 0 298 0 70 906 305 14 0 13 34 6 512 80 0 44 0 0 246 0 0 0 0 124 0 0 0 9 4 52 63 22 169 166 96 0 0 43 348 4 0 0 0 109 0 0 0 0 9 54 0 0 434 0 12 28 192 9 7 7 0 13 27 0 177 0 2 0 17 0 0 15 30 0 0 0 4 0 2 3 694 0 0 0 3 0 0 0 6 0 0 112 289 0
 4 18 69 0 0 7 0 362 0 282 254 8 0 368 0 41 203 0 49 0 77 19 0 1 0 0 0 17 78 0 3 11 0 18 329 580 0 0 169 0 0 42 0 0 0 0 192 5 0 0 62 0 0 0 49 0 0 0 0 233 8 0 0 0 0 0 14 0 0 0 13 19 3 340 459 630 0 3 0 0 46 2 2 248 9 0 0 158 19 0 7922 0 85 0 0 0 28 0 0 0 3 2 11 34 0 0 1 17 0 0 0 53 15 60 0 58 122 0 0 0 10 0 0 59 9 0 11 362 0 0 0 0 1797 0 5 6813 1 5 0 0 0 0 0 472 0 0 541 0 199 0
 0 0 0 0 0 0 0 0 0 0 0 4 5 0 0 3 0 274 0 1 1 0 0 0 0 25 5 0 5 0 0 0 9 0 17 0 285 0 0 2492 0 141 0 16 11 0 0 0 0 0 0 9 0 0 255 0 0 0 0 5 223 0 0 0 56 0 1 0 0 0 191 25 3 88 0 0 19 4 0 283 0 571 0 0 0 59 0 13 0 749 134 92 0 2 186 0 53 22 0 1 0 1959 0 0 0 0 0 296 63 0 92 70 37 86 0 450 124 0 1 3834 0 0 0 664 0 0 0 86 40 15 0 142 68 0 57 0 0 0 44 3 1594 0 13 0 130 0 11 26 0 0
 0 0 802 130 18 422 0 872 0 0 7 0 0 0 111 0 0 0 0 0 22 0 0 0 13 492 6 5 108 0 0 0 0 269 18 4 0 0 19 0 0 16 0 17 0 0 14 239 0 55 0 0 0 19 23 0 0 0 0 0 108 0 1 0 2 0 671 32 82 0 412 10 36 0 29 0 0 0 0 291 0 0 110 7 36 0 0 0 0 14 5 52 17 0 0 1 0 0 0 121 0 116 0 3480 0 61 78 0 0 0 614 0 0 10 0 51 0 0 0 32 0 25 0 0 22 9 0 0 0 0 10 0 0 0 0 45 0 538 7 0 0 14 22 41 20 9 0 234 0 21
 0 0 0 0 0 1 0 12 0 129 727 53 0 3 0 11 0 1086 51 0 50 0 1212 332 0 28 0 0 73 0 42 0 0 0 44 0 0 11 0 0 0 0 50 0 7 118 19 0 0 71 0 2863 22 70 1 0 2 0 0 0 0 0 18 1 0 0 0 0 0 0 0 19 0 29 913 353 2 0 0 0 0 0 0 28 0 0 34 0 213 81 282 7 12 125 0 99 926 11 0 0 0 0 16 0 59 0 873 0 0 0 5861 57 0 0 452 42 0 0 0 782 30 62 0 0 0 0 0 0 65 0 1284 0 0 0 8 31 0 0 20 51 0 1 37 0 0 0 6 0 2965 0
 10 0 0 0 0 0 0 0 46 0 0 0 0 0 86 889 0 0 1 498 25 0 0 124 0 187 0 0 0 1 10 32 16 616 0 55 16 0 11 0 0 0 0 0 6 0 0 0 103 0 6 0 30 0 107 1 394 0 1677 353 20 0 0 21 123 0 802 20 6 16 0 6 862 0 203 0 1378 0 0 2 0 0 63 0 61 15 0 0 0 1 0 0 1 10 15 0 0 10 0 0 573 63 0 0 2 0 0 0 3 14 40 75 62 3 0 0 0 0 0 2 7 44 0 0 0 0 0 157 0 0 152 71 0 0 0 3 0 0 29 0 3 0 0 0 0 87 0 0 0 3
 1946 104 57 20 62 13 0 12 0 0 0 0 0 0 0 0 0 0 0 511 0 4 0 0 434 26 71 235 0 12 51 0 39 1923 4 0 0 87 13 2 0 3 0 0 0 12 296 6 186 0 234 52 0 874 375 0 0 76 0 0 82 45 4 0 0 0 918 302 387 0 3 0 3 0 0 18 0 0 445 0 0 0 152 0 0 0 9 0 32 0 0 0 20 0 4 0 0 0 0 0 0 52 0 0 10 266 52 149 0 191 0 11 1314 96 0 84 0 0 28 0 2 0 54 0 0 13 4 0 87 0 1 0 0 0 0 0 45 25 0 22 2963 6 1255 86 0 5 0 0 32 25
 73 30 0 0 2 0 0 0 0 0 2 33 540 12 0 0 226 0 0 0 0 5 21 0 0 0 0 0 1 0 0 0 0 2 85 1 0 12 0 21 12 0 6 0 0 0 906 0 0 0 0 6 962 0 12 310 13 0 0 352 0 0 19 0 1 0 0 0 941 0 6 0 98 0 0 0 0 50 12 0 2 2 0 0 0 0 0 0 0 45 0 94 0 0 801 0 46 0 0 0 27 4 0 0 414 0 0 0 0 0 103 480 201 2 0 0 14 47 669 32 0 0 121 27 145 3 0 1 472 0 0 25 270 0 27 2 0 0 0 947 0 749 239 15 150 0 28 0 0 0
 0 22 0 0 6 26 0 0 15 0 0 0 0 0 0 0 2 0 0 6 0 35 74 0 0 0 0 0 0 0 0 132 0 0 0 1019 48 0 0 34 16 0 0 0 88 0 0 0 0 0 12 0 0 8 194 722 0 16 0 22 1728 14 38 0 4 254 0 0 0 0 2 0 29 0 175 0 161 0 0 314 0 0 0 88 5 0 0 20 0 0 0 2 31 0 2 49 0 0 5 56 1237 0 0 9 7 11 0 430 14 24 119 0 11 0 8 0 1153 24 11 0 0 0 8 0 117 29 36 1 0 0 25 0 0 0 0 0 9 58 0 22 0 1 18 0 0 0 0 0 0 0
 0 0 0 101 0 12 4 0 3 0 3 0 5 407 0 0 0 0 26 58 0 109 10 0 0 0 444 0 5 0 3 0 3490 0 0 232 942 0 0 0 15 0 27 12 0 0 0 333 0 730 0 2692 0 36 0 33 0 0 0 2 0 4 4 10 0 0 0 24 0 297 33 23 0 125 14 622 0 0 0 0 0 17 17 0 0 7 0 1 0 0 0 0 378 36 0 85 0 0 15 10 23 0 0 0 19 0 0 0 0 0 0 12 0 0 0 0 0 0 460 51 0 23 7 0 3 0 8 0 0 0 0 80 3 0 0 0 0 888 33 0 151 0 4 0 0 0 34 0 4 10
 0 0 1204 9061 0 25 0 158 866 0 0 0 18 382 0 0 5 0 0 54 12 0 506 17 100 0 33 49 0 24 3 0 255 444 0 0 2 0 0 16 2 11 2 17 0 0 0 3 408 0 0 0 0 22 0 6 1 0 0 0 0 0 0 357 6 46 0 0 0 0 1 1 433 0 0 0 0 85 62 95 0 0 0 180 0 192 24 18 0 258 736 9 0 0 1147 25 0 959 9 0 13 0 1 3 0 0 0 299 0 1 0 0 0 0 0 0 0 5 2 0 314 1246 0 0 12 0 0 0 21 5 0 7 0 47 0 73 0 0 212 0 0 12 0 0 0 0 328 699 0 0
 3 0 0 0 0 0 18 0 223 44 5 0 223 0 0 0 3 0 45 134 0 46 2 24 17 1 0 0 2 0 0 79 0 0 22 26 36 10 2 868 0 0 151 0 51 0 3 0 0 0 36 253 0 0 1 0 0 0 0 0 13 0 0 0 367 32 11 34 39 17 0 0 0 102 0 2 0 0 0 39 0 1 0 1627 0 4 67 0 0 85 0 0 198 0 0 703 9 0 253 0 0 11 585 0 12 3 0 0 0 0 0 103 0 0 0 0 0 21 1120 0 0 0 54 85 0 12 5 11 0 21 0 1206 0 0 0 0 0 0 0 0 0 2 0 0 0 1 404 0 4 80
 0 85 0 0 9 124 0 29 122 0 20 2 166 0 5 2 0 0 0 0 101 0 9 0 32 0 0 0 56 0 2 0 0 1 64 956 0 0 25 0 17 0 3 0 68 0 0 0 0 1809 1 186 8 0 189 0 9 5 1 2 1234 0 18 0 0 0 168 6 1107 0 0 6 0 0 0 60 0 0 910 7 82 193 0 0 109 50 23 1 0 62 0 94 0 128 0 0 0 0 16 87 0 2 2 1738 0 8 56 0 0 4 0 199 0 277 0 24 81 0 0 80 543 17 7 7 0 0 0 0 0 31 401 0 45 14 0 0 12 1357 0 0 0 2 0 0 215 4 0 0 37 0
 4 9 0 0 0 7 0 1 0 0 0 27 2 3 0 367 24 0 0 0 0 0 139 55 5 0 0 743 0 0 23 28 0 0 0 271 0 0 52 2 0 693 34 549 0 0 0 0 921 45 3 0 0 0 0 0 61 0 0 746 68 0 11 5 27 0 0 0 0 0 0 0 0 0 12 0 9 556 7325 159 5 0 0 0 0 0 23 9 0 107 0 0 27 4 130 0 359 0 41 52 20 0 0 51 48 0 2 0 0 0 18 0 3 20 11 6 0 0 0 0 90 204 0 5 4 15 44 14 1246 156 0 0 75 427 0 65 371 7 12 0 23 543 58 0 2 159 0 0 28 3
 53 0 10 4 7801 7 11 6 0 0 0 0 307 13 6 1 1893 28 0 945 239 100 0 0 281 10 16 12 3 553 1 2 7894 0 0 0 0 4 0 0 61 0 0 0 1 37 2 2 5 27 0 0 32 28 90 8 89 8 9 44 2159 0 0 95 0 0 7 160 0 0 23 0 0 0 0 30 0 6183 15 16 16 0 0 6 0 0 0 1 0 0 0 0 5 5 0 3 0 0 0 962 144 0 0 1 0 0 20 0 116 0 1 222 0 41 0 13 148 0 236 2 0 70 0 720 0 0 4 0 0 3 0 65 39 0 0 0 686 0 16 0 147 112 20 0 0 8 0 0 137 0
 0 0 16 10 7 166 10 1 18 0 0 0 0 0 0 0 0 1 7942 0 1916 12 499 0 11 0 0 0 0 0 55 0 0 2 10 21 0 178 1 0 146 0 0 16 0 55 58 0 0 0 0 0 1 2 69 0 0 1 0 0 1747 362 743 0 0 87 0 8 7873 4 0 3 0 0 19 75 0 209 599 0 0 12 0 1 204 2 0 0 0 0 0 0 0 567 7 0 0 106 4 23 0 67 0 0 0 16 0 0 8 0 0 157 0 215 0 14 0 7941 0 98 19 12 0 0 767 0 0 0 0 48 0 23 22 0 0 11 0 0 0 0 0 427 0 4 0 271 151 1 0 0
 20 0 0 241 715 26 11 3 0 0 0 0 32 0 0 59 4 0 0 129 1462 13 48 337 1 0 17 14 13 21 0 3 13 0 1109 0 0 0 0 0 0 2 15 0 97 452 0 0 0 17 7 19 0 0 0 0 0 0 0 0 0 2 861 0 60 6 69 0 0 0 0 0 4 0 4 0 38 0 0 0 12 0 42 0 0 11 0 122 0 0 0 18 0 0 682 0 6 41 122 0 13 0 2 10 0 0 0 0 2 0 0 2 74 0 18 42 0 1873 330 0 157 53 54 0 0 25 0 236 566 0 0 0 6 0 79 70 0 0 0 0 0 34 0 66 5 139 28 261 0 438
 20 0 510 1 29 0 0 0 105 0 30 51 0 0 0 0 0 0 0 0 32 0 0 912 5 0 0 87 0 0 488 34 97 783 3 0 0 17 1 0 0 0 1 54 641 0 0 0 0 0 29 10 0 74 1 0 0 76 0 0 2 570 81 199 0 0 35 10 91 411 0 0 0 27 33 0 51 14 0 0 6 0 0 1 7 505 456 62 651 177 6 0 0 0 0 4 5 0 2 0 27 0 84 8 0 0 78 0 0 0 0 0 10 0 1 49 0 293 0 0 2107 337 35 11 42 10 140 0 0 8 0 20 0 0 0 0 0 4 0 3 56 0 37 0 0 194 0 0 0 52
 0 60 0 55 727 0 127 0 0 0 0 19 0 193 0 0 35 0 19 7 0 0 0 37 9 2 0 1246 0 0 0 0 1 33 0 0 0 0 0 130 0 36 0 0 49 79 25 45 0 0 116 0 1 166 0 0 0 0 7 3 0 0 0 0 0 0 37 1263 2 30 0 7 0 0 24 0 0 0 0 0 22 0 251 0 413 0 0 0 0 1778 142 281 0 62 31 0 189 0 0 1 0 48 0 0 26 2 0 0 0 0 0 583 4 0 181 0 2 0 0 0 0 1 0 2 21 112 0 0 19 301 0 177 229 4 39 330 0 3 0 12 0 269 8 311 25 186 224 0 0 0
 74 7 0 0 2 0 0 0 4 0 0 0 14 859 0 0 6 0 0 0 18 0 0 0 0 0 719 8 14 55 0 12 0 77 0 0 173 32 4 49 0 0 0 1 0 44 96 0 10 40 67 105 0 9 0 293 2023 1061 0 0 38 642 61 0 0 10 0 0 0 0 0 0 10 0 0 19 22 0 0 0 9 0 79 0 6 38 174 63 0 1 0 0 14 0 11 6 0 77 0 811 0 768 30 2 0 0 0 7 1 4 0 0 7 125 1549 0 0 0 0 0 55 34 2162 0 21 0 0 0 0 0 20 3 0 0 0 0 127 56 0 0 0 0 0 0 0 1030 0 0 0 58
 51 50 0 19 0 0 0 167 0 0 259 14 0 0 0 0 0 0 19 0 0 0 32 0 183 2 83 0 19 0 0 14 0 0 1535 555 2 0 112 1 0 0 0 13 0 0 5 0 0 0 0 113 0 0 0 0 328 48 0 463 462 0 185 0 0 6 231 0 0 463 2110 2681 0 0 0 31 0 3 0 0 17 0 0 16 6 0 0 2 9 0 69 0 48 11 0 0 58 42 0 0 90 0 0 5 0 183 0 13 4 0 79 0 8 25 0 9 56 0 27 132 325 11 0 0 0 49 0 0 0 0 0 0 0 0 0 0 1 0 142 0 12 21 0 30 0 0 0 0 10 0
 0 15 2 0 0 0 65 33 0 0 51 19 10 0 0 0 62 0 0 911 0 0 0 1 0 0 0 0 488 0 125 3 0 32 248 0 0 169 17 48 0 62 27 0 0 2 0 0 1 33 227 0 0 7 0 0 0 1331 73 312 0 0 0 0 0 98 0 0 0 0 15 17 1293 11 0 7 0 6 48 6 0 0 0 7 15 0 84 3 1294 2805 0 12 0 17 16 275 11 0 49 0 0 0 31 0 17 0 0 0 0 0 0 66 0 0 7 38 0 0 33 1 20 0 0 0 15 0 0 28 387 905 73 202 0 860 0 192 0 0 0 0 383 19 0 13 0 0 0 0 0 0
 0 0 0 104 0 0 0 0 0 0 1 0 0 8 0 120 0 0 0 444 2 125 0 0 0 32 0 560 33 0 12 0 0 794 462 45 0 10 0 0 0 111 19 22 12 0 416 0 12 0 0 2 0 4 0 1 122 0 0 129 4 0 0 0 0 36 0 0 21 259 10 0 0 0 655 16 0 0 0 0 0 0 0 110 0 0 0 0 0 42 330 0 0 3 0 0 0 0 0 144 0 4 0 0 139 8 0 0 56 0 0 27 40 0 19 0 685 0 0 1 39 2 0 31 50 0 0 0 126 0 0 0 919 0 0 0 0 2 61 0 0 0 44 396 0 0 0 0 29 5
 0 34 14 69 0 32 23 0 0 26 3 73 427 11 4364 0 50 0 0 350 0 0 2 185 0 855 51 38 47 0 0 28 6 67 23 0 13 8 0 0 0 196 0 52 221 0 0 0 0 5 0 15 151 16 6 0 14 0 0 0 2 10 0 0 0 3 0 108 0 12 0 0 186 3 0 3 0 0 0 3 2 7 0 0 28 11 0 114 23 0 0 84 0 0 9 8 16 0 0 1 0 379 0 6 576 5 9 0 0 0 126 0 0 7 0 4 52 13 0 33 79 0 0 0 10 0 36 0 90 0 0 414 658 0 2 55 0 0 11 68 2 22 0 0 16 44 0 0 1 0
 0 10 0 0 0 51 185 7 0 102 0 4 0 35 0 0 0 0 0 1 0 0 0 0 3 6 0 0 327 18 17 0 0 65 0 9 19 0 0 0 19 3 0 0 0 0 131 0 5 20 16 17 0 0 0 0 217 0 0 15 0 39 139 4 0 10 0 18 239 10 0 10 0 0 0 0 2667 1326 13 10 67 0 407 0 79 0 41 267 0 0 0 0 0 0 571 19 0 0 0 0 35 0 2 0 0 1379 0 42 0 0 2 330 0 0 42 0 0 175 0 13 0 28 12 125 0 0 2 10 0 45 0 38 0 26 12 1053 0 0 0 93 0 1128 0 48 0 3 1 0 0 5
 279 0 0 0 0 585 62 0 2 9 143 0 212 0 0 246 5 0 507 0 0 4 0 0 210 49 36 3 0 39 0 55 0 0 0 0 4 0 0 0 326 65 0 0 146 0 0 1 0 0 0 0 0 17 0 0 145 51 17 0 0 0 0 0 207 43 0 177 9 59 1 0 0 4 0 14 0 67 61 0 2056 0 0 277 0 22 7 14 0 0 0 0 0 743 248 0 2 0 769 0 0 0 2 0 406 54 0 0 3 0 4 23 0 20 0 0 4 0 34 299 0 0 0 350 0 0 26 6 40 0 5 0 177 18 0 0 32 0 0 0 3 75 338 0 0 16 0 36 90 0
 0 164 0 457 0 24 0 0 0 0 0 0 5 0 0 0 92 0 0 65 0 0 0 0 118 0 271 1 6803 1329 0 0 39 0 34 160 3941 1785 0 238 0 0 572 46 0 23 113 74 86 0 5 0 41 0 0 19 0 253 18 0 0 92 0 0 48 0 341 565 7 155 2494 0 0 13 36 0 12 0 0 4 5 48 262 0 1 0 0 0 68 0 389 3 0 0 31 0 2 0 197 0 0 0 0 20 45 666 9 0 0 42 0 0 181 0 644 0 258 0 82 0 0 4 11 0 0 9 184 13 369 0 112 6 11 80 0 0 0 0 25 0 21 0 573 50 694 8 2 32 52 0
 5 0 0 0 0 0 0 0 0 0 70 0 6809 2 0 0 0 1324 4 0 204 0 966 30 226 4 255 595 0 0 0 4 0 4 0 0 0 0 12 161 0 0 25 0 0 0 155 0 0 0 87 0 2 75 164 0 74 0 0 813 0 16 17 0 0 0 11 0 0 3 0 2445 0 0 0 229 0 69 34 80 79 0 146 246 0 0 13 0 0 0 0 108 0 0 15 0 0 0 5 185 246 0 67 9 43 5 0 2 264 0 0 0 0 79 0 0 0 0 0 88 1 358 157 0 0 0 0 65 0 60 194 0 101 0 0 560 0 0 0 0 346 0 234 0 0 934 0 0 23 404
 45 59 104 45 199 12 0 0 0 114 0 0 0 0 0 0 0 0 0 0 0 1775 0 0 0 0 0 0 0 0 0 0 0 0 0 17 29 0 0 215 0 0 10 0 212 934 7 28 8 0 3549 0 90 0 936 20 0 0 86 2 0 0 29 0 0 33 0 0 16 189 0 411 0 69 0 1 0 7 0 0 0 0 182 578 4 0 0 2 27 44 385 0 0 0 3 0 0 0 87 0 0 0 0 26 0 18 0 35 0 16 16 5 10 8 0 25 46 70 0 0 953 0 614 0 0 0 0 22 0 0 0 0 0 0 2 0 94 0 40 0 18 0 3 17 0 0 2 0 0 2
 0 0 0 27 0 0 0 0 6 52 0 0 48 0 0 0 0 0 315 0 0 0 22 3 0 0 0 82 7 10 2503 0 66 0 0 0 0 94 163 4 0 6216 173 43 3 0 17 36 0 20 122 18 0 1 0 0 0 0 1248 74 4 0 0 318 15 0 0 222 0 5 37 0 0 13 0 0 20 0 0 0 30 0 188 41 948 1 0 4 32 0 0 0 296 49 44 18 0 0 0 0 425 0 47 0 17 116 26 0 0 0 32 13 0 136 0 99 0 0 0 0 255 0 0 0 6088 250 1 89 268 0 0 0 0 735 42 0 0 25 0 0 16 115 0 31 0 0 4 0 0 0
 0 0 453 0 36 0 0 275 13 0 0 51 0 0 0 3499 11 0 64 0 9 2 0 219 0 258 0 5 6209 9 0 0 14 0 18 8 0 54 0 0 0 385 88 158 68 0 0 36 0 0 0 0 421 0 252 19 216 9 1 0 11 0 0 0 0 0 0 168 0 18 20 0 0 14 447 49 0 14 0 0 30 0 10 0 0 9 29 0 28 2 20 341 43 0 0 14 0 56 0 3 0 0 913 79 0 3 0 87 0 190 22 1 0 0 19 32 0 0 0 79 0 0 0 0 1 14 3458 29 0 412 455 0 0 3 0 0 10 0 0 0 9 0 0 0 417 10 0 0 0 188
 0 0 0 0 13 0 51 0 0 4 0 0 2837 23 0 0 74 12 139 0 39 0 0 0 0 0 0 1443 5 36 1 5 0 21 0 2 11 4 0 0 0 0 1877 0 25 0 0 0 4 13 638 0 0 0 6 25 0 0 0 0 208 0 0 1724 64 0 10 0 0 0 0 15 9 0 0 1 0 0 62 239 0 729 16 551 0 4 2 29 0 0 53 100 11 0 65 0 0 85 139 3 81 0 0 63 0 0 0 3 0 33 1692 0 150 10 20 7 0 1 0 0 0 0 0 0 15 0 2 1194 5 48 1159 0 452 40 0 66 0 0 4 8 260 0 161 0 9 0 509 368 0 27
 0 0 0 0 0 55 0 2 10 54 0 25 172 940 29 1585 3 0 15 0 330 0 37 38 0 13 0 6 0 282 0 0 0 240 35 0 215 0 0 486 0 5 617 8 0 86 99 0 0 136 4 0 0 444 0 0 0 25 3 0 109 206 0 24 4 0 0 0 0 7 0 9 329 103 2 0 49 1132 0 143 0 0 56 0 6 0 0 0 0 0 0 0 0 2 0 113 0 3 9 0 341 0 0 48 0 0 0 221 34 12 181 0 7 0 0 0 0 0 0 330 0 0 0 0 0 0 66 0 0 92 0 1962 2 0 0 10 0 0 1889 0 0 0 0 108 37 0 0 0 0 0
 0 0 573 1680 17 16 0 75 0 15 0 0 0 209 4 60 114 0 0 0 38 68 88 2 3 108 131 0 0 104 21 0 3 0 0 0 10 0 0 0 0 0 330 364 0 429 0 0 0 83 0 15 5 0 0 0 14 3 61 4 0 0 0 379 0 0 1 12 52 0 0 0 262 0 0 54 0 81 3 85 2 0 2 0 56 9 80 0 0 187 44 277 0 0 0 37 0 64 91 1 0 26 0 1 449 0 0 0 1791 71 104 1199 88 1 0 0 0 5 1 0 0 0 665 1 0 0 0 0 9 0 17 117 0 0 0 31 0 0 0 272 2 0 1 0 0 0 0 543 0 0
 0 62 0 15 62 262 0 449 0 0 0 84 0 0 0 0 2 61 0 0 0 2 0 0 194 6 0 0 0 0 857 0 0 22 0 208 1 0 0 0 0 0 201 0 14 0 0 340 0 0 20 1 41 38 379 0 0 0 0 16 0 162 0 81 50 5 165 0 254 0 0 0 0 0 0 0 4 0 0 57 0 0 2 103 10 0 8 0 0 304 0 0 17 13 0 333 0 27 0 0 179 2943 341 0 10 146 0 1 14 6 17 29 1 56 0 0 0 24 87 0 5 146 1785 10 0 213 1785 23 1102 0 1 0 0 0 42 0 0 0 0 0 0 0 0 36 458 0 0 0 9 158
 14 660 22 0 0 0 0 0 435 1 0 0 0 161 42 846 0 54 733 5 0 63 0 36 0 1 0 0 0 317 2 0 0 0 0 0 3 8 28 1953 33 0 0 0 7 0 66 16 8 0 0 33 0 0 306 11 46 52 0 143 0 28 142 32 0 20 0 0 0 0 20 0 0 0 0 0 280 37 13 0 0 1 8 48 0 0 82 0 285 0 7 0 0 1738 2 0 0 5 56 250 0 0 8 73 0 413 0 0 5 147 0 2 0 10 0 6 34 0 0 353 175 0 4 0 0 0 0 20 0 0 291 0 0 229 17 0 0 685 0 12 0 219 0 0 0 8 33 0 0 0
 0 122 17 0 194 0 0 0 15 21 461 0 18 0 0 0 17 0 0 0 0 0 0 0 2 0 0 0 306 0 0 44 0 0 0 0 0 121 0 0 7 0 0 0 2 0 0 9 6 10 0 297 5 0 0 1 6 4 16 2 28 0 0 0 0 0 0 7 0 0 60 107 0 8 0 12 0 12 0 0 0 0 0 0 19 68 0 0 23 49 0 0 0 14 0 0 0 4 0 14 92 48 0 0 76 0 2 8 0 56 4 0 3 0 0 8 2 39 0 0 0 0 20 1384 0 6192 0 19 5 0 0 0 0 0 0 0 0 0 271 15 0 404 11 0 3 1 0 0 0 0
 0 23 0 0 0 0 696 2 853 0 19 6 6 19 695 159 69 0 0 0 0 0 0 8 12 0 0 8 45 89 0 0 0 83 0 0 0 0 60 0 0 50 21 0 28 2 84 6 13 921 0 28 25 0 282 0 13 0 0 0 0 0 3119 71 0 0 0 0 0 0 0 13 0 0 0 0 7 2 0 0 0 7 1033 0 0 0 4 42 9 0 0 32 0 0 715 0 0 793 0 6 0 28 0 24 23 27 0 0 0 0 2 0 251 17 0 212 8 7835 43 0 0 0 0 0 0 102 120 0 204 3 0 0 3 0 0 0 0 0 11 14 4 0 0 29 0 0 24 0 14 0
 0 1139 25 0 1791 0 131 5 0 0 0 580 0 18 0 0 0 365 0 0 0 0 0 13 0 0 0 2 0 0 383 0 3 0 0 9 0 0 23 0 154 7 0 0 19 504 3 0 238 202 248 0 0 411 145 0 230 0 0 2 0 1215 79 11 106 0 0 222 0 6804 54 0 0 74 86 13 77 5 10 0 1212 13 1105 66 0 288 1036 1113 0 68 0 0 1 160 54 0 10 0 0 0 0 58 8 0 0 64 40 4 3456 31 18 38 0 0 0 118 0 0 782 0 0 165 0 0 25 0 49 0 1 98 0 0 8 0 61 3 3 539 12 0 3100 0 134 30 0 0 67 2939 0 2
 0 1 0 0 0 2 0 1117 0 0 12 0 1 0 11 0 710 145 34 105 1123 0 0 16 238 11 0 921 0 46 5 507 10 45 0 0 0 0 0 25 1 0 0 683 0 0 0 0 0 0 0 0 18 13 0 17 59 3 59 74 0 0 9 56 7941 5 0 0 17 82 0 0 507 0 123 0 0 130 0 414 0 0 32 0 1192 0 137 44 822 5 0 0 307 5 38 115 0 13 51 0 0 0 0 0 7 0 0 1120 30 0 0 18 14 0 0 79 0 0 52 4 2 198 0 0 19 95 13 40 0 0 0 202 0 0 2 5 4 1 842 0 17 0 44 0 0 0 14 216 18 0
 0 0 0 13 144 0 0 0 0 0 0 60 0 15 37 1 0 17 0 0 0 11 0 0 0 26 0 0 0 0 0 0 0 15 40 115 9 0 0 16 0 2 0 0 0 242 0 359 29 23 27 3 0 0 403 82 21 0 434 0 0 17 14 6 158 0 0 9 12 0 0 0 16 1875 0 0 0 0 0 17 5 0 0 0 0 2 1 0 0 5 363 45 0 953 2 0 1253 0 0 0 1047 0 0 0 89 335 0 0 0 0 0 0 57 5 33 15 574 34 16 1 0 97 0 0 5 41 38 0 0 107 0 0 0 0 0 0 56 32 0 0 211 21 0 264 0 0 109 0 0 0
 0 52 690 0 8 0 0 7 11 433 86 204 0 76 61 0 0 0 0 11 283 0 1 0 0 5 0 724 2 0 18 0 0 0 6 0 0 0 0 102 0 0 452 0 0 8 43 119 38 0 0 0 0 4 11 0 0 5 17 0 16 59 0 186 0 106 0 2 59 82 0 40 0 1 112 0 4 16 35 0 0 0 0 643 388 5 0 0 0 93 0 0 0 6 0 0 0 0 65 5 3 25 24 48 88 60 0 0 48 0 0 4 267 0 2 154 24 3 20 71 0 0 0 0 3 0 650 0 168 1901 890 0 0 138 0 231 0 0 0 7 38 2 24 62 0 0 0 12 0 0
 0 0 0 0 6 0 0 0 8 0 56 806 158 0 0 0 500 0 12 0 10 0 0 0 0 0 0 6 9 0 9 0 0 0 1 0 53 0 0 4 7 0 61 0 0 3425 6300 0 0 29 0 0 0 0 0 165 129 431 916 0 0 1354 56 45 726 0 0 0 85 0 0 53 0 3 0 0 480 0 5 0 77 280 0 0 2 0 0 0 38 137 0 112 8 0 31 11 0 0 9 0 20 0 380 22 5 3 0 0 51 0 0 31 0 0 6 9 0 0 0 0 0 0 0 53 1391 0 5 11 0 2 1 88 286 44 0 0 84 125 0 0 11 0 0 0 0 57 0 0 4 0
 0 185 0 0 0 0 0 3 0 417 3 7 0 0 0 6 0 0 0 55 0 0 0 0 215 0 0 19 42 77 0 0 240 251 7 0 33 0 7 3 0 0 3 0 0 1 0 35 0 0 0 0 0 0 0 0 0 9 0 44 9 377 10 449 0 0 0 0 78 305 14 2 6 16 113 305 0 0 0 0 14 0 0 29 31 2 8 64 0 0 0 0 337 23 114 0 202 9 0 0 0 0 0 75 0 0 10 17 0 0 0 129 0 0 0 2 0 30 0 0 6 0 1 0 43 168 0 1431 14 0 0 37 165 0 43 0 0 1 0 1016 189 168 0 0 4 21 0 0 64 0
 14 0 2 0 0 0 0 0 0 0 20 5 1202 24 0 192 0 0 83 1 0 0 855 14 0 6 5 0 0 0 37 18 0 0 0 0 0 25 116 24 0 30 5 2 26 338 0 0 0 3 104 0 0 2 804 0 0 30 21 5 16 0 0 794 0 4 59 26 119 0 1 0 0 0 0 55 0 112 0 0 88 2 0 2 0 0 0 0 18 0 206 0 0 0 0 0 0 87 0 0 167 193 3 29 0 80 118 0 0 19 543 0 0 9 0 0 35 2 0 123 18 0 52 1 1 67 0 0 55 0 0 149 3 0 0 551 63 0 4 0 21 548 0 0 0 0 0 0 111 0
 0 0 0 0 1133 311 0 0 0 6 5 787 645 15 1 0 942 0 0 0 0 478 0 0 0 34 0 0 0 0 0 0 1 89 3 0 0 15 0 45 3 0 19 15 0 251 0 0 74 20 0 85 55 0 0 12 126 0 0 21 22 42 0 0 76 17 4 0 0 0 721 9 99 53 0 0 0 0 0 0 0 8 94 0 0 204 82 36 9 8 0 0 49 0 0 0 0 23 0 0 11 0 1 0 36 2 0 0 9 0 8 0 0 3 84 5 0 335 0 24 0 0 59 13 0 0 0 0 391 2 0 241 0 0 0 312 0 0 0 108 0 0 29 0 0 0 15 0 0 95
 114 0 4 47 0 28 5 1 0 0 0 8 0 0 0 0 0 0 37 0 0 0 0 87 31 0 27 0 0 0 165 0 0 0 0 2376 0 186 553 3 52 0 0 0 30 0 2011 0 29 0 19 89 0 5 109 58 0 0 0 0 2027 0 3 393 0 0 0 1257 19 0 13 0 86 0 15 7 0 0 160 0 0 0 0 0 1104 227 0 64 0 17 0 6 11 0 0 41 0 13 2045 8 0 0 0 0 0 0 179 1243 0 139 0 0 2 0 0 9 19 1 33 0 6 0 0 0 9 1 17 0 6 0 5 0 0 21 6 0 0 308 292 0 924 124 485 19 0 0 9122 0 0 10
 0 0 0 0 0 401 0 6 0 0 0 4 10 850 0 26 9 0 0 23 0 0 142 35 0 31 953 0 0 132 0 23 0 6 147 0 543 0 67 2 0 3 1330 0 62 38 0 0 16 0 58 0 0 17 0 0 0 4 0 45 0 517 0 237 0 145 0 0 0 0 0 0 17 8 3 0 0 149 293 1871 0 108 0 0 0 0 0 0 0 0 271 0 0 1 0 41 0 1 300 119 15 26 0 0 0 0 0 1 334 0 21 204 7 0 0 0 23 0 70 0 17 0 219 6 0 0 0 3 45 125 8 760 0 64 0 0 0 0 0 0 0 0 0 14 0 9 84 0 208 0
 0 9 0 0 0 0 0 0 2 14 2 22 0 6 9 0 0 11 994 33 7 1 1 0 0 0 0 0 9107 0 0 0 6 24 0 0 59 548 0 0 19 0 0 0 0 253 1207 0 0 2 343 0 0 2 0 0 0 0 0 43 16 74 652 1219 0 0 1 0 1548 0 23 10 0 0 2 0 11 0 1030 0 0 0 0 0 0 2 52 0 1 49 6 8 1 8 0 0 108 19 0 0 192 0 4 0 0 0 0 11 0 0 8 0 0 117 65 0 43 0 13 0 89 0 0 239 0 409 0 7 28 0 0 1 0 63 0 17 614 0 0 0 42 37 0 0 0 0 3862 16 0 127
 0 39 0 466 99 0 34 1 0 0 0 30 1 5 809 180 0 18 0 23 0 8 0 3 1331 0 0 0 0 26 0 39 0 41 0 0 13 0 0 301 0 0 0 0 4 0 0 0 0 0 2 0 0 0 0 263 0 0 1745 0 3115 289 0 349 0 548 3 277 128 0 0 0 0 150 23 6 0 966 0 44 0 0 0 0 1 0 204 0 18 2 0 0 239 0 0 0 0 12 39 10 157 9 0 0 0 0 0 826 22 811 0 0 0 0 3 111 0 0 0 0 23 0 0 0 0 0 0 5 0 0 0 0 0 41 0 0 0 0 86 0 31 18 4 24 385 9 10 0 0 0
 48 6124 0 0 0 1 0 0 545 0 5 0 0 74 0 0 0 0 0 0 0 0 3 937 0 0 22 5 0 6322 0 0 5 0 0 0 0 79 130 0 15 30 0 0 25 0 0 10 136 3 0 9 0 0 2 0 0 88 0 86 0 0 846 0 0 9 246 0 0 234 9 20 34 0 0 68 1331 0 0 0 0 4 0 0 0 77 1 58 0 10 12 0 0 0 156 0 0 128 6 53 4 1 201 0 0 0 16 0 3 368 40 172 43 0 0 0 0 0 0 114 10 0 4 0 0 87 237 0 85 0 0 20 0 69 0 0 416 0 104 0 0 2 1446 0 129 1294 0 0 71 0
 0 117 0 41 17 0 0 10 0 0 53 0 0 0 0 0 102 27 0 410 0 439 0 0 0 186 40 0 0 0 1628 12 139 0 0 15 0 463 36 0 0 0 79 0 6 1 0 0 343 6 0 0 103 0 0 3 0 5 0 0 93 0 0 0 0 0 0 0 33 1 0 7 67 0 89 0 0 2 0 0 38 0 0 57 324 48 180 9 0 11 0 33 0 0 12 3 0 0 0 0 0 2 0 0 31 0 0 191 0 15 0 19 0 0 0 0 17 0 374 0 30 65 0 0 0 74 682 50 0 0 34 0 0 12 0 2 0 6 0 0 0 0 0 0 0 267 0 0 2 31
 922 0 0 17 165 0 0 0 0 17 174 0 0 0 0 2 4 51 0 0 1 13 75 0 4 0 29 0 79 22 129 27 0 0 3 40 0 12 0 0 0 0 25 74 3 4 33 0 459 62 0 0 21 0 53 2 2 0 4310 0 6 0 4 5 0 9 0 0 0 102 37 347 0 0 0 1 38 4 4 0 0 25 1 22 0 0 0 197 0 173 0 0 0 212 0 0 0 0 445 9 343 0 4 161 3 6 0 0 0 12 0 55 0 0 39 3 0 0 0 28 0 246 0 0 0 0 0 0 117 0 0 0 84 6 0 27 16 155 11 0 3 0 14 202 224 163 0 62 44 0
 0 201 0 0 13 0 0 1 0 24 337 2 1117 0 0 147 0 56 52 0 2 0 0 15 0 0 0 48 0 0 10 0 1064 7 0 31 0 0 0 0 0 0 1138 1607 39 126 0 0 47 0 0 15 0 0 54 8 39 0 0 0 0 11 0 74 9125 0 0 2 5 0 10 10 40 0 93 0 0 176 768 0 52 108 52 0 0 138 0 484 210 14 0 27 26 0 0 0 13 0 0 0 0 0 0 0 0 0 0 0 0 0 0 102 18 0 0 0 0 0 0 0 2040 272 0 47 2 0 3993 10 432 0 32 0 0 0 7 16 0 0 42 0 875 0 389 0 0 0 0 1 69 6
 13 0 2503 0 47 7 22 0 0 0 1 0 0 0 65 49 0 0 0 4 0 0 7848 0 422 0 30 0 15 543 277 11 1 0 7 6 2 171 0 0 0 3 0 0 0 0 0 119 19 0 0 0 0 0 7 0 0 404 26 0 0 0 506 36 0 12 0 7 0 0 0 250 8 933 4 38 82 0 2 0 6 62 0 0 0 0 0 203 97 708 4 0 1 51 0 2 529 0 24 102 1786 0 92 0 711 0 0 0 0 2 0 0 200 0 110 0 0 0 0 0 0 0 0 381 0 0 0 0 1 0 0 23 0 0 3 0 386 37 0 0 4 0 1441 179 0 11 0 38 0 27
 10 0 9 6 0 0 18 1 39 19 55 0 449 1 0 0 0 0 0 0 837 0 55 3 0 70 0 0 0 4 243 560 1325 0 1379 0 4 0 0 12 30 0 19 139 0 18 0 0 334 0 1 0 0 0 27 0 13 0 27 87 5 0 0 0 0 27 8 30 0 106 0 0 46 0 0 8 0 0 0 0 0 0 0 293 0 0 0 0 0 0 0 0 3 223 38 16 0 62 6 452 0 44 0 0 0 36 0 17 10 6 0 0 68 0 0 0 0 14 0 149 1 231 0 0 0 1589 0 0 0 280 0 463 0 0 24 10 0 0 1 0 60 18 0 0 0 4 0 0 0 0
 4 0 0 18 1 0 8 0 0 0 0 11 0 0 0 214 0 343 0 0 195 0 8 0 16 0 1 0 25 0 3 0 0 699 37 0 57 356 200 127 20 20 0 1040 0 0 238 1927 19 16 0 327 0 0 0 0 0 0 0 0 0 0 0 0 0 0 207 1 20 2 23 0 0 18 7 158 7 9 0 0 1 1 11 0 168 27 0 21 0 52 0 0 286 0 0 0 0 356 0 0 9 240 0 5 1 8 6 0 60 7 0 0 63 1121 17 98 0 0 0 0 3 0 0 0 0 3 0 0 131 2 0 2477 2 2031 412 0 0 2 446 63 0 0 0 0 0 30 0 11 0 0
 0 476 0 172 0 2 0 0 27 0 0 0 0 20 0 160 7 14 0 0 2 16 0 72 45 0 0 0 54 0 0 204 2952 0 0 333 0 0 240 2 0 0 206 0 29 6 0 0 0 2 0 0 5 0 0 0 536 0 52 9 0 0 121 27 0 3 191 0 1291 0 0 19 0 36 89 4 71 0 0 14 199 0 17 34 0 348 0 2689 4 0 1 410 42 0 10 2 0 4 0 0 1 0 0 0 0 23 0 0 0 0 11 0 0 0 98 97 532 485 13 0 0 188 0 0 0 0 61 0 11 0 79 4 0 1 12 0 0 71 176 175 0 52 65 5 0 0 132 0 37 2
 11 21 0 0 0 11 0 0 0 199 7941 0 296 44 239 567 0 10 23 1 76 36 208 11 0 484 0 0 56 0 2551 0 7 131 0 695 2 14 0 23 2 0 35 0 0 0 0 0 0 0 0 29 0 0 0 0 35 15 0 0 0 292 0 7 704 0 76 0 0 0 846 6 0 0 306 0 70 0 88 104 0 29 0 50 22 0 0 701 0 0 0 0 0 42 0 11 0 0 239 0 0 0 0 0 0 0 1487 0 0 13 45 0 124 0 0 18 0 6 0 0 0 0 0 55 0 0 0 0 0 0 0 0 0 1 0 53 0 0 81 0 213 544 0 0 150 268 41 9 24 0
 0 0 408 41 22 427 0 4 56 365 43 0 80 0 0 432 198 0 0 0 5 0 5 0 0 39 0 18 0 74 27 0 462 3 23 0 0 0 0 42 0 0 0 0 0 0 2 11 10 0 12 0 0 0 1707 0 0 0 0 0 2951 0 0 50 0 162 0 0 416 0 11 0 0 0 0 1 0 0 17 0 166 124 0 0 0 214 5 0 14 14 0 456 0 0 0 0 0 1799 0 2 0 0 31 26 62 0 0 20 0 0 35 0 78 46 0 0 115 0 0 0 0 2 88 0 0 1 74 0 36 31 0 0 10 25 0 0 0 1 0 11 0 6 0 820 0 6 0 0 0 0
 0 0 1863 0 0 0 0 0 580 27 0 0 0 0 26 197 0 0 0 0 4 0 0 0 14 2 0 11 37 11 0 2 0 0 110 220 0 0 0 0 2 32 5 0 63 0 299 0 147 190 0 0 2 0 3 48 0 0 47 0 0 0 12 0 0 0 0 202 187 0 921 0 0 32 0 0 0 0 0 104 484 3 18 3 1240 0 7 12 60 0 23 0 155 1 0 0 49 0 0 1288 15 45 0 106 656 0 0 0 8 0 0 91 0 3 59 665 0 0 53 697 0 0 0 0 0 92 0 50 2691 94 1487 0 0 5 0 0 0 0 2 0 0 0 0 0 0 6 0 0 143 0
 0 0 1 0 35 0 0 27 51 9 0 62 0 63 0 0 0 17 8 223 0 0 0 0 0 4 0 0 0 106 299 782 11 1 0 0 0 0 0 0 0 47 0 0 74 0 0 0 251 0 0 0 0 6 0 0 20 0 234 63 0 1 263 0 0 0 4 14 38 0 2 0 0 191 0 10 0 0 0 0 0 31 0 0 0 9 0 2 0 0 165 235 0 83 23 0 0 122 0 0 120 0 0 0 0 0 0 0 0 90 0 77 0 7 1 0 0 0 5 0 0 0 2 0 0 408 2929 0 0 7 3865 0 49 0 0 15 0 0 0 669 3 0 0 14 352 0 169 0 11 736
 0 4 0 0 7 0 63 0 0 0 0 0 0 0 1 4 0 64 227 0 0 0 0 124 0 0 0 0 14 47 0 54 0 0 58 204 28 35 1114 49 0 412 87 0 1889 3 0 0 50 0 0 98 0 170 0 0 0 9124 0 4 6 0 0 0 10 0 2 18 0 418 0 0 307 921 0 0 6 57 1015 0 0 0 2 0 0 0 0 772 108 0 301 0 0 0 0 0 5 72 0 13 120 195 0 0 42 0 114 3 0 0 23 0 0 1 0 0 0 0 2 432 0 0 0 17 0 0 0 0 0 0 66 4 0 25 0 0 0 0 0 0 2 0 0 2 29 375 0 8 0 16
 0 0 3 0 0 0 44 0 0 363 0 0 4 939 38 2 1638 31 4 0 0 0 78 0 60 0 0 12 0 0 0 0 49 0 0 0 0 0 0 0 0 0 789 0 0 0 0 0 0 162 29 2 8 2 0 9 0 118 2 0 0 12 0 395 0 0 0 0 0 15 21 0 0 412 0 0 0 0 0 0 0 37 0 5 27 0 54 7893 9 0 28 0 3 0 0 0 0 0 0 1163 0 9 38 0 37 56 0 1 0 2 396 4 0 159 153 0 0 106 0 0 0 0 641 31 0 0 2 0 79 0 36 17 3 4 0 0 0 0 0 1542 0 12 0 0 0 482 0 18 0 88
 0 0 8 5 921 19 0 846 11 819 8 0 462 3 390 5 2 0 85 0 0 35 0 206 0 0 0 0 0 0 0 15 2 438 189 625 0 1120 65 2 55 6 4 0 0 341 0 0 0 44 241 35 0 641 0 312 0 0 20 0 3 0 0 165 35 18 0 24 0 238 0 1 73 0 0 277 0 0 2 18 0 81 860 0 127 0 0 0 0 0 19 0 109 0 10 0 87 0 0 0 0 0 0 0 0 0 63 66 0 9 0 0 0 199 0 0 0 10 4 0 0 0 0 0 32 0 19 0 0 15 0 0 18 21 30 5 0 4 28 0 0 0 0 8 1 0 126 0 28 0
 142 0 0 49 117 0 0 0 169 0 3 0 0 258 0 0 1 0 3 0 105 162 3 0 3 134 2 329 0 0 0 0 16 0 0 676 0 5 0 2030 7 0 0 3 0 181 506 0 203 0 1 5 0 0 108 0 0 0 14 0 345 256 17 0 33 2 0 0 0 137 5 1 0 2 0 7 4 0 573 0 49 0 1 0 2 0 773 0 0 8 10 972 0 151 9 3 0 5 0 271 22 0 0 0 0 0 8 0 1251 101 0 472 3 0 0 0 0 0 0 0 0 14 0 435 0 0 4 114 0 0 5 0 1030 0 0 77 0 2 0 57 85 17 0 160 0 0 0 0 234 79
 0 223 0 143 99 0 0 0 0 0 0 0 751 0 45 33 85 0 0 0 647 0 23 0 1429 10 0 0 34 0 0 0 0 106 0 0 23 0 4 0 0 69 7 921 168 0 0 25 323 359 15 17 1 1 1074 0 0 0 4 11 0 43 1828 3 0 0 1 3 0 0 0 0 0 3 0 0 130 13 3 0 0 0 0 0 15 7 0 0 0 0 0 49 93 0 0 16 0 0 0 0 7 420 0 133 0 0 394 108 0 0 6 212 0 0 0 384 2 0 68 0 0 0 173 0 0 0 0 0 33 0 41 409 0 0 0 0 8 0 0 99 17 30 0 0 173 0 0 733 1199 0
 10 532 36 0 0 0 0 0 0 143 0 2 0 0 156 0 83 0 124 1820 0 105 65 4 0 0 0 8 0 1 0 0 22 0 0 0 22 789 0 0 0 0 28 21 0 15 0 0 0 546 0 0 0 10 0 0 2678 599 0 112 0 0 0 11 0 0 0 0 0 0 101 2 2 0 0 0 42 0 0 127 0 0 105 16 0 203 0 0 37 4 1 0 46 390 0 0 0 0 0 9 0 0 25 0 0 122 18 67 577 0 49 0 0 0 0 1758 723 100 8260 905 33 0 718 106 379 0 0 1 5 0 6 263 25 379 0 191 26 0 0 2 0 0 0 0 71 0 39 0 0 0
 330 0 0 936 0 1 0 0 0 74 128 0 0 0 1 0 0 0 0 21 3 0 11 0 0 0 0 71 0 139 74 0 0 0 0 37 0 36 2458 0 273 0 0 697 0 0 0 0 0 0 0 0 0 0 0 0 17 0 1022 869 100 0 136 0 0 0 0 0 0 0 11 12 38 1160 0 0 0 0 11 1 1 0 209 0 0 23 21 0 152 7 0 0 22 2 22 32 2 0 5 0 0 5 78 0 0 0 0 18 12 0 0 462 391 1783 0 99 47 0 0 3 668 0 388 0 19 0 0 0 0 0 0 0 0 14 510 0 352 10 56 639 0 0 6 0 0 972 0 0 22 19
 6 0 0 0 0 0 0 14 0 5 17 0 0 0 0 0 5 300 16 22 0 40 0 67 0 1 0 597 664 0 0 11 360 1227 0 0 0 0 1 11 0 36 1 0 227 0 5 0 3 0 0 3 33 0 580 0 0 0 0 0 0 52 20 55 0 0 0 7 0 1 6 694 0 0 22 346 0 0 14 24 0 0 0 0 0 2 115 0 2 65 72 0 0 0 0 15 0 0 3 33 18 0 0 0 0 0 0 9 0 1487 0 0 0 0 0 173 0 0 1289 52 5 0 1 0 0 7 0 0 0 147 10 0 0 0 15 10 0 0 0 47 153 0 140 0 7 0 0 624 0 11
 0 371 0 0 5 0 108 113 0 0 294 0 74 98 7 4 0 0 0 2 426 12 0 5 0 1355 10 0 0 542 0 666 334 0 247 706 147 0 16 0 74 303 0 0 0 44 0 0 0 0 0 0 0 0 3 0 1770 0 0 0 26 1097 28 3 0 68 0 19 0 0 2 5 1053 9123 0 0 905 32 1210 0 0 208 0 7 1 32 0 102 0 41 0 31 27 8222 0 2 60 15 4 0 872 0 0 775 0 0 145 0 0 0 0 0 0 0 4 0 0 0 0 0 0 0 16 0 33 0 0 146 0 0 0 6 0 0 0 0 0 51 0 0 8 0 0 6 8 0 775 0 0 18
 0 0 41 13 0 0 6 0 814 669 1 0 0 16 1 4 4 11 0 600 907 109 0 88 7 933 0 28 0 90 0 0 43 466 3 113 0 0 2 3 1 0 0 940 0 0 0 0 438 17 40 11 0 3 24 15 0 0 0 0 0 0 0 0 15 0 55 233 291 0 0 0 0 0 0 0 0 25 22 1 1586 0 0 0 37 0 26 0 0 35 12 0 153 0 1 34 0 10 0 1 84 577 0 22 0 0 15 0 24 0 0 114 0 0 51 773 0 27 36 0 111 4 109 0 0 0 903 23 23 0 18 157 0 0 71 0 0 0 38 0 1 18 0 0 0 0 0 0 0 3
 52 0 7 0 0 1995 0 0 0 0 1 0 59 0 0 14 0 0 346 0 16 0 0 0 0 843 20 1 2 77 17 4 4 0 0 0 0 0 0 0 439 0 0 0 249 55 45 0 0 0 16 0 0 0 0 1 24 0 0 0 343 0 10 28 32 0 246 0 0 39 121 0 0 0 682 0 0 28 0 30 0 0 45 87 0 143 10 8236 73 0 56 372 3 71 0 0 0 109 12 543 48 0 0 0 0 0 6 0 0 17 0 365 66 37 0 901 69 0 38 0 0 0 0 158 0 0 60 18 0 0 203 64 151 3 11 0 157 0 1 0 0 16 0 29 0 14 0 37 0 0
 0 0 31 24 30 37 0 0 49 0 0 0 0 36 82 0 0 99 27 0 1 7846 31 0 0 1 0 16 0 0 5 5 9125 35 0 0 1 1 0 0 0 0 50 15 0 0 22 78 0 0 460 0 93 0 244 1 0 0 1 0 0 0 0 0 30 12 7 0 15 55 1 169 0 0 52 0 0 63 0 16 0 0 77 45 45 0 0 2039 0 0 107 0 3 0 11 0 65 0 0 0 207 0 48 0 7 0 2 0 0 0 6 0 0 0 0 0 3 0 0 0 809 0 0 0 66 0 1 0 0 29 5 10 0 18 3 23 0 0 22 0 0 0 19 6 40 129 188 0 16 2
 0 19 14 1145 0 109 0 1263 0 0 118 1137 0 0 0 14 37 0 0 0 0 6 0 70 0 0 20 0 62 17 114 0 3 0 0 0 0 129 1 0 0 0 0 0 0 3105 0 12 133 84 0 0 200 0 38 0 13 0 0 61 0 143 0 219 158 149 0 0 0 152 0 0 678 0 0 0 0 1897 0 57 0 34 0 0 34 142 0 0 0 452 95 0 0 121 0 0 0 0 0 0 6 4 0 55 0 12 88 0 0 176 0 10 0 0 43 0 0 0 0 79 35 45 0 0 0 694 0 0 609 0 35 366 0 109 673 0 0 0 34 30 0 0 0 0 0 0 60 0 0 7
 0 10 187 0 0 0 0 0 96 4 0 35 0 0 0 0 0 47 0 0 27 0 0 284 1 0 187 0 0 0 44 0 0 0 19 4 6 0 0 455 0 0 18 22 0 0 9 0 0 0 27 0 0 2 6 0 0 0 381 0 0 24 0 0 0 7 4 0 11 0 0 0 33 0 0 0 0 0 181 429 11 0 0 5 42 13 0 2 0 0 52 17 0 372 0 5 20 0 677 27 0 0 0 27 24 0 0 0 293 0 4 0 0 24 7 179 0 38 0 7 0 0 34 0 0 830 53 8 0 0 0 32 0 0 24 0 0 35 5 27 2 163 13 0 0 0 0 0 136 34
 343 0 0 0 0 5 7 0 26 52 1 6 17 0 0 0 5 0 0 114 0 0 0 1 27 0 0 0 53 36 0 192 54 153 83 41 0 0 0 1 7 4 0 0 0 0 10 0 11 28 0 0 17 0 4 0 0 0 133 94 0 0 34 39 0 4 792 0 0 1 0 0 0 127 0 0 0 9 0 66 0 344 66 2 2 0 111 64 554 0 0 27 21 0 0 47 77 6 49 0 384 126 20 0 43 1 0 0 53 0 0 0 3 0 0 1779 0 0 0 431 0 0 0 69 0 0 0 0 0 4 0 0 0 0 1074 0 4 0 0 24 124 0 18 0 1277 0 10 3 0 0
 0 119 6 0 1 68 0 0 3 0 56 234 0 4 22 537 0 0 0 9015 29 97 0 0 0 3 5 0 4 0 153 43 12 65 0 0 0 0 0 0 0 3865 0 0 9 0 0 112 438 0 92 7 0 0 0 7 0 0 0 0 3 0 175 0 37 0 23 0 0 0 0 6 0 279 3 0 0 19 0 20 20 334 0 0 1785 0 0 7 167 173 70 15 0 9 10 60 0 0 2 618 0 0 288 28 0 27 75 239 0 0 1 0 59 14 0 519 67 0 53 2 32 1020 0 0 0 31 0 25 11 0 0 240 0 0 190 399 2 0 153 0 61 0 145 672 368 23 0 1169 0 15
 0 0 27 0 0 659 0 9 0 0 0 0 0 0 72 23 0 138 0 35 513 142 0 91 0 48 0 391 22 4 0 0 0 0 0 0 90 0 23 0 87 0 27 6 0 2 4 0 0 0 857 0 0 0 563 0 1 36 3 0 0 30 0 0 17 0 0 0 0 0 2 0 10 6218 3 54 682 0 0 9 0 1 0 48 57 0 0 19 0 0 0 48 18 38 7 95 468 0 29 0 0 0 0 5 59 57 0 0 0 0 0 0 0 6 370 0 0 0 0 0 104 0 15 29 13 0 2 0 30 0 0 0 0 2 0 147 9 0 41 105 0 599 0 0 0 0 4 0 5 0
 243 0 0 1 2 0 371 0 8 19 22 0 500 907 161 7 0 146 0 0 0 0 0 118 0 10 0 7 0 0 0 261 0 0 0 0 14 0 0 0 18 0 146 43 0 1317 0 15 0 0 0 0 0 0 0 0 0 0 12 1371 0 0 0 0 0 39 0 0 0 96 0 0 3 0 22 16 110 2 0 2 70 0 0 0 227 0 0 404 53 0 3 56 204 0 0 9 39 1184 50 36 0 7 0 0 0 2 142 0 120 0 0 1 0 0 126 123 0 396 0 0 2 0 1591 0 8 3 0 0 0 0 0 18 0 0 0 269 5 284 11 3561 3 3131 30 0 0 0 5 11 6 177
 0 0 0 164 32 283 0 0 0 0 0 115 0 241 0 0 124 38 46 8 214 0 97 0 2 0 105 0 3 0 0 0 0 33 7 1 5 116 0 0 0 51 0 0 28 79 6214 40 29 0 16 426 0 0 9 0 2039 12 0 17 60 47 0 1 0 305 5 85 9 0 0 1778 0 25 2 7 0 31 21 0 758 206 0 328 0 3 0 734 0 211 0 0 0 0 1 19 0 0 0 0 0 36 0 0 14 0 5 88 10 1231 25 0 34 0 0 3 15 299 0 0 0 14 0 0 41 0 1487 0 365 0 0 0 28 0 46 0 456 26 75 0 0 0 0 3 44 558 0 0 0 59
 2 0 0 0 0 0 0 0 146 0 10 40 0 0 0 0 6 1487 127 164 0 0 14 10 132 3 27 0 0 2 0 10 0 60 0 10 0 39 18 0 56 24 34 5 687 0 0 3 99 10 0 99 15 0 0 588 0 0 0 262 0 202 0 22 0 0 643 788 0 0 733 1118 0 0 0 0 0 0 14 16 35 0 5 54 2 0 0 0 0 0 0 9 0 0 0 0 68 0 1 0 33 52 699 0 101 13 0 5 3 0 4 3 0 0 0 0 0 0 3 0 0 267 53 44 0 8093 0 0 0 264 0 10 0 0 0 0 0 0 0 55 0 0 114 4 1414 0 163 0 2 0
 0 0 12 2 0 3 0 15 38 6 76 0 0 17 1 1785 0 866 44 44 340 9 0 16 0 500 0 0 0 55 0 0 1531 1328 0 106 1496 1129 14 76 0 0 0 59 22 0 0 0 0 0 38 0 30 0 33 391 170 693 0 0 0 0 134 0 0 0 134 0 0 209 6 0 332 0 44 0 0 56 257 65 103 0 0 8 61 38 0 155 5 104 8 0 1 0 0 0 4 0 17 2 77 0 0 141 10 0 0 0 13 0 20 0 332 0 0 11 93 1 17 0 0 0 21 3 0 34 0 0 0 11 258 45 5 73 0 9 0 588 0 0 0 0 19 0 0 1 10 0 0 11
 0 0 0 58 0 0 0 0 2 161 0 0 129 0 0 1 31 23 0 0 24 93 0 24 502 262 212 29 53 25 5 0 0 4 0 31 0 14 0 0 2 434 10 459 8 0 14 963 1133 57 12 5 0 161 0 904 0 0 0 0 0 0 0 52 0 21 6383 0 12 36 0 546 0 51 24 0 0 0 0 0 0 0 0 13 0 0 644 0 25 0 0 0 54 4 31 0 1785 4 0 27 0 428 75 29 3 7 0 105 2 0 62 0 227 16 0 8 0 171 0 716 34 0 0 189 63 6 11 120 0 0 59 0 0 0 0 4 0 3 0 0 1 0 32 31 18 333 0 12 10 0
 34 5 28 0 0 0 0 0 0 0 0 0 7 26 0 0 2 0 0 207 0 0 0 0 0 4 0 8 0 0 0 0 1 0 0 90 0 21 1 0 0 63 1756 1 0 69 0 3 25 0 0 0 72 0 0 0 0 0 0 0 0 30 0 0 0 8101 14 392 16 79 0 0 424 0 0 63 0 5 1 111 76 0 0 0 0 0 177 8 0 0 585 5 0 0 58 12 125 1 137 0 40 0 87 0 1784 4 0 0 0 0 48 4 0 48 0 0 35 1 0 11 1785 0 0 0 0 91 0 7914 27 87 3555 9 30 11 0 0 0 44 1 29 15 0 29 1145 468 0 0 0 0 0
 0 37 206 0 735 0 0 299 0 0 0 7 0 25 0 0 0 132 0 0 0 0 0 0 0 32 0 0 0 122 0 0 0 0 17 0 58 0 0 5 0 0 0 25 0 44 2 0 0 4 0 0 93 39 0 0 0 7 333 0 0 0 30 0 0 0 34 0 0 0 16 1 5 0 35 27 0 0 0 0 25 35 40 15 239 0 0 0 25 0 3 0 0 36 0 99 63 0 0 856 0 13 78 133 359 0 5 0 6 1 0 167 1 0 0 0 0 0 2 0 47 110 0 0 0 0 0 1 48 0 1 10 120 68 0 0 44 34 19 0 0 0 0 11 73 0 0 9 6 1388
 1907 0 0 0 0 0 0 110 0 24 0 0 0 0 0 0 0 0 0 6810 0 564 9 0 0 0 0 0 0 2 131 0 0 0 0 276 73 48 11 0 1 9 0 0 0 0 0 0 0 16 107 1 0 0 0 91 77 0 0 0 0 1 0 0 281 0 0 0 15 59 3 1 0 0 7 4 0 105 47 0 0 0 0 1 0 0 12 29 17 12 39 0 241 38 0 13 12 4 0 67 16 829 0 0 181 28 0 1 0 0 2051 0 33 0 0 1882 1 0 0 0 0 0 0 70 4 0 2965 53 4 0 0 0 0 81 0 20 0 0 0 7 0 0 705 0 4 14 10 0 59 0
 82 564 0 0 87 0 0 0 310 0 254 0 0 0 99 19 0 0 0 3 46 50 0 535 0 14 0 0 0 0 2 0 0 0 421 9 852 3 0 0 0 0 4 51 19 0 0 109 10 0 1263 0 1407 0 0 0 839 0 40 0 0 0 268 0 27 310 0 21 58 209 0 0 0 282 0 11 10 1 1111 5 294 482 0 6 0 0 0 0 0 0 0 9 1 20 0 25 19 73 0 73 0 0 14 0 0 394 9 5 15 0 0 0 7 669 23 59 0 0 0 0 3 0 1542 0 66 8240 124 0 0 7 0 3 0 43 0 9 32 33 0 126 0 0 0 0 0 0 6 49 1 47
 95 499 3 186 0 0 0 23 0 0 40 13 0 0 3 0 0 0 41 2 190 0 173 618 843 0 0 124 122 48 0 10 7 17 0 406 11 310 1 0 9 175 0 0 0 0 358 0 0 0 0 19 0 36 343 3 0 0 4 45 1658 7 0 4 57 25 0 0 0 13 2110 0 616 32 0 0 13 6 0 151 0 33 0 0 2876 11 0 0 251 0 56 134 13 5 52 56 0 0 6 3 0 0 169 25 0 0 27 4 15 15 0 4 1 0 0 84 0 2 0 0 0 0 17 0 123 0 97 0 0 0 401 555 0 2 0 5 0 0 381 0 12 8 675 18 190 0 22 0 8 0
 0 0 110 0 0 0 0 2037 0 0 0 0 0 0 0 0 20 0 0 0 106 403 1061 721 0 869 0 0 0 0 0 1 0 6814 108 64 0 1 0 0 0 0 0 0 1868 0 0 0 43 0 0 32 15 30 0 0 0 0 4 75 155 0 0 0 0 0 0 0 0 0 9 0 0 5 480 0 90 5 0 44 24 406 0 0 0 12 0 0 170 99 114 238 0 0 0 0 19 0 0 25 30 0 0 0 162 0 0 0 0 0 10159 28 0 0 0 0 0 0 0 0 0 0 156 0 15 45 60 14 0 0 0 0 0 9 0 0 15 35 0 61 0 8 0 0 89 23 39 0 518 0
 0 1 32 122 0 0 48 0 166 2862 0 416 102 401 0 0 0 0 974 0 3 0 0 9 0 0 0 0 0 38 8 16 15 0 0 773 192 26 0 36 0 147 0 68 0 13 0 1 0 0 48 0 0 1 0 2 28 44 9 261 2 0 0 0 3 2 0 0 482 140 0 2 0 0 0 3 145 0 3 15 4 1 2692 0 5 0 75 0 56 4 13 280 0 0 0 1 590 17 0 0 32 4 19 0 2 148 0 40 0 14 0 2 0 102 90 70 0 0 2 0 663 406 0 0 0 0 14 0 52 0 0 0 0 0 0 146 41 200 0 0 12 10 192 0 10 0 21 0 0 0
 115 0 29 0 0 0 0 76 454 218 0 0 0 8 42 0 0 187 0 0 0 0 714 57 0 947 0 0 2 9 566 5 16 0 0 4 0 0 256 34 127 0 0 0 360 3 255 58 0 0 0 336 0 18 0 19 145 0 107 0 0 9 0 0 1421 1113 0 0 84 0 0 0 0 67 4 9 5 283 9 2 514 0 38 0 0 18 19 12 314 0 0 446 9 0 77 2 491 0 67 17 66 0 0 0 5 0 0 172 0 0 0 26 458 2 0 18 3 0 0 5 0 8 7 0 0 483 65 3 0 0 0 0 0 0 0 0 14 0 20 0 121 0 0 0 0 15 49 0 0 0
 0 0 0 30 0 0 0 311 17 13 0 0 13 29 0 0 2 0 0 0 38 279 0 0 1 0 0 21 0 0 0 7279 0 0 0 0 0 0 246 18 0 15 0 2 4 9 0 0 0 177 524 0 0 303 145 0 10 0 0 0 0 3 2 0 0 0 0 0 1 304 0 55 0 0 0 124 16 0 0 41 44 4 144 0 5 9 0 0 0 8 0 439 0 0 0 0 10 0 0 11 225 50 39 0 49 9 4 0 0 0 185 0 0 60 843 10 0 48 2 20 87 0 0 4 0 0 0 30 362 0 0 88 3 0 0 0 3 25 0 0 0 2 17 0 1 0 7 0 1 0
 0 50 0 548 0 0 0 0 62 0 0 0 272 0 48 0 0 151 0 1 0 0 0 11 0 0 47 21 0 0 0 0 88 0 472 0 5 5 0 2018 0 0 10 0 131 0 0 0 0 0 0 0 314 0 0 26 0 56 0 165 19 0 47 32 175 0 0 0 11 13 0 0 89 27 100 25 0 0 0 23 45 0 3 190 12 43 0 15 0 8263 455 37 2 0 0 0 39 11 0 12 0 0 0 0 99 9 35 127 100 0 0 3209 51 10 152 0 126 0 0 7 2691 0 77 234 0 0 0 593 3 275 788 0 0 0 3 0 0 0 0 23 10 6 0 17 107 0 0 100 131 0
 0 1 0 401 34 5 0 665 0 247 54 0 0 0 0 0 49 64 191 0 12 0 5 160 0 0 0 0 38 255 0 0 0 7 18 203 0 40 0 0 141 0 0 0 2163 0 0 0 0 0 14 64 583 0 0 0 0 0 4 181 0 0 88 199 92 0 0 7942 0 0 0 0 0 0 0 0 0 0 39 0 1 0 0 0 9119 41 45 0 6 232 10 70 36 0 0 0 1429 0 34 0 0 47 3 0 0 0 2 36 10 0 0 0 0 0 1 0 0 4 0 0 10 0 1946 0 0 0 0 432 6 53 0 0 0 86 34 71 46 31 171 0 4 157 15 0 0 351 33 0 0 45
 0 15 26 53 23 0 153 4 0 0 28 28 1292 10 0 0 0 17 0 406 0 0 10 0 0 0 320 7 0 0 0 0 334 79 94 0 0 83 0 0 0 0 0 0 0 0 0 1 0 431 0 0 0 0 29 86 0 644 8 8 0 0 10 0 0 0 0 52 1774 75 1295 9 11 0 16 490 6 0 0 0 437 0 7 0 157 0 22 14 17 709 1175 0 6 0 401 9 0 0 5 5 0 6 16 0 226 21 0 0 5 35 143 0 102 86 126 42 0 0 0 5 10 185 0 0 0 0 0 13 51 0 0 0 0 0 765 0 0 0 0 0 0 56 22 1 21 0 0 40 97 0
 6 56 0 192 81 5 104 16 47 208 0 0 38 1 0 0 0 0 0 768 0 0 0 9 0 1204 0 1 3 34 4 115 0 0 0 0 2 0 0 1151 4 8 0 0 34 0 246 35 82 67 0 3 0 0 0 25 0 18 434 0 0 0 0 3 1292 34 204 446 82 0 0 0 100 0 0 44 0 0 11 11 155 17 53 124 0 0 37 0 0 0 1366 254 0 0 0 0 0 0 0 3361 390 0 240 0 0 0 9 0 0 0 150 54 0 0 0 0 11 0 7 0 0 24 18 0 0 480 14 0 0 0 0 0 0 0 0 22 65 3 0 71 0 15 117 200 44 3 478 0 0 7
 79 0 0 0 0 0 0 54 20 5 16 21 122 0 0 81 0 0 152 0 16 1993 0 0 113 0 16 0 0 20 99 25 15 0 0 52 86 0 0 0 0 6207 4 0 0 18 24 1 0 54 0 0 16 7 311 0 56 4 26 0 0 0 0 37 64 219 26 33 0 943 0 0 1 0 0 682 2 36 105 0 0 373 17 92 0 0 141 57 0 0 6 0 17 0 11 872 59 16 0 172 832 9 0 7 0 50 33 0 0 0 1263 14 0 85 17 2 32 558 0 0 11 552 26 0 13 1 0 0 0 0 0 0 392 15 93 230 749 32 0 0 2 2 0 0 0 0 0 0 0 0
 932 0 0 866 0 2 9 0 49 51 0 5 0 0 46 0 55 119 11 0 0 0 11 3 0 788 0 0 1 0 218 0 45 0 0 0 0 55 66 0 2 0 17 0 0 0 19 0 0 0 16 3 0 0 212 0 0 0 83 3 670 102 156 6 0 0 0 0 0 0 0 15 0 43 0 1264 4 87 9 0 81 557 0 125 0 7 86 2 191 12 0 44 203 0 0 310 0 0 995 0 0 1326 280 2 0 0 0 77 5 0 0 0 0 0 0 0 139 211 71 135 65 1066 0 0 1 219 3 0 0 1634 1 47 406 0 0 19 9 0 618 6 0 0 38 0 7 0 135 11 0 305
 72 4 0 0 0 71 0 284 14 3 4 127 66 0 15 102 0 0 193 199 0 49 0 17 0 0 2 24 10 0 49 84 0 0 0 136 81 0 223 0 12 51 0 0 0 2 0 39 701 3 112 0 0 542 0 0 0 873 0 36 0 250 0 0 24 0 0 0 14 0 0 1358 0 194 0 159 0 0 71 112 81 0 0 75 1 0 0 0 10 54 287 6802 9 2056 22 0 18 28 4 458 0 0 0 0 36 0 40 0 0 0 0 2 27 0 41 0 37 0 14 1 163 0 0 0 0 0 144 6 0 2 0 0 8 11 15 0 0 10 0 1373 8 0 49 1 0 0 3 54 0 0
 299 0 4364 0 0 0 0 46 749 0 68 0 118 0 0 40 0 186 0 0 0 0 0 0 0 244 41 0 3 12 1253 10 0 20 0 0 61 0 4354 0 0 1 124 0 4 11 4 0 8 0 0 0 0 103 456 0 0 0 0 6 0 192 79 0 0 0 0 0 0 42 1 37 0 39 12 7 0 0 1 0 0 16 6 0 0 0 22 0 1 0 0 0 0 44 843 0 1 0 0 0 124 0 25 0 0 508 0 1 0 0 8 18 0 0 0 0 0 0 21 18 2 15 0 1868 0 0 18 4 23 15 1251 0 0 0 0 0 0 43 54 0 0 1 0 3 51 27 0 31 1217 106
 0 0 0 0 0 0 0 1 0 0 11 13 0 2 0 122 0 0 2 0 936 0 0 0 8 0 0 0 0 9 12 0 54 0 0 7191 0 0 108 0 13 850 0 71 5 479 31 0 1 1 0 0 0 0 0 0 0 0 0 690 0 0 0 452 5 0 3 55 0 0 84 3 37 0 0 0 70 0 578 0 46 7 177 18 6 31 0 64 7 0 328 0 6 0 2 20 0 0 0 61 1 0 18 0 327 311 0 0 24 0 0 0 0 182 28 0 0 0 0 0 0 0 206 27 46 0 0 17 0 139 0 0 239 0 13 867 0 0 0 3 0 5 4360 0 0 14 7 0 0 1
 0 0 17 398 427 1 42 0 0 34 10 0 0 0 6 2 32 0 0 0 1 0 53 17 288 15 0 4 0 1 0 132 0 0 197 45 0 82 39 0 29 0 0 0 0 0 48 0 0 0 25 0 0 0 105 0 2501 0 176 0 0 0 0 0 0 11 21 0 25 0 0 0 0 0 0 551 0 896 0 0 0 0 0 0 7 0 0 43 1769 0 3 25 0 0 558 16 385 0 26 216 0 1 40 0 0 79 0 53 107 0 0 0 0 9 330 0 0 789 0 0 0 0 40 6 37 12 0 102 921 0 0 8 0 93 0 206 2 8 4 235 82 0 2 65 0 0 0 8 10 0
 0 23 1871 0 0 0 462 4 0 19 0 0 4 0 0 0 62 0 2 2503 35 42 0 99 0 0 171 4 0 170 26 25 50 1422 294 10 0 0 0 0 0 0 558 0 0 0 6 0 132 4 0 112 452 0 0 80 0 0 0 0 1842 11 66 0 0 25 0 0 0 0 1 0 4 0 51 39 74 75 2015 36 2 0 0 24 0 0 0 0 353 0 0 13 146 8 0 0 166 31 29 0 19 148 0 0 33 36 7 0 0 4 0 5 3 0 1 19 41 37 52 0 0 67 406 2156 0 0 0 0 1 11 14 20 45 0 7 529 554 0 0 3 857 52 0 4 67 25 1 12 0 5
 10 131 38 802 0 638 29 88 0 79 14 17 0 30 45 0 12 131 0 0 0 0 0 0 0 0 1 203 15 0 0 0 0 0 0 0 237 1163 0 0 0 9 250 42 39 0 1376 0 219 954 3 0 0 0 5 1 0 0 53 0 0 0 11 107 60 1435 43 0 0 0 871 74 0 0 0 0 66 0 10 0 18 9 2 0 19 0 0 0 0 0 50 0 0 0 56 0 69 0 0 0 0 43 42 17 9 266 639 3 0 0 0 0 1638 368 0 10 454 24 3 0 12 49 4 1140 0 0 0 245 38 0 0 8 14 10 77 0 0 0 0 0 0 0 0 43 0 79 0 0 35 462
 42 2870 19 0 0 4 94 2 172 0 30 324 58 336 3 0 7 0 0 233 0 174 0 3 0 0 439 192 0 8 5 0 54 0 443 0 0 0 633 5 0 0 5 0 0 0 9 0 21 0 0 0 0 113 19 41 50 9 0 0 588 6 272 5 19 0 244 40 0 0 0 0 1749 0 0 7 0 162 32 14 0 0 0 0 827 5 6 515 0 0 264 442 0 0 219 0 0 0 0 0 0 0 20 0 1 0 6 0 0 2 0 0 17 0 0 0 866 0 0 103 60 9 599 2 0 4 56 0 0 0 0 0 0 0 0 4 0 16 0 0 1341 0 41 1 0 4 206 2 10 0
 0 0 4 0 8 0 0 493 0 0 494 0 0 16 152 0 4 0 0 0 2 2 15 0 0 59 0 0 0 42 148 5 249 0 0 0 25 0 0 0 0 0 0 0 0 29 42 235 0 0 1263 0 0 0 13 92 53 0 0 3 514 5 62 0 0 6 69 12 0 0 0 732 116 5 28 0 52 5 0 4 42 139 0 421 5 0 6 0 19 0 0 0 3 0 560 426 24 0 0 0 130 29 39 142 147 74 0 71 0 128 0 0 39 3719 0 8 321 3 0 30 10160 59 11 0 0 0 0 0 3 0 0 1016 11 18 0 18 76 2 285 0 158 5 0 23 0 0 0 0 46 0
 0 83 0 9 38 5 0 18 7 0 0 122 12 0 0 0 11 489 0 287 0 37 0 67 220 202 368 53 0 193 110 3 13 32 537 5 0 23 0 0 0 13 5 61 0 45 71 0 0 2 0 0 0 1 441 0 0 0 952 18 125 0 11 102 24 84 86 0 0 1 71 19 0 0 0 0 0 0 0 5 1 17 0 0 0 0 0 68 0 0 0 31 172 0 0 11 412 11 0 0 0 10 23 0 0 3 78 2 0 20 0 0 0 0 0 0 140 9 14 29 0 0 11 0 1688 0 90 297 0 80 0 1774 0 0 4 0 0 0 37 565 0 15 2 21 0 0 0 78 0 0
 46 2 0 52 0 66 0 2 21 3 0 94 0 2 0 118 0 0 0 126 8 0 0 23 0 0 0 0 0 9 0 70 93 0 0 111 30 1776 1 7 0 59 0 68 0 616 70 406 1 0 0 11 1104 0 0 0 306 0 20 10 0 0 580 12 0 0 280 0 0 0 1114 85 0 9 12 17 10 37 35 0 0 0 0 0 0 164 0 110 3564 1 0 18 91 238 0 0 0 0 0 0 0 0 0 0 290 58 0 852 91 0 5 22 106 830 456 8 5 0 0 0 0 0 32 0 0 0 907 0 3 0 0 100 36 0 33 0 37 121 0 0 0 573 0 0 9 0 0 0 0 0
 0 0 0 0 0 36 0 0 0 0 510 51 0 7 299 0 5 0 37 0 6303 105 42 41 0 0 0 0 2 0 0 0 274 0 56 1 0 6 24 0 4 0 0 551 0 1 47 0 15 0 0 0 23 0 18 81 2084 0 0 0 908 20 107 2163 0 0 64 0 91 12 0 0 1425 0 0 12 5 0 0 0 49 0 2 611 0 216 3117 0 0 94 0 0 17 0 59 0 2 85 29 0 28 3 9 0 0 0 33 0 0 0 9 3 0 0 0 25 0 134 5 150 0 238 0 0 0 124 9 0 0 0 504 0 0 0 2911 71 0 16 0 0 0 0 0 169 133 872 0 0 0 278
 0 0 942 6 14 0 0 11 0 9 0 1 6 68 0 30 26 9 0 0 48 27 10162 7 4 0 0 0 0 38 2 119 0 332 0 10 2 18 0 0 0 3 14 2 0 0 0 2029 4 6 4 0 632 87 0 0 0 30 0 115 531 391 102 29 0 0 0 21 0 3 0 39 18 15 0 49 0 37 0 21 0 6 0 45 22 2 14 185 19 88 0 0 0 0 0 3 111 0 0 4 0 27 0 0 0 0 0 12 64 341 17 0 671 0 114 0 0 0 0 79 0 25 0 0 0 2325 27 70 0 0 575 7 0 55 0 6 1 0 0 0 0 60 73 0 4 0 0 0 0 211
 59 19 0 0 0 0 33 12 45 0 0 150 60 13 135 8 142 0 0 8 0 0 9 0 34 0 4 0 0 0 51 19 0 13 0 0 60 0 0 0 18 3 0 0 0 0 45 0 0 499 0 104 366 18 4 0 6814 12 749 0 151 0 6 8 0 0 0 51 0 0 0 529 0 79 12 25 12 0 0 12 0 13 0 0 271 0 1 6 169 12 0 0 2 15 0 10 0 215 33 36 308 0 9 14 1 0 0 23 0 0 0 0 1115 0 7 0 0 4 0 2162 0 2 0 0 85 0 0 30 0 26 0 0 0 302 0 0 74 45 86 1286 0 0 52 291 62 0 0 0 17 0
 0 0 0 0 56 58 2952 0 0 2 0 0 126 383 0 12 0 25 75 838 1 0 0 161 0 0 0 353 0 0 0 0 1534 11 1044 0 0 10 11 0 0 162 1 107 165 36 0 15 0 0 667 4 0 1 0 58 0 0 0 75 12 0 0 0 0 0 4 83 13 367 0 24 0 16 117 0 0 5 0 0 18 0 0 0 0 0 0 210 3 7781 0 2 6 187 0 45 56 0 0 0 0 0 3828 0 0 0 0 195 1 268 0 0 2565 4 0 0 9 0 10 3 0 113 0 37 0 507 0 0 0 95 22 223 0 0 9 4 360 0 45 87 1226 59 0 3 0 40 1128 10 0 0
 6 0 7 0 0 3 0 40 168 0 0 0 1 33 0 0 57 0 0 0 98 0 31 48 5 22 7 0 0 0 0 338 0 0 0 74 10 0 29 187 123 14 10 0 0 482 379 1134 0 0 0 75 138 268 12 0 5 0 37 0 14 0 0 0 3 161 49 0 2 0 0 0 40 177 8 72 275 36 8 16 3 0 0 0 277 0 0 0 0 0 46 0 0 0 0 0 20 67 145 0 0 0 0 679 0 0 6 0 185 11 0 41 0 0 30 0 1351 121 28 0 18 20 0 162 0 0 1627 0 0 0 295 48 9 0 5 89 3 0 0 0 0 0 240 45 0 0 0 0 0 0
 0 0 0 0 244 0 0 5 0 0 0 0 0 0 0 124 2 0 0 560 0 119 0 0 0 27 0 4 0 0 8 0 0 66 0 0 5 0 2 0 0 81 1 0 0 110 0 0 0 0 17 0 0 0 0 0 0 0 7 0 6 55 44 0 0 0 0 0 0 0 0 3 0 10 0 0 61 12 0 0 0 0 29 859 0 3 45 0 0 2214 9 0 0 4364 0 0 0 0 1 7 1737 0 0 0 1 0 77 31 84 0 0 0 40 602 0 0 0 0 0 0 0 0 47 0 202 0 735 254 0 0 17 0 0 11 843 170 0 2 0 83 0 14 13 0 13 0 8 0 4 0
 0 0 0 370 0 0 0 8 7 0 0 148 0 8 0 0 3108 11 10162 0 73 0 17 0 0 96 2 0 162 0 0 95 0 0 0 9 0 0 0 0 0 0 0 28 0 3700 0 0 16 0 0 0 17 112 0 0 34 296 1 0 2054 0 0 641 50 3 0 0 273 0 0 67 0 5 0 0 0 6 291 0 0 0 29 0 0 0 88 147 172 0 9 0 0 8 137 0 7 0 0 2952 96 0 3 28 0 0 12 0 0 283 50 0 0 31 0 0 0 9 0 0 0 0 0 0 25 0 0 0 0 0 16 1 0 0 0 3 0 247 0 0 0 86 0 64 0 25 2 16 4 0
 44 3 5 0 679 108 0 55 353 0 0 0 0 0 0 0 0 0 0 0 438 7 29 117 28 6 0 60 0 0 0 349 0 0 0 0 436 38 67 0 0 57 60 0 0 178 1 5 0 1578 37 0 0 0 0 7 7 0 238 0 13 1 0 4 0 0 51 0 75 9 0 0 0 426 47 0 0 0 0 0 0 8 196 0 17 1 16 5 0 9 3 73 10153 10 0 0 227 342 3 0 76 0 0 0 3 0 4 0 0 0 0 89 0 360 0 27 0 28 0 1 0 0 0 0 0 0 0 0 0 19 112 0 2 0 0 0 0 0 19 0 0 12 2039 0 0 0 0 0 16 1324
 0 0 0 936 8 0 0 0 0 0 0 0 21 0 0 2 0 0 263 54 8 27 507 2590 0 0 152 0 68 0 1 0 0 0 11 16 4 8100 5 44 2 0 0 101 0 14 0 0 0 32 0 0 0 5 0 0 6 292 0 150 0 18 43 0 0 1485 0 0 36 16 198 414 0 0 15 0 14 1589 0 6 0 1 518 0 205 0 24 0 0 205 0 0 1 542 3 0 0 17 0 0 14 8 110 0 7 78 0 0 94 0 0 0 74 299 0 102 436 2 79 0 139 0 0 94 112 0 0 40 0 0 0 0 0 0 7 0 12 0 0 0 399 0 1486 29 22 0 0 0 4 84
 22 0 81 8 0 0 1 0 61 3 80 43 75 0 0 3 4 10 528 8 0 28 0 9 0 5 0 0 0 0 11 301 7 0 571 0 14 414 0 0 41 3 0 134 0 0 245 195 0 0 16 76 0 20 4 7 0 0 0 19 0 85 0 1371 0 671 43 9 431 0 81 6 373 221 1 0 0 0 0 512 215 3 1259 0 0 20 0 0 0 6 0 7 0 0 28 0 0 16 6 0 5 42 0 0 1 552 0 0 65 0 0 0 0 49 0 0 0 126 0 0 13 0 0 1 0 0 0 5 50 0 0 211 26 220 0 0 0 0 927 1595 0 5 2 0 73 72 14 0 0 0
 0 0 0 715 58 0 0 120 0 0 0 36 139 0 126 12 1776 11 0 0 0 0 2 38 18 0 0 54 15 0 1 0 0 12 204 20 593 0 0 0 0 0 0 0 0 0 20 216 18 0 0 0 0 0 88 0 0 462 16 61 8 0 0 1 41 99 0 75 0 0 53 0 8 0 699 0 0 0 0 0 0 0 0 39 0 0 0 0 0 0 1 26 0 272 0 579 11 75 0 0 0 59 5 0 9 256 0 96 0 0 0 580 0 59 40 0 754 0 46 9 0 1768 0 1487 175 29 0 0 0 0 0 0 220 24 0 0 1 31 0 8 0 0 63 4 0 206 12 0 0 5
 0 0 0 0 0 9 0 26 6 0 15 0 24 0 217 0 8 142 1043 0 2 4 0 33 9 0 817 0 0 24 0 0 1 0 339 0 0 0 1072 23 59 0 0 8 0 1335 5 14 10 119 0 48 0 0 0 0 176 0 32 0 189 0 2039 0 0 0 0 21 131 74 17 0 0 0 0 0 331 6315 95 0 43 14 6 0 0 16 1 0 6 4 0 5 79 0 2 0 0 2025 5 0 0 1062 0 58 0 0 32 0 0 0 529 458 0 0 0 0 0 0 0 657 0 1839 0 27 0 0 0 0 7 0 2 0 116 67 20 1 0 165 0 147 0 0 3 0 0 0 14 0 0 0
 0 116 0 192 0 21 0 0 285 867 0 0 0 97 0 0 0 7 0 0 44 0 0 0 214 0 0 0 0 0 9 12 55 4 319 7 0 3 33 380 113 0 0 0 78 9 71 34 3 118 376 0 0 4 4 36 0 0 16 0 27 25 6 29 0 0 110 0 2 1513 59 0 46 20 0 0 643 7482 0 0 0 216 0 85 0 93 551 13 0 0 17 12 0 36 24 0 154 72 0 64 0 90 0 0 39 0 3 1 5 0 10 0 17 0 249 0 12 2 61 0 231 0 8135 231 0 0 0 0 0 0 4 0 4 0 1 2 113 349 0 149 0 0 2 47 18 5 0 301 0 0
 0 0 2 0 0 8 1 0 0 11 382 42 0 16 0 0 0 18 0 0 0 27 0 0 0 0 0 0 31 0 0 21 0 135 0 0 217 0 0 0 0 2 1 45 29 45 0 904 0 0 21 0 0 0 58 131 0 2 2 29 0 40 273 0 3 0 11 3287 0 0 0 1 26 0 56 1 0 0 0 0 38 3 209 0 0 23 0 0 0 150 0 0 0 1 0 13 0 48 229 0 8 0 5 35 0 0 46 0 1099 0 133 0 0 0 0 0 1326 17 0 0 29 0 1 905 6 0 0 735 0 317 0 0 0 203 48 1329 80 0 63 408 0 0 0 0 691 24 27 107 20 0
 0 0 0 0 0 0 0 19 17 0 0 604 66 0 0 0 2952 50 45 0 12 4 0 0 0 6218 12 10 37 0 0 0 0 197 12 0 1261 0 22 0 296 10 0 0 8 0 4 54 0 1 0 1327 13 0 0 1764 0 0 1 12 0 2 143 11 0 7 50 162 3 0 12 0 0 5 0 0 60 0 1 0 0 2 584 0 12 2 30 0 0 0 2 0 18 172 0 0 0 0 929 0 0 0 3 0 12 0 0 2 0 4 70 0 215 0 3 1 145 63 28 19 0 13 0 8 0 5 0 0 0 0 0 394 2 4 1 0 0 5 30 10 60 10 0 0 168 0 67 35 2017 1
