150
 9 105 0 178 396 0 0 5 912 34 901 845 0 0 0 729 0 4 0 787 0 0 162 0 0 73 28 21 166 0 46 0 0 0 2405 7 121 0 428 0 0 4023 0 0 0 0 0 120 41 24 1151 0 27 0 0 791 4 10 379 14 22 71 0 63 0 715 38 1086 5 1008 0 339 0 0 119 12 0 89 0 0 0 0 0 214 0 3 65 309 95 76 810 0 32 0 0 0 42 10 0 0 0 6 0 9 21 0 30 0 1173 0 0 0 0 0 0 9 501 0 7 9 66 207 0 0 0 0 0 1422 135 131 0 0 115 69 0 0 365 0 2 0 21 78 0 2383 0 0 0 5 0 99
 0 0 0 50 0 0 0 60 2 10 0 0 219 5 13 1 0 0 2 175 0 0 0 0 0 0 0 12 4 3 56 0 0 0 0 1196 0 600 0 0 5 598 0 0 0 0 0 0 38 0 0 3 0 2864 17 38 83 2 25 68 0 0 0 0 0 8 489 44 0 0 10 0 0 6 0 0 0 0 40 0 364 366 2893 0 0 168 554 2 0 656 0 241 0 0 20 25 0 45 5 1994 0 0 39 0 720 6999 143 0 33 0 0 0 2420 0 0 0 0 495 0 0 0 0 0 56 55 0 0 0 219 0 0 0 717 0 0 11 1 0 584 14 9 1302 0 78 14 185 11 0 37 0
 1751 0 38 0 32 132 0 0 0 0 0 0 0 0 4172 0 0 16 0 0 337 55 0 10 0 0 15 0 36 0 104 91 0 292 0 6012 0 5778 26 1 0 0 2 0 2361 1293 0 0 81 0 6 2 19 3 0 104 0 16 785 0 199 0 0 2846 44 164 608 0 118 12 0 6 0 21 1459 8 0 4 2 28 0 0 135 335 197 0 0 0 3 4 22 822 181 0 6 84 81 0 0 0 0 0 1 0 0 1660 0 72 0 12 0 0 0 84 5 0 0 0 51 131 198 0 0 138 2 156 0 8 0 0 0 0 22 9 98 0 0 3 0 0 5318 22 0 389 0 134 10 12489 0 10
 0 0 17 13 8 48 35 354 0 3 0 0 0 1369 32 357 17 0 130 0 0 27 0 0 18 0 0 1121 42 0 862 0 0 249 88 0 0 0 4 553 0 0 0 0 0 3 0 7 0 0 1339 0 0 797 0 26 25 1151 459 0 0 59 0 36 0 144 0 116 0 10 106 439 0 96 674 0 3 0 0 68 659 0 0 0 1961 0 16 15 10 41 0 46 0 55 0 628 266 0 17 0 0 112 988 0 1 1 0 1286 0 0 0 118 64 87 0 459 0 0 0 0 0 0 0 290 0 297 52 96 0 30 0 66 0 0 0 0 0 38 8 0 1 0 276 0 0 0 0 0 129 0
 0 845 0 0 56 0 3 0 0 0 27 0 0 0 0 17 0 845 0 0 0 0 0 0 0 1145 1336 7 71 0 8 285 0 5 25 218 44 0 0 2 0 0 0 0 0 0 15 22 120 2401 51 224 18 490 0 0 7 0 0 0 0 974 0 2 0 44 0 0 0 108 2013 0 73 0 5 0 0 0 0 0 0 0 0 0 47 0 2145 0 0 62 0 0 0 4 5 511 0 3 0 0 2 49 0 0 142 2 0 42 324 0 748 0 18 0 0 12 105 29 0 17 0 0 0 7 186 0 11 1148 0 3728 483 1268 0 0 4303 9 0 30 0 74 0 0 0 16 120 0 0 1 250 29
 0 0 0 0 822 42 379 13 0 0 151 364 0 48 0 0 0 10661 1138 134 0 27 0 1440 0 0 0 0 223 0 5 267 0 3303 0 0 0 4 0 0 0 0 0 45 20 145 406 10 221 0 0 0 0 3 0 0 650 446 0 0 0 52 1144 703 3107 0 27 0 20 8 505 0 0 0 763 10 0 21 59 215 0 11631 20 0 0 0 43 12219 645 171 7 36 56 2006 0 8 221 0 0 0 0 0 0 0 0 99 0 387 0 615 8 98 0 986 1157 145 11 24 0 1519 0 75 0 1 0 0 53 0 0 9 0 0 373 0 0 0 11 6 0 0 2 0 0 249 221 205 0 0 0 40
 75 0 340 0 0 0 0 0 0 0 120 9 0 0 0 51 0 0 0 7 3 0 0 0 17 0 2 489 164 4 0 52 0 21 145 0 134 0 2 54 0 0 0 1 0 0 49 0 169 0 0 0 300 0 30 0 6 0 31 24 14 46 0 0 0 245 4 79 1267 343 322 15 7 11380 6 0 43 1650 4075 30 0 0 0 183 1 4596 79 0 0 0 144 0 864 1 321 16 0 0 0 0 35 317 0 72855 168 0 33 98 0 127 1753 0 0 0 5518 38 0 143 1302 30 119 0 0 0 0 5 653 181 0 0 0 0 9 24 89 63 244 0 0 1 21 48 14 0 0 26 96 421 0 166
 0 0 41 0 167 0 0 221 31 598 846 0 0 0 1478 0 65 0 22 1338 361 0 0 156 2 0 0 0 12 0 12 37 0 1 3 606 0 264 0 0 0 0 0 1 431 0 0 0 0 110 0 482 16 1008 366 1203 0 5778 0 0 471 151 398 0 0 0 34 14 143 0 6 50 0 0 73 0 0 7 0 0 214 0 253 7 43 0 378 0 10 26 0 3 0 78 489 54 0 201 489 0 0 23 7 2 0 4 305 11 0 4310 143 0 0 228 0 0 0 0 0 460 0 0 84 0 2270 0 0 0 0 0 0 0 0 0 0 0 0 0 0 0 0 0 0 495 645 0 0 10 0 0
 0 0 14 13 190 143 1002 0 1 0 0 0 0 0 52 0 141 175 137 8 0 75 671 0 0 0 44 2 9 0 735 0 8 129 0 0 0 0 0 99 0 0 0 0 145 0 1 3599 0 622 61 0 3 77 5027 4 0 667 0 18 1943 0 0 0 0 1 42 0 0 703 0 1956 2 0 0 2 0 44 0 139 18 0 13167 0 224 0 0 0 52 651 0 0 2601 5 3 8 14 0 4 0 69 0 12 20 138 0 37 0 0 0 50 92 426 0 235 1 0 0 0 2 451 3 0 0 0 0 0 567 3731 1161 0 0 239 0 0 7 120 0 597 0 12 0 0 64 0 0 0 0 102 0
 0 0 0 0 40 23 18 0 505 2 0 68 0 0 37 0 60 10 0 0 0 0 25 0 0 0 10 0 455 0 0 43 0 6259 30 198 96 0 27 107 98 190 457 156 102 77 11 1212 74 0 0 0 7 0 0 0 1 4 0 0 42 0 0 685 105 0 31 0 5 0 259 0 89 451 0 31 581 365 7 0 81 0 0 480 0 0 0 0 330 0 0 5 0 0 0 0 305 0 0 10 0 0 0 50 2270 0 0 86 0 0 252 80 0 390 0 19 0 0 0 0 0 4 0 0 0 1 1202 38 0 0 0 34 0 4 0 0 0 257 0 8 0 120 22 6 0 45 3 0 7 1960
 0 105 0 9 0 0 0 0 5 117 1160 12 26 10 4 0 46 0 4556 0 1 0 2796 0 0 0 0 0 26 0 0 50 7 0 120 0 420 53 0 30 8 80 168 0 183 89 0 0 0 0 1208 0 414 0 79 0 577 297 0 0 0 0 0 0 4 0 30 0 0 0 50 0 138 208 0 72 0 0 0 0 0 0 0 15 0 0 8 46 89 3 0 0 0 16 0 0 0 0 12 143 188 525 0 0 0 0 41 10 0 0 1019 14 273 0 0 156 5 11931 0 0 0 0 6 0 550 0 0 0 0 216 0 0 0 15 73 0 0 7 28 0 18 7 44 18 0 0 0 708 0 1931
 0 42 38 371 3 0 0 46 143 0 0 749 446 181 49 0 0 62 0 73 46 406 23 6 0 0 0 0 0 201 0 20 1 0 2 65 218 15 0 0 77 15 11324 0 0 33 0 5 955 0 0 166 2018 119 47 27 0 66 0 9 0 60 486 0 0 0 0 0 0 0 0 0 0 0 0 0 28 0 339 0 20 0 0 0 302 1 460 0 208 0 0 46 0 0 2 60 18 19 5 0 0 0 0 0 0 224 0 0 0 838 43 0 1119 0 0 336 0 0 0 76 75 0 105 0 0 0 206 0 27 591 0 0 16 0 0 0 0 0 75 11654 0 0 3 446 0 0 15 11 64 0
 38 0 10 38 956 0 5 25 73 78 0 0 375 17 0 0 16 19 16 113 0 0 1908 34 0 0 20 2448 0 2820 319 0 888 0 8 0 0 0 0 15 0 26 0 61 5 0 0 21 2345 0 16 0 0 0 0 0 1292 0 0 0 19 0 0 7 0 0 46 27 0 0 0 0 11 0 649 22 47 12 1 0 98 0 234 3 0 0 10 13 196 0 0 0 0 439 923 21 0 0 0 997 240 0 0 546 0 0 4 0 1763 0 0 0 0 362 2343 1 0 3 0 0 4240 0 0 0 3 0 0 18 80 0 275 0 13 0 972 0 0 0 0 33 303 42 166 0 0 0 0 71 2032 0
 91 0 473 0 870 0 31 0 951 98 0 0 0 0 0 0 2 28 440 0 38 20 0 19 0 0 16 0 0 5 0 10 67 0 46 0 0 19 3 0 0 2 0 22 0 0 40 33 0 0 0 541 14 0 123 120 0 0 0 0 326 0 18 0 0 0 0 0 149 0 0 0 0 0 0 16 0 3 0 10 53 0 1 0 0 1 0 0 615 0 0 0 521 354 8 10 0 0 0 0 55 137 25 0 1795 0 0 295 0 14893 0 119 128 16 870 3 0 0 0 0 74 0 0 31 35 2 25 0 32 0 0 0 0 0 0 0 0 134 0 0 188 12 221 203 4 50 14 25 0 0
 0 0 0 0 0 1764 36 0 0 0 0 0 0 77 5 0 0 0 125 0 28 11 0 0 23 98 0 55 630 0 1958 0 65 514 0 71 12 25 0 206 88 78 84 27 4 0 0 0 14 0 505 1192 0 0 91 0 243 0 0 0 2026 0 545 0 7 0 0 0 115 2 11 0 7 0 0 0 244 0 140 70 0 250 46 1041 0 0 0 1236 0 0 0 0 0 0 0 183 0 0 11 0 7 477 34 0 0 0 4 0 0 0 424 156 1287 0 0 13 169 0 0 0 34 18 95 349 0 0 131 10 0 735 0 0 0 0 0 0 85 0 174 43 374 283 0 1 11654 0 0 56 2 19
 0 0 120 0 0 34 0 1100 72 29 64 280 4 36 0 304 2080 317 13 99 0 0 1695 0 0 0 0 0 0 572 0 0 165 57 0 0 290 359 10 0 2 409 0 6 10 0 0 21 0 20 103 0 95 1109 6 5682 0 0 0 0 13 0 24 294 27 3 0 0 0 0 0 69 2810 0 439 0 3 0 0 0 0 16 0 0 0 0 0 87 0 0 31 168 0 106 66 169 49 0 0 0 0 40 0 0 0 9 0 22 0 0 86 62 0 126 29 0 352 0 127 135 3 98 16 0 0 0 0 0 0 0 5 4 34 12 0 1085 0 0 0 5 0 0 14 0 8 0 17 100 5027 0
 4 9 8 0 4 0 253 0 0 0 0 1154 0 0 19 0 0 0 0 84 79 0 0 300 0 34 0 0 142 36 0 1835 507 0 0 1712 1 0 1711 0 0 28 0 4 20 0 258 0 0 0 3 0 0 25 45 39 0 0 0 0 0 6 0 0 12222 0 3933 1837 0 34 3626 0 406 0 16 0 26 0 0 330 85 204 115 0 0 0 38 603 89 0 8 185 0 0 0 0 736 2 67 425 0 496 0 429 0 8 0 0 165 0 0 18 55 4 202 0 139 49 0 1014 0 147 1 305 0 58 0 232 0 0 0 0 0 0 10843 0 104 0 13 0 0 0 0 1553 0 0 0 3 145 0
 0 156 0 213 0 0 5 18 0 0 3 0 0 0 27 0 10 5 422 979 188 0 2311 0 0 65 32 212 0 19 0 363 212 36 26 10 5 97 0 173 0 1 0 0 29 0 0 113 1369 295 0 145 186 0 2 65 23 1 0 10 0 0 56 0 0 0 30 296 10 4 97 182 55 0 0 0 5712 0 0 0 0 108 0 0 0 0 0 0 0 0 2 5 48 10 479 0 80 0 2817 0 9 0 1059 1183 0 0 0 0 0 0 0 0 4 327 0 459 27 0 91 0 0 0 139 521 0 40 0 13252 254 50 0 146 4303 0 2 115 0 29 0 22 16 0 18 120 0 0 0 0 16 0
 2342 0 81 0 427 0 208 0 0 922 0 413 0 0 0 0 6646 0 14 7 0 0 13 0 282 171 638 0 0 130 0 0 110 0 364 0 4 0 0 286 1184 0 0 23 0 372 0 0 11 248 31 0 267 0 5 0 0 0 0 1317 138 0 29 88 3915 0 596 38 0 0 0 48 0 37 0 1 0 0 717 0 107 656 685 0 0 1844 0 0 0 142 0 0 16 0 2 0 73 11 0 0 690 30 29 0 115 4075 0 0 0 14 51 7 15 319 0 388 0 0 2094 0 0 0 8 0 0 0 3 0 38 0 65 579 4 0 4 0 94 1514 0 179 6 0 675 0 0 18 0 83 79 0
 0 0 302 11 75 0 0 0 0 8 2 0 0 11 0 0 0 0 0 3 0 500 133 79 42 3 43 370 0 367 3 0 0 0 0 0 0 0 0 147 0 16 0 581 0 46 0 0 0 0 17 0 0 10 7 14 0 0 2 52 7 0 0 125 851 0 1 14 692 0 8 76 0 0 0 0 26 0 19 12 0 23 1040 2 0 1 1848 0 0 0 0 4 4007 0 0 0 0 0 23 691 24 139 0 0 0 0 0 0 10 11 0 0 0 2 0 21 0 115 749 10 0 0 0 54 166 0 500 55 85 0 9 0 94 0 0 377 277 0 0 1625 0 0 0 0 0 50 2 8 93 0
 1 79 0 44 46 0 0 0 189 4 0 0 120 0 0 138 0 0 95 564 0 42 0 0 419 34 0 0 0 0 5 0 10 14 159 0 141 128 0 73 0 0 0 0 30 0 25 806 0 13 2 221 10 0 52 110 0 0 0 0 24 14 575 1718 33 0 961 0 0 0 564 0 86 283 0 10 295 15 0 0 0 0 0 0 0 0 0 660 6014 11 4 0 0 55 1 442 0 0 0 0 2 0 35 0 0 7 0 47 0 0 0 0 90 0 0 0 0 34 0 12 0 0 142 5 0 0 2258 0 2 0 36 0 0 189 3 0 0 28 27 0 108 0 0 0 120 3 0 0 100 0
 119 2 0 0 142 0 141 0 0 1 22 0 61 0 0 344 11 124 73 0 0 4 0 0 0 0 0 0 153 238 212 26 4 0 0 0 0 16 0 582 0 0 0 258 40 0 49 1777 0 47 0 50 0 119 0 43 0 30 0 0 0 0 31 0 2888 0 0 473 440 0 0 0 68 190 0 0 0 0 0 611 1035 113 0 0 0 0 0 138 159 0 0 0 88 0 1424 0 4 0 0 0 0 0 10 0 0 0 0 626 0 0 120 99 0 0 49 0 104 83 0 284 0 2232 338 0 232 0 426 0 24 0 16 0 0 0 15 0 226 0 84 0 0 25 0 82 0 240 0 6751 40 0
 0 1284 246 85 80 26 1 742 0 0 0 0 0 22 0 0 167 0 0 0 1952 20 15 0 0 0 0 36 0 14 0 0 23 0 0 0 0 0 0 0 887 0 0 0 2 125 0 1 0 0 1 0 112 0 261 0 62 4 0 0 1078 4504 46 1227 120 23 4 0 187 44 0 0 0 0 0 0 7 3 0 159 0 0 0 48 0 0 1042 10 7 0 139 97 0 0 0 0 123 222 0 0 0 0 0 17 24 0 0 0 1706 322 0 0 0 53 0 0 0 0 600 302 0 0 86 143 0 28 122 42 0 15 0 10 0 0 25 0 0 132 0 0 1530 0 0 0 51 0 358 51 145 18
 70 16 0 71834 76 0 160 0 157 5 213 0 0 0 1 298 0 974 956 0 213 17 1027 2 0 70 0 0 374 383 0 0 48 0 1857 0 0 0 0 0 30 44 0 0 14 129 0 0 57 379 23 200 32 0 88 0 0 31 0 0 26 0 0 0 0 0 19 407 13 437 0 261 0 0 0 0 0 140 43 0 42 0 14 247 0 32 6 126 0 0 0 50 1 50 110 0 0 0 115 0 0 1 0 183 0 0 0 52 0 0 0 3 4 0 0 0 0 9 81 0 0 23 109 20 0 0 684 0 0 0 0 0 44 0 0 0 0 20 0 0 0 7 110 0 0 0 0 29 2598 0
 0 28 113 0 0 5814 0 0 539 526 11 0 0 138 0 14 23 131 0 0 0 44 2 5 2016 418 0 0 30 196 0 0 0 548 4 47 0 0 0 32 0 0 0 0 0 0 0 161 7 257 0 0 0 0 40 68 1277 0 41 0 0 1732 26 21 3 0 525 165 63 0 719 173 0 34 0 0 867 49 0 44 0 0 0 73 899 690 0 378 977 0 130 0 0 44 0 0 5 1 8 13 1308 0 0 3335 1274 98 0 0 647 0 0 304 674 266 0 273 1 12 8 508 406 131 90 0 452 0 214 0 0 10 14 5 11 0 15 0 4 0 46 0 173 17 19 230 66 0 0 0 163 210
 0 2 4 1 0 17 264 2 100 68 9 23 845 0 0 0 0 0 0 0 0 2 6 0 0 0 0 74 285 0 0 0 0 76 285 199 201 0 1493 40 0 388 1973 0 0 43 0 16 2 0 0 0 437 0 4 0 0 3599 0 0 0 8 10 2213 356 0 0 9 150 34 0 0 27 0 0 29 924 0 0 17 0 0 3582 322 0 35 0 0 0 66 3 0 0 4 0 0 0 0 0 29 48 80 5 1 0 0 28 0 0 0 0 0 2 0 27 0 686 0 125 46 128 91 0 188 0 109 0 46 1 29 49 2908 2 0 48 4 0 76 1416 0 0 0 7 242 6 10 145 791 14 0
 0 3590 0 0 0 423 0 0 0 0 101 86 0 0 6 5 0 0 0 0 1119 0 10 111 20 939 1 979 0 9 3 0 0 220 15 0 0 45 57 9 0 138 0 328 176 0 0 4372 0 0 1943 0 0 0 1445 13 2269 0 1094 0 229 1193 838 10 0 63 0 3 873 98 32 54 0 0 491 15 0 0 0 216 0 21 2 8 5 4 180 42 0 280 170 0 0 209 220 18 0 12 0 557 0 0 0 0 36 73 0 0 684 0 41 19 275 5 13 8 0 0 102 0 476 0 0 0 67 0 0 10 12 0 0 0 5 0 0 3 1056 0 1 0 3 4 0 0 6 0 0 439 192 0
 0 0 72 0 0 19 0 2013 0 83 375 9 0 500 0 104 376 0 68 0 217 36 0 1 24 0 0 12 197 0 0 197 0 0 533 902 0 0 115 0 0 158 0 0 0 0 130 11 0 0 30 0 0 0 336 0 0 0 0 560 2 18 3 0 0 0 145 0 0 12 21 0 3 557 844 1721 0 0 0 0 21 2 0 442 11 8 3 349 0 0 14782 0 710 0 0 0 24 0 0 0 2 7 4 19 0 0 2 0 7 0 0 9 20 157 0 84 381 0 0 0 0 0 0 12 12 0 109 2015 0 0 0 0 1563 0 10 13311 0 3 0 0 0 0 0 1292 0 0 1552 0 453 0
 0 0 0 0 0 0 0 0 0 0 0 1 41 0 0 49 0 652 0 104 0 0 0 0 0 0 10 0 16 0 0 0 7 0 106 0 527 0 0 3288 9 325 0 93 37 0 75 0 0 0 0 19 0 0 893 0 0 0 0 15 544 1 0 0 27 0 0 0 0 7 358 15 101 165 0 0 18 5 0 481 0 1118 1 0 0 187 0 0 0 201 281 254 0 16 1004 0 133 0 0 3 0 5249 0 0 0 0 0 34 164 0 203 142 518 153 0 816 117 1 0 5958 0 10 0 1154 1 0 0 222 0 20 0 131 72 0 77 0 0 1 322 0 3712 0 0 0 178 0 26 37 0 0
 155 0 1530 178 43 476 0 2260 112 8 13 0 0 0 86 0 0 0 0 0 92 0 0 0 0 1160 0 0 141 0 0 1 0 426 53 13 0 27 66 0 0 23 0 58 0 0 16 1221 0 0 0 0 0 12 216 0 0 0 0 0 224 0 1 0 3 0 1308 41 326 0 376 14 17 0 97 27 0 0 0 414 0 12 383 46 11 0 0 0 0 33 0 73 0 0 0 6 0 0 0 188 0 377 0 4587 0 26 235 0 0 0 1337 0 0 13 572 170 0 0 0 61 0 24 0 0 25 2 0 0 0 44 0 6 0 0 0 18 0 1546 9 0 1 50 29 17 17 2 10 360 0 0
 0 0 0 0 0 0 179 0 0 874 893 76 0 113 0 8 47 1997 116 0 0 0 1343 465 0 43 0 1 234 0 22 0 0 0 58 0 0 144 10 0 0 0 63 0 15 370 79 0 0 162 0 3729 40 443 0 0 0 0 0 0 0 0 0 0 0 0 0 2 1 0 0 34 0 43 722 579 0 0 0 16 0 0 0 11 0 0 59 0 361 55 609 6 37 141 0 126 1394 20 0 0 0 0 71 0 33 0 4212 0 0 0 11894 79 0 0 949 219 0 0 0 1292 65 70 0 0 0 316 0 0 0 0 2067 73 0 0 9 99 0 0 0 31 0 8 0 0 0 5 0 0 5712 0
 6 0 0 0 0 0 0 0 142 0 0 0 0 0 131 928 0 0 3 940 55 0 0 181 7 110 0 0 4 0 13 40 55 1340 0 170 20 0 16 103 4 0 0 0 2 0 0 3 261 0 23 0 42 0 264 1 581 0 3400 324 41 9 0 27 197 0 4127 234 0 28 0 7 1541 0 0 0 1868 0 0 22 0 0 56 0 0 1 0 0 48 23 126 0 8 16 38 0 0 9 0 0 1133 70 0 0 4 0 5 0 0 44 129 202 39 2 0 2 0 0 0 4 8 88 0 0 2 0 5 1332 0 0 374 163 0 0 0 33 0 0 39 0 0 0 0 0 0 239 9 0 0 0
 5777 195 124 41 20 11 0 5 0 0 0 0 0 0 0 0 0 0 0 365 0 0 0 0 679 60 294 386 0 11 49 0 65 4128 0 0 0 285 16 0 0 14 0 0 0 28 0 0 39 0 541 37 0 818 398 0 0 107 4 0 138 79 96 0 0 0 1426 515 657 0 6 0 0 0 0 0 34 0 723 0 0 0 250 0 0 0 0 0 37 0 0 0 4 0 3 0 0 0 131 0 0 77 0 0 14 435 72 424 0 200 0 63 1824 133 21 127 0 0 81 0 0 0 195 0 0 14 0 0 234 0 8 0 0 8 0 0 178 22 0 34 5706 9 2878 29 0 0 0 0 120 100
 109 24 0 0 0 0 0 0 0 0 2 56 1546 36 0 0 356 0 1 3 0 9 74 434 0 0 0 11 1 0 0 0 0 2 14 38 0 0 0 36 138 0 14 0 0 0 857 0 0 0 0 6 1782 0 20 445 13 0 0 197 0 0 364 0 13 0 0 0 1048 0 12 0 411 0 11 0 0 72 19 0 10 0 0 0 0 0 0 0 0 128 0 222 0 1 2492 0 57 0 26 0 36 10 0 0 653 0 19 0 0 0 579 714 286 4 0 0 33 321 889 17 9 0 288 44 277 6 0 3 1010 0 0 51 575 0 15 3 0 0 0 1466 0 1847 716 19 104 0 20 0 0 0
 0 32 5 0 0 20 0 0 43 0 0 0 0 0 19 2 3 0 0 10 0 27 104 0 0 0 0 0 0 0 0 330 36 0 0 1853 119 1 0 43 24 0 0 0 114 0 0 0 0 0 0 0 0 18 123 939 0 56 0 114 3597 34 91 0 5 257 0 0 0 4 2 4 195 0 372 0 324 0 0 749 0 0 0 99 13 0 0 174 0 0 0 7 300 0 0 77 0 1 0 108 2836 0 0 19 4 25 0 1040 115 25 206 0 13 0 0 0 2061 26 10 0 0 105 8 0 196 22 3 15 0 0 7 0 0 0 0 0 43 41 0 73 0 0 50 0 0 0 0 0 0 0
 0 0 0 371 0 146 0 0 3 0 12 0 17 1122 0 98 0 0 126 43 0 462 10 12 0 0 1290 0 55 0 47 0 4614 0 0 112 1048 0 0 0 7 0 71 6 0 0 0 841 0 4134 0 5904 0 48 0 57 1 0 0 50 0 49 4 49 0 0 0 0 0 568 21 108 0 279 14 1259 0 50 0 0 0 10 75 0 0 20 0 2 0 3 0 0 436 43 0 0 0 0 27 13 44 0 0 0 4 3 0 0 0 0 0 0 0 0 0 0 0 0 713 63 0 26 15 0 0 0 10 0 0 0 0 145 19 0 0 0 0 957 0 0 467 19 0 0 0 0 48 0 6 18
 0 0 1315 12151 0 23 0 484 59 0 0 0 38 445 0 0 0 0 0 114 0 3 541 268 217 0 39 77 0 4 3 0 375 528 0 0 10 132 0 10 1 5 4 56 0 0 0 2 376 0 0 4 0 24 0 14 9 0 0 0 7 0 0 220 4 298 0 2 0 0 17 18 639 0 0 10 0 64 177 260 0 0 0 483 0 575 59 34 0 382 1834 22 0 0 1838 23 0 966 23 0 3 0 2 3 0 0 0 699 0 0 0 0 0 0 0 0 0 55 0 0 593 1513 0 421 2 0 0 0 19 4 0 0 0 109 0 65 0 0 246 0 0 0 0 0 0 0 517 924 0 0
 25 0 0 3 147 0 38 0 233 84 0 0 570 0 0 0 9 0 88 152 0 0 31 44 30 1 0 0 26 0 0 198 0 58 0 50 0 0 3 4197 0 0 385 0 118 0 0 448 0 0 56 250 0 13 10 0 0 0 0 0 1 0 0 0 542 17 8 0 18 35 0 17 0 117 0 0 0 0 0 77 0 1 0 2409 0 6 236 0 0 286 0 0 631 0 0 1140 20 0 325 0 0 21 936 0 6 5 0 0 0 0 0 73 0 0 0 0 0 63 1287 0 0 0 114 15 0 5 16 11 0 93 0 1656 0 0 0 0 0 0 13 0 0 0 0 0 0 2 345 3 25 57
 0 197 0 0 29 470 0 31 249 0 77 2 345 0 4 0 0 9 30 339 309 0 9 6 39 0 0 0 122 0 0 0 0 1 143 959 0 0 47 0 127 0 9 0 143 187 0 0 0 3797 3 296 3 0 122 0 24 8 18 4 2547 0 84 0 0 0 336 6 2338 0 0 5 0 0 0 157 0 0 1090 0 38 567 0 0 113 34 71 0 0 304 0 151 0 204 0 2 0 0 22 101 2 0 0 3507 0 55 74 0 0 12 0 431 0 836 0 135 105 0 0 6 1048 0 45 15 0 0 0 0 0 35 1149 0 173 0 0 0 11 1209 0 0 0 0 0 0 558 4 0 0 150 0
 11 2 0 0 0 2 0 1 0 0 0 7 0 1 0 1479 4 0 0 0 0 0 234 112 0 0 0 1293 0 1 48 0 0 0 0 284 0 0 59 70 0 915 27 868 0 0 0 0 1119 170 75 11 0 0 0 0 89 0 0 1284 45 0 0 4 40 0 0 0 1 0 0 0 0 0 17 0 0 913 13086 89 6 16 0 0 0 0 33 0 0 35 0 0 7 12 178 0 148 0 104 110 44 0 0 39 52 0 1 26 0 0 25 0 3 63 27 24 49 0 0 0 174 139 0 48 48 2 126 100 1513 503 0 0 0 653 0 177 524 13 0 0 89 1207 80 0 0 325 0 0 86 2
 179 0 70 18 13155 37 10 4 0 0 0 0 588 36 0 0 4416 81 0 1796 667 114 0 0 407 25 16 40 0 728 1 0 9954 0 0 0 0 1 0 0 47 0 0 0 3 61 2 2 0 176 0 0 8 19 96 47 137 13 32 135 2404 0 0 270 0 4 0 725 0 0 30 0 0 0 0 112 0 11075 49 18 40 0 0 0 0 0 3 18 0 0 0 0 0 0 0 12 0 0 0 966 244 0 0 0 0 0 156 0 325 0 0 431 0 314 0 0 91 0 707 0 0 460 2 943 0 0 0 0 0 4 0 122 216 0 0 0 629 0 40 0 400 344 6 0 0 52 0 0 251 330
 0 0 46 18 0 333 9 10 36 0 0 0 0 0 0 0 0 0 15016 0 4110 82 744 0 21 0 0 0 0 0 132 0 0 3 26 45 0 408 6 0 270 0 1 25 0 118 18 0 0 0 0 0 5 0 209 0 0 0 0 101 2859 2012 1849 0 0 58 0 47 14944 0 0 0 0 0 0 38 0 329 393 1 9 0 0 25 269 10 0 0 0 0 0 0 0 2429 0 0 0 238 2 28 0 176 0 0 0 15 0 0 18 0 0 369 0 373 0 20 0 15014 0 556 50 17 0 0 1120 0 0 0 0 36 0 31 87 0 0 14 0 0 0 0 0 653 0 0 0 383 260 264 0 0
 32 0 0 482 2060 25 12 4 0 0 0 0 110 541 0 282 4 0 0 168 1100 24 221 839 1 0 37 28 24 71 0 2 25 0 1253 0 0 0 0 0 0 0 1 0 136 299 0 0 0 40 16 33 0 0 0 0 0 0 0 0 0 1 1127 0 157 0 138 0 0 0 0 0 41 0 142 1 105 0 572 0 36 0 50 0 0 6 0 244 0 0 0 37 4 0 524 13 24 47 167 0 70 0 0 0 1 0 0 0 1 0 0 7 0 0 48 166 3 72888 992 0 293 132 53 0 0 25 0 212 931 0 0 0 70 0 94 81 0 0 0 0 58 34 0 93 4 113 81 0 0 768
 32 0 675 0 42 0 0 0 475 0 393 143 0 0 0 0 0 0 0 0 51 0 26 721 13 215 0 173 0 0 651 50 259 1148 0 0 0 31 3 0 649 0 0 91 1428 0 0 5 0 0 80 0 0 127 0 0 0 200 0 0 8 747 197 550 0 0 49 1 42 637 0 0 0 370 39 0 91 13 0 0 9 0 0 3 0 1369 615 47 1507 5 5 0 0 0 0 0 0 0 1 0 59 0 39 18 0 0 86 6 0 0 0 308 0 0 6 42 0 0 3 0 4318 457 42 9 54 22 0 0 0 53 0 19 0 0 0 0 0 8 0 14 90 0 44 0 0 287 0 0 0 217
 15 146 0 63 118 0 195 0 0 0 0 16 0 286 0 0 0 0 55 17 0 0 0 0 36 2 0 1511 0 14 0 0 1 46 0 50 16 0 0 119 0 90 0 0 55 301 177 24 0 0 719 0 0 234 0 0 0 0 5 0 4 0 0 0 0 113 111 2867 1 65 0 0 0 0 2 0 0 0 0 0 76 33 615 0 747 0 0 25 0 2257 431 479 0 85 76 0 561 1 0 0 0 42 0 0 80 4 0 0 0 0 3 936 23 0 430 0 0 0 0 0 0 0 11 39 28 153 0 3 22 260 0 200 358 1 44 268 0 12 0 14 11 447 27 703 27 491 297 0 0 0
 600 14 0 0 2 0 0 0 6 0 0 0 5 1017 0 0 20 0 0 0 30 0 0 0 0 0 1608 20 33 98 0 10 0 77 5 0 677 41 0 86 0 0 0 0 0 77 258 0 1 46 76 172 0 4 0 830 1976 1393 0 0 0 900 154 3 0 14 0 0 0 0 0 0 12 0 0 62 47 0 0 0 17 0 218 0 21 83 304 13 7 1 0 0 34 0 4 3 0 98 0 726 0 584 27 0 0 0 0 0 6 0 0 0 99 188 1713 0 13 0 1 0 105 92 2407 0 9 0 0 0 0 0 46 0 0 0 0 3 116 148 0 0 0 0 0 0 0 3143 0 0 0 127
 21 125 2 2 0 0 0 481 0 0 1066 53 0 0 0 10 0 1 35 0 0 0 49 0 494 3 237 0 0 0 0 64 3463 0 1704 1101 2 2 199 8 0 0 37 12 0 0 17 2 0 0 0 171 0 0 0 0 55 133 0 990 1154 0 294 0 0 14 301 0 0 990 4313 5888 0 1 0 96 0 3 0 0 9 0 0 50 17 0 0 0 51 10 138 0 77 6 7 0 93 32 0 0 262 477 0 11 0 489 0 43 5 0 46 0 0 15 0 47 160 0 205 95 896 14 0 0 0 45 0 0 0 0 0 26 0 0 0 0 12 0 184 0 34 23 0 38 0 0 0 0 5 0
 0 200 1 0 0 0 21 115 0 0 15 0 0 0 0 0 54 0 0 1130 0 0 0 0 0 0 0 0 794 0 481 0 0 286 563 0 0 0 11 226 0 83 27 0 0 7 0 0 0 119 224 0 0 0 0 0 0 2907 122 760 0 91 0 0 0 243 0 0 7 0 0 40 2077 5 0 15 0 10 108 0 0 0 0 11 43 0 144 2 2077 5433 4 13 0 82 21 690 14 0 37 0 0 0 82 0 28 0 0 0 5 0 0 67 0 0 24 91 0 0 119 0 24 0 0 0 27 0 0 85 658 1149 90 146 0 4208 0 572 0 2 0 2379 20 24 0 4 0 0 0 0 0 0
 0 0 0 131 0 0 0 7 55 0 20 0 0 5 0 186 0 0 0 1253 1 188 7 0 0 0 0 1200 39 1 81 0 0 1922 1154 133 0 17 0 0 10 764 7 56 11 0 638 14 6 0 0 15 0 10 0 0 329 0 1 416 11 0 0 0 0 56 0 0 20 425 93 0 0 0 1290 47 0 0 0 0 0 0 0 124 0 8 0 0 0 68 992 0 0 2 0 0 0 0 0 93 0 8 0 0 225 0 0 0 21 0 12 48 46 0 37 0 630 0 0 0 21 8 0 60 95 0 0 0 365 0 0 0 2014 2 0 0 0 7 155 0 0 0 24 439 0 0 0 0 0 16
 0 55 41 160 0 84 21 0 0 69 2 84 279 21 7820 0 63 0 0 466 0 0 20 0 0 2333 127 20 104 273 0 103 11 182 146 0 38 28 0 0 0 654 0 35 298 0 0 0 0 0 0 34 375 6 8 0 31 0 0 0 12 9 0 0 0 2 0 15 0 34 0 0 336 198 0 15 7 0 59 0 0 3 0 0 12 0 0 24 106 0 0 128 0 0 0 5 24 0 11 0 0 653 0 36 939 0 36 0 0 0 305 2 0 5 0 19 77 32 0 0 47 0 0 0 4 6 73 0 256 0 0 489 798 0 2 97 0 0 0 45 3 0 0 0 23 88 0 0 3 0
 0 1 0 0 0 214 287 16 0 132 0 16 0 55 0 0 0 0 0 0 0 0 0 0 2 42 0 0 890 154 45 0 0 177 23 18 26 0 0 0 60 0 0 0 0 0 320 0 0 32 20 17 0 0 0 0 420 0 0 60 0 64 91 7 0 9 0 13 716 0 0 1 0 56 0 0 5899 1301 35 1 92 0 871 0 134 69 77 379 4 0 0 49 0 5 1785 14 0 0 0 0 29 0 0 0 0 3349 0 65 0 0 2 670 0 0 47 0 0 690 0 20 0 64 17 303 0 0 2 0 0 8 0 443 0 36 24 1784 0 0 0 227 0 2341 0 102 20 12 7 0 0 16
 166 0 0 0 0 847 83 0 10 19 59 0 533 0 0 269 0 0 1162 0 0 0 7 0 549 51 105 23 0 120 0 141 0 0 0 0 0 0 0 0 674 177 0 0 31 0 0 3 0 0 0 0 1 19 28 46 290 75 6 3 0 0 0 0 361 75 0 672 0 162 0 0 0 2 33 68 33 169 193 0 2060 0 0 1066 12 2 3 81 84 0 16 0 0 1849 585 0 1 0 1855 0 0 0 0 0 89 188 0 447 4 0 1 48 0 45 0 0 5 0 58 745 0 0 0 1984 0 0 80 41 216 0 38 0 450 11 0 0 304 0 0 0 0 46 947 0 0 49 0 61 36 0
 0 329 0 682 0 34 0 0 0 0 0 0 55 0 6 0 324 0 0 46 0 4 0 0 377 0 383 0 13300 1468 0 0 27 0 88 516 5720 3995 0 294 0 0 750 84 16 89 354 201 35 0 6 0 130 0 0 47 3 708 34 0 0 329 11 0 89 0 614 807 1 459 5579 0 1 9 177 0 35 0 0 1 5 181 366 0 0 0 0 0 48 0 379 2 1 0 312 0 3 0 302 0 0 0 0 33 43 1763 20 0 0 27 0 0 419 0 899 0 397 0 123 0 0 0 16 0 0 10 508 26 592 0 343 5 9 133 0 0 0 0 7 29 0 15 688 68 896 5 0 62 95 0
 6 0 0 0 0 0 1 0 0 0 90 0 13309 17 0 0 0 1468 49 0 281 0 2139 20 356 6 644 1168 0 0 0 5 0 45 0 0 0 0 44 228 0 0 28 0 0 0 216 21 0 0 58 0 6 48 333 13 434 3 0 926 0 42 0 0 0 0 53 0 0 39 0 3742 0 0 0 430 0 105 74 1377 145 0 248 600 0 5 6 0 0 0 0 9 0 0 0 0 1 0 0 344 287 0 280 30 85 13 0 6 0 0 0 0 2 134 5 49 0 0 0 84 0 222 483 0 0 0 0 0 0 92 287 0 100 0 0 1207 0 0 5 0 229 0 433 0 37 1317 6 0 13 343
 55 0 195 43 453 22 0 0 0 177 0 0 1 0 0 0 0 0 0 0 0 3974 0 0 0 0 0 0 0 0 4 0 0 0 0 9 22 0 0 422 0 0 23 13 246 1728 13 64 29 0 6747 0 121 0 1322 63 0 0 161 0 0 0 64 0 0 119 0 0 0 326 0 376 0 82 0 1 0 12 0 0 0 0 438 874 0 0 3 3 114 84 240 0 0 0 0 0 1 0 554 0 0 0 0 60 0 42 0 77 0 192 135 1 34 0 0 85 134 431 0 0 1478 0 1093 0 0 0 0 40 0 0 0 0 0 0 0 0 257 0 0 0 20 0 0 60 4 0 7 0 0 15
 0 0 0 0 0 0 1 0 0 198 18 0 46 0 7 0 0 0 596 0 0 0 0 10 0 0 0 74 0 23 3834 0 166 0 0 0 0 72 429 7 0 12490 197 209 5 0 8 171 13 23 10 0 0 0 0 0 0 0 2872 84 7 16 0 509 24 0 0 0 0 22 114 0 0 292 0 0 31 0 3 0 51 0 121 46 1468 5 0 8 78 0 0 0 129 90 0 6 14 0 0 0 664 0 0 0 45 103 11 0 0 0 66 5 0 254 51 77 0 0 0 0 492 0 0 0 11020 600 3 411 333 12 0 0 0 2438 86 0 0 473 0 0 8 589 0 27 0 0 0 0 0 0
 0 0 1408 0 0 0 0 1063 68 0 0 124 0 7 0 4647 23 0 115 0 22 9 0 423 0 385 0 11 12466 5 4 0 6 0 54 0 0 100 0 0 0 53 186 151 77 0 0 32 0 0 0 0 0 0 313 18 302 9 1 0 23 0 0 0 0 0 0 677 0 46 4 0 1 204 1305 40 1 0 8 0 62 0 34 0 0 0 29 0 12 39 104 585 95 0 0 100 0 181 0 0 0 5 722 134 0 0 0 63 0 207 0 2 0 0 38 39 0 0 0 302 0 0 0 0 1 25 6602 96 0 900 1415 0 0 50 0 0 22 0 2 3 0 0 0 0 1012 252 0 0 1 911
 0 0 0 0 28 0 41 0 0 0 0 0 3712 28 0 0 27 0 96 0 120 0 0 0 40 0 0 2729 0 21 8 3 0 67 0 6 12 6 0 0 0 13 5569 0 12 0 0 0 10 36 1428 0 0 0 4 4 0 0 0 0 289 0 0 2523 102 0 27 0 0 0 0 7 16 0 0 0 0 60 101 360 0 1752 10 162 0 0 4 32 0 0 50 73 30 0 91 0 0 444 305 0 80 0 0 13 0 0 0 20 0 119 1939 0 251 23 9 22 0 0 0 0 0 0 11 0 7 0 110 1309 10 10 1720 0 956 4 7 94 104 0 8 0 753 0 209 0 47 0 773 431 0 102
 0 0 0 0 0 229 0 2 7 151 8 30 453 1173 57 2582 25 0 16 0 992 1 59 105 0 38 0 40 0 710 0 0 0 480 101 0 83 0 0 785 0 6 4621 27 0 171 371 0 0 88 1 0 0 1149 0 0 0 55 0 0 279 2221 57 54 0 0 0 0 0 0 0 323 57 15 4 0 68 2107 0 233 0 0 32 0 17 0 0 0 0 0 0 0 0 13 0 189 2 23 30 0 846 0 0 10 0 0 0 10 34 0 472 0 29 0 0 0 0 0 0 956 0 0 0 0 0 0 202 0 0 68 0 1803 14 0 0 30 0 0 3355 0 0 0 0 402 64 0 0 0 0 0
 0 0 1119 2052 12 36 0 159 0 27 14 0 36 212 9 151 215 0 0 0 72 96 164 3 6 174 233 0 0 309 31 0 1 0 0 0 40 3 0 0 0 0 541 2016 0 1081 0 0 0 137 0 0 0 0 0 0 41 2 42 16 0 0 0 1318 0 0 5 12 79 0 271 0 366 0 0 66 0 141 8 113 0 0 3 0 132 12 155 0 0 221 98 836 259 0 0 45 0 72 225 1 0 0 107 22 1308 0 0 0 1594 48 51 1632 46 14 0 0 0 11 4 0 0 0 1454 0 0 0 0 0 1 0 24 376 0 0 0 59 0 0 0 687 4 0 0 0 0 0 0 1046 0 3
 0 116 0 41 54 366 0 0 0 0 5 144 0 0 0 0 133 47 0 0 0 0 0 0 287 63 0 0 0 0 2334 0 0 98 0 428 0 0 0 0 0 0 307 0 0 258 0 684 0 0 104 52 104 72 1501 0 0 0 0 45 0 26 0 80 82 0 98 0 255 0 0 0 0 10 11 0 2 0 0 185 0 0 0 298 0 0 37 0 0 785 0 0 12 24 0 481 0 20 0 0 460 5873 593 0 0 232 0 8 40 49 11 22 4 109 0 0 0 13 101 5 14 270 4023 20 0 62 3581 0 2042 0 12 0 0 0 0 0 0 0 0 0 0 0 0 105 845 0 0 0 37 484
 0 1734 4 0 0 0 0 0 729 1 3 0 0 726 113 1007 0 135 1627 1 0 60 0 123 0 0 0 0 0 729 30 0 0 0 0 0 8 120 57 3743 9 0 0 0 16 0 189 0 47 0 0 54 0 0 60 0 550 20 0 289 0 2 898 0 0 41 0 0 0 0 41 0 0 0 0 0 1072 75 69 0 0 4 17 202 0 0 140 0 522 0 14 0 0 2787 2 0 0 9 39 600 0 0 18 88 0 2788 0 0 6 430 0 13 0 18 3 42 106 0 0 681 161 0 0 0 0 0 0 53 0 0 816 0 0 415 0 0 0 894 0 34 0 268 0 0 0 224 22 0 0 0
 0 381 12 2 363 0 7 0 26 156 988 0 2 0 0 0 46 0 0 0 0 0 0 1 0 0 0 0 824 0 244 44 0 0 0 0 0 453 0 15 32 0 0 0 2 0 0 9 15 34 0 697 0 14 0 9 7 0 0 2 57 0 0 0 0 19 0 15 0 0 73 236 0 17 0 12 0 10 6 0 0 20 0 0 32 68 0 0 0 42 0 39 0 23 0 0 0 9 0 20 103 70 0 0 90 0 6 0 0 212 9 91 2 0 0 17 0 57 0 0 0 253 74 3025 0 12459 0 34 0 0 0 0 0 0 0 0 402 0 284 7 0 345 18 0 7 1 0 13 0 0
 0 106 0 0 0 0 862 5 743 0 41 6 0 11 1056 0 37 13 0 0 0 0 0 7 0 0 0 2 92 246 1 0 0 100 0 0 0 5 70 0 0 137 22 0 161 0 152 2 15 1119 0 37 59 0 655 0 5 0 0 0 0 71 5027 91 0 6 0 0 0 0 0 32 0 0 0 0 11 0 0 0 0 48 3148 0 0 0 0 66 0 0 0 68 0 0 2060 0 0 4588 0 0 0 34 0 42 37 27 0 0 0 0 0 0 254 9 0 539 47 13222 104 0 0 0 0 0 0 342 672 0 139 0 0 0 0 131 0 0 0 0 14 34 0 0 0 15 0 0 18 0 29 0
 0 3813 0 0 3263 0 328 14 0 0 0 990 0 45 0 0 0 553 0 0 0 0 0 39 0 0 0 0 0 0 374 0 2 0 0 21 0 0 15 0 250 163 0 4 14 1408 0 0 360 329 612 0 0 477 80 0 348 0 2 9 0 1306 46 11 157 0 0 210 0 13301 0 32 4 113 415 24 284 10 128 0 1343 0 2091 30 0 30 1766 1548 0 50 0 0 0 696 198 0 49 0 0 0 0 70 14 0 0 245 30 6 4426 14 29 48 0 1 0 367 0 0 1130 0 0 114 0 0 9 0 336 0 1 184 0 0 5 0 89 47 68 1541 23 0 5013 0 893 65 0 0 169 5878 0 0
 0 0 0 0 0 3 0 1287 0 0 44 2 1 0 0 0 1745 117 29 104 2406 0 0 35 239 134 0 1119 0 82 10 1369 6 51 0 0 0 0 0 0 0 0 9 843 0 0 0 0 0 0 0 0 17 35 0 2 56 3 231 41 0 0 0 0 15012 16 0 0 45 97 0 0 946 0 71 0 0 320 0 622 0 0 44 0 1664 0 259 85 929 4 0 0 703 28 0 197 97 21 0 76 0 0 0 0 0 0 0 1287 0 0 0 38 31 0 0 81 0 0 255 6 0 714 0 0 36 138 0 56 0 0 0 437 0 0 3 13 7 2 1009 0 25 0 43 0 0 0 23 505 0 30
 0 0 0 14 87 0 0 0 0 0 0 157 0 39 0 4 0 0 0 0 0 325 0 0 0 126 9 0 65 0 0 0 0 85 30 143 4 0 0 40 1 2 0 0 0 91 0 1287 160 44 56 28 0 0 345 398 22 0 691 0 0 44 33 15 151 0 1 17 205 0 0 0 38 72890 15 0 0 0 0 0 6 0 0 0 40 16 10 0 2 0 2014 71 0 1430 0 0 2881 0 0 0 1178 0 0 0 101 528 0 0 0 0 0 2 129 82 21 33 694 114 49 7 2 171 0 0 0 112 37 2 0 35 0 0 0 0 0 0 13 26 0 0 296 76 0 338 0 0 222 0 0 0
 0 0 1204 0 19 0 0 0 58 1283 182 139 0 45 165 0 0 0 0 0 194 0 6 0 0 0 0 1629 0 0 0 0 0 0 15 6 0 0 0 191 0 0 956 0 0 3 16 132 46 0 0 0 0 0 42 25 0 53 31 0 122 344 0 1003 0 76 0 33 3 40 0 82 0 1 122 0 16 104 31 0 0 21 0 4636 458 6 0 0 0 344 0 0 0 19 0 2 0 0 56 8 0 0 9 92 114 157 0 0 131 0 0 2 1097 0 43 388 37 2 20 85 0 0 0 0 11 0 568 0 562 3401 1127 0 0 321 0 235 0 0 0 217 36 74 34 242 0 0 0 11 0 0
 0 0 0 21 12 0 0 0 5 0 619 1519 152 0 0 206 748 0 20 0 10 0 0 0 0 0 0 29 28 0 0 99 0 0 7 0 120 0 0 0 2 0 47 0 0 4525 11366 0 0 181 0 15 0 2 9 116 739 797 1194 0 0 1209 0 312 1820 0 0 0 289 0 0 107 7 15 0 0 1636 0 10 0 225 877 0 0 0 0 0 0 29 322 0 413 0 0 14 24 0 0 20 0 4 0 627 2 16 0 0 0 36 11 0 35 56 0 2 9 0 0 0 0 6 0 0 22 1889 0 12 4 2 6 10 114 694 111 1 0 152 270 0 4 0 0 0 0 0 344 0 0 3 0
 0 687 0 0 0 0 0 4 0 914 8 15 25 290 0 16 0 0 11 112 3 0 0 0 681 0 0 0 0 84 0 0 549 292 0 0 167 0 2 35 0 7 3 0 0 104 0 48 0 0 3 0 0 0 0 0 0 14 26 14 11 580 19 838 0 0 0 0 30 838 10 3 16 7 134 834 0 0 0 0 275 0 0 0 37 0 18 0 0 0 0 0 1281 17 189 0 272 14 0 0 0 0 0 242 3 0 16 22 0 0 0 0 0 0 0 1 0 61 0 0 48 0 1 0 26 285 0 2657 16 0 9 65 116 0 104 0 0 10 0 1958 471 444 6 0 0 68 0 0 41 0
 26 0 14 0 0 0 0 0 0 0 0 16 1327 45 0 278 0 0 308 0 0 1 4170 9 0 12 0 0 0 0 58 56 0 0 0 0 0 72 157 1 0 392 12 3 29 622 0 0 0 3 297 0 0 6 1528 0 0 134 52 0 37 0 0 1943 55 18 187 15 734 0 0 0 0 90 0 233 0 116 0 0 99 5 0 0 0 0 0 0 57 0 300 0 0 0 0 0 0 89 33 1 481 567 5 41 0 315 220 0 1 14 605 0 0 0 0 0 0 0 26 59 45 0 79 0 0 99 0 0 101 18 0 232 2 0 0 869 162 0 0 0 19 1206 8 0 0 0 0 16 490 0
 0 1 0 0 2352 703 0 0 0 0 7 1294 902 15 12 0 1252 0 0 0 3 1651 0 0 0 271 0 1175 0 0 0 0 0 385 0 0 0 0 0 173 20 3 116 141 3 700 0 0 132 77 0 172 72 0 0 44 175 0 0 52 83 45 0 0 0 29 5 0 0 0 947 9 190 120 0 1 0 0 0 0 0 1 331 0 4 55 156 82 0 9 0 0 87 0 0 0 0 33 1 0 5 0 3 10 65 1 0 0 29 0 5 0 0 12 298 11 0 528 0 96 14 33 100 10 0 0 0 0 0 0 0 0 0 11 0 733 0 0 2 170 0 0 32 0 0 0 0 0 2 286
 129 0 4 65 0 49 0 4 0 0 0 5 0 0 0 0 0 0 30 0 0 0 5 93 217 0 76 0 0 0 254 0 1 0 0 3718 0 292 3296 11 33 0 0 3 106 0 2040 0 32 0 29 96 0 3 1402 118 0 0 0 0 5673 0 6 672 0 0 0 2236 0 0 176 0 285 332 10 30 0 0 105 2 0 221 0 0 1307 291 0 129 260 0 0 0 4 0 0 47 0 28 1733 7 0 0 0 0 0 0 677 2470 0 305 0 0 2 0 0 15 0 6 19 0 17 0 0 1 24 0 20 0 2 0 0 0 0 0 76 0 0 110 429 0 1313 302 653 28 0 28 12223 0 0 1
 13 0 0 0 0 1150 0 23 53 0 0 34 22 4668 0 56 12 0 0 17 0 0 322 65 0 71 966 0 0 708 0 187 2 49 78 0 1057 0 173 0 0 20 1475 0 85 70 0 0 154 0 0 0 0 188 0 0 0 37 0 90 0 1148 0 645 0 290 0 0 0 0 0 0 0 18 0 0 0 0 557 4239 0 1394 0 0 7 0 0 0 0 0 284 0 0 1 0 172 0 2 572 180 39 34 0 0 0 0 0 1 525 0 52 255 0 0 0 20 78 0 161 0 0 0 178 7 0 0 0 1 95 225 0 1885 0 162 0 0 0 0 0 0 0 0 0 33 0 23 90 0 250 0
 0 11 0 0 0 0 0 0 15 42 36 55 0 21 23 0 0 15 1019 39 2 1 0 0 0 0 0 0 12165 0 0 257 8 0 0 0 187 1206 4 0 60 0 0 0 0 727 2062 1 0 0 718 0 0 7 0 0 0 0 0 73 0 80 1724 1452 0 0 0 0 3629 0 89 2 0 0 1 0 27 0 1703 0 0 0 0 0 0 3 183 1 0 86 4 8 1 3 0 0 84 9 0 0 406 0 8 37 0 0 0 10 0 0 70 0 10 338 121 0 98 0 21 0 114 0 25 159 0 636 0 18 145 0 0 0 0 80 40 12 1094 0 0 0 56 0 0 0 0 0 6009 11 0 163
 0 27 0 1287 131 0 204 12 0 0 0 80 0 0 1530 200 0 86 0 72 0 20 43 7 1478 0 0 0 7 0 0 62 346 55 0 0 0 50 0 260 0 0 0 0 10 0 0 0 0 0 8 0 0 0 0 561 0 4 3591 0 5012 186 0 740 0 1206 9 501 117 0 0 0 0 442 26 7 0 2145 0 99 0 13 0 0 0 0 534 0 58 0 0 0 317 1 0 0 0 10 82 9 332 12 1 3 0 0 0 777 25 726 0 0 0 0 35 231 0 0 0 0 55 0 0 0 0 0 0 1 0 0 21 550 0 14 0 0 0 0 499 0 0 24 0 0 409 9 0 0 0 0
 221 12455 0 0 0 6 0 4 1047 0 9 0 0 92 0 0 0 0 11 0 0 0 0 1043 0 0 54 0 0 11380 0 0 0 2 0 0 0 181 237 285 37 36 0 0 6 0 2 6 262 0 0 0 0 0 2 0 0 224 0 187 0 0 1010 0 0 0 311 0 0 434 1 65 454 0 0 50 2909 0 0 0 0 1 0 0 0 6 7 100 0 9 15 0 0 0 272 0 0 185 13 19 0 0 336 0 0 0 17 0 3 431 33 89 125 0 0 0 0 0 0 86 9 0 3 0 0 106 300 0 90 0 0 77 0 183 0 0 622 0 178 0 0 1 2996 0 416 2047 0 0 112 0
 0 75 0 2 77 0 0 0 0 0 161 1 0 0 0 6 65 0 3 484 0 797 0 0 0 1001 224 94 0 0 2430 58 129 0 0 0 0 989 81 0 0 0 141 0 21 8 0 0 67 9 0 0 76 0 0 14 28 0 0 0 222 0 0 0 0 0 3 0 182 1 0 14 176 53 70 0 0 20 0 0 45 0 0 185 608 26 200 33 0 14 0 40 0 0 19 11 0 182 101 0 0 2 0 0 96 0 0 358 0 34 78 0 0 0 36 0 0 0 429 8 106 88 0 0 0 70 812 8 0 0 50 0 0 20 0 14 0 9 0 0 0 0 0 0 0 658 0 0 5 71
 1131 0 0 40 596 0 0 0 1 0 662 0 0 0 0 1 21 185 0 0 13 21 226 0 18 23 50 0 101 40 416 32 0 0 5 187 0 0 0 0 0 0 0 51 3 2 47 0 1154 0 0 0 3 0 4 0 0 0 7706 0 24 0 0 8 0 3 0 0 0 64 187 588 0 0 0 4 9 18 8 0 0 17 0 21 0 0 0 443 0 161 0 0 0 681 0 0 0 0 340 23 224 0 5 314 5 0 0 0 0 6 0 422 0 0 71 0 7 0 0 25 0 115 0 0 0 99 0 0 332 0 0 0 156 5 0 12 11 216 22 0 7 0 20 673 297 445 0 0 57 0
 0 251 0 0 10 0 0 1 0 36 846 1 2074 0 0 451 0 237 79 0 0 0 0 9 0 0 0 68 0 0 0 0 1471 42 0 27 0 0 1 0 0 0 2352 3722 18 249 0 0 86 0 0 70 0 0 114 47 6 0 0 0 0 9 82 240 12223 0 9 3 6 0 82 4 0 0 335 0 0 83 1110 0 36 115 145 0 0 169 94 644 824 42 0 39 30 0 12 0 24 125 0 0 0 0 0 0 0 11 0 0 0 0 0 444 314 0 0 0 0 0 0 0 2042 1229 15 0 2 0 5815 22 722 26 56 0 0 0 0 6 0 0 71 0 1384 0 379 0 0 0 0 0 0 9
 11 0 3834 0 135 14 61 0 0 0 10 0 0 0 225 336 0 1 0 2 0 0 13253 0 2139 0 302 0 17 605 601 36 21 0 7 12 3 201 0 0 0 0 0 0 0 0 0 180 1 0 0 0 0 0 99 0 0 345 37 9 0 0 617 49 0 34 0 51 0 0 0 688 28 1022 10 105 79 0 17 0 2 151 0 0 0 0 0 137 68 1961 6 0 2 208 6 33 1529 0 43 81 4191 0 242 0 107 0 0 0 0 3 0 0 504 1 329 0 0 0 0 0 0 0 0 1096 0 0 0 0 2 6 0 367 0 0 5 0 669 19 0 0 10 0 2822 495 0 319 0 88 0 84
 16 0 22 39 0 0 58 4 6 23 186 0 716 10 0 0 0 0 0 0 2291 0 98 5 205 98 0 0 0 0 655 1207 2873 5 1870 0 6 0 0 0 60 2 16 305 0 85 0 5 272 0 1 0 0 0 61 0 16 0 31 201 19 0 0 0 17 24 7 0 0 114 0 0 0 0 0 0 0 0 0 0 0 0 0 26 0 0 0 0 1 0 0 0 0 286 2 20 0 131 14 1307 0 77 0 0 0 44 0 58 0 0 0 0 125 0 0 0 0 16 5 312 0 295 0 0 0 1989 0 0 0 409 0 990 0 35 0 51 28 0 1 8 157 38 0 0 0 9 2 0 0 0
 0 0 0 20 3 0 41 0 0 60 0 11 0 0 0 836 0 563 0 0 243 0 21 0 177 0 0 0 0 0 0 0 0 924 121 0 344 481 406 210 234 38 0 1822 0 0 210 4136 3 40 0 626 0 0 0 0 0 0 0 0 389 0 0 0 0 0 248 1 33 22 67 0 0 17 43 121 10 7 8 0 6 13 15 0 328 113 0 45 1 60 0 4 533 0 0 0 0 126 0 0 9 480 0 28 31 12 25 0 56 22 0 0 118 2092 24 59 0 0 0 0 15 0 0 0 0 3 0 0 226 0 0 3800 1 3336 737 0 0 4 804 163 0 0 0 0 0 22 0 15 0 0
 0 663 0 424 0 19 0 0 14 0 0 2 0 81 0 689 380 206 0 0 1 75 0 0 0 0 0 0 198 0 0 519 5884 0 0 816 0 0 94 8 80 0 259 0 59 12 0 0 0 2 0 0 10 0 0 0 598 0 39 31 0 0 281 102 0 3 572 0 1960 17 6 0 4 46 176 0 91 0 0 41 717 0 23 74 0 630 0 5912 0 0 0 620 0 0 53 4 0 0 0 0 3 0 0 1 0 106 0 0 0 0 0 0 0 1 104 370 1129 667 4 0 5 175 0 0 0 0 84 0 22 0 134 42 0 0 9 0 0 61 201 663 0 69 174 2 0 0 708 0 106 0
 34 16 0 0 0 20 0 0 0 295 15015 0 255 49 440 2428 0 3 103 0 103 52 251 43 0 649 0 0 110 0 5794 289 16 187 0 1056 10 6 0 68 5 0 104 0 0 0 0 0 0 0 0 0 0 0 0 0 48 163 0 0 10 693 0 26 688 0 0 0 8 0 721 0 0 0 824 0 228 0 258 179 7 43 0 72 81 0 0 2038 0 0 24 0 0 32 1 0 0 0 716 0 0 0 0 0 0 0 2817 0 0 19 129 0 58 0 0 271 0 75 0 0 0 0 0 496 0 0 0 0 109 0 0 0 0 0 0 92 0 0 101 0 0 148 0 0 241 668 335 21 36 0
 0 0 649 190 133 653 0 0 237 489 83 0 103 0 0 131 453 0 0 0 6 0 5 0 0 0 0 0 0 38 278 0 1154 68 106 0 0 0 0 51 0 0 0 0 0 0 2 65 0 305 0 0 0 0 1970 0 10 0 0 0 5884 0 0 80 0 108 0 0 638 11 2 0 0 0 0 7 0 0 22 0 449 59 0 0 0 400 0 0 30 0 0 290 0 0 0 0 0 1596 0 0 0 0 93 41 83 11 0 5 0 5 179 0 273 72 0 0 180 12 0 0 0 0 99 0 0 4 321 0 105 71 0 0 17 42 0 0 0 2 0 24 50 9 0 639 0 105 0 0 20 0
 0 0 72881 0 0 0 0 0 945 54 0 0 0 0 68 435 0 9 0 0 2 21 0 0 0 4 0 0 112 13 0 4 4 0 168 264 0 0 0 0 0 17 3 0 92 0 571 0 373 236 0 0 5 0 0 7 0 0 57 0 0 0 14 9 0 0 0 380 128 0 1119 0 0 50 0 0 0 0 0 0 654 4 33 2 2267 32 53 29 153 0 89 0 450 1 0 232 84 0 0 1957 26 161 0 247 488 1 0 0 9 0 0 220 0 0 187 1472 0 0 106 863 0 0 0 0 0 171 0 108 5912 101 2817 21 0 0 18 0 0 0 70 4 0 0 0 0 2 9 0 0 444 0
 0 0 1 0 80 0 0 7 550 9 0 148 0 24 0 0 0 32 26 5 0 0 0 0 0 4 0 0 10 157 238 1130 8 2 0 0 0 0 0 90 0 216 0 0 0 0 5 0 368 0 0 0 0 5 0 0 41 0 435 62 0 1 599 0 0 0 21 37 46 27 4 0 0 494 0 312 0 0 0 0 0 69 0 0 0 21 0 0 0 0 262 436 0 84 39 0 0 116 0 0 291 0 0 0 0 0 0 0 0 328 0 134 0 28 3 0 0 0 6 0 0 0 4 0 0 373 5686 0 0 0 6014 0 42 0 0 0 0 0 0 1475 3 0 0 0 215 0 714 0 153 1268
 0 2 0 0 26 0 262 0 0 0 0 0 0 0 3 10 0 242 384 0 0 0 0 230 0 0 160 0 20 126 0 0 0 123 314 938 21 35 1553 84 8 604 239 0 3355 0 0 0 85 0 0 0 0 331 0 0 0 12215 14 7 0 0 0 0 25 0 0 17 0 998 0 4 0 1119 10 0 10 165 1954 0 0 0 0 0 2 0 0 1134 86 0 257 0 0 0 0 0 3 244 0 4 280 208 0 0 54 0 128 20 0 0 17 0 0 0 0 0 0 0 26 1028 0 0 1 31 0 0 6 0 0 0 90 1 0 16 0 0 0 0 0 0 7 0 0 9 299 759 201 21 0 15
 0 0 0 0 0 0 120 0 0 427 0 0 49 1458 140 3 2435 96 0 0 0 249 429 1 33 0 0 90 0 0 0 0 38 0 2 0 0 0 0 0 0 0 1423 0 0 0 0 0 0 978 86 0 46 0 0 25 0 186 4 0 0 205 0 1035 0 0 0 0 0 49 82 0 160 376 0 4 0 0 0 0 0 61 0 13 59 14 38 14680 36 0 36 0 19 0 0 0 0 0 0 2138 0 36 80 0 66 220 0 1 0 0 918 4 0 725 344 0 0 240 0 0 0 0 1428 71 0 0 9 13 198 1 123 154 12 10 0 0 0 0 0 4589 0 64 0 0 0 670 0 14 0 0
 0 0 0 7 2018 0 0 4667 6 2184 14 0 375 8 901 0 0 0 47 0 0 4 0 460 0 0 0 0 0 7 0 0 1 946 564 1408 0 1420 143 10 183 6 9 0 0 594 0 0 0 56 250 0 0 4634 0 729 0 0 105 0 5 0 0 478 118 11 0 0 0 467 0 8 199 0 0 1120 0 0 44 14 0 48 722 0 0 0 0 0 0 0 0 0 213 0 3 0 330 0 34 0 0 0 0 0 0 0 159 130 0 0 0 0 0 453 130 0 0 11 0 0 0 0 0 0 56 0 11 0 0 35 64 0 26 26 33 52 0 14 49 0 0 127 0 13 0 0 147 0 0 0
 184 0 0 0 81 0 2 0 115 0 9 0 0 562 19 0 0 0 26 0 205 311 0 0 0 152 4 731 0 0 0 0 44 0 0 737 0 8 0 5683 13 0 0 9 0 419 1284 0 273 0 0 14 0 0 134 0 0 0 21 0 198 562 0 0 16 0 0 1 0 287 7 1 105 1 0 15 14 0 897 0 44 0 0 0 5 0 981 0 0 12 14 2145 0 137 0 6 0 16 0 773 9 0 0 0 0 0 21 0 2272 131 0 1292 9 0 0 0 0 0 0 0 0 24 0 509 0 0 7 229 0 0 8 0 1703 0 0 145 0 1 0 108 225 28 0 64 0 0 0 0 541 107
 0 570 0 241 157 0 0 4 0 1 10 253 1927 0 104 5 398 0 0 0 1054 0 248 0 1706 18 0 0 34 31 0 0 0 133 0 0 15 0 7 0 0 142 0 2018 336 0 0 7 835 1024 20 38 0 4 1284 0 0 0 10 0 0 145 4371 5 7 0 5 7 41 0 0 0 0 9 0 0 896 541 0 0 0 0 0 10 45 14 0 0 0 0 0 172 250 0 0 8 0 0 0 8 10 783 5 426 0 0 318 202 0 0 9 500 0 0 0 411 3 0 72 0 0 18 525 0 0 0 0 0 0 0 62 253 0 0 0 0 31 25 0 202 27 186 0 0 486 0 0 1609 1655 0
 23 1025 9 0 0 0 0 0 0 325 0 4 0 0 192 0 84 0 160 5123 0 358 177 0 0 0 0 20 0 3 0 0 76 0 0 0 0 1937 0 0 37 0 142 14 0 5 0 0 0 633 0 0 16 33 0 0 5892 1015 0 876 0 0 0 22 0 0 0 0 0 0 125 2 3 0 0 0 93 16 0 243 0 0 208 18 0 347 0 0 61 0 1 0 163 825 0 0 0 0 0 5 0 0 23 0 0 505 57 69 944 0 446 0 0 0 0 2864 1262 66 14100 1149 37 0 1733 127 1501 0 0 0 55 0 6 1197 0 1501 0 373 126 2 0 5 0 0 0 0 239 0 38 0 0 0
 989 0 0 1322 0 2 0 0 0 44 137 0 0 0 11 0 35 0 0 96 0 0 134 0 6 8 0 163 0 1013 104 0 0 0 0 47 0 98 5608 0 230 15 0 863 0 0 0 0 0 2 0 0 0 2 5 140 40 0 1689 2249 144 0 315 0 0 25 2 0 0 0 5 19 78 2060 0 0 0 0 58 0 0 0 200 0 0 18 44 0 900 47 0 29 22 4 0 41 0 0 11 0 0 2 96 0 0 0 0 38 19 0 0 686 619 3579 0 167 57 0 0 0 1473 0 364 0 38 0 0 0 0 0 30 0 0 32 675 0 743 0 26 1114 0 0 6 0 0 2142 0 0 25 0
 4 0 0 0 0 0 0 0 0 6 107 0 0 0 0 0 1 572 20 101 0 90 1 97 0 171 0 519 1467 0 0 20 474 4042 0 66 0 0 0 6 0 50 0 0 284 0 4 0 129 0 0 16 433 2 945 0 0 0 0 0 0 102 440 154 0 0 0 0 0 1 9 1052 0 0 23 978 20 0 19 44 0 0 0 0 2 0 0 0 1 128 100 0 0 0 0 3 0 0 30 148 22 0 0 0 0 0 12 3 0 2817 0 0 0 0 0 253 0 0 1311 70 28 0 63 0 0 2 0 0 0 451 15 0 0 0 4 36 0 0 0 51 195 1 558 0 93 0 0 1206 0 98
 0 597 0 0 19 0 82 155 0 0 74 0 49 64 10 0 0 0 0 19 684 0 0 10 0 1027 52 0 0 326 0 1133 528 0 104 952 232 0 43 0 122 389 0 2 0 55 0 0 1 0 0 0 0 0 0 0 2243 0 0 0 172 1524 12 21 0 0 0 26 1 0 30 289 1784 12222 0 0 1149 40 1666 0 0 289 3 16 1 51 0 65 0 201 0 20 4 13956 7 2 73 104 4 0 4211 0 0 553 0 0 315 0 0 0 0 0 0 0 39 0 0 0 0 0 0 7 18 70 47 0 0 269 0 0 0 36 0 0 0 7 0 46 0 0 14 0 0 7 12 0 947 0 0 44
 0 0 31 30 0 0 2 0 716 1470 5 0 0 18 12 6 0 5 0 386 857 226 0 164 0 1728 0 41 20 142 0 0 104 750 0 238 0 0 3 6 3 0 0 1034 0 0 0 0 1206 30 94 5 1 3 2 13 0 0 0 0 0 0 0 0 1 0 63 288 414 0 0 0 0 0 0 0 0 0 30 0 2585 0 0 0 7 0 22 0 0 271 57 0 409 0 2 69 0 18 0 5 152 831 3 16 0 0 0 2 15 0 0 137 0 0 60 1246 0 156 51 0 168 10 653 0 0 0 2661 40 70 0 28 618 3 43 0 0 0 24 105 0 0 11 0 0 13 0 0 0 0 26
 77 0 0 0 0 4122 37 0 0 5 0 0 68 0 0 56 0 0 444 0 46 0 0 0 0 1828 44 5 1 27 9 6 0 0 0 0 0 0 0 0 305 0 0 0 475 26 52 0 0 0 14 0 0 4 0 2 73 0 0 0 564 0 43 33 15 18 611 0 0 62 0 0 0 0 1051 0 0 0 0 30 0 0 51 139 0 436 12 14114 199 0 0 602 12 144 0 0 0 1402 10 605 126 0 0 0 0 0 5 0 0 38 0 142 105 88 0 2060 138 0 223 0 0 0 0 448 0 97 110 84 0 0 0 0 137 1 20 0 649 0 13 0 0 0 0 76 0 30 2 90 0 0
 78 0 105 13 22 48 0 0 110 0 0 0 0 78 38 0 0 687 190 0 1 13247 27 10 0 0 0 41 0 0 12 12 12223 53 0 0 0 1 0 0 0 0 88 22 1 0 71 30 0 8 1422 0 222 0 376 1 0 0 5 0 0 0 0 0 37 0 85 0 16 21 0 516 0 0 77 0 0 305 0 0 0 0 136 49 96 1 0 3339 0 0 200 0 0 0 5 0 88 0 0 0 684 0 11 0 3 0 25 0 0 0 16 0 0 0 0 0 0 0 0 0 1530 1 0 0 185 0 0 0 0 43 4 16 0 47 15 4 0 0 0 0 0 0 156 53 126 166 296 0 50 5
 19 43 38 2045 0 36 0 2862 0 0 0 2392 0 0 0 106 64 0 0 0 0 29 0 128 0 0 63 0 83 60 157 0 0 0 0 0 0 193 0 0 0 0 0 0 0 4008 0 35 163 364 0 0 302 0 223 0 24 0 0 89 0 59 0 268 284 102 0 7 0 397 0 0 1151 0 0 0 53 5726 0 150 0 15 0 0 92 99 0 0 0 949 135 0 0 161 0 0 0 0 0 0 2 11 0 79 0 41 99 0 0 480 0 24 0 0 141 0 0 0 0 302 82 208 0 0 0 912 0 0 4608 1 56 500 0 482 893 0 0 0 44 29 0 0 0 0 0 3 146 0 0 8
 0 6 446 0 0 0 0 0 206 1 0 26 0 0 0 0 0 57 0 0 27 16 5 0 2 0 206 0 0 0 34 0 0 0 0 37 1 0 20 1420 0 0 50 0 0 0 0 2 0 0 0 0 0 0 11 11 0 7 644 1 0 44 0 0 0 35 22 397 12 20 0 0 84 0 0 0 1 0 419 691 19 0 0 6 82 0 0 4 0 0 80 667 0 1108 0 1 33 0 508 20 0 1 0 44 118 49 0 0 794 0 1 0 0 13 2 365 0 19 0 6 0 0 61 0 0 1175 116 25 0 0 0 44 0 0 45 5 0 85 2 192 3 429 12 0 0 0 0 0 381 28
 564 0 0 0 4 13 20 0 0 139 11 12 127 0 0 0 3 0 0 190 0 0 273 0 80 0 5 0 24 116 0 130 100 328 285 92 0 0 2 3 12 8 0 0 31 0 28 0 20 20 47 2 8 0 6 108 0 0 226 0 0 0 197 17 0 10 1943 0 0 8 0 0 0 249 0 0 0 39 0 376 0 1054 168 0 6 0 63 165 1255 0 0 4 0 0 0 76 47 0 52 0 445 158 51 0 125 3 0 0 0 0 0 0 2 0 0 4013 0 0 0 1086 0 0 0 138 0 7 0 0 0 3 0 1 130 37 1246 0 0 0 0 8 404 2 98 0 2795 0 18 0 0 2
 0 722 237 61 0 77 0 0 0 0 188 377 0 22 204 836 0 0 0 11840 259 183 0 0 0 0 8 0 4 0 336 66 60 53 0 0 0 0 0 0 0 6010 26 0 13 4 0 200 810 0 222 10 0 0 0 10 0 0 0 0 1 0 112 0 222 0 18 0 0 0 0 0 0 235 0 0 0 70 0 19 63 527 0 0 4023 0 0 25 18 356 81 32 0 6 0 42 0 0 47 922 0 0 736 57 0 60 160 441 0 0 2 0 0 0 0 734 91 40 112 4 31 1683 0 0 2 57 0 46 21 0 0 304 0 0 351 918 1 0 238 0 239 0 222 836 426 66 0 1239 0 12
 0 0 60 0 0 1577 0 17 0 0 0 320 6 0 264 15 0 1013 0 28 1171 184 0 40 0 98 0 580 73 15 0 0 0 0 0 0 23 0 12 0 58 0 0 11 0 36 14 0 0 0 2336 0 0 0 801 0 30 57 7 0 9 34 0 0 23 19 0 0 0 0 5 0 18 12493 0 176 525 0 0 2 0 0 0 145 285 0 0 14 0 0 0 92 178 59 2 257 60 1 131 0 0 0 0 2 344 78 0 0 0 0 0 0 0 4 1045 0 0 0 0 0 355 0 10 32 19 0 4 0 68 0 0 0 0 0 0 235 12 3 98 239 0 524 0 1 0 0 5 0 33 0
 261 0 0 0 0 0 1278 0 7 190 159 0 748 1089 161 0 0 270 0 7 0 7 82 734 0 26 0 2 0 0 0 84 0 0 0 0 10 0 0 0 19 0 242 55 0 1448 0 33 53 12 0 0 0 0 0 0 39 0 95 2061 0 0 4 0 0 534 0 0 0 81 0 0 12 0 83 40 338 0 5 0 33 0 0 0 585 0 0 345 41 0 4 220 297 0 0 22 73 1258 116 56 0 0 0 0 0 3 245 0 0 0 0 0 0 0 249 282 0 1147 0 0 9 0 2603 0 0 0 0 0 0 0 178 41 0 0 0 326 0 482 49 6740 3 4216 28 0 0 45 62 14 22 412
 0 0 0 97 41 879 0 0 0 0 0 177 0 101 0 0 229 161 119 0 398 0 64 0 0 0 277 0 15 0 0 0 0 0 30 5 35 247 0 0 0 42 0 0 403 47 12483 89 86 0 82 586 0 0 6 0 3339 41 0 15 79 59 0 0 0 824 4 15 17 0 0 3483 0 23 3 13 0 2 2 0 1820 460 0 537 0 17 23 1844 0 396 0 0 0 0 1 0 0 2 0 0 0 105 2 0 25 0 3 164 24 1477 62 0 40 0 0 2 0 972 0 0 0 28 0 0 36 0 2817 0 842 0 0 0 2 0 35 0 837 0 224 0 59 0 0 0 89 3297 0 0 0 65
 1 0 0 0 0 0 0 0 450 0 0 55 0 0 0 0 9 2817 138 116 0 0 13 0 708 0 26 1 0 3 0 18 0 83 0 17 0 322 10 0 135 26 50 0 1994 2 0 9 152 36 0 0 4 0 0 1814 0 0 0 555 0 503 4 36 0 0 764 1148 0 0 1121 1279 0 0 0 0 0 0 17 76 34 0 9 75 4 0 0 0 0 0 0 4 0 0 0 0 147 0 0 0 68 45 924 0 216 429 0 28 0 0 0 0 0 0 0 2 0 0 0 0 0 269 51 76 0 10857 0 0 0 755 13 12 0 0 0 0 0 0 0 167 0 2 86 4 1223 0 429 0 0 0
 0 0 14 138 0 4 3 13 92 0 283 0 0 23 1 4023 0 1018 74 0 616 69 0 15 0 748 0 0 0 96 0 3 4567 1474 0 214 2286 2101 41 206 0 0 0 145 55 0 0 0 0 0 45 0 10 38 51 583 521 924 0 0 0 0 124 0 0 160 818 0 0 919 0 0 475 0 54 0 0 147 1014 233 377 12 0 13 410 89 0 155 2 293 5 0 1 0 0 0 3 0 9 3 46 0 23 135 9 87 0 45 20 0 107 0 475 0 10 0 126 0 47 0 45 0 89 12 0 45 1 0 0 24 154 24 4 123 0 6 0 1049 0 0 0 0 17 0 0 1 18 4 0 0
 0 0 0 71 15 0 0 0 0 726 167 0 416 0 0 34 7 159 0 0 93 138 0 40 1318 348 299 80 133 23 12 0 0 10 0 20 0 26 0 3 41 691 0 1423 3 4 145 970 2352 82 10 48 0 180 0 722 0 0 23 0 0 0 0 79 0 40 12272 0 0 123 0 716 0 50 36 0 0 0 0 0 0 12 0 20 0 0 4636 0 5 0 0 0 46 6 89 0 4023 14 0 177 0 1035 48 25 4 15 0 129 0 3 85 3 386 0 0 7 1 361 0 1241 17 0 0 705 110 5 25 173 0 0 239 0 363 0 0 20 0 3 0 0 0 0 108 96 49 495 0 5 16 0
 188 2 64 9 0 0 0 0 0 0 0 0 12 53 0 0 8 0 0 288 0 0 6 0 0 0 0 12 0 0 0 0 2 0 0 247 0 10 9 0 6 164 3937 1 0 138 0 3 0 0 0 0 244 0 0 0 10 0 0 0 0 51 0 11 0 10873 30 564 25 46 0 0 271 0 0 38 0 0 10 151 133 0 0 9 0 0 198 19 0 0 1130 17 0 0 18 38 1244 0 257 0 0 0 104 0 3575 7 0 0 0 0 181 30 0 96 0 0 65 0 0 109 4023 0 0 0 0 391 0 14646 64 173 6748 29 48 21 4 0 0 74 7 29 69 0 80 2419 1274 0 0 0 0 0
 1 167 443 0 2438 0 10 699 0 0 0 3 0 0 0 0 0 90 0 0 0 0 3 0 0 18 0 0 0 141 0 0 0 0 2 408 18 0 0 6 0 0 0 0 0 49 0 0 0 0 0 0 531 21 0 0 0 15 523 0 0 0 0 10 0 0 0 0 0 175 25 4 1 0 72 45 0 91 0 0 46 346 42 82 716 0 0 0 55 0 12 0 0 25 0 193 245 0 0 1015 0 27 114 248 1287 1 9 32 4 0 0 481 1 2 0 0 0 0 3 0 96 383 0 0 0 0 79 0 54 0 6 2 187 104 0 1 84 0 40 0 0 0 0 0 0 0 0 17 10 1883
 2631 0 0 0 0 0 3 215 0 45 0 0 0 0 0 11 0 0 0 13311 0 804 7 0 0 0 0 0 0 3 205 0 0 0 0 429 86 70 5 0 1 45 0 304 0 0 0 0 0 71 35 1 0 0 0 168 82 0 0 0 0 48 0 0 270 0 0 0 0 63 1 1 0 5 0 9 0 67 45 0 0 0 0 0 0 0 5 38 17 5 110 0 250 72 0 8 52 2 0 99 20 730 0 0 430 107 0 0 0 0 4227 0 38 0 2 3963 1 0 0 0 0 0 1 62 9 0 5712 118 0 6 0 0 17 105 0 64 0 0 0 7 0 0 145 0 18 9 3 0 89 0
 36 676 0 0 201 0 0 0 792 0 335 0 0 0 168 0 0 0 0 0 117 65 0 1030 0 67 0 0 0 0 0 0 0 0 872 26 2045 3 0 0 0 0 1 92 45 0 0 333 41 0 2867 0 1028 0 7 0 4657 0 31 0 0 0 442 0 0 794 0 91 41 919 17 0 0 71 0 42 16 1 1553 6 0 715 0 0 0 0 0 0 0 0 0 17 1 234 0 141 54 55 0 189 0 0 51 17 0 639 11 19 45 2 0 0 10 1475 167 0 0 17 0 0 0 0 4596 0 26 14100 168 0 0 40 0 0 0 47 0 108 58 21 0 652 0 0 0 0 0 0 5 87 1 45
 74 773 0 1002 10 0 0 67 0 9 98 8 0 0 9 0 0 0 326 1 662 0 192 1100 1858 0 0 453 107 0 0 55 0 0 7 89 20 495 14 0 5 247 0 0 0 0 222 0 0 124 0 61 0 0 385 0 0 0 1 95 3120 0 0 6 153 76 0 0 0 63 4320 0 4491 4 0 0 2 0 0 164 0 79 0 0 3733 32 0 0 1050 0 0 153 11 113 126 335 0 0 9 0 0 0 389 47 0 0 61 2 0 20 0 16 0 0 0 524 0 1 0 0 1 0 19 0 48 0 495 0 0 9 1150 1593 0 4 0 10 0 0 1097 181 22 14 1159 41 487 0 0 0 28 0
 0 0 56 0 0 0 0 3740 0 0 0 0 0 0 0 0 53 0 0 0 220 581 1233 1090 0 4212 0 0 0 0 0 0 0 13308 81 159 0 0 0 0 10 0 0 0 3315 0 0 0 37 0 4 26 1 0 0 0 0 0 8 729 400 0 0 0 0 0 0 0 0 0 8 0 0 0 1382 0 226 0 9 77 39 497 0 0 0 19 0 0 521 498 86 598 0 0 0 0 14 0 0 41 28 0 0 0 96 0 0 0 41 0 25415 370 0 4 0 0 0 0 0 0 1 0 325 0 5 51 155 32 0 0 0 5 0 31 0 0 10 79 0 42 0 0 269 0 385 54 21 16 758 0
 0 0 47 238 0 0 181 21 322 3692 0 667 559 974 0 0 0 0 1142 10 0 0 0 40 0 0 3 0 0 18 18 16 0 0 0 1935 438 94 0 0 0 473 0 77 0 0 0 5 0 0 11 0 0 1 0 0 64 88 21 255 35 0 26 0 0 36 0 0 654 93 119 9 0 0 0 14 235 8 0 2 3 18 5914 0 1 0 106 0 237 2 38 560 0 0 0 1 183 9 0 19 22 4 17 0 2 98 19 77 0 0 0 0 0 99 246 98 0 0 0 0 1086 3034 0 277 0 0 26 3 79 0 200 0 0 0 0 0 328 373 0 0 16 3 498 0 2 0 0 0 0 0
 154 0 12 3 0 0 0 186 839 177 0 5 0 9 55 1 0 201 0 0 0 0 2060 0 0 3091 1 0 0 24 915 45 23 0 0 0 0 0 562 11 248 0 0 238 474 1 802 117 4 0 0 577 0 38 0 53 142 0 223 0 0 0 0 0 3025 1269 0 0 112 0 0 0 0 103 0 5 12 476 8 14 1172 0 105 0 0 0 156 1 785 0 0 246 25 0 82 15 673 0 169 60 43 0 0 0 3 0 0 615 0 0 11 39 843 0 0 35 0 0 0 2 0 6 53 0 0 660 0 5 0 0 0 0 0 0 0 0 21 0 8 0 247 0 0 0 0 7 77 0 0 0
 0 0 0 85 38 48 0 702 30 5 0 0 5 43 1 0 3 0 0 0 105 792 0 0 0 0 0 10 5 1 0 11118 0 0 0 0 4 0 115 50 0 9 0 0 10 0 0 0 0 487 774 0 0 783 290 0 64 0 0 0 0 1 0 0 0 0 0 0 3 627 0 496 0 0 0 453 10 0 0 190 135 0 245 0 4 0 0 0 0 6 53 964 0 0 0 0 16 0 0 1 543 307 137 0 210 24 11 0 0 0 217 0 1 50 1858 49 2 121 0 48 89 2 0 0 0 0 0 23 140 0 0 114 1 0 0 0 18 90 0 0 0 0 25 0 14 0 0 0 3 0
 0 208 0 4411 0 0 0 0 0 2 0 0 217 0 11 0 0 137 4 0 0 0 0 10 0 0 38 84 0 0 0 0 114 0 1292 0 6 0 0 5662 12 0 12 0 538 1 0 8 0 0 0 0 63 0 0 125 0 220 0 355 0 0 57 94 677 0 0 0 41 63 0 0 139 60 255 9 0 0 0 191 84 0 95 355 91 48 0 50 0 14115 836 52 2 0 61 0 86 32 0 49 0 0 0 0 142 14 45 175 216 0 0 5879 153 33 397 0 325 0 0 15 5914 0 164 360 0 0 0 1088 8 1064 1148 0 0 0 5 0 0 0 0 0 3 0 0 55 479 108 0 144 248 0
 0 6 0 1150 135 5 0 510 0 107 348 0 0 0 0 0 262 115 498 1 13 0 0 312 0 0 0 6 44 802 0 0 4 0 13 346 0 216 0 0 94 0 0 0 2407 0 0 0 0 0 60 98 936 10 0 0 0 8 1 254 0 0 108 373 239 11 0 15016 0 0 0 0 0 0 0 0 0 0 73 0 11 23 0 0 12221 36 90 0 0 310 91 98 61 0 0 0 1706 0 144 0 0 55 2 0 0 0 0 98 0 0 0 0 0 2 0 0 0 19 0 0 14 0 5777 0 0 0 0 808 1 120 0 0 0 318 42 154 73 14 697 0 22 900 0 0 0 361 45 0 0 43
 0 0 58 73 75 0 475 2 0 0 66 80 1750 21 0 0 0 10 0 89 22 0 11 0 0 0 986 2 0 0 0 0 528 198 0 0 0 242 25 0 0 0 0 0 1 0 0 4 0 1041 0 0 0 0 56 307 0 900 9 1 0 0 0 5 0 0 0 199 3568 28 2079 0 15 2 22 1034 2 0 0 0 519 0 99 0 307 6 47 145 40 2048 2668 0 0 0 1150 46 0 0 13 0 0 45 55 0 356 20 0 0 9 53 57 0 35 211 351 32 0 0 0 1 161 270 0 0 0 0 0 18 120 0 0 0 0 0 1850 0 0 0 0 0 0 0 90 0 28 0 0 43 51 0
 0 74 0 501 80 27 297 0 75 288 0 0 63 3 0 0 0 0 0 1384 0 0 0 0 0 1656 18 44 0 17 7 211 0 0 0 0 0 0 0 2658 0 44 0 0 0 0 115 47 123 176 0 23 0 0 0 16 0 0 809 0 0 36 0 7 1789 25 139 533 112 0 0 0 140 0 0 64 0 0 14 0 400 14 20 446 0 0 83 0 0 0 1040 488 0 0 0 0 0 0 0 4478 901 0 480 0 0 0 9 0 0 0 979 91 0 0 0 0 29 0 29 0 0 22 40 0 0 1382 26 0 0 0 0 0 0 0 0 0 22 1 0 78 0 36 190 169 85 2 901 0 0 14
 3 0 0 0 0 0 32 49 85 18 40 3 179 0 0 132 0 0 248 0 0 2856 0 0 330 0 10 0 0 45 166 15 16 0 0 77 0 0 0 0 0 12444 10 0 0 42 27 0 0 118 0 0 438 6 504 0 110 9 1 9 0 0 0 220 23 258 126 144 0 1254 9 0 0 0 0 812 2 19 125 248 0 437 22 171 0 0 91 66 0 0 9 0 30 0 108 1600 0 20 0 381 974 31 0 22 0 228 17 0 0 0 2282 14 0 132 259 11 0 3297 0 0 24 1804 11 0 23 8 0 0 0 0 0 1 476 0 334 4147 910 26 0 0 5 3 0 0 0 0 0 0 0 18
 1288 0 0 2040 0 5 21 0 86 14 0 16 0 0 46 2 127 181 12 0 0 0 25 3 0 1147 0 0 0 0 495 0 24 0 0 259 0 77 257 0 11 0 6 0 0 0 80 0 0 0 24 20 0 40 246 0 0 0 224 11 1976 198 290 8 0 0 0 0 0 0 42 5 0 50 0 1900 11 164 9 0 50 454 8 162 1 53 285 1 560 23 0 35 345 0 0 120 0 0 1778 0 10 2905 463 0 0 17 0 134 11 0 0 0 0 0 0 0 36 600 240 290 130 1287 0 0 0 261 3 0 0 2432 0 70 610 0 1 156 0 0 1099 7 0 0 34 0 28 0 337 5 0 787
 198 49 0 0 0 85 0 482 15 0 2 737 102 0 17 444 0 0 567 453 18 68 0 74 1 0 0 47 2 0 0 144 0 0 0 160 106 0 569 0 16 88 0 0 0 6 0 120 2240 0 68 0 0 969 0 0 0 4191 0 33 0 635 0 0 45 0 0 0 30 0 0 1219 16 229 0 324 0 0 0 343 55 0 0 66 4 0 0 0 43 96 427 13301 26 2057 0 0 43 176 0 305 0 0 0 0 28 16 61 0 0 0 0 1 34 0 35 0 64 0 34 21 644 0 0 0 0 0 300 21 0 5 2 0 7 67 15 0 0 18 0 1229 52 0 0 0 0 0 3 59 0 0
 564 0 7820 0 0 0 0 82 201 0 76 0 339 0 0 89 0 296 0 0 0 0 0 0 0 680 141 0 0 24 2259 0 1 38 0 0 193 0 7807 0 0 1 198 87 12 15 22 0 25 0 0 0 0 149 918 0 0 0 0 30 0 451 46 0 0 6 0 0 0 65 6 43 0 95 143 7 0 0 0 0 0 35 9 0 0 0 90 0 0 0 0 0 0 77 1858 7 0 0 0 6 120 0 79 0 0 749 0 2 0 0 7 0 0 0 0 0 0 17 42 43 6 21 0 72883 0 0 35 3 51 0 2869 0 0 0 0 0 0 102 91 0 0 1 0 0 24 32 15 8 2799 269
 0 0 0 0 0 14 0 16 0 0 0 1 0 1 0 365 0 0 4 0 1322 0 0 0 7 0 0 0 0 14 146 0 59 0 0 10918 0 0 70 0 159 4668 0 106 0 670 187 0 18 12 4 0 0 101 0 0 0 0 0 890 40 0 0 134 19 0 0 27 0 0 316 2 33 0 0 0 28 0 522 0 72 8 385 42 5 30 0 98 48 0 55 0 27 2 11 46 0 0 0 120 1 0 5 0 768 397 0 0 42 0 0 0 0 691 81 0 0 0 0 0 0 0 1277 29 125 0 0 29 0 480 0 0 361 0 13 2244 0 0 0 5 0 4 7817 0 0 48 25 0 0 11
 0 0 60 1150 652 1 81 7 0 54 19 0 0 0 6 4 26 0 0 0 0 0 84 18 730 0 0 2 15 2 98 708 0 0 303 24 0 5 18 0 112 0 0 0 0 1 54 0 0 0 48 0 0 0 134 0 3828 0 480 0 0 0 17 0 0 0 20 0 0 0 0 109 0 0 0 162 0 1143 0 0 0 0 0 0 0 0 0 147 2241 0 17 74 21 0 3297 23 895 0 25 351 0 11 62 0 0 73 0 15 35 0 0 0 12 16 992 0 0 1301 0 0 0 0 160 6 1 33 0 64 2018 0 0 29 0 335 0 259 11 21 2 305 304 0 7 66 0 0 0 0 25 0
 0 17 72885 0 0 0 375 11 0 67 0 0 17 1 0 11 71 0 2 3834 48 94 0 168 0 0 715 37 0 0 25 26 59 1691 74 37 0 0 0 0 0 0 793 0 0 0 77 0 13 4 0 699 1343 0 0 0 0 0 0 0 3379 19 43 1 0 23 0 0 0 0 0 279 38 0 163 17 130 13 3698 0 0 0 0 112 0 0 0 17 1021 0 0 63 80 10 0 0 196 115 6 0 0 255 0 0 47 56 3 0 0 1 0 15 0 0 0 11 104 85 73 0 0 91 376 2396 0 0 86 0 0 67 10 14 147 0 0 692 1201 0 0 5 2336 80 0 5 148 84 1 11 0 3
 6 298 105 1510 0 887 103 159 0 47 42 30 0 44 52 0 23 268 0 0 0 0 0 0 0 0 7 346 53 3 0 0 0 1 0 0 360 1159 0 0 0 30 409 119 75 0 1880 0 419 2143 0 0 0 0 57 2 0 0 138 0 0 0 9 69 177 1317 95 0 0 0 1493 27 5 42 0 0 26 0 6 0 50 17 5 0 17 0 0 0 0 0 0 0 0 0 0 0 183 0 176 0 0 142 51 27 0 0 1418 0 0 0 0 0 2435 500 0 52 0 11 5 0 10 42 4 2420 5 0 0 114 78 0 0 13 36 6 82 0 0 0 0 0 0 0 0 86 0 220 0 0 30 1153
 28 3712 257 0 0 11 257 49 477 0 80 992 67 432 0 0 12 0 0 559 20 196 0 2 0 0 797 560 0 0 0 0 27 0 927 0 13 0 881 6 0 0 1 0 0 24 0 0 28 0 0 29 0 35 234 46 61 10 0 0 1815 14 827 11 109 0 362 224 0 0 0 161 2837 0 3 0 0 354 31 45 0 0 0 0 811 4 0 603 0 0 266 776 0 0 254 0 0 0 90 0 0 0 0 0 7 0 2 0 0 0 0 0 127 0 0 0 2064 0 0 37 143 12 1017 0 0 4 272 0 0 0 0 0 0 0 0 2 0 0 0 0 1774 2 48 0 0 8 259 0 14 0
 0 0 0 2 2 0 0 1629 0 0 427 0 0 29 302 0 11 0 0 0 5 1 55 0 0 0 0 0 0 193 164 4 264 0 0 0 16 0 0 9 0 0 0 5 0 110 72 94 0 0 1879 0 0 0 24 103 120 0 0 1 1172 9 73 0 0 21 84 23 0 0 0 1628 231 4 49 0 69 14 0 3 50 337 0 614 23 0 2 0 22 0 0 0 12 57 437 1083 7 0 0 1 257 106 0 226 145 434 0 160 0 0 0 0 0 7047 2 5 820 6 0 160 25416 391 3 0 0 0 0 0 8 0 0 1958 24 35 0 42 559 7 612 0 123 31 0 23 0 0 0 0 469 0
 0 328 0 26 107 25 0 43 7 0 0 179 5 0 43 0 19 833 25 374 0 86 0 266 328 672 500 168 0 501 56 1 0 41 139 11 0 48 600 0 0 10 4 211 0 84 162 0 0 105 0 0 0 3 519 0 0 0 2417 13 188 0 35 0 73 138 318 0 0 4 78 0 22 0 0 0 0 0 0 5 1 0 0 7 1 0 34 259 0 0 0 65 457 0 0 42 220 0 0 0 0 14 0 0 0 2 410 0 0 15 0 0 0 0 0 0 700 0 30 17 0 0 23 59 3129 0 142 255 0 131 0 3334 0 0 10 0 0 0 64 801 0 8 13 26 0 0 0 220 0 0
 44 19 0 110 0 90 0 9 61 10 0 38 0 2 0 323 0 0 0 161 0 0 0 105 0 0 0 0 0 1 0 81 185 0 3 418 194 4011 15 6 0 159 0 28 0 1340 46 89 6 0 0 14 1307 0 24 0 695 0 105 0 28 2 913 15 0 0 403 0 0 0 2406 212 0 69 0 30 14 61 271 17 0 0 0 0 0 108 0 383 6759 0 0 58 221 359 0 0 0 109 0 0 0 0 0 0 196 100 0 1286 222 0 0 18 166 2054 299 7 12 1 0 0 0 0 98 0 0 0 857 0 24 0 0 144 11 0 57 0 0 72 0 0 0 693 0 0 32 0 0 0 0 2
 0 0 0 4 0 105 0 1 0 0 675 92 1 10 741 0 3 0 62 0 11380 266 103 132 0 0 0 0 4 0 0 0 387 0 110 6 0 7 13 0 18 0 0 1206 0 0 23 0 9 0 0 0 0 0 46 167 4289 0 0 0 705 17 59 2407 0 0 70 0 714 22 0 0 1298 0 0 10 34 0 0 0 139 0 16 1330 0 261 5023 128 0 40 0 0 21 0 183 0 0 66 59 0 77 0 21 0 0 0 21 0 0 0 35 0 0 0 0 54 143 872 14 442 0 321 6 0 0 196 29 0 0 0 661 0 0 3 5848 85 0 0 0 0 0 0 0 329 288 2260 0 0 0 388
 0 0 1048 25 33 0 0 17 0 54 0 4 43 50 0 157 0 7 0 0 7 0 25418 14 0 0 0 18 0 160 10 238 0 207 0 5 2 85 0 0 0 2 96 0 2 0 0 2040 22 14 13 0 1587 297 0 0 0 0 0 24 1013 636 0 50 0 0 0 10 0 5 0 86 101 35 0 34 0 85 0 11 0 0 10 140 19 4 40 270 38 424 0 0 0 0 0 81 168 0 0 168 1 56 0 0 0 16 0 21 101 1276 48 0 1310 0 194 0 0 0 0 197 0 60 0 0 0 4481 10 117 0 0 824 32 0 180 30 237 0 0 0 0 0 33 65 202 16 3 0 0 0 505
 114 63 0 0 0 0 47 8 71 0 0 546 83 0 302 11 184 0 0 1 0 46 0 0 202 0 1 0 0 0 550 35 0 15 0 0 157 7 0 0 58 6 0 0 0 0 98 0 0 746 2 309 730 0 3 0 13313 42 1750 53 646 0 11 15 0 0 0 32 0 0 1 769 0 296 11 59 4 0 0 13 0 39 0 0 284 0 0 2 260 22 0 0 0 0 101 35 0 0 39 57 513 0 7 33 0 0 48 71 0 0 0 60 2297 0 18 0 0 1 0 2406 0 1 0 0 286 0 0 82 0 103 0 0 0 960 0 0 147 43 215 1946 0 0 143 419 111 0 0 0 0 0
 0 0 21 0 38 449 5883 0 0 0 0 0 178 665 0 23 0 53 44 1857 0 0 2 374 0 0 0 205 0 0 149 0 4596 5 1948 56 0 0 71 47 0 376 8 223 83 93 0 32 0 477 102 4 0 0 2 254 0 0 0 187 5 0 0 0 0 0 11 175 3 333 11 0 0 2 233 0 0 11 0 0 77 0 0 0 0 0 0 396 0 14702 0 2 2 400 0 169 188 0 0 2 0 0 5699 0 0 0 0 604 1 1088 0 0 6224 13 0 0 3 0 10 63 0 246 0 70 0 1369 0 0 0 360 46 486 0 0 26 1 474 0 20 425 4070 144 0 47 0 0 2096 13 0 0
 18 0 0 4 0 12 0 216 336 0 0 0 0 45 0 0 107 0 0 0 178 0 19 221 2 2 2 0 0 0 0 637 0 0 0 53 24 0 105 362 150 22 8 0 0 1649 1501 0 0 0 0 44 0 230 52 7 0 6 160 0 40 0 0 0 0 377 60 0 0 0 0 0 224 160 5 242 1249 11 25 7 10 0 0 0 836 0 0 0 0 0 284 0 0 0 0 0 105 95 143 0 0 0 0 1161 0 0 1 0 289 1 0 30 0 0 0 0 1996 188 49 1 36 101 0 321 0 0 2435 0 0 0 83 76 62 0 11 110 4 0 0 0 0 0 107 0 0 0 0 0 0 0
 0 0 0 0 317 0 0 4 0 332 0 0 0 0 0 212 1 0 0 1207 0 227 0 1 0 11 0 9 0 0 25 40 0 73 0 0 4 0 55 0 0 298 0 0 0 75 0 0 0 0 82 0 5 0 0 0 2 0 11 0 1 158 38 0 0 0 0 0 75 0 0 2 0 11 0 8 211 18 0 0 0 0 305 2289 13 0 110 0 0 3878 5 0 0 7820 0 0 0 1 5 3 3586 0 0 0 1 0 0 44 152 16 0 26 40 397 0 21 0 0 0 0 0 0 319 0 222 0 2440 1064 0 0 56 0 0 8 1858 167 0 2 0 84 3 32 24 0 27 1 13 0 4 0
 0 0 0 672 0 0 0 6 10 0 0 574 0 0 0 0 5022 49 25418 0 295 0 127 0 0 344 0 0 370 0 0 140 0 0 16 0 3 151 6 0 0 0 0 23 0 6976 0 0 96 23 0 0 0 689 0 0 45 21 2 0 2058 0 0 228 66 35 0 0 230 0 0 291 0 16 142 0 0 49 428 0 1 0 41 0 0 0 128 42 458 0 0 0 0 44 337 0 60 0 102 5884 38 0 0 75 0 0 30 0 0 482 41 0 1 188 0 51 0 7 12 3 0 44 0 0 20 0 0 0 0 0 50 0 0 0 0 0 0 306 0 0 0 215 0 258 0 0 1 20 0 0
 130 1 12 0 1161 86 0 141 2011 0 0 0 0 0 45 0 63 0 0 0 2763 18 159 0 0 0 0 193 61 0 157 571 0 0 0 25 847 67 58 0 0 269 146 0 0 161 1 16 0 2540 67 0 0 0 10 9 20 0 93 19 4 0 0 0 0 0 53 0 31 0 0 0 0 756 693 47 0 0 0 0 0 317 494 0 23 0 14 8 0 20 3 295 25378 64 0 0 386 424 10 0 3 0 0 0 0 0 5 0 0 0 0 96 0 474 0 0 0 86 0 1 13 0 0 0 0 28 0 0 0 439 113 0 4 0 0 0 0 0 6 0 0 13 3339 0 0 0 0 0 18 1837
 0 0 0 1322 0 0 0 0 0 0 0 0 35 0 0 3 0 0 995 131 7 0 877 4335 0 0 238 0 143 0 29 14 0 0 10 133 5 10869 5 26 4 0 0 174 0 17 0 0 0 66 0 13 0 0 0 0 98 195 0 266 0 17 107 0 0 2812 0 0 35 10 716 489 0 0 44 0 14 2099 0 4 0 8 862 0 435 0 0 11 0 351 0 0 1 3272 3 0 0 49 0 0 51 2 268 0 0 77 18 0 124 0 0 4 53 694 0 576 303 5 85 0 39 18 0 33 439 3 0 32 0 0 0 3 0 0 9 0 0 0 0 66 1251 0 2275 76 21 0 0 0 9 221
 27 0 50 1 0 0 8 0 159 139 200 494 48 0 0 0 10 1 687 88 0 221 0 9 0 0 0 0 0 0 22 73 53 0 919 0 30 489 0 0 51 1 0 893 0 0 253 548 0 0 0 186 0 0 0 19 0 0 0 61 0 98 0 1050 2 1310 77 14 1086 6 55 4 489 274 7 0 0 0 0 877 471 0 2837 0 0 45 0 0 0 14 9 2 0 0 81 0 0 0 6 0 9 77 0 0 1 889 0 0 121 0 0 38 0 86 0 0 0 460 0 0 75 0 0 1 0 0 0 13 60 0 0 339 8 432 0 0 0 0 1027 2386 0 2 3 0 65 222 39 0 0 0
 7 0 0 1595 91 0 0 214 0 0 0 32 91 0 491 60 3582 6 0 0 0 0 2 44 186 0 5 114 40 0 0 0 0 21 536 234 495 0 0 0 0 0 0 0 0 0 48 302 0 0 0 0 0 0 224 0 0 375 2 21 1 0 0 2 312 78 0 181 0 0 21 0 0 0 1002 0 0 0 0 3 0 0 0 55 0 0 0 0 0 0 4 0 0 678 0 1083 30 167 0 0 0 318 3 0 12 0 0 258 0 0 0 942 0 112 19 0 760 0 155 0 0 3977 0 2817 467 104 0 0 0 0 0 0 425 10 235 0 0 220 4 167 0 0 525 5 0 375 0 0 0 1
 5 0 0 0 0 46 0 57 12 0 21 0 23 0 419 0 29 232 1921 0 2 6 0 47 13 0 1756 0 0 0 18 0 3 0 650 0 0 0 1498 106 295 0 0 24 0 999 10 24 12 59 0 226 2 0 0 0 662 0 24 0 51 0 3339 0 0 0 0 26 155 147 47 43 0 0 0 1 901 11304 140 2 75 0 11 0 0 39 1 0 0 6 0 57 10 0 7 2 0 3731 0 0 0 2240 0 116 0 0 66 0 0 0 2383 365 0 0 2 0 0 0 1 1104 0 3375 0 34 0 0 0 0 22 0 20 0 186 180 440 3 1 98 0 476 0 0 13 0 0 5 44 0 0 0
 0 157 0 67 0 216 0 0 416 1028 0 0 0 0 0 0 0 135 0 0 56 0 0 0 534 0 0 0 0 0 26 35 69 4 15 10 0 0 119 646 138 0 311 0 51 25 160 121 5 150 632 0 0 0 9 33 16 0 35 0 23 0 0 159 0 0 355 0 1 2505 0 0 94 234 0 0 1717 11646 8 5 0 302 0 87 0 222 162 23 0 0 40 14 0 58 43 0 332 51 0 166 0 247 4 0 49 0 10 1 0 0 19 0 60 0 600 0 10 7 25 0 529 0 13804 235 0 0 0 0 0 0 6 354 9 0 8 4 171 978 0 273 0 0 2 90 3 3 0 260 0 0
 0 0 10 0 0 17 0 0 0 0 167 0 0 25 0 0 0 0 0 0 0 0 0 0 0 0 0 0 188 0 0 17 0 258 0 0 435 0 0 0 0 0 4 327 22 178 0 1107 22 0 30 0 0 0 29 269 0 3 2 2 0 46 836 0 26 105 4 5070 0 0 0 0 116 0 29 1 0 0 0 315 52 6 243 0 0 0 0 0 0 270 9 0 0 7 0 23 0 75 352 0 11 0 4 80 0 0 52 2 1307 0 77 0 0 0 0 0 1478 36 0 0 73 0 5 1149 23 0 0 2440 0 494 0 0 0 278 54 1177 223 2 302 475 0 2 0 0 910 13 14 198 41 0
 0 0 0 0 0 0 0 44 19 0 0 397 95 0 0 16 5884 26 32 9 21 0 0 11 0 12493 8 9 52 83 0 0 0 452 19 0 2883 0 65 0 0 11 0 0 9 0 17 157 0 7 0 2909 32 0 0 72451 0 0 1 0 0 8 59 10 0 0 80 322 47 0 16 0 0 16 0 0 234 0 0 0 0 1 916 2 11 17 85 0 0 4 0 0 43 304 9 0 0 0 1716 0 0 0 0 0 9 0 0 70 34 12 33 0 191 0 10 8 99 311 370 21 0 80 0 0 0 8 0 0 0 0 0 615 70 11 0 0 0 36 44 43 110 46 0 0 328 0 242 48 5634 0
