150
 5 22 0 45 163 0 0 3 534 63 356 349 0 0 0 289 0 8 0 310 1 0 154 0 0 50 13 0 97 113 6 0 0 0 1526 56 9 0 60 0 0 1381 0 0 2 0 0 40 14 15 572 0 14 0 0 524 7 11 249 9 7 0 0 37 0 320 32 371 2 246 0 47 0 2 103 5 0 34 0 0 0 0 0 33 0 5 62 79 37 45 370 0 0 0 0 0 22 1 0 85 0 6 0 11 56 0 0 0 656 0 0 4 0 0 0 2 136 0 3 4 43 49 0 0 0 0 0 578 24 90 0 0 83 29 0 0 104 0 17 0 11 22 0 480 0 0 0 9 0 14
 0 0 1 65 0 0 22 0 1 6 0 0 28 13 0 0 13 0 0 43 0 0 0 10 1 0 0 0 34 4 15 0 0 0 0 434 0 282 0 0 4 119 2 0 0 0 0 3 19 0 0 2 0 1157 0 10 43 7 30 18 0 0 0 0 0 0 135 13 1 0 7 2 0 19 0 0 0 0 21 0 4 21 1052 0 0 100 132 2 0 155 0 81 0 0 15 12 0 37 3 197 0 0 25 0 213 2586 65 0 9 0 0 0 1082 0 0 0 0 610 4 0 7 0 0 31 5 0 0 0 67 0 0 0 163 0 0 2 0 0 394 5 18 566 0 17 4 114 11 0 15 0
 561 0 13 0 16 93 0 0 0 0 0 0 0 0 3613 0 0 0 0 0 137 17 0 9 0 8 22 0 1 0 28 56 0 180 0 2246 0 2618 10 0 0 0 5 0 1056 886 5 0 28 0 0 0 4 2 0 38 0 40 225 0 167 0 0 922 0 49 268 0 81 3 0 4 0 0 737 14 0 4 1 13 0 0 53 82 125 0 0 0 3 0 0 244 121 0 19 40 29 1 0 0 0 0 4 0 0 561 0 143 0 10 0 0 0 172 0 0 0 0 16 31 88 0 0 41 2 125 0 4 0 0 0 0 0 2 7 0 0 4 1 0 1303 20 0 140 0 112 3 5593 0 3
 0 0 15 16 5 0 42 0 0 1 0 0 41 318 14 170 12 0 30 0 0 12 0 0 1 0 0 552 47 0 129 1 0 108 33 0 0 0 14 260 0 0 0 0 0 2 0 1 0 0 566 0 0 436 0 0 10 765 151 0 0 65 0 31 0 83 0 0 0 48 17 143 0 33 294 0 0 0 0 35 239 4 0 0 740 0 0 2 11 15 0 0 0 41 0 582 76 0 3 0 0 23 544 48 2 0 0 1264 0 0 0 50 82 62 0 169 0 0 0 0 0 0 0 79 0 208 64 43 0 23 0 24 0 0 0 6 0 114 1 2 0 0 148 0 0 0 1 0 59 16
 0 350 0 0 33 0 52 0 0 0 6 0 0 0 0 3 0 350 0 0 0 0 0 0 0 568 1239 2 44 0 4 197 0 0 0 35 9 3 0 0 0 0 0 0 0 0 9 13 60 1525 16 68 1 171 0 0 0 0 0 0 0 369 0 7 0 17 0 0 0 53 1052 0 17 0 10 0 0 0 0 0 0 2 0 0 16 0 1272 0 0 82 0 0 0 5 24 625 0 5 0 0 7 13 1 0 0 0 0 11 92 9 396 0 11 0 0 19 187 22 8 10 0 0 0 7 227 4 2 442 0 1603 591 470 0 0 1383 5 0 9 0 38 0 0 0 0 45 0 2 2 226 62
 0 8 0 15 213 15 177 21 0 0 102 14 22 49 0 0 0 6848 912 167 0 17 0 1633 0 0 0 0 42 0 0 165 0 1684 0 0 0 10 0 0 0 0 0 15 41 48 169 15 64 0 0 0 0 0 0 0 128 122 0 0 0 24 564 93 823 0 15 0 12 26 134 0 0 0 309 0 0 68 28 74 0 6099 14 0 0 0 32 8235 126 72 0 14 27 624 0 8 35 0 0 0 0 0 0 0 0 34 0 65 0 195 54 47 0 262 453 64 12 7 32 1599 0 40 0 1 0 0 29 1 0 3 0 0 13 0 0 0 11 4 0 0 0 0 0 167 244 13 0 0 0 10
 4 0 7 0 0 0 0 4 0 2 32 10 0 0 0 0 0 0 0 0 0 0 0 0 10 0 0 34 68 5 0 24 0 8 121 0 92 0 7 22 0 0 0 3 0 18 123 0 32 0 0 0 95 6 57 0 4 0 27 2 8 5 0 0 0 53 15 56 469 218 197 5 1 4642 0 0 42 961 1179 0 0 0 0 51 0 1512 34 0 0 0 27 3 668 3 43 0 0 0 0 0 15 102 0 1388 51 0 20 17 4 10 567 7 15 0 2523 3 0 47 375 7 22 0 0 3 0 5 271 241 0 0 0 0 13 14 31 128 69 0 0 1 5 71 6 0 0 14 73 290 0 89
 0 7 16 10 107 0 0 35 22 276 223 0 0 0 1286 0 19 0 6 482 366 0 0 38 3 0 0 0 6 0 2 3 0 4 2 184 0 302 0 0 0 0 0 0 339 0 0 0 13 157 0 195 30 950 46 1124 0 2618 0 0 0 76 26 0 0 0 22 0 80 0 5 1 0 0 35 0 2 0 0 0 45 0 234 6 41 0 124 0 2 35 0 12 1 45 344 0 0 30 344 0 0 8 12 14 0 17 36 6 0 1376 71 0 0 176 0 0 38 0 0 169 0 0 0 0 916 0 0 0 0 0 0 0 0 0 0 0 0 0 0 0 0 0 0 77 164 0 0 2 0 0
 0 0 12 4 153 82 550 0 0 0 0 0 80 0 26 0 42 50 56 4 0 38 387 0 0 0 0 9 21 0 290 0 7 46 0 0 0 0 0 80 0 0 0 0 80 0 4 1851 1 399 17 0 2 125 3023 0 0 387 0 4 707 0 0 0 5 1 13 0 0 238 0 1528 0 28 0 1 0 51 0 235 1 0 7164 0 42 0 0 0 69 55 0 0 1366 2 3 0 0 0 3 0 31 0 0 0 16 0 41 0 0 0 65 25 0 0 279 1 0 0 0 0 200 4 0 0 0 0 0 281 1605 573 0 0 84 0 0 10 15 0 298 0 16 0 0 10 0 11 0 0 34 0
 0 0 0 0 21 8 0 0 134 0 0 39 0 0 20 0 35 0 0 0 0 0 39 0 0 0 8 0 116 4 0 11 0 1922 13 90 139 0 46 29 47 151 118 9 11 37 6 483 49 0 0 0 6 0 0 0 0 0 0 0 13 0 0 447 88 0 15 0 22 0 186 0 56 204 0 13 279 113 0 0 29 0 18 146 0 0 0 0 110 0 0 2 0 0 0 0 83 0 0 28 0 0 0 0 1440 0 0 43 0 0 114 24 0 115 2 22 0 0 0 3 0 2 0 0 0 3 407 17 0 0 0 18 0 9 0 0 37 81 0 16 24 38 11 3 0 34 2 0 0 1529
 0 174 0 2 0 0 0 0 8 150 455 4 5 0 0 0 8 0 459 0 1 0 907 0 0 0 0 0 16 0 0 48 12 0 35 0 198 2 0 27 8 11 51 0 112 23 0 0 0 0 1003 0 477 0 22 6 126 139 0 14 0 16 0 0 3 0 9 0 0 0 0 0 57 72 0 27 0 0 0 0 1 0 1 17 0 0 16 15 49 2 0 0 0 4 0 0 0 0 0 60 0 249 1 0 0 0 34 0 53 60 944 6 155 0 0 48 2 6355 5 0 0 0 3 0 148 0 0 0 0 246 0 0 0 16 76 0 2 56 63 0 16 2 11 0 0 0 0 120 0 435
 0 32 7 253 3 0 0 41 39 0 0 330 251 34 6 0 0 127 0 46 0 288 6 4 0 0 0 0 0 75 0 15 0 0 3 27 99 2 0 0 17 9 4610 0 0 5 0 0 435 0 0 72 1058 171 57 46 0 24 0 29 0 23 135 0 0 0 0 0 0 0 0 0 0 2 0 0 7 0 212 0 28 0 0 0 141 0 169 0 91 0 0 12 35 0 14 28 6 10 0 0 0 0 0 0 14 202 0 0 0 224 46 0 933 5 0 130 0 2 0 5 51 0 18 0 0 0 83 0 23 272 0 0 9 0 0 0 0 0 23 6113 1 0 6 151 0 0 6 1 0 0
 7 0 48 0 1046 0 22 13 0 112 0 0 196 0 0 0 1 8 5 42 0 0 826 0 1 0 6 754 0 1301 65 0 380 0 8 0 0 0 0 0 0 21 0 24 2 0 1 11 1442 0 6 0 0 0 1 0 347 0 0 3 6 3 0 0 0 0 7 26 0 38 0 0 14 0 0 0 10 23 2 0 11 0 2 8 0 0 17 5 168 8 0 0 0 117 398 0 0 0 0 131 112 11 0 364 9 0 8 0 583 0 0 0 0 208 1065 14 0 5 0 0 1371 0 0 0 1 0 0 19 18 0 113 0 4 0 539 8 1 0 0 18 127 31 73 0 0 0 0 24 595 0
 43 0 283 0 126 0 65 0 684 12 2 0 10 0 0 0 1 13 103 23 11 64 0 10 0 0 12 0 0 5 0 3 35 0 20 0 0 10 0 0 0 1 309 7 0 0 32 10 0 0 0 219 12 0 12 235 0 0 0 0 74 0 1 0 0 0 0 0 35 203 0 0 0 0 0 0 0 2 0 11 39 0 4 0 0 2 0 0 229 0 0 0 184 117 10 2 0 0 0 0 16 88 8 0 755 0 0 37 0 6364 0 0 66 15 127 5 0 0 0 0 57 0 0 24 72 0 19 0 24 1 0 0 0 0 0 0 0 4 0 0 102 0 178 39 7 0 2 0 0 0
 0 0 0 0 0 589 53 0 0 0 11 0 0 31 8 1 0 0 185 0 0 8 3 6 0 31 0 51 709 0 891 0 18 168 5 19 2 0 0 85 0 20 49 24 4 0 1 0 11 0 122 424 3 0 7 15 75 0 0 0 616 0 145 0 4 0 0 0 83 10 2 0 20 0 0 0 88 0 136 15 0 261 6 401 0 0 0 177 0 0 0 0 0 0 0 107 0 0 3 0 6 149 0 0 0 0 15 0 0 0 233 46 827 0 0 18 73 0 4 0 23 8 22 233 0 0 82 11 0 106 0 5 0 3 2 0 78 0 39 11 393 79 14 54 6115 0 0 0 2 9
 0 0 110 0 0 1 0 1233 46 9 30 177 30 15 0 142 979 143 21 75 0 0 627 0 0 0 0 0 0 145 0 0 80 52 23 0 125 167 0 0 0 81 0 13 8 7 15 5 0 20 150 0 0 410 4 1415 0 0 0 0 0 0 48 0 24 0 0 1 0 0 0 30 937 0 61 0 3 17 0 0 0 26 0 0 0 0 0 28 0 0 30 188 27 59 48 74 0 0 0 0 0 25 0 0 0 0 0 5 0 0 36 66 0 0 49 0 232 0 77 7 1 134 13 0 0 0 0 0 0 6 24 14 4 4 0 1256 0 0 0 1 0 16 4 0 0 0 13 29 3023 0
 4 0 0 0 9 0 89 0 0 0 0 563 0 0 7 0 0 0 0 40 0 0 0 397 0 0 0 0 71 17 4 456 148 0 0 1338 0 0 1336 0 0 28 0 15 0 0 39 0 0 0 0 0 0 13 5 4 0 0 0 0 0 6 0 0 8234 0 1115 926 0 26 1212 0 169 0 1 181 10 0 0 60 3 57 30 0 0 0 60 456 48 0 0 0 0 0 0 0 217 0 32 60 0 106 0 264 0 2 0 0 122 0 0 7 60 3 59 0 235 10 0 243 0 83 0 15 0 10 0 195 0 0 0 0 0 0 7060 0 0 0 6 0 0 0 0 646 0 0 0 2 7 0
 0 113 22 85 0 0 20 8 0 0 4 0 0 0 21 0 45 3 13 259 102 0 1020 0 0 25 31 162 0 4 0 27 69 15 31 6 22 13 1 17 0 0 0 20 62 0 3 104 318 184 0 126 46 0 0 90 5 0 0 6 0 0 127 32 0 0 0 175 33 5 32 96 5 0 0 0 2530 0 0 0 0 61 0 0 0 0 3 0 0 0 1 0 71 15 127 0 55 0 934 0 4 0 267 178 0 0 0 0 0 0 0 0 16 304 0 151 14 0 210 0 0 0 77 142 0 21 0 7189 238 39 0 7 1383 0 7 43 0 26 0 8 3 0 7 114 0 0 0 1 0 0
 1243 38 57 0 161 0 49 0 0 333 0 58 0 0 0 0 2098 0 3 1 0 0 4 0 13 89 95 0 0 35 0 0 224 0 91 0 0 0 4 34 242 0 0 3 0 195 0 0 6 258 12 0 133 0 4 0 0 0 0 1183 17 0 15 33 655 0 401 49 0 162 0 63 0 2 0 2 0 0 163 0 6 257 282 0 0 1336 0 0 0 0 0 0 4 0 4 0 60 3 0 0 333 0 7 0 12 1188 0 0 0 5 37 4 12 18 0 276 0 0 1668 17 0 0 8 0 0 0 1 0 33 0 55 130 16 40 3 0 20 505 0 80 6 0 84 0 0 9 0 53 29 0
 0 0 96 15 19 0 53 0 0 14 0 0 0 0 0 0 0 0 0 1 0 219 8 0 0 0 24 96 9 129 9 0 0 3 0 0 0 0 25 44 0 22 0 197 0 41 20 0 0 0 0 0 0 16 9 13 0 0 1 17 19 0 0 28 405 0 9 0 329 0 0 38 0 0 0 0 20 0 10 6 0 7 1082 9 0 21 461 0 5 0 0 8 1368 0 0 0 0 0 8 138 9 46 0 0 0 0 0 0 0 4 0 0 0 0 0 16 4 36 329 0 3 0 0 41 86 0 219 119 31 0 2 0 125 0 0 805 79 0 0 672 0 0 0 0 0 19 3 12 42 1
 0 10 0 51 27 2 0 0 180 12 0 9 45 0 3 9 54 0 37 230 0 36 0 0 125 113 0 0 0 0 0 0 1 10 86 0 0 55 0 76 0 0 0 0 6 0 13 133 0 4 0 178 15 0 29 223 0 0 0 0 17 2 127 554 1 0 403 0 0 0 118 3 81 73 0 10 20 14 0 0 0 0 0 0 0 0 0 185 2248 0 3 0 0 41 0 251 0 0 0 5 1 0 10 0 0 7 0 57 0 0 0 2 26 0 0 0 0 19 0 14 0 0 50 0 10 18 1037 0 0 0 15 0 0 48 0 0 0 14 0 0 87 0 0 0 35 4 0 0 30 0
 52 3 0 0 43 0 29 0 0 1 11 0 197 0 0 89 3 164 87 0 0 4 0 0 0 0 0 0 66 53 84 20 0 0 0 0 3 0 1 223 0 0 0 148 13 4 20 512 0 81 0 0 3 22 0 21 0 13 2 0 0 0 18 0 1694 0 0 325 16 0 0 0 46 22 0 0 0 0 0 762 350 43 0 0 0 1 0 59 455 35 0 0 34 0 599 0 0 0 0 0 0 12 5 0 0 16 0 66 0 0 59 34 0 0 18 0 14 93 0 166 0 589 134 0 140 0 106 0 8 0 10 0 0 0 12 0 0 3 63 0 0 31 0 324 0 87 0 2139 1 0
 0 304 76 36 17 18 6 275 0 0 0 0 0 23 0 0 51 0 0 0 887 7 19 0 0 0 0 6 0 15 0 0 8 0 0 0 0 0 0 0 508 0 0 15 11 96 0 2 4 0 0 35 59 0 0 0 40 24 0 0 447 493 43 262 35 16 6 0 93 34 0 0 19 0 0 0 0 4 0 19 0 0 0 30 0 0 207 10 10 0 43 11 0 0 0 0 163 73 0 0 0 0 57 7 2 8 0 0 1075 130 0 0 0 18 0 0 0 0 162 135 0 0 209 47 0 28 67 15 0 7 0 3 0 0 4 0 0 0 18 0 506 0 0 0 65 0 197 37 8 0
 107 0 0 842 27 0 26 0 723 6 76 0 21 0 0 28 0 325 386 1 90 10 378 3 0 70 0 0 196 263 0 0 10 97 541 6 0 0 5 0 5 18 0 0 0 50 2 0 65 0 12 124 45 0 32 0 0 17 0 0 13 0 0 0 0 0 34 182 8 145 0 237 0 0 0 0 0 79 25 0 41 0 4 0 0 51 4 33 0 2 0 68 8 0 0 0 0 0 45 4 0 0 0 50 0 0 0 0 0 0 307 10 8 0 0 0 0 0 74 0 0 31 70 23 0 0 202 0 0 0 1 0 1 0 0 0 0 30 0 0 0 0 0 0 0 0 0 10 1358 7
 1 0 58 0 0 3775 0 0 399 183 0 0 0 133 8 3 10 29 0 3 0 28 0 3 231 229 0 21 18 0 0 41 0 261 9 20 0 0 0 0 0 15 0 0 0 0 0 158 0 104 0 0 0 0 17 48 823 25 21 0 0 833 0 0 3 0 144 1 26 0 106 136 0 7 0 0 663 52 0 19 0 22 0 0 382 76 0 124 60 0 40 0 0 53 6 0 16 0 10 0 379 0 0 1396 823 78 0 0 343 0 2 21 84 194 0 48 0 5 0 169 169 137 47 0 149 1 78 0 0 9 6 15 6 0 9 0 4 0 5 0 41 19 0 62 5 0 0 0 17 253
 0 0 0 42 0 8 65 3 14 33 32 15 350 0 0 0 1 0 0 0 0 1 6 0 0 0 0 243 0 0 0 0 0 9 194 114 85 0 1195 5 0 188 432 99 0 19 0 2 0 0 0 0 160 0 1 1 0 1851 0 0 0 0 8 579 221 0 0 0 7 14 0 0 22 0 2 11 518 0 3 10 0 0 1547 43 0 0 0 0 11 16 32 0 0 1 2 26 0 0 0 1 14 96 3 0 0 0 10 0 0 0 0 0 4 0 5 0 356 0 0 5 58 97 0 39 0 62 0 75 0 17 11 1056 0 0 37 0 0 38 579 0 0 0 0 53 0 13 61 524 6 0
 0 1846 0 4 0 160 15 0 5 0 87 35 0 0 2 1 0 0 0 0 934 0 0 2 16 1053 1 260 0 0 6 0 0 160 10 0 0 37 21 7 0 16 0 25 110 0 0 1519 0 0 709 0 0 0 433 4 1200 0 265 0 74 619 224 10 0 15 32 6 447 137 0 62 0 0 281 0 0 0 0 94 0 0 0 9 3 37 51 18 252 113 132 0 0 49 268 3 18 0 0 98 0 0 0 0 6 44 0 0 483 0 12 20 193 10 8 6 0 17 18 0 123 0 2 0 13 0 0 12 37 0 0 0 8 0 0 4 586 0 0 0 15 0 0 0 5 0 0 117 218 0
 3 24 57 0 0 4 0 228 0 369 249 6 0 219 0 27 160 0 44 0 68 22 0 1 0 0 0 15 89 0 3 12 0 12 253 409 0 0 83 0 0 28 0 0 0 0 188 4 0 0 50 0 3 0 49 0 0 0 0 289 8 0 1 0 0 0 8 0 0 0 10 41 4 235 400 439 0 0 0 0 39 0 1 200 5 0 5 188 13 0 6415 0 75 0 0 0 28 0 0 0 12 1 12 30 0 0 1 20 0 0 0 43 6 55 0 46 116 0 0 0 13 0 0 44 8 0 7 228 0 0 0 0 1643 0 5 5499 2 4 0 0 0 0 0 347 0 0 404 0 171 0
 0 0 0 0 0 0 0 0 0 0 0 3 6 0 0 15 0 202 0 0 1 0 0 0 0 11 3 0 4 0 0 0 11 0 18 0 246 0 0 1935 0 146 0 14 10 0 0 0 0 0 0 8 0 0 90 0 0 0 0 1 279 1 0 0 55 0 0 0 0 0 197 22 36 87 0 0 16 3 0 192 0 387 0 0 0 45 0 12 0 585 98 75 0 3 133 0 34 26 0 1 0 1347 0 0 0 0 0 301 41 0 78 32 23 77 0 343 152 0 1 2219 0 0 0 559 0 0 0 77 3 15 0 132 67 0 49 0 0 0 46 4 1221 0 37 0 156 0 7 23 0 0
 0 0 516 156 19 470 0 599 31 0 4 0 0 0 143 0 0 0 0 0 4 0 0 0 22 455 1 4 97 0 0 0 0 257 25 3 0 10 13 0 0 21 0 23 0 0 18 174 0 44 0 0 0 12 14 0 0 0 0 0 119 0 2 0 0 0 500 32 71 0 334 8 42 0 20 0 0 0 0 477 0 0 188 0 19 0 0 0 0 13 6 35 12 0 0 1 0 0 0 102 0 97 0 3728 0 13 48 0 0 0 482 0 0 8 0 33 0 0 0 27 0 27 0 0 27 9 0 0 0 0 16 0 0 0 0 64 0 403 7 0 0 17 0 26 12 9 0 250 0 20
 0 0 0 0 0 3 8 0 0 52 670 38 0 3 0 10 0 961 35 0 51 0 1015 239 0 24 0 0 63 0 38 0 0 0 43 0 0 15 0 0 0 0 26 0 6 99 11 0 0 49 0 2278 34 60 1 0 5 2 0 0 0 1 21 1 0 0 0 0 0 0 0 16 0 25 842 274 5 0 0 0 0 0 0 20 0 0 29 0 158 51 192 7 12 109 0 74 699 10 0 0 0 0 13 0 30 0 863 0 0 0 5318 55 0 0 398 51 0 0 0 557 25 52 0 0 0 0 0 0 73 0 968 0 0 0 8 66 0 0 33 72 0 1 74 4 0 0 7 0 2530 0
 5 0 0 0 0 0 0 0 36 0 0 0 0 0 124 922 0 0 1 472 16 0 0 121 0 223 0 0 0 1 9 28 8 484 0 39 14 0 14 0 0 0 0 0 6 0 0 0 56 0 5 0 26 0 65 3 283 0 1766 234 13 0 0 22 75 0 790 17 4 15 0 4 945 0 266 0 1345 0 0 1 0 0 52 0 0 8 0 0 0 0 0 0 1 11 19 0 0 11 0 0 389 56 0 0 1 0 0 0 4 19 29 77 65 3 0 0 0 0 0 0 6 42 0 0 0 0 0 29 0 0 118 49 0 0 0 4 0 0 31 0 0 0 0 0 0 84 1 0 0 4
 2618 111 54 13 96 17 0 14 0 0 0 10 0 0 0 0 0 0 0 449 0 6 0 0 483 25 44 308 0 13 46 0 27 1489 4 0 0 89 6 1 0 3 0 0 0 11 175 4 163 0 219 44 0 916 345 0 0 55 0 0 81 37 4 0 0 0 694 196 346 0 4 0 0 0 0 3 3 0 367 0 0 0 139 0 0 0 8 0 29 0 0 0 15 0 4 0 0 0 0 0 0 51 0 30 8 255 49 130 0 141 0 8 1202 134 0 80 0 0 29 0 3 0 47 0 0 15 3 0 99 0 1 0 0 0 0 0 45 20 0 35 2528 6 1165 62 0 5 0 0 29 26
 37 41 0 0 2 0 0 0 0 0 2 25 403 23 0 0 221 0 0 0 0 5 19 0 0 0 0 0 1 0 0 0 0 3 84 0 0 14 0 18 18 0 4 0 0 0 942 0 0 0 0 6 1228 3 8 217 22 0 0 378 0 0 14 0 7 0 0 0 961 0 6 0 34 0 0 0 0 44 10 0 2 2 0 3 0 0 0 0 0 0 0 81 0 1 912 0 45 0 0 0 21 4 0 0 464 0 0 0 0 0 130 319 128 2 0 0 10 24 339 18 0 0 118 22 120 4 0 1 249 0 1 16 247 0 23 2 0 0 0 737 0 662 208 13 114 0 55 0 0 0
 0 19 0 0 0 23 0 0 17 0 0 0 0 0 0 0 2 0 0 9 0 27 66 0 0 0 0 0 0 0 0 60 0 0 0 985 31 0 0 35 14 0 0 0 82 0 0 0 0 0 0 0 0 18 225 684 0 17 0 26 1834 17 46 0 7 236 0 0 0 0 1 0 29 0 169 0 200 0 0 329 0 0 0 75 5 0 0 30 0 0 0 2 20 0 1 47 0 0 4 43 1292 0 0 6 11 5 0 400 11 19 127 0 11 0 0 0 1344 19 11 0 0 0 6 0 104 31 28 0 0 0 24 0 0 0 0 0 7 39 0 21 0 3 13 0 0 0 0 0 0 0
 0 0 0 122 0 16 1 0 2 0 1 0 3 333 0 6 0 0 22 47 0 95 12 0 0 0 374 0 6 0 3 0 3742 8 0 59 962 0 0 0 14 0 19 7 12 0 0 217 0 476 0 1858 0 51 0 29 0 0 0 7 0 3 3 11 0 0 0 23 0 284 38 39 0 150 10 518 0 0 0 0 0 15 13 0 0 5 0 1 0 0 0 0 348 51 0 59 0 0 10 10 19 0 0 0 19 0 0 0 0 0 0 44 0 0 0 0 0 0 303 32 0 22 4 0 6 0 5 0 0 0 0 66 5 0 0 0 0 908 39 0 152 0 3 20 0 0 33 0 4 8
 0 0 1008 8183 0 25 0 126 551 0 0 0 19 353 0 0 4 0 1 48 30 0 430 6 216 0 27 47 0 23 4 0 248 634 0 0 2 0 0 20 3 5 0 14 3 0 0 3 330 0 0 0 0 21 0 6 0 0 0 0 0 0 0 384 8 69 0 0 0 0 0 0 321 0 0 0 0 62 60 40 0 0 0 133 0 146 23 20 0 247 455 3 0 0 845 20 0 1044 8 0 9 0 1 3 0 0 0 193 0 0 0 0 0 0 0 0 0 5 3 0 283 1205 0 0 10 0 0 0 26 10 0 0 0 34 0 63 0 0 189 0 0 7 0 0 0 0 178 518 0 0
 3 0 0 0 0 0 17 0 148 42 0 0 204 0 0 0 2 0 31 126 0 10 59 17 13 1 0 0 7 0 0 90 0 0 50 20 49 10 2 859 0 0 138 0 38 0 2 0 0 0 27 236 0 3 1 0 0 0 0 0 4 12 0 0 259 18 10 19 29 13 0 0 0 18 0 3 0 0 0 38 0 1 0 1471 0 3 197 0 0 83 0 0 168 0 0 497 5 0 143 0 0 8 575 0 21 3 0 0 0 0 0 118 0 0 0 0 0 28 828 0 0 0 65 84 0 13 5 11 0 3 0 988 0 0 0 0 0 0 0 0 0 0 0 0 0 0 332 0 6 65
 0 72 0 0 9 116 0 25 100 0 12 3 117 0 4 5 0 0 0 0 77 0 9 0 23 0 0 0 49 0 4 0 0 1 49 1038 0 0 22 0 15 0 0 4 47 0 0 0 0 1422 1 167 8 0 185 0 9 4 1 2 993 0 15 0 0 0 130 6 1216 0 0 6 0 0 0 46 0 0 923 9 54 145 0 0 79 40 9 1 0 32 0 54 0 114 0 0 0 0 16 87 0 0 2 1515 0 62 54 0 0 4 0 172 0 235 0 12 51 0 0 81 368 0 7 7 0 0 0 0 0 37 303 0 41 9 0 0 7 1005 0 0 4 2 0 0 275 6 0 0 29 0
 2 12 0 0 1 9 0 0 0 0 0 49 1 3 0 382 21 0 0 0 0 0 183 46 3 0 0 516 0 0 23 25 0 0 0 317 0 0 51 2 0 511 22 380 81 0 1 0 934 43 0 0 0 0 0 0 52 0 0 502 64 0 10 4 22 0 0 0 0 0 0 0 0 0 12 0 15 448 4089 129 6 0 0 0 0 0 20 0 0 64 0 0 25 4 156 6 585 0 59 64 14 0 0 50 60 0 3 0 0 0 23 0 2 16 7 6 0 0 0 0 65 235 0 1 5 15 58 14 1205 131 0 0 48 271 0 63 361 8 30 0 15 390 50 0 1 142 0 0 22 5
 31 0 11 3 7159 7 6 4 0 0 0 0 212 8 3 1 1535 29 0 1169 261 68 0 0 254 6 13 12 2 373 2 0 6933 0 0 0 0 4 0 0 57 0 0 0 0 31 1 1 4 27 0 0 44 31 80 8 88 4 6 29 1525 0 0 69 0 0 9 143 0 0 21 0 0 0 0 23 0 4536 13 14 14 0 0 5 0 0 0 0 0 0 0 0 4 9 0 2 0 0 0 1040 104 0 0 1 0 0 13 0 71 0 0 217 0 0 0 14 167 0 205 1 0 63 0 682 0 0 3 0 0 2 0 56 32 0 0 0 714 0 10 0 114 103 5 0 0 0 0 0 143 0
 0 0 9 8 8 153 13 1 15 0 0 0 0 0 0 0 0 1 6432 0 1487 8 395 0 0 0 0 0 0 0 87 0 0 1 6 20 0 160 1 0 104 0 1 13 0 27 45 0 0 0 0 0 0 1 76 0 0 0 0 1 1143 229 461 0 0 92 0 8 6375 4 0 1 0 0 19 48 0 208 520 1 0 9 0 2 159 3 0 0 0 0 0 0 0 495 5 0 0 221 3 10 0 50 0 0 0 13 0 0 7 0 0 105 0 198 0 15 0 6432 0 106 11 8 0 0 473 0 0 0 0 37 0 16 15 0 0 13 0 5 0 0 0 271 0 4 0 263 123 6 0 0
 18 0 0 209 642 21 14 2 0 0 0 0 22 0 0 73 5 0 0 108 1233 11 35 143 1 0 13 15 14 14 0 4 8 0 820 0 10 0 2 0 0 0 8 0 134 393 16 0 0 13 0 20 0 0 0 0 0 0 0 0 0 1 565 0 55 6 59 0 0 0 0 0 4 0 5 0 22 0 143 0 13 0 54 0 0 21 0 128 0 0 0 15 0 0 622 1 6 38 103 0 14 0 1 11 0 0 0 0 6 0 0 2 38 0 14 63 0 1427 272 0 125 54 48 0 0 30 0 219 503 0 0 0 0 0 65 57 0 0 0 0 0 32 0 54 5 113 29 198 0 333
 18 0 387 1 25 0 0 0 79 0 30 32 0 0 0 0 0 0 0 0 20 0 0 842 4 0 0 72 0 0 276 39 65 680 2 0 0 21 0 0 0 0 0 54 517 0 0 0 0 0 24 10 0 56 0 0 0 68 0 0 3 381 72 148 0 0 32 9 105 374 0 0 0 22 27 0 50 22 0 0 3 0 0 1 8 316 350 64 608 78 6 0 0 0 0 4 7 0 1 0 25 0 88 8 5 0 97 0 0 0 0 0 2 0 4 45 0 231 0 0 1401 308 32 11 30 5 145 0 1 3 0 16 0 0 0 0 0 4 0 3 53 0 36 0 0 197 0 0 0 43
 0 77 0 43 568 0 111 0 0 0 0 21 0 197 0 0 20 0 17 9 0 0 0 17 6 2 0 1205 0 1 0 0 1 38 0 0 0 0 0 0 8 22 0 0 61 37 14 76 0 0 60 0 1 99 0 0 0 0 13 3 0 0 0 0 0 0 35 1309 3 8 0 8 0 0 16 0 16 0 0 0 19 0 229 0 371 0 0 0 0 1717 141 192 0 55 25 0 119 0 0 0 0 87 0 0 11 1 0 0 0 0 0 574 6 0 162 0 1 0 0 0 0 0 0 0 33 70 0 0 16 236 0 122 176 1 41 181 1 2 0 12 0 257 7 238 24 145 208 0 0 0
 62 6 0 0 4 0 0 0 3 0 0 0 15 937 0 0 5 0 0 0 14 0 0 0 0 0 662 4 10 35 0 9 0 64 0 0 130 32 10 46 0 0 0 0 0 32 64 0 9 42 62 89 0 14 0 351 1126 844 0 0 0 530 35 0 0 7 0 0 0 15 0 0 13 0 0 18 20 0 0 0 8 0 61 0 5 79 142 61 0 2 0 0 18 0 17 0 0 66 0 729 0 688 60 4 0 0 0 8 0 4 0 0 14 111 1338 0 0 0 0 0 52 37 1527 0 23 0 0 0 0 0 21 5 0 0 0 0 126 54 0 0 0 0 0 0 0 828 0 0 0 44
 55 33 0 20 0 0 0 149 0 0 184 12 0 0 0 0 0 0 23 0 0 0 53 0 158 1 52 0 15 0 0 9 0 0 1326 376 2 0 98 0 0 0 0 7 0 0 3 0 0 0 0 70 0 0 0 0 291 54 0 330 393 0 179 0 0 9 181 0 0 330 1393 1851 0 0 0 19 1 5 0 0 21 0 0 14 4 0 0 2 0 0 59 0 46 10 2 0 48 36 0 0 65 0 0 2 0 136 0 8 5 0 91 0 9 26 0 9 56 0 14 92 376 11 0 0 0 69 0 0 0 11 0 0 0 0 0 0 0 0 89 0 7 43 0 19 0 0 0 0 8 0
 0 0 3 0 0 0 49 30 0 0 45 20 0 0 0 0 55 0 0 630 0 0 0 0 0 0 0 0 364 0 100 1 0 15 145 0 0 116 17 29 0 53 27 0 0 2 0 0 2 22 166 0 0 5 0 0 0 1060 52 198 0 0 0 0 0 95 0 0 0 0 12 15 977 8 0 6 0 5 60 3 0 2 0 6 15 0 72 4 977 2532 6 14 0 13 4 297 12 0 54 0 0 0 14 0 13 0 0 0 0 0 0 107 0 0 2 46 0 0 32 3 17 0 0 0 10 0 0 23 346 556 68 208 0 853 0 146 0 0 0 0 146 17 0 10 0 0 0 0 0 0
 0 0 0 99 0 0 0 0 0 0 3 0 0 16 0 113 0 0 0 374 3 111 0 0 0 48 0 408 27 1 6 0 0 709 393 30 0 7 0 0 0 77 16 6 13 0 379 0 21 0 0 4 0 6 0 7 51 0 0 119 3 0 0 0 0 40 0 0 16 239 0 0 0 0 486 11 0 0 0 0 0 0 0 103 0 0 0 0 0 41 272 0 0 1 4 0 0 0 0 201 0 4 0 0 149 12 0 0 52 0 0 25 32 0 15 0 714 0 0 0 32 3 0 28 24 0 0 0 82 0 0 0 1059 0 0 0 0 2 45 0 0 0 75 331 0 0 0 0 15 4
 0 20 14 47 0 26 17 0 0 20 2 22 232 7 3715 0 26 0 0 319 0 0 1 167 0 519 48 38 38 0 0 19 5 78 18 0 11 7 0 0 0 153 0 42 100 0 0 0 0 5 0 12 119 19 5 0 12 0 0 0 2 13 0 0 0 3 0 110 0 8 0 0 181 4 0 5 0 0 0 1 3 4 0 0 33 1 0 117 17 0 0 61 0 0 0 8 14 0 0 0 0 338 0 6 523 2 2 0 0 0 60 0 0 6 3 4 49 8 0 52 81 0 0 0 5 0 23 1 78 0 0 344 548 0 2 32 0 0 5 64 2 13 0 0 16 42 0 0 2 0
 0 6 0 0 0 51 177 6 0 85 0 5 0 31 0 0 0 0 0 1 0 0 0 0 3 6 0 0 167 12 18 0 0 63 39 9 18 0 0 1 19 6 5 0 0 0 59 0 4 18 14 13 0 0 0 0 158 0 0 13 0 31 113 3 0 13 0 18 208 14 0 7 0 0 0 1 1836 1319 24 9 61 0 372 0 78 0 42 260 0 0 0 0 0 0 745 22 0 0 0 0 37 0 1 0 0 2123 0 62 0 0 2 260 0 0 28 0 0 140 0 10 8 22 13 89 0 0 1 8 0 44 0 24 0 25 9 883 0 0 0 41 0 1239 0 30 0 3 0 0 0 5
 208 0 0 0 0 403 53 0 4 6 110 0 194 0 0 179 11 0 430 0 0 2 0 0 183 69 32 5 0 35 0 29 0 0 0 0 3 0 0 6 82 63 0 0 122 0 0 0 0 0 0 0 0 10 4 0 123 48 15 0 0 0 0 0 145 26 0 189 13 42 2 0 0 6 0 0 0 74 48 0 1152 0 0 266 0 17 4 0 0 0 0 0 0 461 227 0 3 0 683 0 0 0 2 0 423 36 0 0 3 9 9 23 0 75 0 0 4 0 26 222 0 0 0 214 0 0 18 6 32 0 5 1 93 13 0 0 21 0 0 0 2 88 152 2 0 18 0 30 83 0
 0 149 0 322 0 19 0 0 0 0 0 0 6 0 0 3 66 0 0 63 0 0 0 0 99 0 263 0 5490 1284 0 0 30 0 14 131 3731 1381 0 209 0 0 384 34 0 39 154 77 61 0 4 0 30 0 0 29 0 223 20 0 0 100 0 0 38 0 402 389 13 133 2337 0 0 13 26 0 12 0 0 9 5 34 213 0 1 0 0 0 61 0 348 3 0 0 18 0 3 2 118 0 0 0 0 19 48 586 8 0 0 45 0 0 125 0 531 0 169 0 68 0 0 4 9 0 0 5 168 15 297 0 103 6 11 0 0 0 0 0 24 0 12 0 508 34 510 8 3 20 44 0
 4 0 0 0 0 0 0 0 0 0 77 0 5496 2 0 0 0 1281 8 0 173 0 1284 57 221 2 190 567 0 0 0 4 0 0 0 0 0 0 9 172 0 0 28 0 0 0 129 0 0 0 92 0 2 71 126 0 69 0 0 450 0 20 14 0 0 0 10 0 0 0 0 2009 0 0 0 302 0 90 16 81 65 0 108 226 0 0 9 0 0 0 0 78 0 0 7 0 0 0 8 143 184 0 29 4 46 5 0 3 220 0 0 0 0 51 38 0 3 0 0 71 2 385 136 0 1 0 0 65 0 44 197 0 73 0 0 408 0 0 0 0 267 0 307 0 0 832 0 0 19 332
 57 51 111 48 171 8 0 0 0 100 0 0 0 0 0 0 0 2 0 0 0 1370 64 0 0 0 0 0 0 0 0 0 0 0 0 18 31 0 0 180 0 0 9 0 189 733 6 22 7 0 2461 0 31 0 835 16 0 0 66 1 0 0 21 0 0 32 0 0 12 145 0 333 0 56 0 0 0 0 0 0 0 0 162 513 3 0 3 1 30 42 336 0 0 0 5 0 0 0 114 0 0 0 0 10 0 15 0 50 0 34 25 6 9 51 0 17 32 65 0 0 743 0 528 0 0 0 0 19 0 0 0 0 0 0 3 0 81 0 40 0 21 0 3 14 0 0 2 0 0 7
 0 0 0 2 0 0 0 0 11 47 0 0 22 0 0 0 0 0 250 0 0 0 20 1 0 0 0 70 8 10 2065 0 76 0 0 0 0 105 153 7 0 5593 156 49 2 0 17 30 0 21 46 14 0 0 0 0 0 0 1153 115 4 0 0 219 14 0 0 299 0 0 26 0 0 0 0 0 11 0 0 0 33 0 218 44 738 0 0 5 24 0 0 0 262 49 63 16 0 0 0 0 475 0 86 0 18 129 31 0 0 0 24 9 0 95 0 108 0 0 0 0 287 0 0 0 4393 229 1 57 195 0 0 0 0 688 27 0 0 0 0 0 14 27 0 25 0 0 3 0 0 0
 0 0 575 0 21 0 0 265 9 0 0 53 0 0 0 3747 8 0 42 0 7 0 0 160 0 168 0 4 5587 7 0 0 11 0 2 9 1 43 0 0 0 405 99 147 131 0 0 24 0 0 0 0 616 0 187 16 141 9 1 0 14 0 0 0 0 0 0 93 0 15 22 0 0 0 377 45 0 12 0 0 27 0 8 0 0 8 21 0 43 0 18 262 37 0 0 14 0 33 0 3 0 0 842 51 1 0 0 138 0 195 14 1 0 0 17 23 0 0 0 37 0 0 0 0 1 13 2053 18 0 377 579 0 0 16 0 0 6 0 0 0 8 0 0 0 386 0 0 0 0 208
 0 0 0 0 13 0 45 0 0 6 0 0 2257 10 0 0 70 14 156 0 35 0 0 0 0 0 0 897 4 26 0 4 0 32 0 3 22 4 0 0 0 0 2542 0 17 0 0 0 4 13 514 0 0 0 6 33 0 0 0 0 178 0 0 837 50 0 10 0 0 0 0 14 9 0 1 3 0 0 0 185 0 567 15 739 0 6 2 31 0 0 48 116 11 0 46 0 0 68 107 3 96 2 0 61 0 0 0 2 0 22 1624 0 112 6 24 6 0 2 0 0 2 0 0 0 14 0 2 995 5 48 1355 0 398 18 0 19 0 0 6 9 172 0 169 0 9 0 301 296 0 18
 0 0 0 0 0 42 0 1 8 33 3 26 151 656 29 1364 3 0 13 0 272 0 33 22 0 11 0 7 0 206 0 0 1 167 18 0 39 0 0 503 0 4 458 6 0 71 122 0 5 111 6 0 0 405 0 0 0 16 2 0 75 306 0 18 17 0 0 0 0 7 0 9 171 61 2 0 44 788 0 111 0 0 46 0 4 1 0 0 0 0 0 0 0 2 0 68 0 2 9 0 225 0 0 48 0 0 0 148 11 0 80 0 0 0 0 0 0 0 0 243 0 0 0 0 0 0 38 1 0 55 0 1071 1 0 0 11 0 0 1290 0 3 0 0 114 29 0 0 0 0 0
 0 0 438 1085 14 14 0 52 0 10 0 0 0 226 3 49 96 0 0 0 33 62 91 2 3 111 123 0 0 79 19 0 4 0 0 0 6 0 0 0 0 0 264 231 0 369 0 0 0 81 0 11 4 0 0 0 14 2 41 3 0 0 0 512 0 0 3 11 46 0 0 0 213 0 0 45 0 70 3 83 5 0 3 0 57 6 62 0 0 178 38 235 90 0 0 48 0 53 72 0 0 24 0 4 379 0 0 0 1638 68 121 986 96 3 0 11 0 3 1 0 0 0 536 1 0 0 0 0 11 0 17 96 0 0 0 23 0 0 0 293 3 0 3 0 0 0 0 369 0 0
 0 19 0 16 55 213 0 396 0 0 0 72 0 0 0 6 8 57 0 0 0 2 0 0 197 8 0 0 0 0 520 0 0 13 0 235 2 0 0 0 0 0 122 0 11 10 0 274 0 0 14 3 27 33 390 0 0 0 0 11 0 93 0 96 45 7 135 0 236 0 0 0 0 0 0 0 4 0 0 34 0 0 17 78 3 0 5 0 0 309 0 0 13 13 0 183 0 29 0 0 82 2731 215 0 17 134 0 0 13 6 0 31 2 39 0 0 0 36 87 0 4 104 1381 7 0 400 1547 10 763 0 1 0 0 0 82 0 0 0 0 0 0 0 0 22 350 0 0 0 5 126
 46 579 19 0 0 0 0 0 291 0 0 0 0 144 29 464 0 30 675 6 0 60 0 33 0 1 0 0 0 245 0 0 0 0 0 0 3 0 29 1565 16 0 0 0 6 0 79 8 8 0 0 24 0 0 309 11 38 55 0 121 0 25 63 0 0 13 0 0 0 0 25 0 0 0 0 0 270 23 15 0 0 1 8 54 0 0 76 0 245 0 6 0 0 1140 2 0 0 4 51 229 0 0 8 90 0 280 0 0 4 150 0 6 1 9 0 6 29 0 0 281 156 0 2 0 0 0 0 29 0 0 210 0 0 303 13 0 0 509 0 0 0 309 0 0 0 8 24 0 0 1
 0 116 15 0 182 0 0 0 14 35 327 0 14 0 0 0 14 0 0 0 0 0 0 0 0 0 0 0 248 0 0 78 0 0 0 0 0 212 0 0 1 0 0 0 1 0 0 10 4 11 0 192 4 0 0 0 8 4 18 1 29 0 0 0 0 0 0 6 0 0 50 135 0 7 0 14 0 9 0 0 0 0 0 0 32 56 0 0 20 44 0 0 0 16 0 0 0 5 0 15 151 36 0 0 72 0 3 7 0 68 3 0 2 0 0 8 1 33 0 0 0 0 17 950 0 5574 0 15 5 0 0 0 0 0 0 0 0 0 317 12 0 332 12 0 2 0 0 0 0 0
 0 17 0 0 0 0 574 2 878 0 17 5 13 12 588 357 59 0 0 0 0 0 0 10 8 0 0 21 29 72 0 0 0 84 0 0 0 0 76 0 0 35 10 0 46 1 87 5 11 934 0 30 24 0 20 0 16 0 0 0 0 3 3023 103 0 0 0 0 0 0 0 12 0 0 0 0 3 2 0 0 0 5 829 0 0 0 2 54 10 0 0 46 0 0 642 0 0 529 0 7 0 10 0 17 19 27 0 0 0 0 2 0 232 18 0 175 8 7178 53 0 0 0 0 0 0 142 52 0 235 2 0 0 2 0 0 0 0 0 9 14 4 0 0 20 0 0 16 0 15 0
 0 1123 26 0 1763 0 59 5 0 0 0 452 0 15 0 0 0 424 0 0 0 0 0 23 0 0 0 1 0 3 343 0 2 0 0 3 0 0 22 0 140 6 0 1 22 223 3 0 185 198 227 0 0 342 206 0 246 0 0 2 0 904 91 11 88 0 0 223 0 5487 36 0 0 60 64 11 75 4 38 0 1015 13 756 77 0 142 869 978 0 65 0 0 2 84 64 0 6 0 0 0 0 46 9 0 0 70 35 3 3701 31 16 39 0 0 0 99 0 0 484 0 0 80 0 0 23 0 49 0 4 106 0 0 16 0 56 3 2 404 12 0 3001 0 56 25 0 0 74 2727 0 1
 0 3 0 0 0 1 0 826 0 0 9 0 1 0 15 1 546 149 49 88 1061 0 0 10 289 9 0 934 0 36 6 318 9 59 0 0 0 0 0 34 1 0 0 563 1 0 0 0 0 0 0 0 15 15 0 13 61 2 50 54 0 0 4 23 6431 5 0 0 11 79 0 0 366 0 9 0 0 58 0 398 5 0 34 0 980 0 105 47 908 5 0 0 234 8 38 100 0 14 22 0 0 0 0 0 6 0 0 828 0 0 0 19 12 0 0 93 0 0 29 8 4 162 0 0 18 130 12 39 0 0 0 162 0 0 2 0 2 1 472 0 12 0 42 0 0 0 13 189 20 0
 0 0 0 21 205 0 0 0 0 0 0 55 0 12 55 1 0 21 0 0 0 10 0 0 0 22 0 0 1 0 0 0 0 24 35 106 9 0 0 17 0 1 0 0 0 184 0 313 22 19 11 6 0 0 331 24 16 0 483 0 0 26 5 4 147 0 0 8 13 0 0 0 5 1429 0 0 0 0 0 13 4 0 0 0 0 0 2 1 0 4 230 43 0 596 2 0 1162 0 0 0 856 0 0 0 98 184 0 0 0 0 0 0 51 0 38 22 509 54 18 1 0 62 0 0 4 28 24 0 0 64 0 0 0 0 0 0 63 23 0 0 211 19 0 131 0 0 90 0 0 0
 0 0 499 17 7 0 0 14 10 366 79 235 0 79 73 0 0 0 0 12 212 0 1 0 0 5 0 670 2 0 17 0 0 0 6 0 0 0 0 218 0 0 398 0 0 5 22 112 43 0 0 0 0 2 9 0 0 5 15 0 13 49 0 133 0 143 0 3 65 72 0 26 0 0 103 0 3 0 23 0 0 0 0 480 317 4 0 0 0 100 0 0 0 4 0 0 0 0 82 4 2 32 17 25 82 55 0 0 68 0 0 3 221 0 11 140 14 2 26 73 0 6 0 0 3 0 686 0 175 1267 540 0 0 141 0 169 0 0 0 0 31 2 19 53 0 0 0 10 0 0
 0 0 0 1 4 0 0 0 8 0 173 502 149 0 0 13 395 0 10 0 9 0 0 0 0 0 0 2 8 0 6 0 0 0 1 0 40 0 0 3 6 0 57 0 0 3694 4622 0 0 33 0 0 0 0 0 146 75 431 625 0 0 1003 10 36 449 0 0 0 83 0 0 40 0 1 0 0 352 0 5 0 73 135 0 0 2 0 0 0 31 127 0 106 6 0 31 11 0 0 8 0 15 0 393 17 5 3 0 0 51 0 0 0 0 0 5 9 0 0 0 0 1 0 0 32 1353 0 8 12 0 2 1 82 177 33 1 0 87 107 0 0 11 0 0 0 0 48 0 0 7 0
 0 154 0 0 0 0 0 2 0 366 2 7 0 0 0 4 0 0 0 46 0 0 0 0 177 0 0 7 44 66 0 0 211 171 9 0 20 0 7 3 0 0 2 0 0 0 0 31 0 0 0 0 0 10 0 1 0 8 0 31 8 528 12 339 0 0 0 0 66 224 11 1 4 13 92 224 0 0 0 0 5 0 0 47 27 2 8 60 0 0 0 0 294 19 141 0 122 5 0 0 0 0 0 81 0 0 9 13 0 0 0 152 0 0 0 3 0 24 0 0 6 0 0 0 45 115 0 883 13 0 1 21 146 0 28 0 0 1 0 891 133 147 0 0 3 28 0 0 58 0
 12 0 4 0 0 0 0 0 0 0 37 5 1008 20 0 195 0 0 100 0 0 0 848 12 0 4 7 0 0 0 27 14 0 0 0 0 1 24 98 22 0 30 4 6 26 136 0 0 3 3 76 0 0 2 500 0 0 50 1 5 16 0 0 709 0 5 45 31 103 0 0 0 0 0 0 92 0 63 0 0 75 2 0 3 0 0 0 0 12 0 132 0 0 0 0 0 0 49 0 0 149 145 2 18 0 59 102 0 0 19 459 0 0 6 0 0 17 0 0 124 25 0 46 2 0 45 0 0 72 0 0 137 0 0 0 499 61 0 3 0 19 438 2 0 0 0 0 0 90 0
 0 0 0 0 1242 238 0 0 0 9 7 562 485 1 0 0 649 0 0 0 0 349 0 0 0 34 0 0 0 0 0 0 1 53 5 0 0 20 0 41 2 0 9 36 0 153 0 0 61 17 0 79 46 0 0 8 152 0 0 16 17 43 0 0 53 12 4 0 0 0 683 10 131 40 0 0 0 0 0 0 0 5 100 0 0 35 63 26 3 10 0 0 43 0 0 0 0 20 1 0 5 0 1 0 37 2 0 0 9 0 8 0 0 1 92 4 0 184 0 11 0 0 43 10 0 0 0 0 381 2 0 119 0 20 0 326 0 0 0 134 0 0 31 0 0 0 28 0 0 106
 131 0 3 37 0 26 0 1 0 0 0 8 0 0 0 0 0 0 41 0 0 0 0 75 23 0 28 0 0 0 145 0 1 0 0 1939 0 129 742 3 65 0 0 0 25 0 1088 0 31 0 17 76 0 6 101 49 0 0 0 0 1411 0 4 261 0 0 0 922 3 0 12 0 123 0 11 0 0 0 75 12 0 0 0 1 907 180 0 39 0 30 0 15 17 0 0 53 0 11 1142 10 0 0 0 0 0 0 192 976 0 107 0 0 1 0 0 14 13 0 29 0 6 0 0 0 8 4 8 0 8 0 6 0 0 19 8 0 0 233 264 0 812 88 352 16 0 0 8234 0 0 9
 0 0 0 0 0 303 0 1 0 0 0 0 5 584 0 46 8 0 0 19 0 0 130 30 0 31 1037 0 0 120 0 20 0 12 127 0 387 0 77 1 0 3 1285 0 55 31 0 0 13 0 54 0 0 19 0 2 3 1 0 36 0 405 0 138 0 123 0 0 0 0 3 0 10 6 4 0 0 171 227 1522 0 102 0 0 1 0 0 0 0 0 317 0 0 1 0 37 0 5 286 117 13 21 0 0 0 0 0 1 183 0 20 181 5 0 0 0 15 0 56 0 15 1 171 4 0 0 0 2 36 115 9 683 0 73 0 0 0 45 0 0 0 0 0 13 0 8 122 0 108 0
 0 11 0 0 0 0 0 0 3 13 1 24 0 3 9 0 0 14 871 27 4 0 0 0 0 0 0 0 8225 0 0 0 5 17 0 0 45 438 0 0 19 0 0 0 0 259 872 0 0 1 245 0 0 2 0 0 0 0 0 61 15 67 575 1179 0 0 1 0 1181 0 15 9 0 0 3 0 7 0 778 0 0 0 0 0 0 2 34 1 0 46 11 7 1 8 0 0 117 14 0 0 155 0 4 0 0 0 0 11 0 0 10 0 0 71 55 0 36 0 21 0 47 0 2 131 0 255 0 5 27 0 0 0 0 98 0 0 529 0 0 0 44 39 0 0 0 0 2244 15 0 120
 0 30 0 341 89 0 25 1 0 0 0 30 1 7 506 124 0 21 0 22 0 8 59 1 1286 0 0 0 0 15 0 60 0 24 0 0 14 0 0 236 0 0 1 0 4 0 0 0 0 0 0 31 0 0 0 244 0 0 1847 0 3020 218 0 195 0 438 1 237 122 0 0 0 0 153 4 6 0 1287 0 34 0 0 0 0 1 0 176 0 11 1 0 0 138 1 0 0 0 12 41 13 108 10 0 0 0 0 0 847 27 729 0 0 0 0 3 72 1 0 0 0 23 0 0 0 0 0 0 5 0 0 0 0 0 42 0 0 0 0 83 0 17 17 1 16 320 10 7 0 0 0
 35 5481 0 0 0 1 0 0 370 0 5 0 0 76 0 0 0 0 0 0 0 0 17 958 0 0 14 3 0 4643 0 0 0 0 0 0 0 80 103 0 14 33 0 0 0 0 0 9 90 2 0 19 0 0 1 0 0 79 0 192 0 0 476 0 0 9 140 0 0 307 6 14 18 0 0 65 1060 0 0 0 0 3 0 0 0 48 1 46 0 11 7 0 0 0 122 0 0 112 3 56 5 0 194 0 0 0 27 0 2 296 54 78 36 0 0 0 0 0 0 148 11 0 1 1 0 82 412 0 86 0 0 17 0 80 0 0 399 0 119 0 0 1 1087 0 119 976 0 0 80 0
 0 94 0 61 12 0 0 7 0 0 46 0 0 0 0 0 55 24 0 338 0 440 0 0 0 133 42 17 0 0 1470 13 125 0 0 17 0 330 30 0 0 0 76 0 6 0 0 0 186 6 0 0 119 0 4 5 0 13 0 0 54 0 0 0 0 0 12 1 27 1 0 3 50 0 84 0 0 1 0 0 37 1 0 34 280 53 124 5 0 12 0 31 0 0 9 3 0 0 0 0 0 0 0 0 19 0 0 197 0 11 3 38 0 0 0 0 12 0 339 0 25 46 0 0 0 90 627 56 0 0 24 0 0 8 0 1 0 5 0 0 0 0 0 0 0 161 0 0 7 31
 643 0 0 17 148 0 0 0 0 13 188 0 0 0 0 1 7 30 0 0 6 7 81 0 3 0 32 0 32 19 119 28 0 0 3 31 0 10 0 0 0 0 0 53 5 2 66 0 391 56 0 0 14 0 38 2 0 6 3650 0 6 0 5 5 0 7 0 0 0 97 29 269 0 0 0 1 18 4 8 0 2 26 3 10 0 0 0 154 0 153 2 0 0 173 0 0 0 0 384 8 264 0 6 137 2 7 0 0 0 21 0 211 0 0 27 0 0 0 0 20 0 167 0 0 0 0 0 0 109 0 0 0 75 15 0 23 15 129 9 0 3 0 14 199 207 126 0 103 28 0
 0 294 0 0 9 0 5 2 0 24 223 1 766 0 0 204 0 43 46 0 1 0 0 13 0 0 0 44 0 0 10 0 934 7 0 25 0 0 0 0 0 0 1247 1231 71 111 0 0 24 0 0 14 0 0 50 8 19 0 0 0 0 22 1 205 8236 0 0 1 6 0 7 9 0 0 82 0 0 172 471 0 52 124 54 0 0 85 0 350 354 11 0 31 28 0 0 0 10 1 0 0 0 0 0 0 0 0 0 0 0 0 0 65 13 0 0 0 0 0 0 0 1135 199 0 56 0 0 3775 11 287 0 38 0 0 0 5 12 0 0 30 0 684 0 348 0 0 0 0 0 85 5
 17 0 2065 0 33 3 26 0 0 0 0 0 0 0 49 49 0 0 0 7 0 0 7189 0 372 0 19 0 8 459 186 4 1 0 4 4 2 182 0 0 0 0 0 0 0 0 0 116 19 0 0 0 0 0 14 0 0 332 23 0 0 0 307 32 0 0 0 6 0 0 0 110 7 957 2 22 65 0 0 0 3 41 0 0 0 0 0 234 62 628 5 0 1 48 0 3 391 0 22 113 1445 0 85 0 560 0 0 0 0 2 0 0 158 0 100 0 0 0 0 0 0 0 0 294 0 0 0 0 0 1 0 18 0 0 1 0 252 29 0 0 3 1 652 137 0 17 0 42 0 15
 9 0 7 0 0 0 11 0 33 16 46 0 348 1 0 0 0 0 0 0 445 0 35 3 0 69 0 0 0 1 137 408 1055 0 1338 0 1 0 0 30 24 0 38 107 0 18 0 0 310 0 1 1 0 0 26 0 14 0 27 85 0 0 1 0 0 30 6 39 0 74 0 0 66 0 0 4 0 0 0 0 0 1 0 227 0 0 0 0 0 0 0 0 6 191 18 14 0 57 7 329 0 32 0 0 0 51 0 0 17 7 0 0 60 0 0 0 0 2 0 111 0 181 0 0 0 1444 0 0 0 465 0 330 0 0 16 12 0 0 1 2 55 19 0 0 0 5 0 0 0 0
 2 0 0 10 2 0 2 0 0 0 0 6 0 0 0 166 0 239 0 0 290 0 5 0 15 0 1 0 13 0 4 0 0 518 76 0 48 324 169 120 17 19 0 1279 0 0 222 1494 15 17 0 278 0 0 0 0 0 0 0 0 0 0 0 0 0 0 214 0 19 1 20 0 0 15 15 214 5 9 0 0 1 0 11 0 208 30 0 15 0 41 0 0 246 0 0 0 0 201 0 0 10 167 0 0 1 7 7 0 48 6 0 0 40 777 14 89 0 0 0 0 3 0 0 0 0 2 0 0 85 2 0 2044 1 1390 415 0 0 1 338 72 0 0 3 0 0 34 0 14 0 0
 0 335 0 149 1 5 0 0 18 0 0 0 0 1 0 83 11 3 0 0 1 8 0 16 19 0 0 0 51 6 0 162 2736 0 0 215 0 0 424 1 0 0 186 0 26 4 0 0 0 3 0 0 5 0 0 0 453 0 44 4 0 0 49 18 0 2 145 0 1529 0 0 12 0 39 69 3 103 0 0 11 163 0 18 16 0 410 0 1855 4 0 0 396 37 0 7 1 0 3 0 0 1 0 0 0 0 12 0 0 0 0 12 0 0 0 98 172 388 349 11 0 0 183 0 0 0 0 55 0 14 0 51 0 0 1 18 0 0 89 168 131 0 53 56 5 0 0 120 0 12 0
 8 26 0 0 0 11 0 0 0 119 6432 0 232 78 238 495 0 10 12 1 30 67 272 11 0 352 0 0 46 0 1744 100 8 115 0 588 2 49 0 25 1 0 22 0 0 0 0 0 0 0 0 18 0 1 0 0 31 29 0 0 0 186 0 5 346 0 64 0 0 0 893 4 0 0 248 0 76 0 59 86 0 24 0 38 18 0 0 634 0 0 0 0 0 46 0 8 0 0 208 0 0 0 0 0 0 0 939 0 0 23 31 0 124 0 0 17 0 10 0 0 0 0 0 36 0 0 0 0 1 0 0 0 55 0 0 54 0 0 83 0 135 736 0 0 119 291 21 5 24 0
 0 0 451 32 15 271 0 3 43 215 42 0 75 0 0 342 170 0 0 0 4 0 4 0 0 43 0 14 0 45 24 0 393 2 12 0 0 0 0 27 0 0 0 0 0 0 1 10 6 0 10 0 0 0 1691 1 0 0 0 0 2736 0 0 39 0 219 0 0 379 0 11 0 0 0 0 1 0 0 13 0 121 124 0 0 0 171 4 0 13 9 0 396 0 0 0 0 0 1646 0 3 0 0 18 15 53 0 0 21 0 0 36 0 116 34 0 0 110 0 0 0 0 3 75 0 0 1 100 0 22 31 0 0 10 21 0 0 0 1 0 8 1 23 0 548 0 2 0 0 0 0
 0 0 1417 0 0 0 0 0 526 23 0 0 0 0 25 163 0 0 0 0 6 0 0 0 17 1 0 0 13 10 0 1 0 0 96 111 0 0 0 0 1 18 5 0 59 0 286 0 120 216 0 0 1 0 0 22 0 0 43 0 0 0 9 0 0 0 0 201 184 0 934 0 0 36 0 0 0 0 0 109 352 2 19 3 905 0 6 13 76 0 15 0 159 2 0 0 38 0 0 1527 14 46 0 155 600 0 0 0 8 0 0 90 0 5 45 534 0 0 39 575 0 0 0 0 0 89 0 50 1857 101 939 0 0 0 0 0 0 0 2 0 0 0 0 0 0 8 0 0 200 0
 0 0 0 0 23 0 0 26 45 9 0 46 0 63 0 0 0 12 10 153 0 0 0 0 0 5 0 0 0 88 232 484 10 0 0 0 0 0 0 42 0 34 0 0 44 0 0 0 435 0 0 0 0 9 0 0 13 0 305 56 0 1 222 0 0 0 0 12 43 0 3 0 0 135 0 9 0 0 0 0 0 31 0 0 0 4 0 1 0 0 149 308 0 48 19 0 0 121 0 0 88 0 0 0 0 0 0 0 0 80 0 51 0 4 3 0 0 0 4 0 0 0 2 0 0 333 2499 0 0 8 2245 0 45 0 0 36 0 0 0 540 3 0 0 11 293 0 92 0 8 470
 0 4 0 0 4 0 37 0 0 0 0 0 0 0 0 4 0 73 180 0 0 0 0 85 0 0 0 0 14 35 0 79 0 11 22 347 28 29 979 29 2 396 84 0 1290 4 5 0 46 0 0 25 0 209 0 0 0 8235 1 2 15 0 0 0 6 0 2 15 0 393 0 0 318 934 0 0 8 46 890 0 0 0 0 0 0 0 0 672 117 0 224 1 0 0 0 0 4 69 0 10 164 108 0 0 44 0 131 3 0 0 21 0 0 1 0 0 0 0 2 356 0 0 0 13 0 0 0 0 0 0 46 3 0 23 0 0 0 0 0 0 1 0 0 3 18 277 0 6 0 14
 0 0 1 0 0 0 38 0 0 290 0 0 0 730 46 3 1478 19 1 0 0 0 82 0 41 0 0 13 0 0 0 0 49 0 2 0 0 0 0 0 0 0 598 0 0 0 0 0 0 113 27 1 8 1 0 6 1 101 1 0 0 13 0 331 0 0 0 0 0 25 16 0 0 334 0 0 0 0 0 0 0 28 0 5 25 0 52 6383 6 0 28 0 6 0 0 0 0 0 0 862 0 6 27 0 43 55 0 0 0 1 343 5 0 143 111 0 0 221 0 0 0 0 517 31 0 0 2 0 90 0 33 17 2 3 0 0 0 0 0 1512 0 5 0 0 0 346 0 16 0 54
 0 0 2 7 1060 19 0 581 11 561 9 0 397 2 356 0 3 0 52 0 0 34 0 168 0 0 0 0 0 0 0 4 7 397 119 503 0 918 60 3 33 10 5 0 0 215 0 0 0 45 267 38 0 478 0 327 0 0 18 0 3 0 0 148 80 18 0 20 0 270 0 1 85 0 0 236 0 1 0 16 0 70 910 0 30 0 0 0 0 0 19 0 82 0 10 0 76 0 0 0 0 0 0 0 0 0 71 78 0 9 0 0 0 171 0 0 0 8 5 0 0 0 0 0 29 0 19 0 0 9 0 0 17 14 15 5 0 5 32 0 0 0 0 6 0 1 107 0 23 0
 89 0 0 39 25 0 0 0 83 0 3 0 0 183 9 0 2 0 7 0 122 139 0 0 6 126 3 302 0 0 0 1 11 0 0 498 0 4 0 1413 8 0 0 3 0 125 357 0 173 0 1 3 0 0 87 0 0 0 12 0 371 182 18 0 33 0 0 0 0 118 4 1 0 3 0 6 4 0 403 0 47 0 0 0 1 0 830 0 0 10 12 1290 0 168 0 3 0 4 0 238 17 0 0 0 0 0 1 0 916 90 0 347 4 0 0 0 0 0 0 0 0 14 0 628 0 0 5 72 0 0 5 0 778 0 0 64 0 6 0 43 78 13 0 129 0 0 0 0 219 60
 5 204 0 105 37 0 0 0 0 0 2 0 687 0 28 0 26 0 0 0 572 0 23 0 1075 7 0 0 32 0 0 0 0 94 0 0 22 0 4 0 0 53 7 1060 130 0 0 24 251 175 19 12 1 7 855 0 0 0 4 0 0 29 1472 2 0 0 1 4 0 0 0 0 0 4 0 0 53 159 6 0 0 0 0 0 8 6 0 0 0 0 0 44 86 0 0 13 0 0 0 0 7 418 0 191 1 0 323 22 0 0 10 186 0 0 0 281 0 0 55 0 0 0 144 0 0 0 0 4 67 0 42 330 0 0 0 0 2 0 0 126 10 42 0 0 126 0 0 676 988 0
 11 378 28 0 0 0 0 0 0 147 0 1 0 0 100 0 78 0 117 2507 0 102 63 3 0 0 0 7 0 1 0 0 15 0 0 0 14 705 0 0 0 0 15 49 0 17 0 0 0 778 0 0 1 11 0 0 1842 476 0 29 0 0 0 9 0 0 0 0 0 0 100 1 2 0 0 0 19 2 0 98 0 0 86 9 0 233 0 0 31 1 2 0 29 235 0 0 0 0 0 10 0 0 18 0 0 134 12 49 455 0 34 0 0 0 0 1157 461 115 5044 556 49 0 559 86 390 0 0 5 5 0 5 192 60 390 0 145 22 0 0 2 0 0 0 0 52 0 51 0 0 0
 272 0 0 835 0 2 0 0 0 42 149 0 0 0 1 0 0 0 0 162 3 0 9 4 0 0 0 49 0 101 66 0 0 0 0 67 0 17 1674 0 161 0 0 575 0 0 0 0 0 6 0 0 0 0 0 0 13 0 772 596 65 0 104 0 0 0 0 0 0 0 14 10 46 1352 0 0 0 0 19 4 0 0 146 0 0 21 18 0 134 7 0 2 11 1 14 32 1 0 8 0 0 12 65 0 0 0 0 19 10 0 0 502 410 1545 0 69 43 0 0 57 539 0 347 0 12 0 0 2 0 0 0 0 0 16 391 0 350 11 60 607 0 0 5 2 0 1290 0 0 27 19
 6 0 0 0 0 0 0 13 0 4 37 0 2 0 0 0 4 286 15 47 0 28 0 61 0 0 0 418 536 0 0 19 329 1185 0 0 0 0 2 0 0 1 0 0 195 0 6 0 1 0 0 4 57 0 526 0 0 2 0 0 0 42 16 42 0 0 0 4 0 1 7 587 0 0 27 257 0 0 10 17 0 0 0 0 0 1 150 0 6 40 57 0 0 0 0 13 0 0 3 34 23 0 0 0 0 0 0 7 0 939 0 0 0 0 0 151 0 0 1223 53 1 0 0 0 0 7 0 0 0 204 16 0 0 0 14 8 3 0 0 36 163 0 119 0 28 0 0 462 0 5
 0 297 0 0 4 0 117 104 0 0 243 0 115 89 8 3 0 0 0 5 473 9 0 5 0 1065 0 0 0 466 0 904 183 0 188 667 135 0 7 0 53 212 0 0 0 45 0 0 0 0 0 0 0 0 5 2 1707 0 0 0 16 959 28 9 0 36 0 10 0 0 2 2 883 8234 0 0 556 28 994 0 0 178 0 6 1 20 0 55 0 56 0 58 21 5006 0 0 76 12 5 0 862 0 0 757 0 0 55 0 0 0 0 0 0 5 9 0 0 0 0 0 0 0 17 0 35 0 0 148 0 0 0 5 0 0 0 0 0 41 0 0 6 0 0 3 7 0 706 0 0 18
 0 0 0 12 0 0 5 0 936 540 1 0 0 17 1 1 2 5 0 524 943 120 0 69 4 732 1 24 0 73 0 0 28 492 3 94 0 0 7 2 0 0 0 961 0 0 0 0 321 13 42 11 0 2 16 12 0 0 0 0 0 0 0 0 8 0 43 200 477 0 0 0 0 0 0 0 0 48 19 0 1364 0 0 0 68 0 21 0 0 35 9 0 131 0 0 35 0 9 0 2 87 398 2 25 0 0 22 0 20 0 0 113 0 0 39 555 0 12 40 0 115 3 105 0 0 0 785 19 9 0 17 79 0 0 69 0 0 0 22 0 0 16 0 0 0 0 0 0 0 1
 49 0 8 0 0 1303 31 0 0 3 2 0 47 0 0 13 0 0 316 0 6 0 0 0 0 541 13 1 1 44 15 3 15 0 0 0 0 0 0 0 380 0 0 0 283 34 84 0 0 0 16 0 0 0 0 1 26 0 0 0 239 0 8 31 32 0 219 0 0 36 139 0 0 0 572 0 0 24 0 14 0 0 59 72 0 147 8 4993 85 0 121 298 1 51 0 0 0 102 11 459 34 0 0 0 0 0 9 0 0 13 0 208 44 28 0 1217 59 0 41 0 0 0 0 121 0 0 41 15 0 0 200 65 167 2 10 0 129 0 1 0 0 18 0 25 0 9 0 47 0 0
 0 0 28 36 34 49 0 0 38 0 0 0 0 51 54 0 0 82 22 0 0 7187 19 0 0 0 0 13 0 0 4 4 8236 39 0 0 1 2 0 0 0 0 30 16 0 0 21 66 0 0 583 0 54 0 429 1 0 0 1 0 1 0 0 0 25 2 15 0 13 35 1 129 0 0 49 0 0 36 0 8 0 0 63 64 32 0 0 1398 0 0 86 0 8 0 12 0 65 0 0 0 202 0 50 0 8 0 0 0 0 0 4 0 0 0 0 0 3 0 0 0 506 0 0 0 63 0 2 0 0 24 6 5 0 12 4 23 0 0 23 0 0 0 13 0 29 155 181 0 14 2
 1 11 15 1342 0 146 0 1309 0 0 86 1075 0 0 0 16 29 0 0 0 0 7 0 43 0 0 16 0 53 14 97 0 4 0 0 0 0 124 1 0 0 0 0 0 0 3334 0 14 111 102 0 0 121 0 35 0 13 0 0 56 0 110 0 309 128 132 0 0 0 115 0 0 572 0 0 0 0 2549 0 24 0 26 0 0 38 127 0 0 0 398 55 0 0 148 0 0 0 0 0 0 3 3 0 53 0 5 75 0 0 138 0 8 0 0 5 0 0 0 0 37 39 37 0 0 0 534 0 0 441 0 26 218 0 118 501 21 0 0 26 29 0 0 0 0 3 1 77 0 0 4
 0 9 163 0 0 0 0 0 105 0 0 45 0 0 0 0 0 43 0 0 27 0 0 246 0 0 192 0 0 0 30 0 0 0 19 3 6 0 10 577 0 0 13 15 0 0 31 1 0 0 5 0 0 1 6 2 0 0 342 0 0 17 0 0 0 4 7 0 11 0 0 0 26 0 0 0 0 0 125 479 8 0 0 4 39 10 0 1 0 0 40 546 0 278 0 6 18 0 620 16 0 0 0 22 26 0 0 0 211 0 2 0 0 36 9 201 0 31 0 6 0 12 26 0 0 655 40 1 2 0 0 36 0 0 20 0 0 25 6 22 2 153 24 0 0 0 0 0 86 25
 239 0 0 0 0 8 5 0 38 56 0 3 15 0 8 0 5 0 0 153 0 0 0 1 44 0 0 0 52 27 0 188 65 60 120 32 0 0 0 1 9 3 0 0 0 0 13 0 8 30 0 0 15 0 3 0 0 0 181 96 0 0 155 50 0 6 709 0 0 1 0 0 0 126 0 0 0 0 0 45 0 178 51 0 2 0 105 46 429 0 0 1 14 0 0 34 80 0 69 0 354 153 16 0 15 0 0 0 37 0 0 0 3 0 0 1373 0 0 0 371 0 0 0 59 0 0 0 0 0 4 0 0 31 0 883 0 4 0 0 12 69 0 33 0 1012 0 8 0 0 0
 0 68 6 0 0 62 0 0 8 0 37 155 0 7 21 409 0 0 0 8048 32 104 0 0 0 3 4 0 6 0 124 32 0 71 0 0 0 0 0 0 0 2246 0 0 8 0 0 107 369 0 82 5 0 0 0 5 0 0 0 0 4 0 109 0 41 0 12 0 0 0 0 15 0 209 4 0 0 19 0 20 16 183 0 0 1381 0 0 8 152 199 53 22 0 12 10 5 0 0 15 454 0 0 214 24 0 25 69 238 0 0 1 0 40 13 0 459 47 0 47 2 33 771 0 0 0 28 0 38 8 0 0 150 0 0 182 277 1 0 162 0 57 0 131 515 296 27 0 987 0 13
 0 0 18 0 3 595 0 8 0 0 0 0 0 0 76 22 0 99 0 40 435 89 0 126 0 31 0 280 21 5 0 0 0 0 0 0 49 0 22 0 92 0 26 0 0 1 4 0 0 0 520 0 0 0 615 0 0 33 4 0 0 33 0 0 30 0 0 0 0 0 1 0 11 5595 2 68 623 0 0 10 0 4 0 57 31 0 0 19 0 0 0 25 0 32 11 99 503 0 13 0 0 0 0 5 49 48 0 0 0 0 0 0 0 5 254 0 0 0 0 0 101 0 7 31 9 0 2 0 13 0 0 0 0 1 0 134 8 0 32 220 0 420 0 0 0 0 3 0 7 0
 251 0 0 3 2 0 313 0 10 22 30 0 396 630 165 5 0 104 0 11 0 0 0 104 0 11 0 6 0 0 0 145 0 0 0 0 12 0 0 1 19 0 131 46 0 1273 0 22 0 0 0 0 0 0 0 0 2 0 12 1101 0 0 0 0 0 31 0 0 0 103 0 0 3 0 17 14 101 1 0 1 52 0 0 0 208 0 0 332 38 0 2 55 223 0 0 9 22 992 34 27 0 4 0 0 0 2 102 0 40 0 0 1 0 0 111 167 0 297 0 0 0 0 1369 0 9 3 0 0 0 0 0 17 0 0 0 197 6 195 11 2137 4 3451 27 0 0 0 0 12 7 123
 0 0 0 134 32 137 0 0 0 0 0 114 0 182 0 0 77 59 33 6 171 0 88 0 2 0 57 0 1 0 0 0 0 25 4 2 6 99 0 0 0 72 0 0 1 81 5589 32 27 0 10 274 0 0 6 0 1398 14 0 17 51 61 0 2 0 248 6 84 8 0 0 1533 0 25 1 6 0 60 18 0 676 169 0 263 0 4 20 454 0 169 0 0 0 0 1 25 0 0 0 2 0 22 0 0 13 0 6 91 10 1190 19 0 19 0 0 3 8 214 0 0 0 13 0 0 25 0 939 1 332 0 0 0 25 0 35 0 398 37 81 0 0 0 0 5 36 747 0 0 0 52
 4 0 0 0 0 0 0 0 202 0 2 39 0 0 0 0 7 939 120 146 0 0 25 8 120 2 27 0 0 3 0 8 0 93 0 6 0 22 11 0 87 20 33 4 618 0 0 2 37 11 0 378 15 0 0 757 0 0 0 136 0 173 0 19 0 0 462 687 0 0 646 826 0 0 0 0 0 0 14 14 26 16 6 54 1 0 0 0 0 0 0 14 0 0 0 0 53 0 1 0 28 44 518 0 74 27 0 5 2 0 3 10 0 0 0 0 0 0 4 0 0 314 38 26 0 7061 0 0 0 226 0 13 0 0 0 0 0 0 0 39 0 0 148 3 1227 0 153 0 2 0
 0 0 11 2 0 4 0 12 40 8 0 0 0 15 1 1381 0 943 40 44 404 5 0 13 0 396 0 0 0 51 0 0 1502 1284 0 117 1216 785 16 92 0 0 0 76 24 0 0 3 0 0 37 0 53 0 64 280 142 515 0 0 0 0 124 0 0 14 26 0 0 137 7 0 239 0 34 0 0 43 242 71 124 0 0 5 59 46 0 151 6 76 9 0 1 0 0 0 4 0 21 2 90 0 0 173 11 0 0 0 15 0 2 0 239 10 0 11 71 1 10 0 0 0 75 1 0 15 0 0 0 11 189 51 4 76 0 8 0 498 0 0 0 0 27 0 0 1 8 0 0 0
 0 0 0 54 0 0 0 0 0 144 0 0 119 0 0 1 27 0 0 0 19 88 0 19 245 152 137 24 35 25 1 0 0 4 0 58 0 11 0 0 33 483 9 582 5 0 8 1048 1243 89 11 0 0 94 0 832 0 0 15 0 0 0 0 46 0 21 5099 0 11 33 0 321 0 47 24 0 0 0 0 0 0 0 0 15 0 1 481 0 15 0 0 0 51 5 47 0 1381 2 0 42 0 398 71 21 2 6 0 84 3 0 54 0 180 13 0 10 22 197 0 453 44 0 0 150 60 5 10 119 0 0 95 0 0 0 0 3 0 2 0 0 1 0 21 19 14 181 0 13 10 0
 53 2 22 2 0 0 0 0 0 0 0 0 7 22 0 0 3 0 0 176 0 0 0 0 0 3 0 7 0 0 0 0 1 0 0 78 0 28 1 0 0 41 1354 3 0 59 0 2 6 0 0 0 69 0 0 0 0 0 0 0 32 33 0 0 0 7069 14 280 13 91 0 0 367 0 0 66 0 0 1 109 58 0 0 0 0 0 121 12 0 0 561 5 0 0 45 12 154 1 105 0 38 0 81 0 1546 4 0 0 0 0 34 3 0 51 0 0 27 2 0 7 1381 0 0 0 0 77 0 6410 31 72 2130 8 64 9 0 0 0 40 0 26 14 0 24 1082 276 0 0 0 0 0
 0 25 166 0 688 0 0 193 0 0 0 4 0 13 0 0 0 117 0 0 0 0 0 0 0 23 0 0 0 107 0 0 0 0 13 0 45 0 0 4 0 0 0 31 0 78 2 0 0 2 0 0 101 32 0 0 0 6 183 0 0 0 18 4 0 0 23 0 8 0 16 1 1 0 22 27 0 0 0 0 22 46 37 0 208 0 0 0 16 0 1 0 0 31 0 111 104 0 0 566 0 8 59 87 313 0 6 0 3 0 0 149 1 0 0 0 0 0 2 0 39 188 0 0 0 0 0 2 37 0 0 9 93 60 0 0 42 28 12 0 0 0 0 9 73 0 0 9 6 1349
 1278 0 0 0 0 0 0 94 34 30 0 0 0 0 0 2 0 0 0 5493 0 384 9 0 0 0 0 0 0 2 83 0 0 0 0 256 75 46 3 0 4 14 0 0 0 0 0 0 0 14 64 0 0 0 0 95 69 0 0 0 0 0 0 0 173 0 0 0 86 48 2 1 0 0 11 11 0 140 36 0 0 0 0 0 0 0 17 17 14 15 32 0 267 33 0 12 10 4 0 52 14 656 0 0 250 10 0 1 0 0 1354 0 39 0 0 1453 1 0 0 0 0 0 1 60 1 0 2530 49 6 0 0 0 0 71 0 30 0 0 0 6 0 0 540 0 3 12 0 0 48 0
 54 501 0 0 85 0 0 0 233 0 145 0 0 0 101 4 0 0 0 2 34 68 0 361 0 26 0 0 0 0 1 0 0 0 385 5 592 2 0 0 16 0 4 42 14 0 0 100 5 0 1309 0 1187 0 0 0 578 0 24 0 0 0 255 0 24 233 5 12 53 137 0 0 0 209 0 9 7 1 977 4 287 320 0 5 0 0 0 0 0 0 0 16 1 17 0 25 0 74 0 85 0 0 16 0 0 413 5 2 0 0 0 0 6 540 22 30 0 0 0 0 2 0 1512 0 18 5028 151 0 0 8 0 3 0 49 0 5 29 38 0 111 0 0 0 0 0 0 6 61 1 36
 81 315 2 133 0 0 0 19 0 0 33 18 0 0 4 0 0 0 39 2 189 0 165 531 541 0 0 89 120 152 0 7 7 15 5 423 10 243 2 0 10 156 0 0 0 0 385 0 0 0 0 16 0 0 258 4 0 0 3 26 1121 7 0 7 73 24 0 0 0 14 1404 0 454 25 0 0 12 2 0 101 0 15 0 0 2289 6 0 0 239 0 53 126 13 4 39 58 0 0 5 5 0 0 122 22 0 0 26 6 18 15 0 3 1 0 0 113 0 1 0 0 2 0 10 0 110 0 77 0 0 3 303 519 0 1 0 2 0 0 293 0 8 6 569 15 167 0 18 0 7 0
 0 1 127 0 0 0 0 1617 0 0 0 0 0 0 0 0 29 0 0 0 88 269 796 618 0 860 0 0 0 0 0 0 0 5500 103 47 0 1 0 0 0 0 0 0 1269 0 0 0 36 0 0 26 8 13 0 0 0 0 7 0 119 0 0 0 0 0 0 0 0 0 9 0 0 5 332 0 107 4 1 32 26 272 0 0 0 10 0 0 108 90 148 219 0 0 0 0 22 0 0 45 26 0 0 0 134 0 0 0 0 0 7537 22 0 0 0 0 0 0 0 0 0 0 218 0 14 35 44 17 0 0 10 0 0 7 0 0 11 23 0 57 0 13 0 0 52 18 32 0 305 0
 0 1 20 100 0 0 34 0 204 2275 0 466 109 348 0 0 0 0 784 0 3 0 0 8 0 0 0 0 0 29 7 9 12 0 0 411 164 8 0 99 0 133 0 62 0 11 0 1 0 0 50 0 0 0 0 1 22 42 11 145 1 0 0 0 2 1 0 0 350 114 0 4 0 0 0 0 131 0 1 18 5 1 1858 0 4 0 33 0 43 6 10 189 2 0 0 1 709 21 0 0 28 3 18 0 2 117 0 40 0 0 0 0 0 104 75 69 0 0 2 0 895 591 0 0 0 0 10 0 46 0 0 0 0 0 0 137 25 147 0 0 14 10 135 0 9 0 13 0 0 0
 106 0 21 0 0 0 0 33 347 221 0 0 0 8 45 0 0 191 0 0 0 0 641 56 0 738 0 0 1 9 513 1 14 0 0 3 0 0 182 18 81 0 0 0 329 3 227 39 0 0 0 212 0 19 0 16 131 0 87 0 0 5 0 0 1005 823 0 0 61 0 0 0 0 58 4 15 4 194 10 1 436 0 22 0 0 24 13 11 199 0 0 379 6 0 69 3 355 0 74 14 63 0 0 1 4 0 0 145 0 0 0 21 399 1 0 12 3 0 0 6 0 11 6 0 0 351 41 4 0 0 0 0 0 0 0 0 11 0 21 0 119 0 0 0 0 14 31 0 0 0
 0 0 0 46 0 0 0 238 13 13 0 0 16 25 0 0 2 0 0 0 22 170 0 0 0 22 0 28 0 0 0 5939 0 0 0 0 0 0 167 27 0 15 0 1 3 10 0 0 0 113 309 0 0 307 123 0 10 0 0 0 0 4 1 0 0 0 0 0 1 230 0 36 0 0 0 89 20 0 0 32 47 4 189 0 4 10 0 0 0 20 0 398 0 0 0 0 9 0 0 9 204 60 41 0 41 7 4 0 0 0 177 0 1 66 541 11 0 36 2 14 49 0 0 5 0 0 0 52 202 0 0 82 3 0 0 0 3 13 0 0 0 3 17 0 0 0 8 0 1 0
 0 3 0 398 0 0 0 0 37 0 0 0 161 0 50 0 0 168 0 0 0 0 0 10 0 0 48 14 0 0 0 1 82 0 347 0 4 7 0 1404 0 0 9 0 119 0 0 0 1 0 0 0 317 0 0 21 0 55 0 165 21 0 43 31 188 0 0 0 8 15 0 0 72 25 113 34 0 0 0 18 46 0 2 192 3 49 0 9 0 5047 346 50 1 0 0 0 47 8 0 15 0 0 0 0 65 9 31 154 73 0 0 2167 28 11 116 0 129 0 0 6 1857 0 49 250 0 0 0 516 4 266 687 0 0 0 2 0 0 0 0 15 6 14 0 18 120 0 0 65 84 0
 0 0 0 303 30 4 0 467 0 188 49 0 0 0 0 0 50 7 134 0 7 0 2 119 0 0 0 0 37 227 0 0 0 7 15 157 0 32 0 0 115 0 0 0 1528 0 0 0 0 0 0 86 573 0 0 0 0 0 4 163 0 0 87 161 41 0 0 6432 0 0 0 1 0 0 0 0 0 0 34 0 1 1 0 0 8228 25 36 0 5 116 11 69 31 0 0 0 1075 0 30 0 0 32 2 0 0 0 1 21 11 0 0 0 0 0 0 0 0 3 0 0 8 0 2618 0 0 0 0 363 8 40 0 0 0 93 48 80 31 31 93 0 4 139 12 0 0 328 28 0 0 48
 0 11 20 42 28 0 122 4 0 0 24 27 1217 5 0 0 0 12 0 423 3 0 8 0 0 0 262 7 0 0 0 0 182 90 114 0 0 72 23 0 0 0 0 0 0 0 0 1 0 401 0 0 0 0 33 85 0 531 8 8 0 0 5 1 0 0 0 0 1536 47 977 4 9 0 16 419 5 0 0 0 627 0 7 0 194 0 15 8 13 636 1083 0 8 0 303 10 0 0 4 6 0 0 14 0 221 23 0 0 5 38 110 0 122 99 119 46 0 0 0 3 14 167 0 0 0 0 0 14 38 0 0 0 0 0 680 0 0 0 0 0 0 43 93 2 19 0 0 27 88 0
 3 54 0 135 96 5 76 25 32 178 0 0 30 1 0 0 0 0 0 580 0 0 0 0 0 986 0 3 2 45 3 106 0 0 0 0 2 0 0 1079 3 12 0 0 36 0 167 37 68 50 0 3 0 0 0 23 0 18 366 0 0 0 0 3 1177 31 235 637 74 0 0 0 136 0 0 63 0 0 12 26 119 25 65 89 0 0 45 0 0 0 1080 286 0 0 0 0 0 0 0 3662 356 0 167 0 0 0 11 0 0 0 102 54 0 0 0 0 10 0 8 0 0 5 17 0 0 332 11 0 0 0 0 0 0 0 0 23 48 3 0 74 0 15 102 126 47 1 318 0 0 6
 73 0 0 0 0 0 0 49 15 5 14 18 121 0 0 63 0 0 139 0 21 1671 0 0 47 0 11 0 0 19 66 25 16 0 0 49 59 0 0 0 0 5584 4 0 0 8 23 1 0 35 0 0 13 7 249 0 46 5 23 0 0 0 0 18 49 187 22 5 0 650 0 0 2 0 0 627 0 32 87 0 0 344 16 89 0 0 126 45 0 0 5 0 13 0 7 678 32 15 0 248 467 11 0 7 0 36 7 0 0 0 927 22 0 69 27 1 19 747 0 0 10 739 31 0 16 0 0 0 0 0 0 0 328 19 82 137 688 10 0 0 3 1 0 0 0 0 0 0 0 0
 832 0 0 602 0 2 8 0 46 41 0 4 0 0 65 0 48 72 10 0 0 0 12 3 0 687 0 0 0 0 167 0 76 0 0 0 0 51 72 0 2 0 18 0 0 0 18 0 0 0 14 5 0 0 189 0 0 0 75 1 596 69 125 4 0 0 0 0 0 0 7 14 0 29 0 1504 3 91 10 1 70 559 2 119 0 6 123 1 144 12 0 15 157 0 0 235 0 0 1117 0 0 1054 191 0 0 0 0 74 6 0 0 0 0 0 0 0 274 118 74 156 40 877 0 0 1 237 3 0 0 1475 1 42 572 0 0 13 9 0 530 4 0 0 22 0 1 0 97 5 0 310
 83 3 0 0 0 73 0 195 12 0 4 74 45 0 15 65 0 0 145 171 0 32 0 11 0 0 0 18 11 0 26 82 0 0 0 84 71 0 204 0 7 43 0 0 0 2 0 35 345 7 106 0 0 432 0 0 0 863 0 46 0 281 0 0 25 0 0 0 9 0 0 1006 0 174 0 139 0 0 107 194 51 0 0 41 1 0 0 0 8 43 261 5486 5 1151 14 0 16 42 11 399 0 0 0 0 28 0 59 0 0 0 0 3 23 0 25 0 29 0 14 3 140 0 0 0 0 0 164 4 0 2 0 0 10 9 6 0 0 11 0 1134 5 0 39 1 0 0 3 46 0 0
 285 0 3715 0 0 0 0 36 585 0 62 0 72 0 0 32 0 167 0 0 0 0 0 0 0 184 23 0 2 10 916 8 0 19 0 0 47 0 3706 0 0 0 131 0 3 14 2 0 2 0 0 0 0 59 337 0 0 0 0 10 0 157 91 0 0 0 0 0 0 62 1 22 0 42 23 6 0 0 0 0 0 7 5 0 0 0 93 0 0 0 0 0 0 32 541 0 2 0 0 0 92 0 10 0 0 293 0 0 0 0 10 62 0 0 0 0 0 0 22 19 2 14 0 1420 0 0 12 4 25 13 1162 0 0 0 0 0 0 35 54 0 0 1 0 5 34 28 0 25 1128 119
 0 0 0 0 0 0 0 0 0 0 11 10 0 6 0 113 0 0 1 0 835 0 0 0 10 0 0 0 0 17 16 0 44 0 0 5898 0 0 103 0 9 584 0 61 5 346 39 0 2 0 0 0 0 0 0 0 0 0 0 530 0 0 0 370 4 0 3 41 0 0 56 3 29 0 0 0 100 0 387 0 34 5 253 14 6 31 0 56 11 1 291 0 0 0 0 21 0 0 0 54 2 0 21 0 287 282 0 0 21 0 0 0 0 138 29 0 0 0 0 0 0 0 159 28 9 0 0 20 0 125 0 0 219 0 9 594 0 0 0 2 0 6 3710 0 0 16 3 0 0 1
 0 0 12 300 271 0 25 1 0 24 7 0 0 0 6 2 35 0 0 0 1 0 40 7 214 12 0 7 0 1 0 120 0 0 116 76 0 54 29 0 132 0 0 0 0 0 37 0 0 0 19 0 0 0 83 0 2063 0 138 0 0 0 0 0 0 10 16 0 30 0 0 0 0 0 0 739 0 548 0 0 0 0 0 0 0 0 0 33 1708 0 1 20 0 0 747 16 352 0 27 111 0 0 60 0 0 42 0 32 64 0 0 0 0 9 272 0 0 564 0 0 0 0 40 5 33 9 0 98 1060 0 0 8 0 82 0 186 2 9 7 122 82 0 3 62 0 0 0 7 5 0
 0 22 1425 0 0 0 397 3 0 13 0 0 4 0 0 0 56 0 2 2065 31 44 0 101 0 0 93 3 0 188 21 35 64 1071 243 7 0 0 0 0 0 0 373 0 0 0 0 0 98 5 0 63 284 0 0 52 0 0 0 0 1798 8 63 0 0 26 0 0 0 0 12 0 6 0 59 50 61 41 1597 57 0 0 0 69 0 0 0 0 268 0 0 15 166 10 0 0 131 28 15 0 19 110 0 0 64 42 4 0 0 3 0 4 2 0 0 25 31 37 88 0 0 47 328 1519 0 0 0 0 1 9 14 16 26 0 8 329 402 0 0 3 520 40 0 3 62 23 0 17 0 6
 9 122 22 501 0 502 20 69 0 81 13 13 0 26 45 0 15 107 0 0 0 0 0 0 0 0 1 157 14 0 0 0 0 0 0 0 184 835 0 0 0 9 238 32 26 0 1333 0 215 1276 2 0 0 0 1 1 0 0 27 0 0 0 7 102 59 1183 37 0 0 0 773 46 0 0 0 0 18 0 7 0 13 8 1 0 27 0 0 0 0 0 21 0 0 0 18 0 80 0 0 0 0 41 27 20 10 202 515 2 0 0 0 0 1478 219 0 0 672 17 3 0 13 35 3 1077 0 0 0 167 30 0 0 7 9 7 69 0 0 0 0 0 0 0 0 28 0 69 0 0 39 393
 38 2284 20 0 0 3 81 14 133 0 30 265 55 246 0 0 7 0 0 289 0 86 0 2 0 0 440 144 0 8 11 0 40 0 389 0 1 0 523 1 0 0 5 0 0 0 4 0 15 0 0 0 0 113 17 33 39 9 0 0 758 8 231 3 22 0 158 42 0 0 0 0 1149 0 1 7 0 238 29 71 0 0 0 3 676 4 6 434 0 0 194 441 0 0 237 0 0 0 0 0 0 0 15 0 6 0 5 0 0 2 0 0 15 0 0 0 601 0 0 120 73 6 476 3 0 3 32 0 0 0 0 0 0 0 0 4 0 21 0 0 1318 0 44 0 0 2 186 14 12 0
 0 0 0 0 7 0 0 425 0 0 244 0 0 17 130 0 3 0 0 0 3 3 13 0 0 54 0 0 0 81 99 4 303 0 0 0 23 0 0 0 0 0 0 11 0 22 31 159 0 0 1500 0 0 0 15 151 39 0 0 0 436 3 50 0 0 4 69 12 0 0 0 675 90 3 26 0 53 3 0 4 54 101 0 345 0 0 8 0 16 0 0 0 2 0 604 366 24 0 0 0 98 70 0 128 134 69 0 48 0 113 0 0 25 2598 1 8 248 2 0 24 7538 52 5 0 0 0 0 0 3 0 0 891 11 12 0 15 91 2 195 0 214 7 0 19 0 0 0 0 28 0
 0 99 0 7 23 2 0 19 10 0 0 121 13 0 0 0 8 428 0 259 0 27 0 107 196 198 219 37 0 136 127 2 14 32 725 5 0 23 0 0 0 13 5 67 0 46 49 0 0 1 0 0 0 1 632 0 0 0 887 15 111 0 13 78 18 58 93 0 0 0 73 0 0 0 0 0 0 0 0 4 1 15 0 0 1 0 0 72 0 0 0 18 151 0 0 9 284 8 0 0 0 13 16 0 0 1 61 1 0 16 0 0 0 0 0 0 130 5 12 44 0 0 6 0 1658 0 73 232 0 65 0 1734 0 0 3 0 0 0 25 617 0 20 0 40 0 0 0 85 0 0
 35 5 0 42 0 47 0 2 12 2 0 114 0 5 0 72 0 0 0 105 8 0 0 11 0 0 0 0 0 9 0 57 78 0 0 158 24 1371 1 8 0 68 0 68 0 484 68 423 0 0 0 12 907 0 0 0 234 0 18 17 0 0 408 13 0 0 471 0 0 0 1051 83 0 9 6 14 15 31 35 0 0 0 0 0 0 146 0 188 2141 0 0 11 51 185 0 0 0 0 0 0 0 0 0 0 219 46 0 759 86 0 0 23 86 573 397 9 3 0 0 0 0 0 41 0 0 0 943 0 6 0 0 65 30 0 29 0 26 117 0 0 0 507 0 0 3 1 0 0 0 0
 0 0 0 0 0 32 0 1 0 0 391 41 0 6 305 0 5 0 32 0 4624 79 27 83 0 1 0 0 2 0 0 0 230 0 46 2 0 6 36 0 3 0 0 397 0 1 19 0 14 0 0 0 19 0 15 67 1387 0 0 0 832 31 106 1528 0 8 67 0 46 8 0 0 1171 0 2 8 9 0 0 0 50 0 3 479 0 234 3020 0 0 127 0 0 9 0 45 0 3 73 23 0 0 3 11 0 0 0 38 0 0 0 7 3 0 0 0 17 0 129 5 153 0 193 0 0 0 71 9 0 0 0 385 0 0 0 2711 73 0 16 0 0 0 0 0 112 113 599 0 0 0 248
 0 0 962 7 13 0 0 9 0 0 0 1 0 65 0 33 23 9 0 0 52 32 7539 6 0 0 0 0 0 28 2 97 0 252 0 8 1 90 0 0 0 3 7 1 0 0 3 1136 7 3 4 0 640 81 0 0 0 24 0 118 360 381 64 27 0 0 0 28 0 3 0 28 13 14 0 54 0 37 0 14 0 6 0 41 16 2 16 167 20 50 0 0 0 0 0 0 98 0 0 4 0 22 0 0 0 0 0 8 68 298 9 0 500 0 100 0 0 0 0 58 0 19 0 0 0 2317 19 56 0 0 391 9 0 26 0 6 1 0 0 0 0 42 63 0 5 0 0 0 0 140
 46 15 0 0 0 0 35 10 29 0 0 90 93 0 109 5 89 0 0 21 0 0 8 0 26 0 3 0 0 0 45 15 0 17 0 0 55 0 0 0 11 0 0 0 0 0 38 0 0 395 0 79 269 16 4 16 5500 8 665 0 111 0 5 8 0 0 0 48 0 0 0 593 0 0 13 24 7 0 0 14 0 10 0 0 317 0 1 7 131 15 0 0 2 12 0 10 0 136 27 1 165 0 11 13 1 0 0 9 0 0 0 0 1232 0 5 0 0 6 0 1527 0 2 0 0 83 0 0 33 0 17 0 0 0 244 0 0 83 48 87 1524 0 0 46 299 53 0 0 0 15 2
 0 0 0 0 55 53 2736 0 0 2 0 0 153 383 0 12 0 53 55 534 7 0 0 3 0 0 0 382 0 0 0 0 1507 11 933 0 0 2 52 0 0 121 1 87 135 24 0 11 0 0 485 0 0 0 0 71 0 0 0 87 13 0 0 0 0 0 3 57 7 330 0 18 0 16 102 0 0 6 0 0 16 0 0 0 0 0 0 166 3 6313 0 2 8 179 0 42 37 0 0 0 0 0 3629 0 0 0 0 160 1 192 1 0 2069 4 0 0 7 0 9 2 0 69 0 28 0 318 0 0 0 78 17 199 0 0 7 3 329 0 64 111 1185 43 0 3 0 38 785 21 0 0
 4 0 11 0 0 3 0 32 130 0 0 0 0 28 0 0 53 0 0 0 113 0 43 35 4 17 11 0 0 0 0 287 0 0 0 81 11 0 26 143 117 13 10 0 0 353 390 1236 0 0 0 71 184 157 10 11 4 0 50 0 15 3 0 0 3 135 25 18 7 0 0 0 42 157 8 53 202 19 8 15 1 0 0 0 235 0 1 0 0 0 27 0 0 0 0 0 18 54 131 0 0 0 0 573 0 0 7 0 158 17 0 79 0 0 10 0 1093 102 26 0 15 18 0 125 0 0 1468 0 0 0 224 46 6 0 2 87 3 0 0 0 0 0 182 40 0 0 0 0 0 0
 0 0 0 0 231 0 0 4 0 0 0 0 0 0 0 114 2 0 0 408 0 100 0 0 0 7 0 8 0 0 7 0 0 43 0 0 5 0 0 0 0 12 2 0 0 120 0 0 0 0 89 0 0 0 0 0 0 0 0 0 5 55 45 0 0 0 0 0 0 0 0 4 0 13 0 0 67 11 0 0 0 0 13 801 0 0 30 0 0 2467 10 0 0 3715 0 0 0 1 4 10 1835 0 0 0 0 0 45 33 87 0 0 0 40 525 0 0 0 0 0 0 0 1 37 0 295 0 688 170 0 0 22 0 0 14 541 113 0 6 0 48 0 16 14 0 13 0 7 0 3 0
 0 0 0 241 0 0 0 11 6 0 0 127 0 6 0 0 3009 11 7539 0 61 0 15 2 0 102 0 0 114 0 0 90 0 0 0 14 0 0 0 0 0 0 0 31 0 2581 0 0 16 0 0 0 16 99 0 0 15 302 1 0 1151 0 0 737 68 3 0 0 161 0 0 41 0 5 0 0 0 6 263 0 0 0 30 0 0 0 81 201 116 0 3 0 0 6 103 0 5 0 0 2736 62 0 4 26 0 0 9 0 0 194 54 0 0 39 0 0 0 5 0 0 0 0 0 0 19 0 0 0 0 0 14 1 0 0 0 4 0 142 0 0 0 87 0 67 0 26 3 14 1 0
 34 4 4 0 573 117 0 28 217 0 0 0 0 0 0 0 63 0 0 0 639 8 24 117 9 5 0 67 0 0 0 319 0 0 0 0 372 57 69 0 0 79 77 0 0 158 3 3 0 1354 38 0 0 0 0 5 5 0 423 0 36 1 0 4 0 0 51 0 67 11 0 0 0 302 36 0 0 0 0 0 0 6 0 0 21 0 14 3 0 8 2 47 7531 9 0 0 180 316 4 0 91 0 0 0 2 0 5 0 0 0 0 114 0 329 0 24 0 20 0 1 0 0 0 0 0 0 0 0 0 15 91 0 1 3 0 0 0 0 13 0 0 23 1398 0 0 0 0 0 17 1213
 0 0 0 835 6 0 0 0 0 0 0 0 24 0 0 2 0 0 250 55 10 0 443 2694 0 0 138 0 47 0 0 0 0 0 11 0 5 7068 4 41 1 0 0 117 0 6 0 0 0 24 0 0 0 7 0 0 13 220 0 119 0 17 32 0 0 937 0 0 36 20 162 344 0 0 13 0 22 1429 0 5 0 1 473 0 168 0 7 0 0 168 0 0 0 734 0 0 0 13 0 3 16 7 89 0 6 93 0 0 84 0 0 0 81 233 0 129 382 0 53 0 195 0 0 114 117 0 0 40 0 0 0 0 0 0 8 0 9 0 0 0 639 0 1208 23 27 0 0 0 5 58
 19 0 70 5 0 0 1 0 45 13 69 26 71 0 0 1 6 9 328 1 0 26 0 7 0 5 0 0 0 0 10 226 6 0 519 0 13 344 0 0 53 2 0 55 0 0 290 145 0 0 14 33 0 16 3 5 0 0 0 30 0 84 0 1086 0 500 41 6 371 0 51 3 583 110 1 0 0 0 0 447 188 3 1303 0 0 75 0 0 0 4 0 7 0 0 29 0 0 10 5 0 0 39 0 0 2 540 0 0 47 0 0 0 0 46 0 0 0 6 8 0 6 0 0 1 0 0 0 3 47 0 0 213 25 153 0 0 0 0 948 1429 0 4 3 0 63 53 9 0 0 0
 0 0 0 664 50 0 0 110 0 0 0 24 113 0 116 5 1542 8 0 0 0 0 2 37 34 0 0 65 71 0 1 0 0 10 176 17 415 0 0 0 31 0 0 0 0 0 19 141 12 0 0 0 0 0 79 0 17 397 15 45 5 0 0 0 41 111 0 31 0 0 56 0 8 0 550 0 0 0 0 0 0 0 0 36 0 0 0 1 0 0 0 18 0 294 0 481 7 60 0 0 0 50 6 0 5 210 0 64 0 0 0 526 0 42 35 0 462 0 48 13 0 1367 0 939 116 25 0 0 0 0 0 0 215 24 0 0 0 50 0 5 0 0 40 4 0 196 11 0 0 9
 1 0 0 0 0 6 0 29 13 0 14 0 19 0 159 0 7 125 930 0 2 5 0 67 9 0 1149 0 0 10 0 0 1 0 275 0 0 0 938 12 16 0 0 8 0 1046 5 11 16 119 0 29 0 0 0 0 132 0 33 0 194 0 1398 0 0 0 0 18 153 83 10 0 0 0 0 0 265 4635 90 0 23 7 1 0 0 6 1 0 282 3 0 24 94 0 1 0 0 1605 5 0 0 1189 0 43 0 19 24 0 0 0 452 393 0 0 0 0 0 0 0 904 0 1796 0 23 0 0 0 0 8 0 1 0 105 38 16 2 0 135 0 133 0 0 2 0 0 0 19 0 0 0
 0 98 0 109 0 3 0 0 316 880 0 0 0 102 5 0 0 0 0 0 45 0 0 0 198 0 0 0 0 0 7 11 70 3 283 6 0 2 32 248 143 0 0 0 80 11 48 32 5 78 339 0 0 4 8 46 0 0 7 0 18 18 5 23 0 0 86 0 6 1291 119 0 28 17 0 0 567 6114 0 4 0 141 0 47 0 54 739 16 0 0 16 9 0 41 24 0 106 79 0 73 0 84 1 0 33 0 2 1 6 0 7 0 14 0 229 4 11 2 13 0 216 0 4991 169 0 0 0 0 0 0 3 0 8 0 2 1 70 305 0 150 0 0 1 55 17 5 0 236 0 0
 0 0 1 0 0 9 1 0 0 13 204 184 0 13 0 0 0 12 0 0 0 0 0 0 0 0 0 0 39 0 0 15 0 104 0 0 219 0 0 0 0 0 1 44 20 45 0 921 0 0 17 0 0 0 55 125 0 8 2 19 0 42 231 0 17 0 13 1722 0 0 0 0 49 0 28 2 0 0 0 0 25 2 187 0 0 11 0 0 0 108 0 0 0 1 0 11 0 27 245 0 8 0 7 23 0 0 36 0 903 0 117 0 0 0 0 0 1282 22 0 0 42 0 1 556 5 0 0 688 0 164 0 0 0 180 37 981 164 0 35 335 0 0 0 0 531 22 23 96 13 0
 0 0 0 0 0 0 0 16 10 0 0 526 60 0 0 1 2736 29 50 0 8 7 0 0 0 5595 13 10 50 0 0 0 0 169 5 0 1170 0 16 0 452 11 0 0 5 0 4 38 0 0 0 1057 12 0 0 1313 0 0 1 11 0 0 110 11 0 5 39 149 3 0 14 0 0 5 0 0 47 0 2 0 0 3 411 2 13 2 34 0 0 0 3 0 19 141 0 0 0 0 730 0 0 0 4 0 23 0 0 2 7 3 52 0 114 0 4 1 130 92 22 14 0 12 0 6 0 5 0 0 0 0 0 232 2 3 0 0 0 0 26 10 41 5 0 0 206 0 52 31 1398 0
