150
 4 11 0 88 90 0 0 3 305 30 279 302 0 0 0 119 0 5 0 341 0 0 124 0 0 15 8 0 34 135 2 0 0 0 767 42 5 0 31 0 0 1057 0 0 0 0 0 62 10 12 378 0 9 0 0 681 2 8 67 5 4 0 0 44 1 145 23 268 2 152 0 32 0 0 105 4 0 25 0 0 0 0 0 18 0 3 64 57 26 22 295 0 0 0 0 0 14 0 0 73 2 6 0 13 36 0 0 0 719 0 0 3 0 0 0 0 57 0 2 3 17 32 0 0 0 0 0 366 14 96 0 0 17 9 0 0 68 0 15 0 7 14 0 249 0 0 0 7 0 26
 0 0 1 67 0 0 17 0 1 4 0 0 20 4 0 0 19 0 0 59 6 0 0 6 28 0 0 0 27 3 16 0 0 0 0 396 0 126 0 0 0 45 3 0 0 0 0 11 16 0 2 1 0 965 0 23 18 2 26 18 1 0 0 0 0 0 82 14 0 0 12 1 0 13 0 0 0 0 14 0 26 10 597 0 0 41 135 2 0 68 0 106 0 0 12 8 0 26 2 56 0 0 12 0 71 653 61 0 21 1 0 0 793 0 0 0 0 490 0 30 15 0 0 15 3 0 0 0 80 0 0 0 109 0 0 5 0 0 262 4 10 305 0 26 0 91 6 0 18 0
 218 0 11 0 7 86 0 0 0 0 0 0 0 0 3358 0 0 13 0 0 59 19 0 5 0 7 26 0 1 0 20 64 0 199 0 1294 0 906 7 0 0 0 3 0 777 443 9 0 22 0 2 0 2 1 0 33 0 44 203 0 166 0 0 472 0 18 243 0 101 4 0 2 1 0 495 14 1 3 3 8 0 0 55 49 118 0 0 0 2 0 0 151 81 0 20 31 22 28 0 0 0 0 8 0 0 338 0 150 0 8 0 0 0 115 0 0 0 0 17 0 72 0 0 10 1 35 0 3 0 0 0 0 2 6 19 0 0 3 0 0 1804 17 0 95 0 80 4 3749 0 4
 0 0 12 23 8 0 34 0 0 4 0 0 11 157 15 102 10 0 25 0 0 8 0 0 1 0 0 361 77 0 30 1 0 79 66 0 0 0 15 188 0 0 0 0 0 0 0 1 0 0 0 0 0 326 0 28 4 598 106 0 0 41 0 30 0 29 0 0 0 30 5 100 0 33 159 0 0 0 0 13 126 9 0 0 386 0 0 2 19 13 0 0 0 32 0 544 42 0 5 0 0 17 448 34 4 0 0 977 3 0 1 34 44 22 0 73 0 0 0 0 0 0 0 32 0 165 10 29 0 19 0 19 0 0 0 1 0 56 0 1 0 0 68 0 0 0 1 0 22 10
 0 302 0 0 20 0 17 0 0 0 6 0 0 0 0 2 0 302 0 0 0 0 0 0 0 372 798 1 7 0 0 161 0 0 4 19 6 0 0 0 0 0 0 0 0 0 1 11 43 766 10 40 1 148 0 0 0 0 0 0 0 258 0 6 0 18 0 0 0 26 1014 0 15 0 5 0 0 0 0 0 0 1 0 0 2 0 1151 0 0 47 0 0 0 6 21 308 0 5 0 0 7 13 5 0 0 0 0 5 57 9 230 0 5 0 0 62 107 16 3 4 0 0 0 6 127 4 0 361 0 1558 475 287 0 0 917 4 0 5 0 28 0 0 0 1 49 0 3 1 178 48
 0 3 0 15 152 13 374 9 0 0 88 10 17 55 0 0 0 6239 921 170 0 9 0 1294 0 0 0 0 38 0 0 150 0 1153 0 0 0 3 0 0 0 0 0 5 32 33 91 6 58 0 0 0 0 0 0 0 56 114 0 0 0 64 376 35 790 0 9 0 13 9 80 0 0 0 132 0 0 74 23 55 0 5430 13 0 0 0 30 6368 55 67 0 10 13 382 2 4 19 0 0 0 0 0 0 0 0 14 0 37 0 173 18 21 0 225 378 36 4 11 15 1290 0 32 0 1 0 0 26 0 0 0 0 0 0 0 0 0 10 4 0 0 0 0 0 80 187 22 0 7 0 10
 5 0 44 0 0 0 0 1 0 0 19 7 0 0 0 12 0 0 0 0 0 0 0 0 6 0 0 26 28 2 0 12 0 7 133 0 58 0 7 14 0 0 0 0 0 15 144 0 15 0 0 0 0 7 33 0 1 0 27 3 4 4 0 0 0 47 6 31 287 173 145 5 6 2749 1 0 14 1166 681 0 0 0 0 43 0 1122 28 0 0 0 1 3 441 6 23 0 0 0 0 0 13 55 0 1087 19 0 12 16 3 9 227 3 13 0 2187 5 0 32 250 4 14 0 0 0 0 2 185 322 0 0 0 0 14 8 15 101 66 0 0 1 4 56 5 0 0 14 36 218 0 55
 0 18 11 21 99 0 0 19 27 200 180 0 0 0 988 0 5 0 11 443 348 0 0 19 1 0 0 0 1 0 0 2 0 0 1 106 0 316 0 0 2 0 0 1 559 0 0 0 9 105 0 130 21 643 34 539 0 906 0 0 0 39 3 0 0 0 14 0 116 0 4 2 3 3 12 0 2 1 0 2 46 1 267 6 14 0 155 0 5 60 0 8 0 25 232 0 0 15 232 0 0 8 6 1 0 11 26 0 0 929 41 0 0 174 0 0 8 0 0 73 0 0 0 0 788 0 11 0 0 0 0 0 0 0 0 0 0 0 0 0 0 0 0 165 102 0 0 4 0 0
 0 0 5 3 54 116 248 0 0 0 0 0 43 0 22 0 37 39 51 0 0 28 283 0 0 0 0 2 9 0 238 0 5 35 0 0 0 0 0 14 0 0 0 0 70 0 4 1249 1 480 11 0 1 100 2925 0 0 281 0 2 460 0 0 0 0 7 8 0 0 105 0 1154 0 37 0 1 0 57 0 180 1 0 4941 0 38 0 0 0 58 53 0 0 1103 0 2 0 0 0 1 0 31 0 0 0 11 0 9 0 0 0 67 16 0 0 293 0 0 0 0 0 397 0 0 0 0 0 0 170 1564 378 0 0 80 0 0 4 19 0 139 0 23 0 0 6 0 10 0 0 30 0
 0 0 0 0 14 5 5 0 80 0 0 28 0 0 19 0 19 1 0 0 0 0 19 0 0 0 10 0 63 5 0 9 0 1076 9 74 3 0 47 12 21 52 23 4 1 41 2 380 35 0 0 1 6 0 0 10 0 0 0 0 8 0 0 193 112 0 25 0 43 0 105 0 35 397 0 12 170 88 0 0 22 0 0 87 0 0 0 0 94 0 0 0 0 0 0 0 84 0 0 29 0 3 0 2 700 0 0 37 0 0 149 15 0 94 1 22 0 0 0 1 0 2 0 0 0 8 370 14 0 0 0 13 0 16 0 1 30 47 0 0 50 25 6 4 4 28 0 0 0 1155
 0 94 0 1 0 0 0 0 7 119 378 5 1 0 0 0 8 0 491 1 2 0 351 0 1 0 0 0 14 2 0 31 13 0 31 0 128 7 0 25 7 3 19 0 92 3 0 0 0 0 557 0 381 0 30 4 74 53 0 17 0 17 0 0 2 0 5 0 0 0 0 0 24 57 0 23 0 0 0 0 0 0 0 15 0 0 11 11 34 0 0 0 0 3 0 0 0 0 0 32 0 192 1 0 0 0 13 12 111 35 519 5 150 0 0 38 1 4336 4 0 0 0 3 0 102 0 0 0 0 206 0 0 0 13 82 0 5 42 30 0 10 0 11 0 0 0 0 93 0 355
 0 24 5 89 2 0 0 17 2 0 0 175 209 22 7 0 0 29 0 38 0 215 5 2 0 0 0 0 0 43 0 9 0 0 1 22 24 1 0 0 22 3 2729 0 0 12 0 0 212 0 0 64 1021 198 69 47 0 19 0 15 0 5 81 0 0 0 0 0 0 0 0 0 0 0 0 0 5 0 24 0 27 0 0 0 73 0 73 0 82 0 0 28 75 0 13 33 3 8 0 0 0 0 0 0 12 119 0 0 0 68 84 0 767 1 0 61 0 0 0 0 68 0 10 0 0 0 49 0 21 196 0 0 11 0 0 0 0 0 14 5435 0 0 4 105 0 0 6 1 0 0
 5 0 30 0 908 0 43 7 0 108 0 0 117 0 0 0 3 6 3 21 0 0 294 0 0 0 6 251 0 1441 72 0 278 0 6 0 0 0 0 0 0 17 0 6 1 0 1 14 896 33 0 0 0 0 0 0 295 0 0 1 7 1 0 0 0 0 4 30 0 17 0 0 15 0 0 0 10 16 2 0 27 0 19 4 0 0 13 5 89 0 0 0 0 126 200 3 0 0 0 99 101 4 0 407 4 0 4 0 349 0 0 0 0 245 771 10 0 1 0 0 921 0 0 0 1 0 0 21 9 0 50 0 2 0 238 3 0 0 0 13 98 29 45 0 0 0 0 20 376 0
 39 0 379 0 188 0 11 0 164 15 2 0 8 0 0 0 0 8 49 5 8 60 0 2 0 0 12 0 0 3 0 2 33 0 10 0 0 6 0 0 0 1 191 4 0 0 15 7 0 0 0 180 11 0 8 183 0 0 0 0 10 0 1 0 0 0 0 0 15 0 0 2 0 0 0 0 0 0 0 11 30 0 3 0 0 4 0 0 158 0 0 0 49 86 4 2 0 0 0 0 11 69 2 0 235 0 0 14 0 6256 0 0 10 13 26 0 0 0 0 0 48 1 0 18 110 0 17 0 26 0 0 0 0 0 0 0 0 0 0 0 90 0 139 51 8 2 1 0 0 0
 0 1 0 0 0 358 15 0 0 0 1 0 0 23 6 1 0 0 198 0 0 9 3 5 0 22 4 26 863 0 361 0 6 212 19 12 0 1 0 57 9 25 34 25 2 0 1 0 7 0 76 391 9 0 10 2 49 0 0 0 379 0 99 0 4 0 0 0 17 1 1 0 22 0 0 0 140 0 73 11 0 174 4 304 0 0 0 102 0 0 0 0 0 0 0 56 0 0 3 0 2 112 2 0 0 0 2 0 0 0 231 49 510 0 0 14 46 0 3 0 0 0 0 47 0 0 63 13 0 77 0 9 0 6 0 0 58 0 38 8 364 65 7 32 5441 0 0 0 0 4
 0 0 59 0 0 8 0 875 36 8 24 155 28 14 0 106 936 103 6 53 0 0 379 8 0 0 0 0 0 117 0 0 64 56 16 0 175 100 0 0 0 62 0 8 5 14 20 4 0 14 203 0 0 293 2 1892 0 0 0 0 0 0 58 0 25 0 0 0 0 0 0 7 361 0 61 0 3 22 0 0 0 19 0 0 0 0 0 19 0 0 37 239 0 34 15 46 0 0 0 0 0 17 0 0 0 0 0 4 0 0 23 142 0 0 27 0 189 0 82 5 1 116 8 0 0 0 0 0 0 1 29 15 7 4 0 941 0 0 0 1 0 10 3 0 0 0 8 5 2925 0
 2 0 2 0 7 0 45 0 0 0 0 370 0 1 6 0 0 0 0 31 0 0 0 202 0 2 0 0 10 16 20 423 94 0 0 866 0 0 864 0 0 33 0 11 0 0 18 0 0 0 0 0 0 9 12 3 0 0 0 0 0 6 0 0 6368 0 623 906 0 21 977 0 91 0 0 145 6 0 0 24 2 39 28 0 0 0 14 226 26 0 0 13 0 0 0 0 203 0 17 32 0 91 0 192 0 3 0 0 113 0 0 0 19 3 75 0 180 3 0 154 0 73 0 15 0 0 0 117 0 0 0 0 0 0 6413 0 0 0 5 0 0 0 16 416 0 0 0 1 6 0
 0 75 0 69 0 0 20 4 0 0 2 0 0 0 15 0 57 1 4 222 90 0 746 0 0 21 10 125 0 1 0 46 39 13 22 4 43 28 0 0 0 0 0 4 48 0 8 119 157 105 0 82 29 0 0 107 4 0 1 4 0 0 196 13 0 0 1 197 40 0 16 38 3 0 0 0 2164 0 0 0 0 54 0 39 0 0 5 0 0 0 1 0 56 6 95 0 20 0 360 0 2 0 256 116 0 0 0 0 0 1 0 0 22 135 0 106 9 0 274 0 27 7 14 102 0 14 0 4960 163 60 0 5 917 0 8 14 0 21 0 6 3 0 11 60 0 0 0 9 0 0
 1317 21 26 0 154 0 20 0 0 389 0 97 0 0 0 0 1172 0 3 2 0 0 1 0 0 51 68 0 0 31 0 0 280 0 71 0 0 0 6 12 101 0 0 0 0 116 0 0 3 187 5 0 145 0 2 0 0 0 0 567 11 0 10 66 705 0 268 21 0 120 0 28 0 1 0 4 0 1 109 0 3 140 203 0 0 941 0 0 0 0 0 0 3 0 2 0 94 3 0 0 107 0 4 0 6 686 0 0 0 2 33 7 12 17 0 299 0 0 1431 39 0 0 4 0 0 0 0 0 39 0 43 76 8 21 1 0 17 235 0 69 9 0 2 0 0 6 0 49 16 0
 0 0 31 16 24 0 33 0 0 14 0 0 0 0 0 0 0 0 0 1 0 117 8 1 0 0 25 56 0 118 7 0 0 2 0 0 0 0 1 115 0 13 0 136 0 19 22 0 0 0 1 0 0 20 6 7 0 0 1 11 17 0 0 53 208 0 29 0 256 0 1 18 0 0 0 0 12 0 3 1 0 7 1423 35 0 28 428 0 19 0 0 8 1045 0 0 0 0 0 5 64 7 38 0 0 0 0 0 0 0 4 0 0 0 0 0 15 11 62 175 0 2 0 0 31 49 0 117 174 7 0 3 0 120 0 0 770 77 0 0 471 0 0 0 0 2 17 0 6 27 0
 1 0 0 58 20 2 1 0 49 7 0 9 49 0 2 3 78 0 26 99 0 31 0 0 101 55 0 0 0 0 0 0 0 12 51 0 0 14 0 83 0 0 0 0 2 0 9 118 0 6 0 139 6 0 17 277 0 0 0 0 17 3 64 220 0 0 404 0 0 0 28 0 0 0 0 9 17 13 0 0 0 0 0 0 0 0 0 111 1295 0 3 0 0 32 0 208 0 0 0 7 0 0 8 0 0 12 0 69 0 0 0 3 58 0 0 0 0 18 0 7 0 4 39 0 6 19 725 0 0 0 13 0 0 26 0 0 0 8 0 0 36 0 0 0 31 4 0 0 18 0
 34 9 0 0 53 0 18 0 0 1 9 0 154 0 0 20 3 168 109 0 0 2 0 0 0 0 0 0 61 37 66 16 0 0 0 0 0 8 2 208 0 0 0 262 8 3 17 266 0 28 1 2 1 14 0 22 1 17 6 0 0 0 14 0 1339 0 0 325 8 0 0 0 13 24 0 0 0 0 0 731 251 21 0 0 0 1 2 41 234 14 0 0 21 0 388 0 0 0 0 0 0 1 4 0 0 9 0 0 5 0 53 14 0 0 17 0 2 49 0 96 0 405 141 0 130 0 122 0 5 0 4 0 1 0 1 0 0 0 60 0 0 13 0 455 0 44 0 1192 2 0
 0 173 49 46 14 26 3 129 0 0 0 0 0 19 0 0 47 0 0 0 360 3 11 0 0 0 12 8 0 8 0 0 6 0 0 0 0 0 0 0 286 0 0 14 0 83 0 0 4 0 0 15 143 0 0 0 30 14 0 0 373 254 15 137 31 19 4 0 20 29 0 0 19 0 3 0 0 2 0 12 0 0 0 28 0 0 165 12 9 0 18 17 0 0 0 0 167 40 0 0 0 0 0 5 0 27 0 0 802 86 0 0 0 14 0 0 0 0 97 67 0 0 274 32 0 25 63 13 0 5 0 4 0 0 1 0 0 0 19 0 236 0 0 0 52 0 115 33 6 3
 101 0 0 655 32 0 18 0 516 12 52 0 15 0 0 0 0 194 197 0 40 4 269 3 0 39 0 0 117 82 0 0 6 203 288 4 0 0 6 0 1 17 0 0 0 60 1 0 40 0 6 128 35 0 66 0 0 15 0 0 10 0 0 0 0 0 59 68 5 97 0 255 0 0 0 0 0 83 22 0 40 0 2 32 0 38 2 31 0 0 0 144 22 0 20 0 0 0 29 0 0 0 0 42 0 0 0 0 0 0 281 2 6 0 0 0 0 0 42 0 0 13 6 5 0 0 128 0 0 0 0 0 2 0 0 0 0 10 47 0 0 0 0 0 0 0 0 7 1101 0
 1 0 54 0 0 2677 0 0 384 49 0 0 0 110 7 6 8 19 7 5 0 22 0 1 124 231 0 19 21 0 0 24 0 184 3 15 0 0 0 15 0 9 0 0 0 0 0 127 0 81 0 0 0 0 16 26 508 10 19 0 0 506 6 0 2 0 103 13 3 0 77 73 0 9 0 0 371 37 0 13 0 0 0 0 280 17 0 155 70 0 35 0 0 66 1 0 13 0 6 1 252 0 0 722 506 69 0 0 213 0 1 18 2 149 0 140 0 4 0 69 91 91 0 0 99 1 77 0 0 5 4 7 1 0 5 0 50 0 4 0 43 10 0 60 2 0 0 0 11 232
 0 0 0 51 0 6 38 1 29 66 40 6 302 0 0 0 0 0 0 1 0 4 4 0 0 0 0 154 0 0 0 0 0 12 158 54 86 0 617 0 0 382 327 54 0 9 0 0 0 0 0 0 152 0 1 0 0 1249 0 0 0 0 5 393 175 0 0 2 0 15 0 0 16 0 1 7 361 0 0 4 0 0 1046 14 0 0 0 0 4 11 25 0 0 0 2 34 0 0 0 3 7 115 2 0 0 0 3 0 0 0 0 0 8 0 9 0 297 0 16 4 47 92 0 13 0 47 0 52 0 15 16 605 0 0 33 0 0 18 11 0 0 0 0 37 0 17 52 681 4 0
 0 1236 0 1 0 70 12 0 28 0 45 26 0 0 0 1 0 0 0 0 767 0 0 1 17 1401 0 222 3 1 5 0 0 184 6 0 0 27 15 4 0 0 0 52 61 0 0 974 0 0 463 0 0 0 179 3 784 0 166 0 72 363 68 7 0 12 13 5 309 195 0 143 0 0 384 0 0 0 0 61 0 0 0 5 0 30 43 9 350 52 38 0 0 20 241 5 24 1 0 43 0 0 0 0 2 33 10 0 458 0 7 3 152 9 9 1 0 18 7 0 50 0 5 0 12 0 0 0 14 0 0 0 6 0 0 5 466 0 0 0 0 0 0 0 2 0 0 126 122 0
 1 35 33 0 0 1 0 123 0 66 68 3 0 117 0 20 160 0 18 0 40 29 0 0 0 0 0 7 73 0 4 21 0 2 191 324 0 0 17 0 0 35 0 0 0 3 201 3 0 0 28 0 6 0 156 0 0 0 0 280 11 0 1 0 0 0 6 0 0 0 4 19 0 159 272 143 0 0 0 0 30 0 0 146 3 0 9 186 11 0 6307 0 64 0 0 0 14 0 0 0 0 2 4 20 0 0 1 36 0 0 0 25 0 33 0 33 69 0 0 0 9 0 2 35 5 0 4 122 0 0 0 0 1292 0 3 3330 0 2 0 0 0 0 0 295 1 0 345 0 116 0
 0 0 0 0 0 0 0 0 0 0 0 3 1 0 0 17 0 186 0 4 1 0 0 0 0 9 0 0 3 0 0 0 37 0 15 0 187 0 0 1247 0 156 0 33 6 0 19 0 0 0 0 6 0 0 41 0 0 0 0 5 275 1 0 0 53 0 0 0 0 0 115 26 34 48 0 0 9 2 0 127 0 268 0 0 0 26 0 10 0 407 68 43 0 1 104 0 14 33 0 1 0 1788 0 0 0 0 0 223 21 0 73 7 14 72 0 298 159 0 2 1272 0 0 0 369 0 0 0 65 24 16 0 98 60 0 48 0 0 0 153 2 982 0 41 0 257 0 5 25 0 0
 0 0 236 257 9 314 0 408 65 0 0 0 0 0 151 0 0 0 0 0 21 0 0 0 38 378 0 3 107 0 0 0 0 218 0 2 0 16 6 0 0 21 0 37 0 0 12 110 0 46 0 0 0 5 1 0 0 0 0 0 48 0 2 0 0 11 396 28 38 0 273 4 54 0 31 0 0 0 0 381 0 3 151 0 11 0 0 0 0 7 3 12 7 0 0 2 0 0 4 90 0 68 0 3414 0 27 51 0 0 0 443 0 0 4 0 6 0 0 0 16 0 6 0 0 37 9 0 0 0 0 13 0 0 0 0 60 0 345 6 0 0 13 0 23 11 4 0 167 0 9
 0 0 0 0 0 1 17 4 0 19 386 18 0 2 0 6 0 545 22 0 27 0 844 160 0 20 0 0 38 0 61 0 0 0 51 0 0 14 0 0 0 0 3 0 3 68 15 0 0 41 0 1455 11 50 0 0 9 2 0 0 0 0 46 1 0 0 0 0 0 0 0 10 0 22 755 197 0 0 0 2 0 0 0 17 0 0 25 0 100 26 171 17 12 109 0 50 399 12 0 0 0 0 11 0 25 0 870 0 0 1 3549 20 0 0 200 56 0 0 0 299 21 38 0 0 0 0 0 0 70 0 933 22 0 0 3 17 0 0 36 56 0 1 208 2 0 3 4 0 2164 0
 1 0 0 0 0 0 0 0 48 0 0 0 0 0 59 588 0 0 1 296 11 0 0 81 0 168 0 0 0 0 7 12 13 444 0 25 13 0 9 0 1 0 0 0 4 0 0 0 7 0 4 0 20 0 38 3 175 0 1178 287 7 1 0 22 46 0 813 3 0 9 0 2 760 0 159 0 947 0 0 3 1 0 68 0 0 2 1 0 0 0 13 0 1 13 20 0 0 9 0 0 269 42 0 0 3 0 0 0 1 13 43 66 47 3 0 0 0 5 0 1 3 44 0 0 0 0 0 0 0 0 111 41 0 0 0 5 0 0 28 0 0 0 0 0 0 80 0 0 0 2
 906 99 36 7 88 17 0 9 0 0 0 34 0 0 0 0 0 0 0 401 1 5 0 0 458 18 49 96 0 20 39 0 22 1174 6 0 0 69 1 1 0 8 0 0 0 11 213 6 120 0 180 26 0 856 209 0 0 49 0 0 116 18 17 0 0 0 445 17 216 0 4 0 0 0 0 24 19 0 225 0 0 0 130 0 0 0 1 0 27 0 0 0 2 0 3 0 0 0 0 0 0 17 0 0 4 217 38 186 0 53 1 5 695 72 0 46 0 0 22 0 2 0 31 0 0 15 0 0 22 0 1 0 0 0 0 0 88 20 0 11 2163 5 684 48 0 0 0 0 17 0
 45 49 0 0 19 0 0 0 0 0 4 12 345 19 0 0 175 0 0 0 0 13 29 0 0 0 0 0 2 0 0 0 0 1 58 0 0 18 0 16 0 0 2 0 0 0 873 0 0 0 0 3 559 8 6 145 1 0 0 211 0 0 10 0 3 0 0 0 649 0 4 0 0 0 0 0 0 22 3 0 0 1 0 5 0 0 0 0 0 0 0 48 0 3 1081 0 30 0 0 0 20 1 6 0 442 0 0 0 0 0 76 143 61 1 0 0 11 4 332 3 0 0 129 13 65 4 0 1 102 0 0 11 195 0 8 0 0 0 0 494 0 407 189 12 91 0 108 0 0 0
 0 10 0 0 0 23 0 0 8 0 0 0 0 0 0 0 4 0 0 9 0 23 66 0 0 0 0 0 0 10 0 24 0 0 0 941 15 0 0 45 8 0 0 0 46 0 0 0 0 0 0 0 11 3 175 162 0 17 0 25 1234 17 41 0 6 268 0 0 0 0 1 0 26 0 169 0 221 0 0 174 0 0 0 54 5 0 0 2 0 0 0 1 17 0 0 10 0 0 1 33 1434 0 0 2 25 8 0 304 14 17 112 0 4 0 0 0 610 19 13 0 0 0 5 0 52 10 8 7 0 0 29 0 0 0 0 0 6 21 0 15 1 0 16 0 0 0 0 0 0 0
 0 0 0 153 0 15 0 0 2 0 0 0 4 310 0 46 0 0 24 26 0 152 11 0 0 0 243 0 4 0 4 0 3421 37 0 143 650 0 0 0 9 0 24 9 17 0 0 174 0 226 0 1082 0 36 0 23 0 2 0 15 0 2 1 10 0 0 0 27 0 171 30 58 0 174 5 391 0 0 0 0 0 6 17 0 0 3 0 1 0 0 0 0 215 58 0 1 0 0 14 13 16 0 0 0 17 0 0 0 0 0 0 90 0 0 0 0 0 0 130 3 0 21 2 0 6 0 4 0 0 0 0 55 3 0 0 0 0 624 14 0 102 0 0 26 0 0 16 0 0 3
 0 0 839 6330 0 17 0 82 182 0 0 0 30 220 0 0 3 0 3 21 35 3 209 5 113 0 20 10 0 28 2 0 178 315 0 0 2 8 0 23 5 7 0 14 6 0 1 1 270 0 0 0 0 22 0 5 3 0 0 0 0 0 0 210 6 135 0 0 0 0 0 1 339 0 0 0 0 46 79 0 0 0 0 79 0 117 30 19 0 213 421 4 0 0 797 9 0 908 9 0 8 0 2 2 0 0 0 125 0 0 0 0 0 0 0 0 0 3 0 0 152 619 0 0 8 0 0 0 0 3 0 0 0 30 0 64 0 0 107 0 0 0 0 0 0 0 46 361 0 0
 4 0 0 0 16 0 16 0 111 36 0 0 185 0 0 0 1 0 12 134 0 0 12 12 9 1 0 0 5 0 0 74 0 0 106 16 0 6 1 868 0 0 93 0 25 0 0 0 0 0 13 267 0 5 3 0 0 0 0 0 0 13 0 1 154 3 2 16 21 7 0 0 0 47 0 4 0 0 0 42 0 1 0 924 0 0 118 0 0 79 0 0 149 0 0 241 6 0 77 0 0 1 453 0 9 3 0 0 0 0 0 69 0 0 0 0 0 22 511 0 0 0 10 58 0 4 3 6 0 10 0 1207 0 0 0 0 0 0 15 0 0 2 0 0 0 4 379 0 3 40
 0 67 0 0 8 208 0 29 56 0 18 9 79 0 2 9 0 4 0 0 56 0 12 0 14 0 0 0 5 0 4 0 0 0 46 900 0 0 17 0 10 0 0 9 32 12 0 0 0 1135 1 96 4 0 197 0 3 2 1 1 558 0 17 0 0 0 61 9 1303 0 0 5 0 0 0 16 0 0 758 5 41 83 0 0 54 31 4 1 0 17 0 0 0 54 0 0 0 0 14 45 0 0 1 1029 0 89 47 0 0 1 0 126 0 187 0 14 23 0 0 91 217 0 8 6 0 0 0 0 0 39 211 0 43 3 0 0 2 560 0 0 10 0 0 0 267 7 0 0 42 0
 3 3 0 0 3 2 0 0 0 0 0 53 0 2 0 449 25 13 0 0 0 0 167 32 0 1 0 270 0 0 26 23 0 0 0 387 0 0 56 4 0 357 16 302 123 0 0 0 767 87 0 0 0 0 0 0 35 0 0 245 43 0 7 0 15 0 0 0 0 0 0 0 0 0 8 0 14 203 2484 113 6 0 0 0 0 0 17 0 0 31 0 0 24 1 257 0 278 0 43 10 4 0 0 55 20 0 2 0 0 0 24 0 2 15 4 4 0 0 0 0 51 180 0 1 6 18 19 29 619 92 0 3 36 185 0 84 466 9 41 0 17 351 34 0 0 105 0 0 18 3
 4 0 16 5 4938 4 9 0 0 0 0 0 31 5 0 1 986 22 0 526 140 53 0 0 186 6 21 12 0 189 2 0 6302 0 0 0 0 3 0 0 69 0 0 0 0 26 1 1 0 37 0 0 53 32 80 8 69 4 0 17 766 0 0 61 0 0 9 84 0 0 24 0 0 0 0 17 0 2684 13 11 8 0 0 8 0 0 0 1 0 0 0 0 3 31 0 3 0 1 0 903 71 0 0 1 0 0 0 0 42 0 0 136 2 0 0 14 112 0 185 2 0 22 0 160 0 0 1 0 0 2 0 35 20 0 0 0 864 0 12 0 89 56 0 1 0 0 8 0 99 0
 0 0 9 6 13 157 14 0 14 0 0 0 0 0 0 0 0 2 6320 0 1174 5 229 0 0 0 3 0 0 0 35 0 0 3 6 14 0 154 3 0 89 0 4 9 0 18 22 0 0 0 0 0 1 0 55 0 0 0 0 1 956 123 428 0 0 39 0 8 6287 4 0 0 0 0 15 35 0 34 303 0 0 9 0 0 54 5 0 0 0 0 0 0 0 260 0 30 0 119 2 3 0 39 0 0 0 9 0 0 8 0 0 22 0 148 0 12 0 6320 0 81 10 8 0 0 277 0 0 0 0 14 0 15 11 0 0 18 0 6 0 0 16 185 0 3 0 82 90 0 0 0
 10 0 0 154 400 15 24 0 0 0 0 0 16 0 0 25 5 0 0 102 874 7 19 86 2 0 4 12 15 19 0 5 6 0 506 0 6 0 7 0 0 0 2 0 71 200 29 0 0 7 0 8 0 0 0 0 0 0 0 0 0 0 591 0 33 9 41 0 0 0 0 0 1 0 4 1 11 0 0 0 14 0 38 0 0 21 0 82 0 0 0 13 0 0 496 0 4 0 37 0 11 0 0 9 0 0 0 0 9 0 0 2 18 0 9 56 0 1117 235 0 103 38 36 0 0 9 0 182 334 0 0 0 0 0 45 26 0 0 0 0 0 22 0 45 3 58 22 72 0 280
 10 0 283 0 25 0 1 0 36 0 47 16 0 0 0 0 0 0 1 0 19 0 0 755 3 0 0 67 0 0 112 37 59 804 2 0 0 16 0 0 0 0 0 26 392 0 0 0 0 0 15 6 0 34 3 0 0 72 0 0 0 162 71 102 0 0 23 15 185 395 0 0 0 11 18 0 61 35 0 0 2 0 0 1 13 157 315 33 410 135 0 1 0 0 0 3 5 0 1 0 16 0 36 3 1 0 63 0 0 0 0 0 0 0 8 40 0 94 0 0 955 293 24 11 20 5 147 0 0 6 0 17 0 0 0 0 0 2 0 6 38 0 27 0 0 161 0 0 0 53
 0 15 0 20 392 0 45 0 0 0 0 15 0 161 0 0 17 0 7 11 0 0 2 7 5 1 0 619 0 1 0 0 1 41 0 0 0 0 0 0 9 18 0 0 21 15 4 114 0 37 9 0 0 73 0 0 0 0 11 1 2 0 0 0 0 0 16 1449 5 19 0 5 0 0 13 0 0 0 0 0 12 1 158 0 252 0 0 0 0 1472 83 126 0 36 6 0 28 0 0 0 0 1 1 0 3 1 61 0 0 0 1 452 2 0 154 0 1 0 0 0 0 0 0 0 8 25 0 0 8 187 0 127 119 0 29 121 0 1 0 5 0 218 7 105 22 83 165 0 0 0
 42 4 0 0 5 0 0 0 3 0 0 0 6 516 0 0 3 0 0 0 10 0 0 0 0 0 465 0 9 15 0 4 0 52 0 0 54 28 0 42 0 0 0 0 0 23 58 0 15 33 49 40 0 15 0 249 506 1110 0 0 0 257 21 0 0 2 0 0 0 0 13 0 17 0 0 25 15 0 1 0 5 0 56 0 4 45 106 42 0 4 0 0 16 0 11 0 0 51 0 698 0 656 29 2 0 0 0 6 0 3 0 0 26 63 866 0 0 0 0 0 33 22 768 0 16 0 0 0 0 0 10 8 0 0 0 0 64 76 0 0 0 0 0 2 0 789 0 0 0 25
 36 24 0 24 0 0 0 90 0 0 169 1 0 0 0 0 0 0 16 0 0 0 132 0 203 1 50 0 0 0 0 3 0 0 852 259 0 0 96 8 0 0 0 4 0 0 4 0 0 0 0 26 0 0 0 0 89 5 0 200 232 0 198 0 0 9 79 0 0 200 951 1077 0 0 0 14 5 3 0 0 19 0 0 13 3 0 0 0 41 0 41 0 10 7 1 0 45 32 0 0 51 0 0 0 0 82 0 5 23 0 128 0 5 17 0 11 52 0 8 46 277 9 0 0 0 57 0 0 0 21 0 0 0 0 0 0 0 0 55 0 13 122 0 10 0 0 0 0 6 0
 0 0 1 0 0 0 37 16 0 0 24 24 0 0 0 0 48 0 0 694 0 0 3 0 0 1 0 0 243 0 84 0 0 26 118 0 0 94 3 13 0 49 24 0 0 2 0 0 3 14 129 0 0 8 0 0 0 607 22 151 0 0 0 0 0 93 0 0 0 0 4 15 935 10 0 3 0 4 52 1 0 4 0 7 7 0 41 1 936 2039 4 14 0 15 0 163 12 0 57 0 0 0 16 0 10 0 0 0 0 0 0 74 0 0 4 41 0 0 37 1 10 0 0 0 16 0 0 30 215 290 65 114 0 867 0 118 0 0 0 0 44 8 0 3 0 0 0 0 0 0
 0 0 0 79 0 0 0 0 0 0 0 0 0 22 0 61 0 0 0 249 5 63 0 0 0 31 0 369 18 0 1 0 0 463 232 10 0 3 0 0 1 35 6 3 20 0 403 0 21 0 0 0 0 1 0 7 9 0 0 98 3 0 0 0 0 44 0 0 9 188 0 0 0 0 384 12 0 0 0 0 0 7 0 46 0 0 0 0 0 39 235 0 0 0 0 0 0 0 0 280 0 3 0 0 130 13 0 0 24 0 0 16 17 2 18 0 864 0 0 0 11 0 0 32 2 0 0 0 46 0 0 0 1022 0 0 0 0 1 35 0 0 0 113 216 0 0 0 2 10 3
 0 38 11 39 0 32 8 0 0 18 2 30 0 5 2092 0 3 0 0 333 0 0 1 141 0 242 58 27 33 0 0 29 3 63 16 0 8 5 0 0 0 127 0 33 0 0 0 0 0 3 0 10 112 21 14 0 5 0 0 0 4 14 0 0 0 1 0 123 0 3 0 0 75 8 0 4 0 0 0 0 1 6 0 0 17 0 0 127 5 0 0 31 0 0 0 8 8 0 0 0 0 209 0 5 334 0 0 0 0 0 16 0 0 4 0 2 38 6 0 42 76 0 0 0 2 0 14 0 43 0 0 232 390 0 2 16 0 0 0 43 2 13 0 0 19 44 0 11 4 0
 0 0 0 6 0 30 196 7 0 76 0 4 3 64 0 0 5 0 0 0 0 0 0 0 3 4 0 0 208 5 14 0 0 84 72 4 20 0 0 9 19 10 1 0 0 0 24 0 2 10 8 8 0 0 0 7 69 0 0 5 0 16 52 1 0 14 8 2 189 11 0 3 0 0 0 0 1056 1271 23 3 49 0 299 0 114 0 0 80 1 0 0 1 6 0 230 11 0 0 0 0 38 0 0 0 0 646 0 64 0 0 2 177 0 0 30 0 0 87 0 8 2 19 7 77 0 0 0 0 0 18 0 9 0 8 8 561 0 0 0 76 0 1314 0 1 0 4 1 0 0 6
 110 0 0 0 0 208 49 0 3 0 123 0 98 0 0 131 11 0 292 0 0 0 0 0 182 58 66 2 0 14 0 18 0 0 1 0 3 0 0 18 1 84 0 0 112 0 0 1 0 0 0 0 0 2 6 0 66 37 13 0 0 0 0 0 69 0 0 128 12 27 1 0 0 5 1 6 0 46 27 0 538 0 0 254 0 15 1 8 9 0 0 0 0 428 214 0 5 0 431 0 0 0 3 0 227 40 0 0 3 0 9 26 0 26 0 0 2 0 23 181 0 0 0 109 0 0 13 4 20 0 5 0 69 2 0 0 18 0 4 0 5 125 82 3 0 19 0 25 91 0
 0 152 0 269 0 18 11 0 0 0 0 0 4 0 0 8 58 0 0 66 0 0 0 0 68 0 82 0 3324 986 0 0 30 0 0 91 2654 1057 0 137 0 0 163 29 0 25 166 75 61 0 1 0 25 0 0 26 0 102 19 0 0 38 0 0 24 0 429 197 15 87 2233 0 0 10 13 0 4 0 0 9 3 22 249 0 1 0 0 0 63 0 321 2 0 0 48 0 1 2 87 0 0 0 0 8 77 356 9 0 0 44 0 0 101 0 257 0 119 0 64 0 0 6 2 0 0 1 148 9 139 0 56 6 11 0 0 0 0 0 29 0 8 0 327 11 353 8 3 11 23 0
 5 0 0 0 0 0 0 0 0 0 64 0 3329 2 0 0 0 986 9 0 167 0 1157 110 175 3 213 338 0 0 0 2 0 0 0 0 0 0 6 168 0 0 33 0 0 0 124 0 0 0 39 0 0 56 59 1 104 0 0 212 0 16 12 0 0 0 11 0 0 0 0 1882 0 0 0 92 1 84 3 31 55 0 67 214 0 0 8 0 0 0 0 7 0 0 0 3 0 0 34 55 105 0 9 3 51 5 0 2 137 0 0 0 0 57 17 10 12 0 0 53 1 214 72 0 2 0 0 69 0 17 161 0 41 0 0 370 0 0 0 0 239 0 97 0 0 624 0 0 13 379
 18 52 99 77 116 13 0 0 0 88 0 0 0 0 0 0 0 2 0 0 0 1047 12 0 0 0 0 0 0 0 1 0 0 0 0 16 10 0 0 129 0 0 2 0 107 448 2 19 4 0 565 0 15 0 624 15 0 0 63 0 0 0 17 58 0 37 0 0 12 55 0 272 0 16 0 6 0 0 0 0 0 0 154 227 1 0 0 0 26 36 139 0 0 0 7 0 0 0 63 0 0 0 0 0 0 13 0 35 0 28 53 4 5 64 0 19 19 102 0 0 500 0 323 0 0 0 0 12 0 0 6 0 0 0 0 0 47 0 28 0 16 0 2 5 0 0 0 0 0 0
 0 0 0 0 0 0 0 0 9 0 0 0 18 0 0 0 0 0 181 0 0 0 17 0 0 0 0 50 3 8 1946 0 53 0 0 0 0 124 93 8 0 3749 74 20 0 0 21 14 0 15 0 7 0 0 0 0 0 0 669 79 3 0 0 149 9 0 0 356 0 0 21 0 0 98 0 0 11 0 0 0 25 0 164 10 494 13 0 5 21 0 0 0 273 18 166 12 0 0 0 0 451 0 175 0 14 30 91 0 0 0 19 8 0 84 0 96 0 0 0 0 385 0 0 0 2582 215 0 29 146 0 0 0 0 443 18 0 0 0 0 0 11 26 0 21 0 0 1 0 0 0
 0 0 3 0 8 0 0 245 14 0 0 38 0 0 0 3433 7 0 28 0 5 0 0 70 0 116 0 2 3743 5 0 0 3 0 33 5 0 32 0 0 0 211 34 103 192 0 0 18 0 0 0 0 416 0 139 10 73 12 1 0 24 0 0 0 0 0 0 153 0 11 43 0 0 5 248 40 1 4 2 0 23 0 11 0 0 7 17 0 62 0 10 192 26 0 0 29 0 6 0 2 0 0 755 57 0 4 0 135 0 96 11 0 0 0 16 14 0 0 3 15 0 0 0 0 0 13 1105 14 0 385 10 0 0 17 0 0 3 0 0 0 2 0 0 0 295 16 0 0 0 132
 0 0 0 0 9 0 38 0 0 6 0 0 1456 3 0 0 55 12 164 0 31 0 0 0 0 0 0 318 2 26 0 2 0 47 0 0 10 1 0 0 0 2 851 0 7 0 0 0 6 24 389 0 0 0 3 30 0 0 0 0 172 0 0 2570 49 0 9 0 0 0 0 9 7 11 1 1 0 0 0 122 0 227 12 529 0 0 1 10 0 0 85 68 6 0 41 0 0 52 65 2 115 3 0 42 0 0 0 2 0 14 1381 0 68 10 27 4 0 2 0 0 1 0 0 0 9 0 0 825 3 30 622 0 201 10 1 0 0 0 3 5 156 0 168 0 11 0 130 221 0 7
 0 0 0 0 0 25 0 1 3 15 5 27 106 719 32 1100 4 0 12 0 235 0 36 11 0 8 0 8 0 194 0 0 0 83 7 0 120 0 0 660 1 1 498 10 0 67 154 0 14 51 1 0 0 343 0 0 0 11 1 0 69 326 0 18 0 0 0 0 0 0 8 16 14 27 1 0 18 425 0 35 0 0 23 0 3 0 0 0 0 0 0 0 0 1 0 37 0 5 6 0 181 0 0 30 0 0 0 147 0 0 0 0 0 0 0 0 0 0 0 214 0 0 0 0 0 0 10 0 0 1 0 491 2 0 0 10 0 0 786 0 3 0 0 124 19 0 0 0 0 0
 0 0 424 531 9 7 0 36 0 14 0 0 0 245 1 33 93 0 0 0 34 51 57 1 2 128 28 0 0 57 23 0 8 0 0 0 4 0 0 0 0 0 205 124 0 267 0 0 0 115 0 5 3 0 0 0 11 1 34 3 0 0 0 0 0 0 0 7 31 0 0 0 249 0 0 44 0 40 4 52 0 0 1 0 40 2 37 0 0 139 14 187 18 42 0 36 0 39 51 0 0 18 0 4 252 0 0 0 1295 55 192 1203 91 16 0 20 0 2 1 0 0 0 314 0 2 0 0 0 7 0 15 65 0 0 0 18 0 4 0 163 3 0 3 0 0 0 0 218 0 0
 0 0 0 9 48 249 0 101 0 0 0 41 0 0 0 58 10 69 0 0 0 2 0 0 161 5 0 0 0 0 243 0 0 63 0 232 6 11 0 0 0 0 87 24 0 95 0 201 0 0 3 1 20 34 457 0 0 0 0 7 0 78 0 115 31 4 118 0 268 0 0 0 0 0 0 0 3 0 0 7 0 0 7 56 0 0 13 0 0 340 0 0 11 13 0 107 1 8 0 0 16 2433 111 0 20 123 0 0 8 7 15 10 1 28 0 0 0 41 45 0 3 89 1057 7 0 537 1046 3 404 0 0 0 0 0 81 0 0 0 0 0 0 0 0 18 302 0 0 0 5 82
 40 349 13 0 0 0 0 0 162 0 0 0 0 85 11 236 0 38 473 3 0 48 0 20 0 1 0 0 0 249 0 0 0 0 0 0 4 0 16 1559 7 0 0 0 7 0 68 7 8 0 0 9 0 0 229 11 78 36 0 63 0 18 26 14 0 7 0 0 0 0 38 0 0 0 0 0 258 15 21 0 0 1 5 33 0 0 112 0 186 0 4 0 73 943 1 0 0 3 45 215 0 0 5 39 0 857 0 0 1 104 0 14 3 6 0 4 26 0 0 202 126 0 0 0 0 0 0 26 0 0 59 0 0 94 9 0 0 356 0 0 0 318 1 0 0 0 17 0 0 0
 0 69 7 1 110 0 0 0 14 27 191 0 13 0 0 0 9 0 0 1 0 0 0 0 0 0 0 0 159 0 0 77 0 0 0 0 0 150 0 0 2 0 0 0 3 0 0 7 3 14 0 124 3 0 0 0 5 4 19 3 16 0 0 0 0 0 0 7 0 0 15 164 0 8 0 7 0 5 0 0 0 0 0 0 10 32 0 0 17 39 0 0 0 19 0 0 0 1 0 12 204 23 0 0 27 1 0 14 0 70 0 0 1 0 0 6 0 17 0 0 0 0 11 404 0 3732 0 11 8 0 0 0 0 0 0 0 11 0 387 7 0 379 7 0 1 0 0 0 0 0
 0 5 0 0 0 0 411 1 864 0 16 2 45 4 466 288 86 0 0 0 0 0 0 4 4 0 0 22 21 46 0 0 0 41 0 0 0 0 83 0 0 10 4 0 48 8 34 3 8 767 0 27 14 0 0 0 13 0 0 43 0 0 2925 85 0 51 0 0 0 0 0 12 0 0 0 0 2 2 0 0 0 7 792 0 0 6 0 52 6 0 0 39 0 0 400 0 0 291 0 4 0 2 0 12 21 24 0 0 0 0 4 0 268 16 0 139 8 4955 48 0 0 0 0 0 0 350 18 0 180 0 0 0 1 0 0 0 0 0 11 15 3 0 0 16 0 1 9 0 10 0
 0 635 11 0 1015 0 20 4 0 0 0 198 0 11 0 0 0 417 0 0 0 0 0 35 0 0 0 1 0 7 319 0 1 0 0 10 0 0 13 0 130 27 0 2 11 277 5 0 122 153 157 0 0 231 283 0 166 0 0 2 0 634 128 6 88 0 0 181 0 3314 15 0 1 43 0 7 71 4 107 0 844 0 393 29 0 169 545 616 0 67 0 0 7 28 56 0 8 0 0 0 0 27 5 0 0 38 18 3 3413 20 10 0 0 0 0 68 0 0 285 0 0 13 0 0 22 0 156 0 9 96 0 0 22 0 35 4 3 346 6 0 2914 0 21 21 0 0 46 2428 0 0
 0 6 0 0 0 1 0 510 0 0 6 0 1 0 6 1 203 130 57 78 771 0 0 5 365 8 0 767 0 0 11 157 9 46 0 0 0 0 0 50 0 0 0 399 0 0 0 0 0 0 0 2 11 11 0 12 12 1 34 38 0 0 8 0 6319 3 0 0 1 27 0 0 238 0 51 0 0 22 0 480 0 0 30 0 1195 0 82 53 486 3 0 0 101 8 42 76 0 13 19 15 0 0 0 0 5 0 0 511 0 0 0 30 5 0 0 110 0 0 35 6 0 108 0 0 15 70 12 28 0 0 0 126 0 0 1 0 1 4 241 0 13 0 26 0 0 0 13 79 12 0
 0 0 0 35 281 0 0 0 0 0 0 33 0 9 44 1 0 0 0 0 0 17 0 0 0 24 0 0 2 0 0 0 0 33 18 92 3 0 0 12 0 3 0 0 0 104 0 193 20 16 0 7 0 0 378 2 6 0 458 0 0 37 1 3 103 0 0 5 22 0 0 0 21 1120 0 0 0 0 0 11 2 0 0 0 0 3 3 5 0 1 124 32 0 297 2 0 681 0 0 0 405 0 0 0 66 50 0 0 0 0 0 0 60 0 30 11 329 73 19 1 0 38 0 0 1 13 9 0 0 31 0 0 0 0 0 0 18 20 0 0 133 11 0 39 0 0 83 0 0 0
 0 0 322 165 8 0 0 13 12 245 71 180 0 47 56 1 0 0 0 12 120 0 1 0 0 0 0 473 0 0 18 0 0 0 5 0 0 0 0 117 0 0 201 0 0 5 13 116 15 0 0 0 0 0 4 0 0 18 17 0 9 30 0 104 0 150 0 8 52 29 0 29 0 1 91 0 3 0 18 0 0 0 5 506 205 2 0 0 0 40 0 0 0 5 0 0 0 0 75 3 1 69 18 16 45 33 0 0 33 0 0 2 254 0 5 94 6 1 36 57 0 0 0 5 3 0 846 0 174 838 278 0 0 147 0 133 0 0 0 25 30 4 11 37 0 0 0 5 0 0
 0 0 0 6 4 0 0 0 7 0 111 230 50 0 0 3 230 0 8 0 6 0 0 0 0 5 0 2 9 0 6 3 0 0 1 0 62 0 0 2 3 0 69 0 0 3411 2727 0 0 38 0 0 0 0 0 147 22 321 367 0 0 556 25 4 416 0 0 0 79 0 0 31 9 3 0 0 266 5 0 0 39 32 0 0 0 0 0 0 19 84 0 95 4 0 20 8 0 0 9 0 2 0 402 15 3 4 0 0 51 0 0 0 0 0 4 5 0 0 0 0 0 0 0 21 953 0 1 4 0 1 0 46 112 26 1 7 34 100 16 0 5 0 0 0 0 29 0 0 7 0
 0 104 0 0 0 0 0 1 0 177 5 6 0 47 0 3 0 1 0 32 0 0 0 0 152 0 0 3 21 49 0 0 179 149 9 0 22 0 6 4 0 0 2 0 0 10 0 23 0 0 0 0 0 8 0 1 0 5 0 23 6 506 8 265 0 0 0 0 47 68 10 0 3 9 58 68 0 0 0 0 8 0 0 38 11 1 6 39 0 0 0 0 180 10 79 0 87 1 0 0 0 0 0 106 0 0 5 11 0 0 0 175 0 0 0 4 0 6 0 0 7 0 4 0 46 53 0 310 13 0 0 6 147 0 20 0 0 1 0 361 56 104 0 0 2 43 0 0 36 0
 8 0 4 0 0 0 0 0 0 0 10 6 840 13 0 159 0 0 88 0 0 0 857 14 0 4 8 0 0 0 18 16 0 0 0 0 0 29 89 16 0 47 8 4 21 0 0 0 12 4 58 0 0 1 234 0 0 25 0 9 16 0 0 463 0 7 26 32 72 0 0 0 0 0 0 100 0 60 0 0 54 2 0 1 0 0 0 0 9 0 70 0 0 0 0 0 0 34 0 0 90 83 1 22 0 50 98 0 0 17 228 0 0 0 0 0 11 0 0 50 39 0 31 4 13 15 0 0 100 0 0 38 0 0 0 304 0 0 2 0 17 398 1 0 0 0 0 0 39 0
 0 0 0 0 1321 105 0 0 0 5 12 299 214 0 1 0 388 0 0 0 1 265 0 0 0 57 0 0 0 0 0 0 2 39 1 0 0 35 0 43 2 0 3 43 0 80 0 0 49 22 0 69 36 0 0 2 253 0 0 16 15 78 0 0 45 12 2 0 0 2 162 7 30 62 0 0 0 0 0 0 0 15 33 0 0 116 38 22 0 6 0 0 31 0 0 0 0 12 1 0 7 0 0 2 46 4 0 0 6 0 6 0 0 0 90 2 0 50 0 1 0 0 24 9 0 0 0 0 204 105 0 0 0 0 0 172 0 0 0 73 0 0 10 0 0 0 0 0 1 61
 104 0 0 30 0 17 0 0 0 0 0 6 0 0 0 0 0 0 71 0 157 0 0 53 50 0 30 0 0 0 82 0 6 44 0 1882 0 95 717 3 52 0 0 0 21 0 478 0 10 0 7 54 0 3 52 13 0 0 0 0 1888 0 0 143 0 0 0 794 0 0 29 0 108 0 8 5 0 0 10 0 0 0 0 0 465 80 0 34 0 29 0 0 11 0 0 37 0 10 521 4 0 0 0 0 0 0 128 711 0 65 0 0 3 0 0 13 11 0 20 0 2 0 0 5 5 8 0 0 3 0 0 0 0 14 6 0 0 210 192 0 621 76 296 17 0 0 6368 0 0 9
 0 0 0 0 0 211 0 0 0 0 0 10 5 311 0 31 5 0 0 10 3 0 86 30 0 20 906 0 0 93 0 35 0 10 117 0 254 0 67 1 0 3 987 0 36 24 0 0 6 0 47 0 0 23 0 0 0 0 0 33 0 370 0 77 0 66 0 0 0 0 9 0 9 7 2 0 0 86 189 982 0 52 0 0 1 0 0 0 0 0 387 0 0 1 0 40 0 8 172 79 7 18 0 0 0 0 0 1 49 0 13 99 0 0 0 0 17 0 53 0 16 1 141 2 0 0 0 1 27 62 0 440 0 43 31 1 0 127 0 0 0 0 0 13 0 5 60 0 62 0
 0 10 0 0 0 0 0 0 5 8 1 15 0 2 13 0 1 13 532 18 5 0 0 0 0 0 0 0 6366 0 0 0 7 12 0 0 26 398 0 0 19 0 0 0 0 285 767 1 0 0 102 0 0 2 0 0 0 0 0 67 15 33 350 600 2 0 0 0 946 0 17 6 0 0 5 1 4 0 456 0 0 0 0 0 0 0 37 0 0 42 13 6 0 4 0 0 108 8 0 0 224 0 3 0 0 0 0 13 0 0 50 0 0 44 31 0 30 0 3 0 16 0 0 83 0 174 0 3 18 0 0 0 0 68 8 11 322 0 0 0 45 0 0 0 0 0 1294 12 0 109
 0 30 0 291 96 0 18 2 0 0 0 17 0 4 236 128 0 23 0 35 0 6 13 1 988 0 3 0 0 19 0 62 0 25 0 0 37 0 0 186 0 0 0 0 1 0 0 0 0 0 5 0 0 0 0 193 0 0 1247 0 2922 119 0 49 0 398 1 181 137 0 0 0 0 108 0 1 0 1165 0 14 0 0 0 0 1 0 218 0 3 0 0 0 68 1 0 0 0 16 48 14 116 8 0 0 0 0 0 759 37 698 0 0 2 0 4 37 29 0 0 0 30 0 0 0 0 0 1 8 0 0 0 0 0 42 0 0 0 0 11 0 38 17 0 10 217 7 4 0 0 0
 19 3694 0 0 0 2 0 0 218 0 13 0 0 66 0 0 0 0 1 0 0 0 0 649 0 0 12 2 0 2749 2 0 0 0 0 0 0 55 156 0 11 32 0 0 20 0 0 9 46 1 0 37 0 0 1 0 0 67 0 93 0 0 244 0 0 4 65 0 0 97 1 20 12 0 0 67 607 0 0 0 0 3 0 0 0 24 0 33 0 9 4 0 0 0 0 0 0 91 2 36 3 0 116 0 0 0 19 0 2 221 37 14 32 0 0 0 0 0 0 154 9 0 1 0 0 46 371 0 44 0 0 22 0 64 0 0 480 0 110 0 0 2 906 0 98 929 0 0 69 0
 0 47 0 56 10 0 0 0 0 0 31 0 0 1 0 0 9 17 0 227 0 326 0 0 0 104 38 11 0 0 923 12 89 0 0 15 0 200 29 0 0 0 113 0 4 0 0 0 4 5 0 0 70 0 3 4 0 20 0 0 22 0 0 0 0 0 8 11 0 1 0 2 39 0 97 0 0 1 0 0 26 0 0 7 255 56 128 12 0 12 1 23 0 0 7 7 0 0 0 0 0 0 41 0 14 0 0 115 0 13 4 69 0 0 1 0 0 0 207 1 21 38 0 0 0 112 345 58 0 0 13 0 2 6 0 2 0 3 0 0 0 0 0 0 0 97 0 0 7 20
 711 0 0 13 146 0 0 0 0 8 126 0 0 0 0 3 4 1 0 0 10 4 106 0 5 12 24 0 6 12 98 18 0 0 2 33 0 5 0 0 0 0 15 37 3 0 51 0 231 58 0 0 2 0 31 3 0 24 2082 0 4 0 5 1 0 4 0 0 0 101 30 192 0 0 0 1 9 1 4 0 2 19 0 5 0 0 0 95 0 127 4 0 0 150 0 0 0 0 361 5 240 0 5 140 1 4 0 0 0 21 0 251 0 0 23 0 6 0 0 21 0 112 0 0 0 0 0 0 35 0 0 0 70 21 0 8 17 124 12 0 0 0 12 126 161 84 0 129 1 0
 0 306 0 0 9 0 7 0 0 19 178 0 414 0 0 397 0 26 31 0 0 0 0 9 0 0 0 18 0 0 0 0 586 2 0 22 40 0 0 0 0 0 1323 991 112 82 0 0 14 0 0 10 0 0 33 8 9 0 0 0 0 9 3 123 6369 0 0 3 3 0 3 3 46 0 49 0 0 136 274 2 51 98 58 0 0 79 0 362 0 9 0 25 23 0 0 0 8 0 0 0 0 0 37 0 0 0 0 0 0 0 0 37 8 0 0 0 3 0 0 0 522 132 0 62 4 0 2677 8 159 0 7 0 0 0 2 8 0 0 22 0 418 0 321 6 0 0 0 0 54 1
 17 0 1946 0 19 2 31 0 0 0 1 0 0 0 13 156 0 0 0 7 0 0 4960 0 194 0 16 0 7 228 167 0 1 0 5 0 1 90 0 0 0 0 0 0 0 0 0 98 26 0 0 0 0 0 26 0 0 379 25 1 0 0 221 36 0 14 0 3 0 0 0 55 5 649 5 11 46 0 0 0 2 0 0 0 0 0 0 179 49 374 13 0 1 32 0 8 331 0 13 127 902 0 47 0 390 0 0 0 0 0 0 0 99 0 51 0 0 0 0 0 0 0 0 252 0 0 0 0 0 0 0 7 0 0 2 0 123 10 0 0 2 2 469 116 0 20 0 28 0 3
 5 0 5 0 0 0 3 0 17 11 29 0 190 0 0 0 0 0 0 0 217 0 15 2 1 37 0 0 0 0 47 370 604 0 945 0 0 0 0 19 6 0 49 65 0 24 0 0 0 0 1 1 0 0 19 0 17 0 25 86 0 0 1 0 9 27 4 81 0 41 0 0 89 0 0 6 0 0 0 0 5 1 0 64 0 0 0 0 0 0 0 0 10 100 10 12 0 28 6 297 0 23 0 0 0 58 0 0 10 0 0 0 35 0 7 0 0 0 0 77 0 79 0 0 0 918 0 0 0 361 0 200 0 0 10 12 0 0 1 1 33 30 0 0 0 4 0 0 0 0
 3 0 0 2 0 0 3 0 0 6 0 2 0 0 0 142 0 159 0 0 301 0 2 0 33 0 0 0 31 0 2 0 0 361 95 0 30 370 91 246 13 16 0 586 0 0 183 1179 11 12 0 255 0 0 0 0 0 0 0 0 0 0 0 0 0 0 245 0 15 3 24 0 0 12 22 288 2 14 1 0 2 1 5 0 232 25 0 14 0 19 0 0 187 0 0 0 0 35 0 0 7 83 0 0 3 6 3 0 13 8 0 0 29 420 2 78 0 0 0 0 6 0 0 0 0 2 0 0 40 2 3 1928 2 720 304 0 0 3 295 43 0 0 0 0 0 68 0 13 0 0
 0 276 0 100 4 3 0 0 10 0 0 0 0 10 0 28 34 0 0 0 2 16 0 0 25 0 0 0 29 13 0 101 2436 0 0 172 0 0 563 1 0 9 105 0 16 4 0 0 0 2 0 0 3 0 0 0 224 0 18 3 0 0 8 7 0 2 117 0 1155 0 0 3 0 59 41 1 84 0 0 8 109 0 12 3 0 439 0 1080 8 0 0 478 16 0 0 3 0 1 0 0 1 0 0 0 0 4 0 0 0 0 5 0 0 0 86 128 345 292 12 0 0 135 0 0 0 0 36 0 7 0 57 1 0 1 10 0 0 54 127 56 0 66 57 7 0 0 93 0 21 2
 5 19 0 0 0 7 0 0 0 83 6320 0 187 77 151 260 0 9 4 1 5 32 352 10 0 364 0 0 36 0 1022 100 10 94 0 466 2 21 0 26 1 0 14 0 0 0 0 0 0 0 0 11 0 4 0 0 23 9 0 0 0 119 0 3 158 0 43 0 1 0 589 10 0 0 159 0 102 0 47 85 0 26 0 18 19 0 0 393 0 0 8 0 0 57 0 14 0 0 189 0 0 0 0 0 0 0 362 0 0 25 24 0 50 0 0 39 0 28 0 1 0 0 0 27 0 0 0 0 30 0 0 0 27 0 0 49 0 0 44 0 264 527 0 0 168 159 113 2 19 0
 0 0 618 33 10 185 0 1 26 112 35 0 86 0 0 120 116 0 0 0 4 0 0 0 0 50 0 6 0 36 30 0 232 3 4 0 0 0 0 22 0 0 0 0 0 0 1 5 4 11 13 0 0 0 559 0 0 0 0 0 2436 0 0 0 0 279 0 0 403 0 6 0 0 0 0 1 0 0 11 0 67 50 0 0 0 168 5 3 13 9 0 198 0 0 0 0 0 1300 0 0 0 0 10 6 49 0 0 24 0 1 39 0 102 27 2 0 74 0 0 0 0 11 54 0 0 1 24 0 18 20 0 0 7 12 0 0 0 1 0 8 20 0 0 634 0 3 0 0 0 0
 0 0 1111 0 0 0 0 0 336 26 0 0 0 0 15 70 0 0 0 0 4 0 0 0 7 1 0 0 8 7 0 0 0 0 77 13 0 0 0 0 0 3 5 0 53 0 172 0 115 234 0 0 1 0 1 22 0 0 41 0 0 0 8 0 0 0 0 126 199 0 767 0 0 42 0 0 0 0 0 134 365 1 15 1 785 0 3 9 39 0 17 0 109 1 0 0 19 0 0 1154 14 47 0 72 474 0 0 0 3 0 0 60 0 3 26 309 0 0 31 412 0 1 0 0 0 51 0 58 1081 73 362 0 0 0 0 0 0 0 4 0 0 0 0 8 0 12 0 0 394 0
 0 0 0 0 15 0 0 19 82 12 0 38 0 66 0 0 0 7 8 179 0 0 0 0 0 5 0 0 0 88 185 285 6 3 0 0 0 0 0 60 0 25 0 0 31 0 0 0 348 0 0 0 0 2 0 0 7 0 95 24 0 1 166 0 0 0 0 12 15 0 1 0 0 55 0 15 0 0 0 0 0 28 0 0 0 0 0 1 0 0 263 98 0 8 13 0 0 62 0 0 48 0 0 0 0 0 0 0 0 46 0 57 0 0 15 0 0 0 2 9 0 0 3 0 0 272 2142 0 0 5 1289 0 40 0 0 56 0 1 0 315 2 0 0 9 346 0 35 0 1 287
 0 3 0 0 1 0 42 0 0 0 0 0 0 0 1 1 0 85 102 0 0 0 0 77 0 0 0 0 11 31 0 44 0 8 19 218 13 29 617 10 1 476 80 0 786 1 0 0 56 0 0 0 0 235 0 0 0 6368 2 0 5 0 0 0 6 0 2 12 0 300 0 8 185 767 0 0 10 41 360 202 0 0 1 0 0 0 0 799 108 0 179 1 0 0 0 0 2 66 0 3 79 61 0 0 44 0 104 3 0 4 41 0 0 0 0 0 0 0 3 118 0 0 0 6 0 0 0 0 0 0 40 3 0 22 0 0 0 0 0 0 2 0 0 6 15 130 0 5 4 5
 0 0 2 0 0 0 50 0 0 212 0 0 21 492 50 1 929 14 2 0 0 0 70 0 33 0 0 9 0 0 0 2 46 4 1 0 0 0 0 0 0 0 388 0 0 0 0 0 0 92 30 0 8 0 0 3 36 90 0 0 0 22 0 229 0 0 0 0 0 26 14 0 0 273 0 1 0 0 0 0 0 13 0 5 16 0 52 6164 2 0 18 0 6 0 0 0 0 0 0 737 0 2 24 0 48 31 0 0 0 0 148 5 0 84 63 0 0 119 0 0 0 0 392 20 0 0 2 1 74 0 20 74 1 4 0 0 0 0 0 1122 0 16 0 0 0 292 0 13 0 18
 0 0 13 12 1022 12 0 308 5 390 6 0 368 3 279 0 2 0 17 0 0 28 0 69 0 0 0 0 0 0 0 0 12 400 28 379 0 1159 32 1 6 4 10 1 0 111 0 0 0 45 193 21 0 502 0 171 0 0 10 0 5 0 0 121 100 16 0 12 0 164 0 0 71 0 0 249 0 0 0 14 0 34 855 0 0 0 0 0 0 0 15 0 67 0 9 0 44 0 0 0 0 0 0 0 0 0 42 69 0 4 0 0 0 116 0 0 0 9 9 0 0 0 0 0 23 0 17 0 0 7 16 0 12 12 11 3 0 3 0 0 0 0 0 3 0 5 51 0 17 0
 55 0 0 15 44 0 0 0 17 0 4 0 0 141 6 0 0 0 4 0 156 145 0 0 10 134 3 285 0 0 0 0 23 0 0 326 0 3 2 1888 9 0 0 0 0 101 248 0 166 0 0 3 0 0 53 0 0 0 5 0 199 141 20 0 42 0 0 0 0 61 4 0 2 2 0 4 5 0 316 0 9 0 0 0 1 0 463 0 0 9 12 1166 0 171 0 2 0 4 0 343 8 0 65 0 0 0 3 0 791 96 0 295 3 0 0 0 0 0 0 0 0 13 0 309 25 0 1 61 0 0 1 0 456 0 0 54 0 9 0 33 42 9 0 129 0 0 0 0 180 52
 0 185 0 58 17 0 0 0 0 0 2 0 450 0 17 59 3 0 0 0 755 0 54 0 802 7 0 0 22 0 0 0 0 56 0 0 13 0 3 0 0 59 13 1022 61 0 0 29 194 95 0 7 2 5 376 0 0 0 3 0 0 0 943 3 0 0 1 0 0 0 0 0 0 12 0 0 18 317 10 0 0 0 0 0 4 4 0 0 0 0 0 27 48 24 0 37 0 0 0 0 3 315 0 384 17 0 270 4 0 0 4 77 0 0 0 198 0 0 24 0 0 0 103 0 0 0 0 5 112 0 20 145 0 0 0 0 0 0 0 169 4 34 0 0 73 0 0 474 1206 0
 7 235 9 0 0 0 0 0 0 156 0 0 0 0 41 0 19 0 108 823 0 82 84 1 0 1 0 8 0 1 0 0 7 0 0 0 4 461 0 0 0 0 10 101 0 10 0 0 0 841 0 0 1 7 0 0 1068 223 0 0 0 0 0 7 0 0 0 0 0 0 29 1 2 0 0 0 2 2 0 78 0 0 53 1 0 327 0 0 15 0 4 0 0 89 0 0 0 0 0 9 0 0 20 0 0 80 9 29 208 0 11 0 0 0 0 965 279 67 3116 290 57 0 221 54 457 0 0 4 3 0 2 124 28 457 0 112 24 0 0 1 0 0 0 0 30 0 34 0 0 0
 234 0 0 624 0 0 0 0 0 16 162 0 0 0 1 0 0 0 0 70 1 0 10 0 0 0 0 41 0 93 66 0 0 0 0 68 0 16 1000 0 184 5 0 412 0 0 0 1 0 7 0 0 0 1 0 0 7 0 452 405 61 0 70 0 0 0 0 0 0 0 9 3 42 615 0 0 11 0 33 4 0 0 133 3 0 18 22 0 194 6 0 12 6 3 4 28 2 0 9 0 0 4 50 0 0 0 0 30 3 0 0 663 410 1045 0 26 41 0 0 11 315 0 319 0 18 0 0 0 0 0 18 0 0 11 283 0 383 9 0 408 0 0 2 9 0 1166 0 0 37 14
 8 0 0 0 0 0 0 7 0 1 29 0 0 0 0 0 2 172 5 22 0 18 0 51 0 0 0 247 312 0 0 1 334 678 0 0 0 0 2 8 0 0 1 0 102 29 9 0 3 0 0 5 61 0 336 0 0 0 0 0 0 29 8 33 0 0 0 10 0 2 7 465 0 0 37 219 0 0 8 12 0 0 0 0 0 0 67 0 9 35 57 0 0 0 0 7 0 0 3 32 5 0 0 44 0 0 0 4 0 362 0 0 0 0 0 195 0 0 878 66 0 0 0 0 0 6 0 0 0 397 15 0 0 0 6 6 9 0 0 25 161 0 58 0 66 0 0 363 0 2
 0 138 0 0 0 0 108 92 0 0 154 0 79 78 2 2 0 0 0 3 449 11 0 3 0 1406 0 0 0 251 0 915 48 0 107 145 37 0 7 0 22 130 0 0 0 45 0 0 0 0 0 0 0 0 3 1 1460 0 0 0 0 594 18 12 0 8 0 12 0 0 5 7 561 6367 0 0 290 12 1208 0 0 172 0 7 0 19 0 9 0 47 0 110 7 3046 0 0 83 9 4 0 869 0 0 676 0 0 3 0 0 0 0 0 0 79 3 0 0 0 0 0 0 0 16 0 31 0 0 97 0 0 0 3 0 0 0 1 0 17 0 0 4 0 0 1 8 0 506 0 0 7
 0 0 0 8 0 0 4 0 840 315 1 0 0 16 2 2 0 7 0 304 874 48 0 64 10 448 0 23 0 63 0 0 20 653 2 65 0 0 1 1 0 0 9 648 0 0 0 0 276 9 30 19 0 1 13 17 0 0 0 0 0 0 0 0 2 0 20 106 381 0 0 0 0 0 0 0 0 65 11 3 1095 0 0 0 109 0 18 0 0 58 7 0 50 0 0 40 0 6 0 1 34 203 1 14 0 0 24 0 6 0 0 127 0 0 18 302 0 8 39 0 96 4 81 0 0 0 472 13 4 0 18 6 0 3 93 0 0 0 11 0 0 13 0 0 0 0 0 0 0 2
 38 0 13 0 0 879 7 0 0 2 1 0 29 0 0 10 0 0 326 0 5 0 0 0 0 288 11 1 3 0 7 3 33 0 0 0 0 0 0 0 188 0 0 0 382 22 69 0 0 0 15 0 0 0 0 0 15 0 0 0 159 0 9 2 41 0 155 0 0 37 160 0 0 0 453 0 0 14 0 21 0 0 46 17 0 102 17 3024 71 0 175 139 0 95 0 0 0 52 11 227 31 0 0 0 0 0 2 0 0 11 0 39 25 14 0 1109 41 0 36 0 0 0 0 113 0 0 32 17 0 0 278 103 171 0 12 0 56 0 2 0 2 1 0 18 0 5 0 12 0 0
 0 0 63 41 68 1 0 0 18 0 0 0 0 36 41 0 0 63 11 0 0 4958 16 0 0 0 0 11 0 0 4 8 6369 41 0 0 1 2 0 0 0 0 12 12 0 0 15 47 0 0 13 0 22 0 335 0 0 0 1 0 0 0 0 0 28 0 20 0 12 26 0 91 0 0 38 0 0 26 0 4 0 0 51 57 57 0 0 724 0 0 54 0 7 0 20 0 35 0 0 0 128 0 35 0 5 0 1 0 0 0 3 0 0 0 0 0 6 0 0 0 236 0 0 0 63 0 0 0 0 26 9 5 0 7 2 18 0 6 16 0 0 0 6 3 24 255 199 0 12 1
 0 9 26 614 0 171 0 1449 0 0 192 788 0 0 0 14 13 0 0 0 0 5 0 51 0 0 15 0 49 5 88 0 6 0 0 0 0 31 0 0 0 0 0 0 0 3020 0 12 100 144 0 0 86 0 34 0 16 0 0 35 0 123 0 318 93 111 0 0 0 80 0 0 374 0 0 0 0 848 0 8 0 22 0 0 25 121 0 0 0 201 12 0 0 252 0 0 0 0 0 0 2 3 0 17 0 7 54 0 0 104 0 0 0 0 2 0 0 0 0 15 24 26 0 0 0 305 0 0 488 0 13 117 0 72 346 6 0 0 11 18 0 0 0 0 5 0 15 0 0 5
 0 9 63 0 0 0 0 0 39 0 0 32 0 0 0 0 0 41 0 0 24 0 0 44 3 0 93 0 0 0 20 0 0 0 13 2 3 0 3 10 0 0 8 10 0 0 1 1 0 0 5 0 0 0 16 1 0 0 214 0 0 12 0 0 0 1 4 0 10 0 0 0 32 0 0 0 0 2 101 455 6 0 0 1 35 11 0 1 0 0 29 666 0 186 0 9 11 0 495 12 0 0 0 13 36 6 0 0 180 0 9 0 0 41 20 196 0 28 0 6 0 7 14 0 0 423 61 0 25 0 0 33 0 0 13 0 0 17 2 11 1 93 32 0 0 0 0 0 78 19
 159 0 0 0 0 7 1 0 64 79 0 3 10 0 0 0 4 0 0 54 0 0 8 0 26 0 0 0 37 25 0 201 34 0 106 19 0 0 0 0 6 1 0 0 0 0 9 0 4 15 0 0 7 0 0 0 0 0 164 43 0 0 127 16 0 1 463 0 0 1 0 0 0 94 0 0 0 0 0 0 0 11 19 0 1 0 101 34 408 0 0 0 10 0 0 20 76 0 58 0 220 253 10 0 5 0 0 0 35 0 0 0 3 0 0 1047 0 0 0 268 0 0 0 41 0 0 0 0 0 4 0 0 64 0 459 0 3 0 0 33 65 0 0 0 586 0 0 0 0 0
 0 17 19 0 0 49 0 0 13 0 40 108 0 4 22 283 0 0 0 6218 134 95 0 0 0 4 2 0 9 0 94 18 3 25 0 0 0 0 0 0 0 1294 0 0 9 0 0 56 295 0 48 2 0 0 0 2 0 0 0 0 8 0 40 0 38 0 4 0 0 0 0 0 0 150 2 2 0 4 0 8 15 50 1 0 1057 0 0 6 188 195 26 21 0 15 6 0 0 0 18 133 0 0 202 27 0 22 11 151 0 0 1 0 32 4 0 293 41 3 17 1 18 453 0 0 2 23 0 15 3 0 0 109 0 0 110 161 0 0 166 0 46 0 136 293 221 15 0 824 0 6
 0 0 13 0 14 435 0 5 0 0 0 0 0 0 42 13 0 94 0 18 295 55 1 69 0 22 0 176 15 3 0 0 0 0 0 0 24 0 17 0 39 0 20 0 0 1 4 0 0 0 243 0 0 0 468 0 2 2 0 0 0 23 0 0 15 0 0 0 0 0 1 0 5 3750 1 78 499 0 0 13 0 3 0 38 23 0 0 17 0 0 0 16 0 16 9 130 548 0 12 0 0 0 0 0 30 46 0 0 0 0 0 0 0 4 310 0 0 0 0 0 81 0 0 10 7 0 1 0 8 0 0 0 0 0 0 123 5 0 24 118 0 250 0 0 0 0 1 0 13 0
 256 0 0 0 2 0 205 0 18 24 5 0 230 687 96 4 0 89 0 7 0 0 0 76 0 9 0 6 0 0 0 169 0 0 0 0 13 0 0 0 13 0 138 12 0 980 0 11 0 10 0 0 0 0 0 0 0 0 28 737 0 0 0 0 0 69 0 0 0 99 0 0 4 0 15 8 55 0 0 1 38 0 0 0 199 0 0 379 23 0 1 31 144 0 0 7 9 814 22 13 0 0 2 0 0 0 60 0 87 0 0 1 0 0 82 81 0 206 0 0 3 0 1104 0 8 6 0 0 0 0 0 13 0 0 0 146 2 130 16 1190 3 3212 10 0 0 0 0 12 4 100
 1 0 0 117 28 33 0 0 0 0 0 93 0 104 0 0 39 54 30 6 168 0 78 0 1 0 0 0 5 0 0 0 0 21 3 1 13 40 0 0 5 80 0 0 0 76 3749 22 30 5 4 110 0 0 2 0 724 14 0 15 48 24 0 0 0 159 5 58 5 0 0 1020 0 17 0 3 0 100 3 0 443 73 0 204 0 3 17 424 0 167 0 0 0 0 2 17 0 0 0 0 0 18 1 0 12 0 3 57 17 606 17 0 13 0 0 3 0 125 0 0 0 8 0 2 5 0 362 0 264 0 0 0 18 0 24 0 272 49 106 0 0 0 0 13 33 725 0 0 0 41
 3 0 0 0 0 0 0 29 396 0 0 28 0 0 0 0 4 362 131 146 0 17 33 4 93 1 24 0 0 2 0 4 0 49 0 0 0 52 4 0 35 12 25 1 390 0 0 4 17 10 0 95 33 0 0 238 0 0 0 67 1 210 0 16 0 0 309 808 0 0 778 508 0 0 0 0 0 0 12 19 21 10 3 26 0 0 0 0 0 1 0 15 0 0 0 0 40 0 1 0 27 39 361 0 55 11 0 5 0 0 1 25 0 0 0 1 0 0 2 0 0 384 23 8 0 6417 0 0 0 185 0 17 0 0 0 0 0 0 0 25 0 0 154 2 773 0 93 0 1 0
 0 0 4 0 0 4 0 17 29 4 0 0 0 8 0 1057 0 518 20 56 436 0 0 14 0 230 0 0 0 33 0 0 1115 987 0 44 799 422 13 130 0 0 0 14 20 0 0 17 0 0 27 0 52 0 29 174 102 360 37 0 0 0 81 0 0 1 76 0 0 120 1 0 160 0 25 0 0 31 148 99 155 0 0 4 96 41 0 44 3 57 8 0 1 0 0 0 3 0 19 1 128 0 0 104 9 0 0 4 9 0 0 0 160 15 0 9 34 1 4 0 0 0 95 0 0 5 0 0 0 8 99 54 2 25 0 15 0 300 0 0 0 0 60 0 0 1 7 0 0 0
 0 0 0 29 0 0 0 0 0 85 0 0 98 0 0 0 56 0 0 0 16 54 0 17 193 78 69 15 18 22 0 0 0 6 0 110 0 11 0 0 39 458 4 13 5 0 6 909 1323 41 11 11 0 12 0 749 0 0 73 0 0 0 0 31 0 14 3026 0 13 20 0 105 0 40 21 0 0 0 0 0 0 2 0 9 0 0 506 0 0 0 0 0 50 14 29 0 1057 1 0 34 0 303 56 10 1 3 0 52 1 0 36 0 102 13 0 4 49 185 0 278 54 0 0 92 64 5 5 97 0 0 100 0 0 0 0 4 0 1 0 0 1 0 13 14 8 42 0 4 5 0
 45 1 19 0 0 0 0 0 0 0 0 0 6 19 0 0 2 0 0 171 0 0 1 0 0 1 0 6 0 0 0 0 0 0 0 43 0 29 2 0 2 21 1027 3 0 41 0 1 5 0 0 0 66 0 0 0 0 0 31 0 0 25 4 0 0 6422 9 175 9 128 0 0 181 0 0 78 0 0 4 91 32 0 0 0 0 0 127 8 0 0 333 9 0 0 22 12 189 0 82 0 21 0 42 0 1045 2 0 0 33 0 22 1 0 56 0 0 8 5 0 4 1057 0 0 0 0 79 0 6309 1 67 1183 7 15 5 4 0 0 20 0 21 19 0 15 793 130 0 0 0 0 0
 0 11 130 0 443 0 0 125 0 0 0 1 0 1 0 0 0 111 0 0 0 0 0 0 0 18 0 0 0 108 0 0 0 0 3 0 22 0 0 2 0 0 0 35 0 77 1 0 0 0 0 0 75 11 0 0 0 3 49 0 0 0 0 0 0 0 14 0 9 0 13 1 5 0 12 22 0 0 0 0 17 32 26 9 189 0 0 0 11 0 0 0 0 13 0 147 95 0 0 309 35 5 28 43 193 0 3 0 4 0 0 90 1 0 0 0 0 0 1 0 38 151 0 0 0 0 0 2 24 0 0 3 61 64 0 0 36 0 6 0 0 0 0 6 77 0 0 7 2 952
 631 0 0 0 0 0 0 90 83 39 0 0 0 0 0 1 0 0 0 3324 0 192 0 0 0 0 0 4 0 4 49 0 0 0 0 188 68 36 1 0 0 26 0 25 0 0 0 0 0 10 31 0 0 0 0 36 35 0 6 0 0 0 0 0 102 0 0 0 9 12 1 1 0 0 9 0 0 148 28 0 0 0 0 0 0 0 17 12 16 12 17 0 193 34 0 12 2 8 0 38 12 268 0 0 247 1 0 1 0 0 913 0 41 0 0 1136 1 0 0 0 0 0 2 63 0 0 2164 58 6 2 0 0 0 56 0 24 0 0 0 4 0 0 362 0 4 14 16 0 26 0
 41 325 0 0 86 0 0 0 197 0 76 0 0 0 42 29 0 0 0 2 23 144 0 207 0 40 0 0 0 0 0 0 0 0 386 1 518 1 0 0 33 0 3 28 35 0 0 53 0 0 1449 0 839 0 0 0 309 0 5 0 0 0 217 0 5 197 13 11 65 120 0 1 0 166 0 4 4 0 616 1 209 145 0 12 0 0 0 2 0 0 0 15 0 3 0 17 0 73 0 71 0 0 17 0 0 413 3 0 0 0 0 0 4 315 56 30 0 1 0 0 1 0 1122 0 30 3116 253 0 0 9 0 5 0 55 0 1 12 30 0 83 0 0 0 0 0 0 2 31 1 28
 66 34 2 104 0 0 0 14 0 0 9 17 0 0 3 0 0 0 147 2 117 0 62 325 288 0 0 53 63 17 0 5 7 16 1 227 6 195 3 0 9 80 0 0 0 0 214 0 0 17 0 17 0 0 206 7 0 0 3 6 653 6 2 7 37 26 0 0 0 17 958 0 488 27 0 0 2 0 0 96 0 0 0 0 1467 0 0 0 248 0 26 134 6 2 32 35 0 0 4 3 0 0 53 17 0 0 19 9 19 16 0 3 1 0 0 69 0 1 0 0 14 0 2 0 151 0 165 0 0 9 211 332 0 1 0 0 0 0 252 0 6 4 375 13 215 0 14 0 5 0
 0 0 196 0 0 0 0 1572 0 0 0 0 0 0 0 0 26 0 0 0 80 88 487 726 0 869 0 0 0 0 0 1 0 3331 90 39 0 1 0 0 0 0 0 0 772 0 0 0 21 0 1 22 2 0 0 0 0 0 3 0 80 0 0 0 0 0 0 0 0 0 9 0 0 17 175 0 37 1 2 23 43 173 0 0 0 3 0 0 19 69 154 207 0 0 0 0 11 0 0 75 22 0 0 0 118 0 0 0 0 0 5366 11 0 0 0 0 0 0 0 1 0 0 358 0 6 25 38 15 0 0 23 0 0 10 0 6 8 15 0 69 0 53 11 0 38 8 11 0 129 0
 0 0 18 56 0 0 22 0 234 1456 0 441 84 251 0 0 0 0 352 0 1 0 0 7 0 0 0 0 0 21 8 9 4 0 0 316 110 13 0 87 0 99 0 49 0 13 0 1 0 0 35 0 0 0 0 0 19 44 8 101 1 0 6 0 1 1 0 0 362 52 0 8 0 0 0 0 138 2 0 0 2 1 1082 0 2 0 2 0 26 9 5 169 6 0 0 0 332 19 0 0 20 1 16 0 2 99 0 35 0 0 0 0 0 19 48 37 0 0 1 0 903 590 0 0 161 0 7 1 31 0 0 0 0 0 0 109 52 62 0 0 13 9 56 0 8 0 4 0 0 0
 93 0 2 0 0 0 0 24 302 149 0 3 0 3 11 0 0 92 0 0 0 0 400 44 0 753 0 0 1 3 328 0 18 0 0 1 0 0 140 11 35 0 0 0 334 4 205 27 0 0 0 107 0 30 0 12 94 0 53 0 0 2 0 0 448 508 0 0 48 0 0 0 0 13 2 24 8 128 8 2 296 2 11 0 0 35 6 17 162 0 0 203 3 0 35 4 295 0 46 5 36 0 0 0 3 0 0 102 0 0 0 20 270 0 0 9 4 0 0 5 0 10 3 0 0 296 29 2 0 0 0 0 0 0 0 0 6 0 24 0 92 0 0 0 0 9 27 0 0 0
 0 0 0 28 0 0 0 105 9 8 0 0 13 22 0 0 1 0 0 0 11 133 0 0 1 0 0 66 0 0 0 5223 0 0 0 0 0 0 112 25 0 1 0 1 4 6 0 0 0 83 132 0 0 340 66 0 0 0 0 0 0 8 0 0 0 0 0 0 2 99 0 27 0 0 0 53 23 0 0 33 38 2 170 0 1 6 0 0 0 0 0 402 0 0 0 0 5 0 0 11 107 2 35 0 53 6 3 0 0 0 138 0 6 21 288 10 0 31 0 7 34 0 0 0 0 0 0 89 32 0 0 46 1 0 0 0 4 5 0 0 0 2 15 0 0 0 5 0 1 0
 0 0 2 457 0 0 0 0 15 0 0 17 183 0 35 0 0 171 0 1 0 0 0 4 0 0 46 15 0 0 0 0 46 0 295 0 2 10 0 1886 0 0 5 0 123 0 0 0 1 0 0 0 233 0 0 23 0 31 0 165 40 0 41 23 125 0 0 0 5 12 0 0 61 22 148 23 0 0 0 8 32 0 0 109 0 55 0 0 0 3132 299 55 1 0 0 0 43 1 0 16 0 0 0 0 61 7 21 256 54 0 0 375 1 7 78 0 137 0 0 7 1081 0 75 167 0 0 0 684 3 256 808 0 0 0 0 0 0 0 0 12 3 29 0 17 66 0 0 61 42 0
 0 0 0 211 5 0 0 139 0 107 38 0 0 0 3 0 50 0 56 0 4 0 2 82 0 0 0 0 34 205 0 0 0 10 7 68 0 20 0 0 52 0 0 0 769 0 0 0 0 0 0 57 453 0 0 0 0 0 6 138 0 0 36 154 22 2 0 6320 0 0 0 9 0 0 0 0 0 0 20 0 1 2 0 0 6360 5 33 0 5 42 28 37 33 0 0 1 802 0 33 0 0 19 1 0 0 0 0 59 13 0 0 0 0 0 0 0 0 4 0 0 4 0 906 0 0 0 0 290 9 62 0 0 0 91 57 29 16 20 35 0 1 196 3 0 0 188 22 0 0 77
 0 8 40 32 19 0 79 3 0 0 10 16 881 0 3 0 0 0 0 227 0 0 9 0 0 0 225 6 0 0 0 0 49 74 91 0 0 42 8 0 0 0 0 0 0 0 0 1 0 305 0 0 0 0 27 79 0 257 3 5 0 0 5 1 0 0 0 40 1035 24 935 3 5 0 19 285 4 0 0 0 306 0 19 0 223 0 0 6 7 399 613 0 25 0 211 9 0 0 3 5 0 0 8 0 175 25 0 0 13 7 123 0 194 32 65 57 0 0 0 2 17 141 0 0 0 0 0 10 25 0 0 0 23 0 429 0 0 0 0 0 0 17 14 1 10 0 0 15 76 0
 3 47 0 55 115 2 58 20 17 171 0 0 14 1 0 0 0 0 0 376 0 0 0 0 6 1198 0 0 1 54 2 80 0 0 0 0 0 0 0 602 0 13 0 0 10 0 112 27 64 39 0 8 0 0 0 22 0 31 293 0 0 0 0 4 671 13 180 317 88 0 0 0 73 0 0 140 0 0 12 10 80 58 57 52 0 0 41 0 0 0 1422 384 0 0 0 1 0 0 1 3354 279 0 83 0 11 0 9 0 0 0 91 26 0 0 0 0 7 0 12 0 0 25 13 0 0 175 11 0 0 0 0 0 0 0 0 11 36 3 0 41 0 13 42 95 53 0 179 0 0 6
 78 0 0 0 0 0 0 41 17 9 8 12 98 0 0 62 0 0 129 0 21 1320 0 0 13 0 5 0 0 17 56 20 23 0 0 38 35 0 0 0 0 3734 1 0 2 6 22 1 0 19 0 0 7 6 187 0 36 4 15 8 0 1 0 5 27 98 24 0 0 389 0 0 0 0 0 345 2 18 55 0 0 218 13 51 0 1 120 33 0 0 2 0 9 0 4 434 5 5 0 340 237 11 0 4 0 22 0 0 0 0 798 35 0 61 28 2 14 725 1 0 8 228 91 0 8 0 0 0 0 0 0 0 223 0 49 274 396 2 0 0 0 1 0 0 0 0 0 0 0 0
 622 0 0 523 0 1 4 0 42 33 0 3 0 0 54 0 51 37 10 0 0 0 8 4 0 808 0 0 0 0 81 0 114 0 0 0 0 31 55 0 0 0 13 0 0 0 16 0 0 0 7 2 0 0 107 0 0 0 66 0 368 39 175 4 0 0 0 0 0 0 0 6 0 31 0 1133 4 57 7 0 34 608 1 109 0 3 108 1 81 6 0 0 68 0 0 183 0 0 1275 0 0 602 128 0 0 0 0 37 3 0 0 0 2 0 0 0 0 71 76 178 35 455 0 0 0 255 1 0 0 926 1 27 536 0 0 6 4 0 324 2 0 0 4 0 0 0 64 7 0 341
 69 1 0 0 0 57 0 130 5 0 3 22 21 0 15 37 11 0 83 116 0 9 0 14 0 0 0 5 9 0 59 116 0 0 0 78 56 0 185 0 4 22 0 0 0 1 0 31 124 0 102 0 0 379 0 0 0 870 0 33 0 152 0 0 20 0 0 0 5 0 0 560 0 95 0 103 0 0 113 301 26 0 0 0 1 0 0 0 9 9 189 3324 1 537 4 0 23 25 11 203 0 0 0 0 25 0 63 0 0 0 0 6 18 0 5 0 19 0 15 5 95 0 0 0 0 0 183 2 0 1 0 0 8 6 0 0 0 5 0 536 10 1 20 1 0 0 2 35 0 0
 171 0 2092 0 0 0 0 0 407 0 49 0 44 0 0 22 0 96 0 0 0 0 0 0 0 183 32 0 1 4 791 9 1 16 0 0 27 0 2087 0 0 1 103 0 4 13 2 0 0 0 2 0 0 22 399 0 0 0 0 7 0 59 128 0 0 0 0 0 0 64 1 21 0 27 8 0 0 0 0 0 0 5 3 0 1 0 14 0 1 0 0 0 0 23 288 0 2 0 0 1 43 0 3 1 0 119 0 0 0 0 4 74 0 0 0 0 0 0 14 9 1 18 0 1112 0 0 9 4 15 5 682 0 0 0 0 0 0 21 26 0 0 1 0 3 0 18 1 21 650 153
 0 0 0 0 0 1 0 1 0 0 4 9 0 9 0 88 0 0 3 0 624 0 0 0 4 0 2 0 0 16 15 4 31 0 0 5238 0 0 110 0 4 311 0 33 4 288 13 0 1 4 3 0 0 0 0 0 0 0 0 304 0 0 0 171 6 0 3 30 0 0 41 2 23 0 0 0 106 0 212 0 27 5 341 9 5 20 0 56 13 0 89 0 0 0 0 10 0 0 0 14 1 8 38 0 138 324 0 0 23 0 0 0 0 65 21 0 0 0 0 0 0 0 93 18 18 0 0 23 0 95 0 0 129 0 9 402 0 0 0 0 0 9 2091 0 0 18 9 0 0 1
 0 0 4 207 185 1 22 2 0 4 3 0 0 0 6 1 3 0 0 0 1 0 31 1 203 4 0 7 0 0 0 93 0 0 82 114 4 40 21 0 353 0 0 1 0 0 26 0 0 0 16 0 0 0 53 0 1945 0 104 0 0 0 0 0 0 5 9 0 28 0 0 0 0 0 0 529 0 284 0 0 0 0 0 0 0 0 0 16 1461 0 0 27 0 0 725 12 278 0 17 151 0 0 63 0 0 39 0 26 31 0 0 0 0 11 235 0 0 304 0 0 0 0 79 2 33 6 0 106 1022 0 0 7 0 49 0 105 2 2 7 20 76 0 5 31 0 0 0 0 7 0
 0 13 1118 0 0 0 368 3 0 6 0 0 4 0 0 0 43 0 1 1946 23 31 0 42 0 0 35 2 0 251 15 60 11 800 154 10 0 0 0 0 0 0 181 0 0 0 0 0 72 9 0 15 135 0 0 38 0 0 0 0 1037 6 36 0 0 9 0 0 0 0 6 0 8 0 48 16 49 27 1558 56 0 0 0 93 0 0 0 0 221 0 0 12 114 9 0 0 108 12 11 0 15 68 0 1 30 41 0 0 0 3 0 2 0 0 0 30 29 25 45 0 0 41 271 759 0 0 0 0 0 6 13 8 9 0 13 256 361 0 0 1 243 29 0 3 62 21 3 17 0 5
 9 143 11 233 0 234 31 64 0 76 8 9 0 21 40 0 19 52 0 0 0 0 0 0 0 0 1 68 31 0 0 0 0 0 0 0 122 436 0 0 0 8 105 24 20 0 931 0 135 1153 1 0 0 0 0 1 0 0 18 0 1 0 10 109 83 567 26 0 0 2 467 24 2 0 0 0 30 0 7 0 16 3 0 0 60 0 0 0 0 0 0 0 0 0 0 0 64 0 0 0 0 42 22 23 6 138 390 0 0 0 0 0 929 117 0 0 480 10 2 0 14 31 1 791 0 0 0 112 21 0 0 6 7 6 35 0 0 0 0 0 0 0 0 20 0 43 0 0 29 232
 29 1463 49 0 0 3 47 14 103 0 17 231 50 140 0 0 1 0 0 280 2 34 0 2 0 0 326 82 0 14 0 0 29 0 193 0 2 0 251 0 0 0 8 0 0 0 0 0 10 0 0 3 0 46 13 31 18 9 0 0 239 13 184 3 18 0 113 38 0 0 0 38 958 0 1 19 0 325 27 20 0 0 0 0 484 2 0 210 0 0 149 257 0 0 255 0 0 0 0 0 0 0 13 0 20 0 4 0 0 6 0 0 10 0 0 0 522 0 0 191 67 3 223 1 0 1 25 0 0 0 0 0 0 0 0 3 0 16 0 0 932 0 34 1 0 2 105 19 11 0
 0 0 0 0 3 6 0 264 0 0 367 0 0 19 139 0 4 0 0 0 2 0 13 0 0 18 0 0 0 91 96 0 376 0 0 0 22 0 0 0 0 0 8 7 0 16 26 109 0 0 1133 0 0 0 12 204 62 0 0 0 296 3 15 0 0 8 62 6 0 0 0 473 72 1 17 0 66 0 0 4 38 69 0 173 0 0 9 0 11 0 0 0 1 0 820 263 21 0 0 0 77 94 0 133 124 104 0 39 0 93 0 0 19 666 1 6 189 1 0 20 5366 0 0 0 0 0 0 0 2 0 0 361 8 9 0 13 69 2 173 0 288 7 0 10 0 0 0 0 20 0
 0 88 0 6 21 2 0 9 15 0 0 98 4 0 0 0 9 294 0 189 0 13 0 100 151 120 117 23 0 57 196 1 9 28 517 1 0 26 0 0 0 17 3 43 0 32 41 0 0 4 0 0 30 0 313 0 0 0 731 7 63 0 9 90 15 40 91 0 0 0 57 26 0 0 0 0 0 0 0 1 0 16 0 0 1 0 2 42 0 0 0 12 106 0 0 4 261 0 0 0 0 12 10 0 1 0 34 0 0 7 0 0 0 0 0 0 73 2 13 62 0 0 3 1 907 0 63 185 0 54 0 994 0 0 6 0 0 0 21 470 0 17 1 29 0 0 0 90 0 0
 27 3 0 27 0 41 0 5 15 3 0 56 0 11 0 44 0 0 0 97 7 0 0 3 0 0 0 0 0 15 0 26 77 0 1 364 37 1049 1 5 0 48 0 66 0 444 53 227 1 0 0 12 465 0 0 0 103 0 10 14 0 0 322 11 0 0 379 0 0 0 773 112 0 0 0 14 13 26 58 0 0 0 0 0 0 147 0 151 1193 0 0 3 20 122 0 0 0 0 0 0 0 0 0 0 122 33 0 570 30 0 0 12 78 516 202 6 3 0 0 0 0 0 49 0 0 41 874 0 7 0 0 61 24 0 23 0 6 132 0 0 0 327 0 0 4 0 0 0 0 0
 0 0 0 0 0 66 0 2 0 0 283 18 0 6 337 0 4 0 18 0 2734 35 19 103 0 1 0 0 2 0 0 0 172 0 36 2 0 1 41 0 1 0 0 363 0 0 18 0 8 0 0 0 9 0 11 65 943 4 0 0 751 3 108 769 0 5 50 0 0 6 0 0 559 0 0 1 27 0 0 0 54 0 3 441 0 251 2922 0 0 144 0 0 3 0 24 0 0 53 6 0 0 4 7 0 0 0 30 0 0 0 11 4 0 0 1 0 0 193 4 108 0 236 0 0 0 14 8 0 0 0 278 0 0 0 2431 57 0 11 0 0 0 0 0 14 58 408 2 0 0 179
 0 0 650 3 13 0 0 5 0 0 0 1 0 67 0 82 23 14 0 0 33 27 5367 3 0 0 0 0 0 15 2 53 0 222 0 6 0 12 0 0 0 3 16 1 1 0 2 526 4 2 3 0 539 39 0 0 0 18 0 127 206 290 0 32 0 0 0 29 0 3 33 27 3 16 0 57 0 25 0 3 0 3 0 42 14 1 9 141 17 31 0 0 26 0 0 0 52 0 0 23 0 17 0 0 0 0 0 1 36 177 4 0 396 0 78 0 0 0 0 41 0 3 0 0 0 1368 11 39 0 0 200 7 0 1 0 19 1 0 0 1 0 32 64 5 4 1 0 0 0 100
 11 14 0 0 0 0 31 3 16 0 0 7 49 2 69 2 55 0 0 22 0 1 4 0 15 0 4 0 0 0 82 10 0 18 0 0 33 1 0 0 3 0 0 0 0 0 14 0 0 229 0 57 123 18 2 62 3331 0 421 0 43 0 3 2 0 0 0 40 0 0 0 451 0 0 20 15 4 0 0 14 0 7 0 0 387 0 0 0 49 23 0 0 3 4 0 8 0 33 18 0 39 0 37 7 1 0 0 4 0 0 0 7 1311 0 3 0 0 8 0 768 0 2 0 0 79 0 0 28 0 30 0 0 0 209 0 0 73 77 73 1150 0 0 27 236 43 0 0 0 24 4
 0 0 0 0 53 49 2436 0 0 0 0 0 256 286 0 4 0 34 39 278 12 0 0 0 0 0 0 210 0 0 0 0 1112 3 515 0 0 0 12 0 0 64 1 53 118 16 0 13 0 67 340 0 0 2 0 72 0 0 0 71 4 0 0 0 0 0 3 42 0 310 0 9 0 9 71 0 0 3 0 0 22 0 0 0 0 0 0 159 4 6238 0 2 9 174 0 30 40 0 0 0 0 0 2530 0 0 0 0 130 0 174 1 0 792 2 0 0 4 0 6 3 0 41 0 1 0 157 0 0 0 27 13 189 0 0 6 10 334 0 60 65 683 31 0 4 0 18 422 10 0 0
 3 0 11 0 0 4 0 20 61 7 0 0 0 22 0 0 34 0 0 0 105 0 30 19 2 15 9 0 0 0 0 259 0 0 0 39 7 0 59 107 110 9 1 0 0 269 457 966 0 0 0 56 161 183 11 7 1 0 71 0 13 9 0 0 2 77 1 0 8 0 0 0 38 127 7 31 135 11 6 9 0 0 0 0 187 0 3 0 0 0 23 0 0 0 0 0 10 45 94 0 0 0 0 378 0 0 2 0 155 14 0 79 0 0 14 0 733 90 17 0 14 9 0 137 0 0 924 0 0 0 170 8 3 0 0 36 0 0 0 0 0 0 100 22 0 0 0 0 0 0
 0 0 0 0 245 0 0 2 0 0 0 0 0 0 0 60 4 0 0 370 0 113 0 0 0 6 3 7 0 0 9 15 0 17 0 0 3 0 0 0 0 0 2 0 0 96 0 0 0 0 12 0 0 0 0 0 0 0 0 0 3 51 45 0 0 0 0 0 0 0 0 0 0 10 0 0 43 11 3 0 0 0 46 681 0 0 20 0 0 2635 10 0 0 2092 0 0 0 1 0 12 1226 0 0 0 0 0 12 29 34 0 0 0 40 306 0 0 0 0 0 0 0 4 37 0 309 0 443 172 0 0 29 0 0 21 288 121 0 11 0 8 0 11 15 0 8 0 6 0 1 0
 0 0 0 126 0 0 0 10 6 0 16 64 0 1 0 0 2916 16 5367 0 32 0 10 3 0 39 2 0 70 0 0 56 0 0 2 14 1 0 0 0 0 0 0 32 0 636 0 0 7 0 0 0 15 73 0 0 5 220 1 0 537 0 0 419 144 4 0 0 184 0 0 44 0 6 36 0 0 7 192 0 0 0 30 0 0 3 72 256 26 0 5 0 0 5 70 0 0 0 0 2436 9 0 1 32 0 0 11 0 0 129 31 0 0 13 0 0 0 9 0 0 0 0 0 0 26 0 0 0 0 0 13 1 0 0 0 2 0 75 0 0 0 73 0 36 0 18 5 13 3 0
 23 8 3 0 378 108 0 18 115 0 0 0 0 0 0 0 0 0 0 0 640 4 20 134 2 2 0 44 0 10 0 226 0 0 0 0 163 70 82 0 2 68 15 0 0 127 3 4 0 1092 47 0 0 0 0 4 4 0 562 0 126 0 0 2 0 0 20 0 51 13 0 0 0 273 35 1 0 0 0 0 0 14 34 0 34 0 7 1 0 9 1 50 5360 3 0 0 102 318 2 0 30 0 19 0 1 0 2 0 0 0 0 142 0 334 0 0 0 14 0 1 0 0 0 0 0 0 0 0 0 7 57 0 2 0 0 0 0 0 6 0 0 10 724 0 0 0 0 0 16 709
 0 0 0 624 0 0 0 0 0 0 0 0 16 0 0 1 0 0 157 37 9 0 309 2669 0 0 126 0 32 0 0 0 0 0 13 0 5 6420 3 34 0 0 0 109 0 0 0 0 0 19 0 0 0 4 0 0 24 122 0 171 0 38 27 0 0 360 0 0 23 23 108 232 0 0 15 0 35 773 0 0 0 0 287 0 125 0 0 0 0 102 0 0 0 716 0 0 0 7 0 0 17 3 44 0 11 63 0 0 92 0 0 0 39 240 0 75 188 1 31 0 262 0 0 56 126 0 0 36 0 0 0 0 0 0 4 0 0 0 0 0 211 0 790 20 34 0 0 0 1 54
 12 5 34 15 0 0 0 0 38 0 54 19 56 0 0 0 1 15 256 0 0 19 0 3 0 0 0 0 0 0 6 172 3 0 330 0 13 232 0 1 27 1 0 20 0 0 360 101 0 0 6 24 0 9 2 3 0 0 0 46 0 44 0 1426 0 396 8 7 268 0 26 4 278 7 1 0 0 0 0 308 79 4 1447 0 0 26 0 0 0 2 0 5 0 0 22 0 0 11 2 0 0 4 0 0 1 422 0 0 21 0 0 0 0 42 0 0 0 48 20 0 12 0 0 1 0 0 0 3 55 0 0 185 19 76 0 0 0 0 632 874 0 2 3 0 64 31 4 0 0 0
 1 0 0 465 45 0 0 56 0 0 0 19 52 0 120 10 1044 9 0 0 0 0 2 34 34 0 0 10 23 0 0 0 1 6 218 3 246 0 0 0 87 0 0 0 0 0 19 73 11 0 0 0 0 0 67 0 0 368 34 28 0 2 0 0 151 125 0 23 0 0 36 0 3 0 248 0 0 0 0 0 0 0 0 37 0 0 0 0 0 0 0 15 0 159 0 309 4 54 0 0 1 61 3 0 3 125 0 58 0 0 0 336 0 20 59 0 274 0 46 40 0 1048 0 362 38 8 0 0 0 0 0 0 135 18 17 0 0 30 0 19 0 0 29 2 0 117 4 0 0 29
 2 0 0 0 0 2 0 16 12 3 18 0 7 0 67 0 4 132 523 1 1 3 0 71 5 0 1071 0 0 1 0 3 1 0 198 0 0 0 585 4 0 0 0 5 0 1388 3 11 18 50 0 13 0 0 1 0 61 0 25 0 108 0 724 0 0 0 0 17 160 73 5 2 0 0 0 0 232 2743 56 0 5 0 0 0 0 0 1 0 208 2 0 3 111 0 2 0 0 1564 2 0 0 1292 2 32 0 29 19 0 0 0 245 362 0 0 0 0 0 0 0 916 0 1036 0 18 0 0 0 0 3 0 1 0 126 139 8 0 0 118 0 99 0 0 2 0 0 0 13 0 0 0
 0 89 0 78 0 0 0 0 431 741 0 0 0 90 8 0 0 0 0 0 45 0 0 0 157 0 0 0 0 0 6 5 74 2 82 4 0 1 37 133 250 14 0 0 49 9 39 19 0 0 210 0 0 3 7 32 0 0 8 0 8 15 4 20 0 0 97 0 9 1035 167 0 26 3 0 0 341 5440 0 4 0 73 0 33 0 22 529 8 0 0 12 13 0 43 32 0 113 37 0 44 0 47 1 0 33 0 1 0 5 0 4 0 5 0 215 5 7 2 22 0 176 0 3110 133 0 0 0 0 2 0 3 0 7 0 1 0 26 58 0 98 0 0 1 16 13 4 0 187 0 0
 0 0 3 0 0 2 1 0 0 37 81 105 0 7 1 0 0 7 0 0 0 0 0 0 0 0 0 0 13 0 0 14 0 81 0 4 138 0 0 0 0 0 1 152 20 88 0 756 0 0 15 0 0 0 63 138 0 6 1 16 0 33 184 0 19 0 6 959 0 0 0 0 43 0 24 2 0 0 0 0 17 2 105 0 0 8 0 0 0 28 0 0 0 1 0 6 0 7 159 0 2 0 5 15 0 0 25 0 462 0 97 0 0 0 0 0 987 29 0 0 34 0 1 290 6 0 0 443 0 31 0 0 0 183 26 535 131 0 25 223 0 0 0 0 301 17 21 69 7 0
 0 0 0 0 0 0 0 14 2 0 0 306 51 0 0 1 2436 19 55 0 1 25 0 1 0 3750 20 12 55 0 0 0 39 115 0 0 686 0 11 0 144 11 0 0 4 0 7 23 0 3 0 606 12 0 0 995 0 0 0 7 0 0 123 5 0 2 28 154 4 0 13 0 0 6 0 1 30 0 1 0 0 5 325 0 20 2 44 0 0 0 7 0 9 106 0 0 0 0 447 0 0 0 5 0 3 0 0 4 9 4 38 0 98 0 6 1 123 138 11 9 0 9 0 3 0 5 0 0 0 0 0 144 4 4 1 0 0 0 21 6 32 1 0 0 233 0 32 23 1873 0
