150
 8 75 0 115 329 0 0 3 754 23 632 545 0 0 0 674 0 0 0 691 0 0 113 0 0 55 15 15 129 0 43 0 0 0 1639 6 105 0 261 0 0 2308 0 0 0 0 0 72 25 16 784 0 22 0 0 671 3 7 296 13 19 66 0 44 0 671 20 849 5 669 0 239 0 0 109 10 0 59 0 0 0 0 0 177 0 2 53 192 64 101 611 0 24 0 0 0 28 7 0 96 0 5 0 7 16 0 20 0 800 0 0 0 0 0 0 7 332 0 6 7 49 196 0 0 0 0 0 910 95 91 0 0 108 66 0 0 245 0 2 0 17 55 0 1363 0 0 0 3 0 60
 0 0 0 42 0 0 0 37 2 8 0 0 131 3 11 1 0 0 2 100 0 0 0 0 0 0 0 6 0 2 49 0 0 0 0 966 0 497 0 0 4 334 0 0 0 0 0 0 26 0 0 2 0 1778 22 25 79 2 18 44 0 0 0 0 0 7 330 27 0 0 8 0 0 4 0 0 0 0 27 0 210 274 2064 0 0 130 448 2 0 406 0 144 0 0 13 18 0 57 5 1348 0 0 25 0 657 4632 104 0 19 0 0 0 1827 0 0 0 0 516 0 0 0 0 0 40 35 0 0 0 147 0 0 0 411 0 0 6 1 0 410 11 6 1203 0 45 4 150 8 0 22 0
 1310 0 27 0 20 95 0 0 0 0 0 0 0 0 3363 0 0 0 0 0 307 29 0 8 0 0 11 0 34 0 65 55 0 177 0 4734 0 5243 18 1 0 0 1 0 1766 1097 0 0 61 0 4 1 16 3 0 65 0 11 526 0 140 0 0 2023 41 93 509 0 89 9 0 5 0 20 1209 6 0 2 1 15 0 0 116 192 136 0 0 0 3 3 3 691 150 0 6 59 55 0 0 0 0 0 1 0 0 1118 0 74 0 8 0 0 0 58 3 0 0 0 45 79 149 0 0 76 2 105 0 7 0 0 0 0 11 6 69 0 0 2 0 1 3200 18 0 258 0 104 6 7981 0 6
 0 0 14 11 6 23 25 264 0 2 0 0 0 1025 22 254 14 0 81 0 0 22 0 0 29 0 0 762 29 0 809 0 0 161 60 0 0 0 3 451 0 0 0 0 0 2 0 7 0 0 1070 0 0 737 0 14 21 1094 241 0 0 46 0 27 0 109 0 113 0 7 83 227 0 67 508 0 2 0 0 50 492 0 0 0 1602 0 11 10 6 34 0 28 0 63 0 485 181 0 10 0 0 74 670 0 1 1 0 1095 0 0 0 62 50 72 0 304 0 0 0 0 0 0 0 204 0 206 49 64 0 27 0 41 0 0 0 0 0 30 5 0 1 0 217 0 0 0 0 0 70 0
 0 545 0 0 37 0 2 0 0 0 25 0 0 0 0 15 0 545 0 0 0 0 0 0 0 776 1105 5 54 0 5 263 0 2 6 181 31 0 0 1 0 0 0 0 0 0 14 14 99 1637 38 150 16 311 0 0 4 0 0 4 0 495 0 1 0 37 0 0 0 77 1154 0 52 0 4 0 0 0 0 0 0 0 0 0 33 0 1462 0 0 68 0 0 0 3 1 435 0 2 0 0 2 34 0 0 101 2 0 26 268 0 619 0 12 0 0 5 120 20 0 13 0 0 0 5 139 0 7 1063 0 2537 508 1049 0 0 3982 6 0 27 0 38 0 0 0 11 85 0 0 1 197 20
 0 0 0 0 552 38 219 9 0 0 97 241 0 40 0 0 0 8845 693 112 0 31 0 1119 0 0 0 0 172 0 4 213 0 1947 0 0 0 3 0 0 0 0 0 41 39 90 336 8 134 0 0 0 0 2 0 0 373 200 0 0 0 23 781 570 1778 0 21 0 15 7 467 0 0 0 692 7 0 19 41 133 0 8990 18 0 0 0 29 10141 369 106 5 25 39 1146 0 6 183 0 0 0 0 0 0 0 0 74 0 233 0 475 6 89 0 762 1070 95 5 16 0 1174 0 63 0 1 0 0 40 0 0 8 0 0 357 0 0 0 9 5 0 0 2 0 0 198 111 145 0 0 0 24
 45 0 195 0 0 0 0 0 0 0 83 7 0 0 0 28 0 0 0 5 2 0 0 0 12 0 2 395 134 3 0 36 0 13 111 0 95 0 1 58 0 0 0 0 0 0 89 0 97 0 0 0 318 0 27 0 4 0 21 19 10 34 0 0 0 171 2 47 1048 177 269 11 14 9187 4 0 29 1336 2985 41 0 0 0 134 1 3048 40 0 0 0 97 0 593 2 216 11 0 0 0 0 20 226 0 26435 96 0 22 91 0 106 1312 0 0 0 3310 28 0 107 1051 31 80 0 0 0 0 4 593 154 0 0 0 0 7 16 87 38 189 0 0 1 14 40 12 0 0 18 63 302 0 140
 0 0 22 0 113 0 0 183 32 483 602 0 0 0 1254 0 42 0 13 1111 340 0 0 109 2 0 0 0 10 0 9 26 0 1 3 332 0 224 0 0 0 0 0 1 430 0 0 0 0 94 0 325 2 683 338 858 0 5243 0 0 95 87 374 0 0 0 27 10 115 0 4 35 0 0 69 0 0 0 0 0 152 0 172 6 28 0 217 0 7 16 0 2 0 67 376 41 0 171 376 0 0 14 7 3 0 3 282 12 0 3986 99 0 0 160 0 0 0 0 0 305 0 0 74 0 1546 0 0 0 2 0 0 0 0 0 0 0 0 0 0 0 0 0 0 337 362 0 0 6 0 0
 0 0 9 13 109 115 926 0 1 0 0 0 0 0 34 0 123 119 116 6 0 39 555 0 0 0 37 3 6 0 460 0 6 87 0 0 0 0 0 98 0 0 0 0 97 0 1 2192 0 550 41 0 2 62 4064 1 0 552 0 12 1288 0 0 0 0 1 26 0 0 403 0 1363 1 0 0 2 0 30 0 115 16 0 8981 0 173 0 0 0 36 354 0 0 2207 4 2 7 12 0 3 0 53 0 28 11 114 0 30 0 0 0 42 62 587 0 202 1 0 0 0 0 275 2 0 0 0 0 0 469 2539 791 0 0 163 0 0 5 73 0 494 0 10 0 0 39 0 0 0 0 63 0
 0 0 0 0 27 17 11 0 467 1 0 43 0 0 30 0 54 10 0 0 0 0 24 0 0 0 10 0 306 0 0 27 0 5137 24 149 106 0 19 80 89 109 301 114 80 55 4 746 75 0 0 0 7 0 0 0 1 5 0 0 26 0 0 700 56 0 21 0 4 0 184 0 59 275 0 28 488 209 7 0 55 0 0 318 0 0 0 0 225 0 0 4 0 0 0 0 231 0 0 7 0 0 0 35 1528 0 0 72 0 0 194 57 0 254 0 14 0 0 0 0 0 3 0 0 0 1 1009 30 0 0 0 28 0 4 0 0 0 175 0 6 0 80 18 4 0 31 3 0 5 1366
 0 120 0 6 0 0 0 0 4 89 1072 7 24 9 2 0 33 0 3527 0 1 0 2587 0 0 0 0 0 20 0 0 39 5 0 111 0 330 35 0 24 5 75 96 0 148 66 0 0 0 0 1118 0 310 0 46 0 331 388 0 0 0 0 0 0 3 0 27 0 0 0 50 0 141 126 0 56 0 0 0 0 0 0 0 12 0 0 3 30 81 2 0 0 0 11 0 0 0 0 8 107 134 361 0 0 0 0 31 7 0 0 802 12 188 0 0 108 3 7812 0 0 0 0 4 0 371 0 0 0 0 200 0 0 0 13 44 0 0 6 18 0 15 5 25 17 0 0 0 406 0 964
 0 32 24 291 2 0 0 43 111 0 0 497 304 140 31 0 0 67 0 44 33 289 16 5 0 0 0 0 0 158 0 18 23 0 1 40 138 10 0 0 62 12 9150 0 0 26 0 3 607 0 0 126 1158 102 34 19 0 41 0 7 0 54 328 0 0 0 0 0 0 0 0 0 0 0 0 0 26 0 269 0 17 0 0 0 274 1 305 0 175 0 0 43 0 0 2 54 13 15 3 0 0 0 0 0 0 199 0 0 0 632 36 0 1052 0 0 239 0 3 0 71 48 0 71 0 0 0 162 0 19 478 0 0 8 0 0 0 0 0 39 9006 0 0 2 232 0 0 14 8 0 0
 24 0 7 12 796 0 4 20 45 83 0 0 260 9 0 0 9 13 12 85 0 0 1256 41 0 0 12 2126 0 1909 156 0 670 0 6 0 0 0 0 8 0 27 0 55 3 0 0 18 1350 0 9 0 0 0 0 0 802 0 0 0 19 0 0 7 0 0 39 22 0 0 0 0 2 0 609 15 32 0 1 0 75 0 166 2 0 0 8 11 178 0 0 0 0 305 861 19 0 0 0 710 163 0 0 398 0 0 4 0 1182 0 0 0 0 217 1765 1 0 2 0 0 3927 0 0 0 2 0 0 12 56 0 261 0 9 0 898 0 0 0 0 27 200 28 122 0 0 0 0 72 1161 0
 65 0 303 0 524 0 36 0 630 58 0 0 0 0 0 0 1 15 296 29 32 19 0 18 0 0 8 0 0 4 0 8 62 0 33 0 0 14 2 0 0 1 0 19 0 0 39 25 0 0 0 437 11 0 100 81 0 0 0 0 218 0 16 0 0 0 0 0 139 124 0 0 0 0 0 15 0 2 0 8 62 0 1 0 0 1 0 0 430 0 0 0 474 297 7 8 0 0 0 0 39 113 20 0 1225 0 0 279 0 8531 0 90 98 8 819 3 0 0 0 0 42 0 0 8 16 1 18 0 22 0 0 0 0 0 0 0 0 71 0 0 128 9 154 121 3 35 13 9 0 0
 0 0 0 0 0 1183 25 0 0 0 0 0 0 50 4 0 0 0 106 0 26 9 0 0 40 73 0 51 384 0 1298 0 63 327 0 51 11 24 0 138 51 65 77 19 3 0 0 0 10 0 467 961 0 0 64 0 161 0 0 0 1154 0 367 0 6 0 0 0 108 1 9 0 6 0 0 0 187 0 129 66 0 174 37 546 0 0 0 925 0 0 0 0 0 0 0 151 0 0 8 0 4 274 45 0 0 0 4 0 0 0 376 105 943 0 0 9 124 0 0 0 26 12 83 331 0 0 108 8 0 456 0 0 0 0 0 0 74 0 109 27 351 176 0 2 9006 0 0 32 1 16
 0 0 94 0 0 26 0 742 67 20 59 218 3 28 0 195 1291 216 9 73 0 0 1325 0 0 0 0 0 0 354 0 0 121 47 0 0 268 255 7 0 1 260 0 5 9 0 0 14 0 13 72 0 74 740 4 3408 0 0 0 0 17 0 11 96 19 3 0 0 0 0 0 61 2598 0 356 0 3 0 0 0 0 12 0 0 0 0 0 63 0 0 51 106 5 83 53 124 34 0 0 0 0 31 0 0 0 4 0 16 0 0 62 37 0 79 19 0 365 0 82 113 2 89 12 0 0 0 0 0 0 0 3 3 22 11 0 1029 0 0 0 4 0 0 9 0 4 0 12 87 4064 0
 3 10 5 0 2 0 180 0 0 0 0 785 0 0 16 0 0 0 0 59 1 0 0 225 0 28 0 0 107 24 0 1287 411 0 0 1452 1 0 1452 0 0 25 0 5 17 0 156 0 0 0 0 12 0 17 40 28 0 0 0 0 0 4 0 0 10143 0 2869 1103 0 28 3016 0 336 0 16 0 24 0 0 310 73 100 77 0 0 0 32 410 59 0 8 127 0 0 0 0 569 1 48 266 0 311 0 355 0 7 0 0 115 0 0 13 38 3 136 0 115 36 0 672 0 99 1 269 0 42 0 206 0 0 0 0 0 0 9003 0 117 0 10 0 0 0 0 1150 0 0 0 2 132 0
 2 130 3 137 0 0 3 13 0 0 2 0 0 0 18 0 16 4 333 697 128 0 1726 0 0 40 23 144 0 13 0 205 199 21 22 8 4 75 0 130 0 0 0 0 20 0 0 89 1025 216 0 121 139 0 1 51 22 0 0 8 0 0 49 0 0 0 22 180 5 3 90 169 37 0 0 0 4732 0 0 0 0 76 0 0 0 0 0 0 0 0 1 3 40 8 250 0 70 0 2604 0 2 0 674 894 0 0 0 0 0 0 0 0 3 230 0 241 19 0 54 0 0 0 104 349 0 27 0 9033 146 35 0 128 3982 0 3 89 0 15 0 15 10 0 13 94 0 0 0 0 15 0
 1426 0 54 0 329 0 138 0 0 573 0 243 0 0 0 0 5506 0 11 5 0 0 8 0 161 141 364 0 0 81 0 0 67 0 303 0 3 0 0 274 811 0 0 16 0 258 0 0 8 173 22 0 233 0 4 0 0 0 0 939 114 0 20 60 2321 0 417 27 0 0 0 36 0 35 0 1 0 0 411 0 72 489 568 0 0 1570 0 0 0 107 0 1 14 0 2 0 44 8 0 0 549 25 27 0 96 2985 0 0 0 9 29 5 12 176 0 274 0 0 1801 0 0 0 6 0 0 0 2 0 20 0 37 332 2 0 3 0 71 1375 0 146 4 0 770 0 0 9 0 60 53 0
 0 0 200 8 53 0 0 0 0 6 2 0 0 0 0 0 0 0 0 2 0 454 79 17 30 2 31 260 0 286 3 0 0 0 0 0 0 0 0 27 0 15 0 407 0 35 0 0 0 0 14 0 0 8 5 13 0 0 1 49 4 2 0 35 637 0 1 15 628 0 6 59 0 0 0 0 18 0 14 10 0 15 865 0 0 0 1297 0 0 0 0 3 2295 0 0 0 0 0 19 466 20 93 0 0 0 0 0 0 0 7 0 0 0 1 0 1 0 68 497 7 0 0 0 62 137 0 454 48 58 0 5 0 92 0 0 278 188 0 0 1502 0 0 0 0 0 26 5 5 69 0
 1 64 0 30 39 0 0 0 172 3 0 0 85 0 0 118 0 0 64 417 0 33 0 0 274 27 0 0 0 0 2 0 8 10 148 0 61 85 0 44 0 0 0 0 21 0 17 421 0 11 1 154 8 0 42 67 0 0 0 0 18 13 444 1280 24 0 844 0 0 0 529 0 84 265 0 8 175 9 4 0 0 0 0 0 0 0 1 374 4735 10 3 0 0 63 1 305 0 0 0 0 1 0 28 0 0 4 0 34 0 0 0 0 62 0 0 0 0 25 0 8 0 0 69 8 0 0 1968 0 1 0 21 0 0 128 0 0 0 20 27 0 99 0 0 0 111 1 0 0 92 0
 66 2 0 0 85 0 94 0 0 1 24 0 167 0 0 232 8 105 56 0 0 3 0 0 0 0 0 0 145 135 5 18 3 0 0 0 0 0 0 473 0 0 0 197 0 0 35 1445 0 29 0 35 0 80 0 24 0 17 0 0 1 0 18 0 2670 0 0 401 346 0 0 0 51 147 0 0 0 0 0 473 815 85 0 0 0 0 0 103 124 0 0 0 57 0 911 0 3 0 0 0 0 0 9 0 0 0 0 736 0 0 80 74 0 0 25 0 83 69 0 236 0 2027 273 0 153 0 296 0 20 0 12 0 0 0 15 0 127 0 61 0 0 21 0 0 0 199 0 5585 35 0
 0 851 163 51 54 21 2 554 0 0 0 0 0 19 0 0 104 0 0 0 1294 19 12 0 0 0 0 26 0 11 0 0 18 0 0 0 0 0 0 0 737 0 0 0 2 86 0 1 0 0 1 0 110 0 198 0 60 0 0 0 1014 2592 31 811 111 20 3 0 185 34 0 0 0 0 0 0 4 4 0 119 0 0 0 33 0 0 632 8 5 0 101 47 0 0 0 0 103 159 0 0 0 0 0 14 30 0 0 0 1577 169 0 0 0 36 0 0 0 0 333 274 0 0 44 107 0 22 83 38 0 12 0 6 0 0 16 0 0 117 0 0 1388 0 0 0 50 0 249 29 132 11
 59 14 0 25740 55 0 133 0 182 3 174 0 0 0 1 164 0 726 884 0 160 13 674 2 0 50 0 0 259 299 0 0 38 0 1499 0 0 0 0 0 24 31 0 0 10 88 0 0 52 454 18 136 21 0 60 0 0 26 0 0 18 0 0 0 0 0 10 386 9 226 0 211 0 0 0 0 0 113 31 0 35 0 10 150 0 21 5 100 0 0 0 29 1 35 100 0 0 0 105 0 0 0 0 134 0 0 0 35 0 0 0 2 3 0 0 0 0 9 30 0 0 20 75 16 0 0 392 0 0 0 0 0 37 0 0 0 0 15 0 0 0 1 60 0 0 0 0 20 2203 0
 0 17 114 0 0 4931 0 0 453 477 10 0 0 104 0 11 16 109 0 0 0 34 2 3 1361 372 0 0 3 189 0 1 0 439 3 32 0 0 0 8 0 2 0 0 0 0 0 123 6 159 0 0 0 0 26 56 935 0 27 0 0 1578 17 21 2 0 352 133 59 0 442 114 0 32 0 0 599 36 0 30 0 0 0 48 678 562 1 217 600 0 88 0 0 32 0 0 3 1 6 9 1056 0 0 2577 932 72 0 0 536 0 0 182 769 189 0 151 1 14 4 498 336 113 125 0 423 0 145 0 0 8 13 2 8 0 14 0 0 0 34 0 99 12 12 182 46 0 0 0 127 191
 0 1 3 3 0 9 214 1 77 47 6 17 545 0 0 0 0 0 0 0 0 1 4 0 0 0 0 64 257 0 0 0 0 45 263 166 155 0 1137 36 0 236 1020 0 0 29 0 13 5 0 0 0 337 0 3 0 0 2192 0 0 0 3 3 2019 187 0 0 7 119 24 0 0 19 0 0 15 838 0 0 13 0 0 2223 262 0 26 0 0 0 47 6 0 0 3 0 0 0 0 0 19 32 61 4 0 0 0 24 0 0 0 0 0 1 0 25 0 569 0 169 34 106 114 0 141 0 101 0 33 1 19 40 2074 0 0 26 4 0 59 1115 0 0 0 4 139 4 8 123 671 9 0
 0 2187 0 0 0 350 0 0 0 0 67 49 0 0 6 4 0 0 0 0 1052 0 5 81 15 767 1 697 0 7 1 0 0 186 11 0 0 37 35 6 0 91 0 288 148 0 0 3538 0 0 1288 0 0 0 1311 9 1927 0 722 0 188 919 632 7 0 46 0 0 683 68 25 30 0 0 313 10 0 0 0 147 0 20 2 6 4 3 132 26 0 265 96 0 0 139 202 11 0 9 0 429 0 0 0 0 34 48 0 0 523 0 47 16 144 4 10 6 0 0 66 0 312 0 0 0 42 0 0 8 7 0 0 0 3 0 0 2 720 0 1 0 2 3 0 0 5 0 0 305 137 0
 0 0 67 0 0 14 0 1359 0 8 293 7 0 454 0 65 300 0 50 0 145 25 0 1 16 0 0 10 148 0 0 137 0 0 424 827 0 0 108 0 0 81 0 0 0 0 110 9 0 0 20 0 0 0 237 0 0 0 0 423 0 17 2 0 0 0 132 0 0 7 22 0 2 393 539 1314 0 0 0 0 15 2 0 291 8 8 5 291 0 0 8458 0 435 0 0 0 23 0 0 0 1 6 3 17 0 0 2 0 5 0 0 4 18 82 0 77 360 0 0 0 0 0 0 6 11 0 73 1360 0 0 0 0 1210 0 8 9751 0 2 0 0 0 0 0 802 0 0 963 0 238 0
 0 0 0 0 0 0 0 0 0 0 0 1 28 0 0 41 0 501 0 65 0 0 0 0 0 0 7 0 14 0 0 0 4 0 93 0 369 0 0 2746 6 226 0 88 23 0 63 0 0 0 0 10 0 0 714 0 0 0 0 9 411 1 0 0 17 0 0 0 0 0 249 11 123 137 0 0 11 4 0 324 0 760 0 0 0 133 0 0 0 167 177 173 0 14 715 0 95 0 0 2 0 3149 0 0 0 0 0 29 132 0 184 128 263 124 0 525 101 1 0 4696 0 6 0 785 1 0 0 117 0 16 0 110 54 0 56 0 0 1 226 0 3076 0 0 0 124 0 19 26 0 0
 75 0 1212 124 29 320 0 2051 99 6 9 0 0 0 71 0 0 0 0 0 61 0 0 0 0 1072 0 0 86 0 0 0 0 292 48 11 0 19 60 0 0 18 0 50 0 0 10 913 0 0 0 0 0 10 143 0 0 0 0 0 143 0 1 0 2 0 836 28 186 0 341 10 12 0 54 25 0 0 0 310 0 8 354 35 8 0 0 0 0 25 0 69 0 0 0 4 0 0 0 128 0 348 0 3715 0 19 157 0 0 0 1110 0 0 7 357 98 0 0 0 41 0 23 0 0 20 2 0 0 0 0 0 4 0 0 0 17 0 959 7 0 1 34 57 12 12 1 0 243 0 0
 0 0 0 0 0 0 45 0 0 825 622 59 0 83 0 6 41 1361 87 0 0 0 1262 386 0 31 0 1 152 0 15 0 0 0 40 0 0 120 8 0 0 0 59 0 10 342 52 0 0 112 0 3090 26 299 0 0 0 0 0 0 0 0 0 0 0 0 0 7 0 0 0 32 0 31 558 472 0 0 0 17 0 0 0 35 0 0 49 0 336 51 471 10 31 125 0 99 1141 12 0 0 0 0 45 0 25 0 2527 0 0 0 7500 69 0 0 879 145 0 0 0 1196 40 56 0 0 0 145 0 0 0 0 1282 54 0 0 7 77 0 0 0 28 0 8 0 0 0 1 0 0 4732 0
 4 0 0 0 0 0 0 0 84 0 0 0 0 0 122 642 0 0 2 656 39 0 0 150 0 88 0 0 2 0 13 29 44 1112 0 98 18 0 11 89 4 0 0 0 2 0 0 3 248 0 15 0 32 0 214 1 488 0 2060 438 34 7 0 19 155 0 2450 220 0 20 0 6 1002 0 0 0 1589 0 0 16 0 0 52 0 0 1 0 0 81 16 65 0 8 9 40 0 0 7 0 0 771 60 0 0 2 0 4 0 0 30 88 129 0 2 0 1 0 0 0 3 8 64 0 0 2 0 0 969 0 0 292 113 0 0 0 19 0 0 25 0 0 0 0 0 0 163 7 0 0 0
 5242 136 65 34 15 9 0 4 0 0 0 0 0 0 0 0 0 0 0 254 0 0 0 0 519 31 247 317 0 7 40 0 40 3024 0 0 0 231 16 0 0 8 0 0 0 15 0 0 30 0 437 35 0 571 311 0 0 74 1 0 111 75 68 0 0 0 1174 535 543 0 5 0 0 0 0 49 23 0 436 0 0 0 170 0 0 0 0 0 29 0 2 0 4 0 2 0 0 0 83 0 0 68 0 0 10 294 60 262 0 125 0 36 1411 124 26 107 0 0 55 0 0 0 151 0 0 11 0 0 304 0 6 0 0 4 0 0 115 19 0 22 4727 8 1961 20 0 0 0 0 83 75
 29 21 0 0 0 0 0 0 0 0 1 39 958 33 0 0 187 0 1 2 0 5 62 291 0 0 0 8 1 0 0 0 0 1 13 24 0 0 0 25 102 0 13 0 0 0 600 0 0 0 0 4 1414 0 14 318 9 0 0 166 0 0 241 0 10 0 0 0 714 0 9 0 210 0 5 0 0 67 14 0 7 0 0 0 0 0 0 0 0 96 0 206 0 1 1600 0 18 0 20 0 28 8 0 0 501 0 16 0 0 0 332 670 261 4 0 0 21 196 578 16 6 0 200 39 214 5 0 2 944 0 0 36 392 0 11 2 0 0 0 1215 0 1427 483 17 115 0 15 0 0 0
 0 21 4 0 0 4 0 0 29 0 0 0 0 0 19 7 2 0 0 8 0 21 84 0 0 0 0 0 0 0 0 310 19 0 0 1617 86 0 0 28 16 0 0 0 85 0 0 0 0 0 0 0 0 15 103 622 0 39 0 65 2190 24 83 0 6 175 0 0 0 3 1 3 187 0 308 0 226 0 0 497 0 0 0 73 11 0 0 130 0 0 0 6 179 0 0 59 0 4 0 67 1926 0 0 18 0 16 0 545 69 18 147 0 9 0 0 0 1669 21 8 0 0 89 5 0 163 17 3 14 0 0 5 0 0 0 0 0 30 40 0 52 0 0 39 0 0 0 0 0 0 0
 0 0 0 211 0 122 0 0 3 0 9 0 11 739 0 65 0 0 76 47 0 266 8 8 0 0 1045 0 39 0 38 0 3731 0 0 110 714 0 0 0 6 0 58 6 0 0 0 598 0 2320 0 3664 0 36 0 40 1 0 0 18 0 45 3 34 0 0 0 0 0 470 13 98 0 186 12 1170 0 28 0 0 0 8 61 0 0 17 0 1 0 2 0 0 341 29 0 0 0 0 19 11 27 0 0 0 4 2 0 0 0 0 0 0 0 0 0 0 0 0 669 38 0 18 11 0 0 0 9 0 0 0 0 123 14 0 0 0 0 654 0 0 432 20 0 0 0 0 36 0 2 15
 0 0 1236 10086 0 19 0 325 55 0 0 0 23 347 0 0 0 0 0 82 0 3 362 161 208 0 20 59 0 3 2 0 381 448 0 0 8 94 0 8 1 4 2 39 0 0 0 1 341 0 0 4 0 17 0 12 5 0 0 0 7 0 0 183 3 147 0 2 0 0 7 13 444 0 0 13 0 6 106 187 0 0 0 325 0 356 34 24 0 246 1288 14 0 0 1123 20 0 803 24 0 2 0 1 2 0 0 0 579 0 0 0 0 0 0 0 0 0 37 0 0 498 1155 1 268 1 0 0 0 19 3 0 0 0 99 0 46 0 0 168 0 0 2 0 0 0 0 471 838 0 0
 20 0 0 3 113 0 26 0 213 63 0 0 377 0 0 0 5 0 73 116 0 9 33 27 24 0 0 0 17 0 0 149 0 49 0 33 0 0 2 2513 0 0 255 0 78 0 0 201 0 0 39 169 0 12 7 0 0 0 0 0 0 0 0 0 460 16 6 4 15 32 0 9 0 84 0 0 0 0 6 55 0 1 0 1378 0 5 209 0 0 221 0 0 417 0 0 1051 16 0 290 0 0 16 794 0 3 4 0 0 0 0 0 56 0 0 0 0 0 50 943 0 0 0 92 14 0 3 11 8 0 87 0 1340 0 0 0 0 0 0 6 0 0 0 0 0 0 2 240 2 18 52
 0 179 0 0 20 402 0 21 206 0 45 2 276 0 3 0 0 9 27 188 192 0 6 5 37 0 0 0 81 0 0 0 0 1 104 797 0 0 33 0 105 0 10 0 107 132 0 0 0 2799 2 245 2 0 105 0 17 6 16 3 1817 0 68 0 0 0 239 4 1420 0 0 3 0 0 0 87 0 0 1037 3 35 352 0 0 78 24 66 0 0 281 0 109 0 169 0 1 0 0 23 67 1 0 0 2162 0 43 50 0 0 8 0 273 0 561 0 95 89 0 0 3 668 4 41 11 0 0 0 0 0 29 798 0 99 0 0 0 8 1120 0 0 0 0 0 0 421 3 0 0 65 0
 10 9 0 0 0 2 0 1 0 0 0 10 0 0 0 1025 3 0 0 0 0 0 151 80 0 0 0 1199 0 1 40 0 0 0 0 222 0 0 41 49 0 832 21 801 0 0 0 0 1052 109 53 7 0 0 0 0 59 0 0 1186 37 0 0 3 28 7 0 0 0 0 0 0 0 0 13 0 0 696 12349 83 4 2 0 0 0 0 23 0 0 24 0 0 1 8 124 0 101 0 97 89 31 0 0 27 36 0 1 20 0 0 17 0 3 39 22 17 102 0 0 0 100 115 0 57 29 2 69 77 1155 338 0 0 0 593 0 106 463 10 0 0 60 1013 63 0 0 221 0 0 53 2
 170 0 58 11 8961 36 9 4 0 0 0 0 406 22 0 0 3565 55 0 1492 429 79 0 0 339 20 12 33 0 552 1 0 8496 0 0 0 0 1 0 0 34 0 0 0 3 50 1 2 0 99 0 0 6 15 67 43 113 7 17 112 1638 0 0 180 0 2 0 450 0 0 20 0 2 0 0 74 0 8909 45 19 31 0 0 0 0 0 2 13 0 0 0 0 0 0 0 10 0 0 0 803 146 0 0 0 0 0 241 0 221 0 0 286 0 311 0 0 61 0 477 0 0 253 2 625 0 0 0 0 0 4 0 101 143 0 0 0 383 0 33 0 265 228 7 0 0 41 0 0 174 129
 0 0 32 13 0 231 7 7 28 0 0 0 0 0 0 0 0 1 8615 0 3011 58 616 0 0 0 0 0 0 0 92 0 0 2 18 30 0 318 4 0 218 0 4 17 0 79 13 0 0 0 0 0 4 0 137 0 0 0 0 72 1774 1358 1298 0 0 43 0 43 8548 0 0 0 0 0 0 35 0 262 273 1 4 0 0 16 224 8 0 0 0 0 0 0 0 1393 0 0 0 220 2 24 0 120 0 0 0 10 0 0 15 0 0 313 0 263 0 13 0 8613 0 514 47 12 0 0 1018 0 0 0 0 36 0 27 54 0 0 11 0 0 0 0 0 593 0 1 0 299 168 199 0 0
 23 0 0 345 1182 23 5 3 0 0 0 0 67 383 0 188 3 0 0 114 742 18 183 668 1 0 28 15 17 59 0 1 20 0 916 0 0 0 0 0 0 0 1 0 126 224 0 0 0 30 20 24 0 0 0 0 0 0 0 0 0 0 772 0 82 0 103 0 0 0 0 0 29 0 125 0 75 0 282 0 25 0 37 0 0 4 0 155 0 0 0 27 3 0 539 9 17 29 157 0 50 0 0 0 1 0 0 0 1 0 0 6 0 0 36 163 2 26458 767 0 187 69 27 0 0 18 0 178 649 0 0 0 45 0 69 54 0 0 0 0 42 23 0 62 2 89 55 0 0 483
 23 0 558 0 29 0 0 0 310 0 225 107 0 0 0 0 0 0 0 0 35 0 6 557 9 138 0 107 0 0 617 35 180 953 1 0 0 25 2 0 609 0 0 60 992 0 0 5 0 0 57 0 0 109 0 0 0 154 0 0 5 588 155 371 0 0 59 1 39 466 0 0 0 277 29 0 71 8 0 0 6 0 0 2 0 1025 409 44 1422 0 4 0 0 0 0 0 0 0 1 0 61 0 30 12 0 0 58 7 0 0 0 202 0 0 5 35 0 0 2 0 3992 391 32 6 36 14 0 0 0 35 0 12 0 0 0 0 0 7 0 10 81 0 36 0 0 265 0 0 0 130
 11 110 0 49 111 0 178 0 0 0 0 10 0 264 0 0 0 0 37 11 0 0 0 0 18 1 0 1153 0 8 0 0 1 33 0 40 16 0 0 254 0 82 0 0 38 283 126 15 0 0 681 0 0 189 0 0 0 0 1 0 3 0 0 0 0 83 83 1952 1 68 0 0 0 0 1 0 7 0 0 0 50 23 430 0 467 0 0 17 0 1914 407 322 0 67 48 0 527 1 0 0 0 0 0 0 75 3 0 0 0 0 2 794 17 0 332 0 0 0 0 0 0 0 11 32 20 115 0 2 23 205 0 136 240 1 39 265 0 11 0 12 10 305 22 403 22 401 206 0 0 0
 374 9 0 0 1 0 0 0 4 0 0 0 6 800 0 0 14 0 0 0 23 0 0 0 0 0 1488 15 32 81 0 8 0 59 4 0 455 28 0 60 0 0 0 0 0 50 179 0 1 40 43 107 0 3 0 625 1132 1172 0 0 0 820 107 2 0 11 0 0 0 0 0 0 9 0 0 36 32 0 0 0 9 0 134 0 14 69 195 9 6 1 0 0 24 2 3 3 0 82 0 747 0 637 15 0 0 0 0 0 5 0 0 0 60 156 1453 0 15 0 1 0 77 69 1641 0 11 0 0 0 0 0 33 0 0 0 0 2 91 86 0 0 0 0 0 0 0 1803 0 0 0 116
 16 87 1 1 0 0 0 319 0 0 608 35 0 0 1 10 0 1 28 1 0 0 26 0 318 2 163 0 0 0 0 41 2783 0 1446 748 0 1 155 4 0 0 35 8 0 0 11 2 0 0 0 128 0 0 0 0 43 101 0 741 662 0 178 0 0 11 249 0 0 741 3987 3652 0 1 0 68 0 2 0 0 6 0 0 29 13 0 0 0 47 7 103 0 59 4 6 0 73 28 0 0 150 286 0 10 0 330 0 27 4 0 28 0 0 39 0 36 109 0 155 84 676 5 0 0 0 31 0 0 0 0 0 25 0 0 0 0 6 0 168 0 20 9 0 25 0 0 0 0 4 0
 0 170 0 0 0 0 11 80 0 0 29 0 0 0 0 0 37 0 0 765 0 0 0 0 0 0 0 0 546 0 454 0 0 204 427 0 0 0 8 169 0 60 22 0 0 6 0 0 0 80 207 0 0 0 0 0 0 2074 111 539 0 78 0 0 0 179 0 0 5 0 0 24 1288 3 0 10 0 7 76 0 0 0 0 9 29 0 100 1 1289 3255 3 1 0 64 18 521 9 0 28 0 0 0 55 0 25 0 0 0 4 0 0 66 0 0 20 83 0 0 85 0 22 0 0 0 18 0 0 51 544 1043 56 108 0 2523 0 354 0 2 0 1669 0 23 0 4 0 0 0 0 0 0
 0 0 0 83 0 0 0 14 42 0 15 0 0 4 0 171 0 0 0 1019 1 156 6 0 0 0 0 1008 29 1 49 0 0 1275 662 110 0 12 0 0 9 647 6 34 7 0 467 13 4 0 0 7 0 7 0 0 309 0 1 321 8 0 0 0 0 41 0 0 15 265 60 0 0 0 819 37 0 0 0 0 0 0 0 63 0 6 0 0 0 47 767 0 0 2 0 0 0 0 0 85 0 7 0 0 163 0 0 0 27 0 12 43 35 0 22 0 384 0 0 0 17 7 0 34 62 0 0 0 265 0 0 0 1155 2 0 0 0 6 106 0 0 0 15 337 0 0 0 0 0 11
 0 28 25 111 0 50 19 0 0 78 2 89 365 17 6479 0 59 0 0 396 0 0 18 0 0 1803 87 9 65 229 0 59 9 137 111 0 32 26 0 0 0 454 0 25 286 0 0 0 0 0 0 21 293 6 5 0 22 0 0 0 8 7 0 0 0 2 0 14 0 19 0 0 286 140 0 16 4 0 41 0 0 6 0 0 8 0 0 21 83 0 0 102 0 0 0 4 16 0 10 0 0 540 0 26 655 0 24 0 0 0 206 1 0 5 0 13 64 18 0 0 37 0 0 0 3 6 69 0 174 0 0 376 515 0 2 90 0 0 0 37 2 3 0 0 20 64 0 0 2 0
 0 0 0 0 0 122 173 13 0 85 0 14 0 37 0 0 1 0 0 0 0 0 0 0 1 29 0 0 627 112 34 0 0 106 22 14 21 0 0 0 42 0 0 0 0 0 303 0 0 23 14 15 0 0 0 0 347 0 0 41 0 46 89 5 0 7 0 10 483 0 0 3 0 67 0 0 3660 1030 27 0 61 0 849 0 109 46 59 296 3 0 0 34 0 4 1213 10 0 0 0 0 14 5 0 0 0 3850 0 53 0 0 2 557 0 0 33 0 0 392 0 16 0 45 12 188 0 0 1 0 0 6 0 254 0 26 20 1626 0 0 0 121 0 1423 0 78 17 9 6 0 0 15
 124 0 0 0 0 634 60 0 7 10 49 0 352 0 0 231 0 0 791 0 0 0 6 0 361 35 72 16 0 42 0 94 0 0 0 0 0 0 0 0 769 106 0 0 28 0 0 2 0 0 0 0 1 18 21 26 224 62 5 2 0 0 0 0 262 61 0 385 0 114 0 0 0 1 23 41 18 124 131 0 1182 0 0 679 13 2 3 48 123 0 11 0 0 1298 475 0 1 0 1434 0 0 0 0 0 69 108 0 246 3 0 1 40 0 46 0 0 4 0 57 501 0 0 0 1337 0 0 59 28 143 0 36 0 373 9 0 0 182 0 0 0 0 28 733 0 0 34 0 50 24 0
 0 228 0 566 0 29 0 0 0 0 0 0 39 0 4 0 220 0 0 39 0 3 0 0 348 0 299 0 9744 1246 0 0 22 0 77 345 4868 2282 0 146 0 0 591 47 15 69 303 139 41 0 4 0 81 0 0 35 0 293 24 0 0 224 11 0 79 0 431 610 0 241 3302 0 1 7 152 0 20 0 0 1 5 140 220 0 0 0 0 0 32 0 356 2 0 0 276 0 3 0 254 0 0 0 0 42 30 1182 14 0 0 17 0 0 274 0 819 0 285 0 84 0 0 0 19 0 0 12 341 17 491 0 227 4 6 135 0 0 0 0 5 0 0 16 570 65 817 4 0 60 64 0
 5 0 0 0 0 0 1 0 0 0 59 0 9750 12 0 0 0 1246 34 0 195 0 1458 15 187 4 429 834 0 0 0 3 0 46 0 0 0 0 31 160 0 0 25 0 0 0 147 6 0 0 43 0 5 40 237 9 260 2 0 620 0 41 0 0 0 0 35 0 0 27 0 2907 0 0 0 348 0 39 69 979 123 0 169 485 0 4 4 0 0 0 0 41 0 0 0 0 1 0 0 245 209 0 269 22 60 11 0 4 0 0 0 0 2 87 0 16 0 0 0 68 0 184 335 0 0 0 0 0 0 84 265 0 87 0 0 1013 0 0 5 0 208 0 350 0 28 1219 5 0 9 238
 38 0 136 30 238 15 0 0 0 143 0 0 1 0 0 0 0 0 0 0 0 2274 0 0 0 0 0 0 0 0 3 0 0 0 0 7 17 0 0 272 0 0 21 12 168 1293 13 45 20 0 4481 0 111 0 1222 39 0 0 152 0 0 0 39 0 0 85 0 0 0 232 0 341 0 49 0 1 0 15 0 0 0 0 338 801 0 0 3 2 65 63 182 0 0 0 0 0 1 0 311 0 0 0 0 57 0 38 0 58 0 140 87 1 16 4 0 51 111 258 0 0 1222 0 723 0 0 0 0 29 0 0 0 0 0 0 0 0 175 0 0 0 13 0 0 41 3 0 6 0 0 11
 0 0 0 0 0 0 1 0 0 143 16 0 39 0 5 0 0 0 481 0 0 0 0 7 0 0 0 52 0 12 2963 0 146 0 0 0 0 52 246 5 0 7982 134 139 4 0 8 133 18 19 13 0 0 0 0 0 0 0 1956 78 5 17 0 351 19 2 0 66 0 16 68 0 0 207 0 0 26 0 2 0 35 0 101 36 1215 4 0 6 71 0 0 0 182 59 0 6 7 0 0 0 502 0 0 0 34 78 11 0 0 0 41 3 0 206 38 54 0 0 0 0 314 0 0 0 8944 485 2 379 276 9 0 0 0 1884 79 0 0 387 0 0 8 302 0 22 0 0 0 0 0 0
 0 0 1110 0 0 0 0 679 53 0 0 63 0 6 0 3757 15 0 105 0 14 17 0 350 0 276 0 9 7959 4 4 0 2 0 48 0 0 88 0 0 0 44 118 125 54 0 0 28 0 0 0 0 70 0 262 15 274 6 1 0 13 0 0 0 0 0 0 525 0 30 3 0 1 176 1054 34 1 0 5 0 41 0 26 0 0 0 22 0 6 33 70 473 64 0 0 77 0 171 0 0 0 3 558 87 0 0 0 52 0 162 0 1 0 0 25 37 0 0 0 284 0 0 0 0 1 16 5482 68 0 807 1113 0 0 42 0 0 16 0 2 2 0 0 0 0 526 218 0 0 1 771
 0 0 0 0 16 0 28 0 0 0 0 0 3076 24 0 0 25 1 67 0 111 0 4 0 34 0 0 2540 0 17 6 2 0 51 0 6 8 4 0 0 0 9 5106 0 10 0 0 0 6 24 992 0 0 0 2 0 0 0 0 0 201 0 0 631 70 0 13 0 0 0 0 6 8 0 0 0 0 37 106 241 0 1311 8 185 0 0 3 23 0 0 41 56 23 0 65 0 0 300 278 0 61 0 0 9 0 0 0 18 0 80 1674 0 171 15 14 16 0 0 0 0 0 0 48 0 6 0 81 1238 8 7 1447 0 884 0 5 82 87 0 7 0 355 0 144 0 36 0 701 309 0 66
 0 0 0 0 0 195 0 1 5 129 5 20 236 800 36 2194 20 0 13 0 767 1 34 75 0 32 0 26 0 551 0 0 0 342 82 0 90 0 0 667 0 4 3572 14 0 105 212 0 0 88 1 0 0 1066 0 0 0 39 0 0 172 1457 43 36 2 0 0 0 0 0 0 185 88 12 3 0 50 1701 0 250 0 0 34 0 13 0 0 0 0 0 0 0 0 9 0 148 1 10 28 0 602 0 0 7 0 0 0 0 24 0 303 0 25 0 0 0 0 0 0 675 0 0 0 0 0 0 171 0 0 92 0 1007 10 0 0 28 0 0 2287 0 0 0 0 279 50 0 0 0 0 0
 0 0 965 1727 0 28 0 99 0 19 5 0 29 177 7 102 168 0 0 0 41 63 86 2 4 160 188 0 0 192 21 0 1 0 0 0 25 2 0 0 0 0 369 1361 0 846 0 0 0 111 0 0 0 0 0 0 25 1 34 10 0 0 0 1033 0 0 3 8 54 0 169 0 220 0 0 48 0 97 5 92 0 0 2 0 69 8 128 0 0 154 87 561 141 0 0 34 0 58 182 1 0 0 43 17 1056 0 0 0 1231 40 45 1320 31 6 0 0 0 9 3 0 0 0 965 0 0 0 0 0 1 0 24 347 0 0 0 34 0 0 0 519 3 0 0 0 0 0 0 667 15 0
 0 110 0 31 37 220 0 0 0 0 4 100 0 0 0 0 107 34 0 0 0 0 0 0 265 62 0 0 0 0 1804 0 0 4 0 379 0 0 0 0 0 0 258 0 0 123 0 567 0 0 81 36 65 41 1043 0 0 0 0 30 0 77 0 61 55 0 89 0 174 0 0 0 0 7 12 0 2 0 0 174 0 0 0 184 0 0 22 0 0 689 0 0 11 15 0 482 0 15 0 0 305 3522 557 0 3 158 0 7 31 31 0 17 3 54 0 0 0 8 67 3 9 218 2308 14 0 35 2222 0 1661 0 7 0 0 0 0 0 0 0 0 0 0 0 3 92 545 0 0 0 26 325
 0 1163 3 0 0 0 0 0 606 1 4 0 0 451 75 668 0 110 1504 0 0 30 0 85 0 0 0 0 0 496 20 0 0 0 0 0 5 79 40 2551 6 0 0 0 13 0 125 0 43 0 0 37 0 0 50 0 330 15 0 223 0 1 843 0 0 34 0 0 0 0 21 0 0 0 0 0 684 71 53 0 0 4 12 133 0 0 113 0 366 0 9 0 0 1716 1 0 0 8 27 485 0 0 15 55 0 1406 0 0 5 333 0 8 0 9 3 29 99 0 0 565 123 0 0 0 0 0 0 40 0 0 614 0 0 338 0 0 0 811 0 40 0 227 0 0 0 212 20 0 0 0
 0 360 10 1 252 0 5 0 18 156 739 0 2 0 0 0 24 0 0 0 0 0 0 1 0 0 0 0 692 0 139 40 0 0 0 0 0 309 0 17 19 0 0 0 1 0 0 7 10 24 0 577 0 12 0 4 6 0 0 1 40 0 0 0 0 0 0 13 0 0 55 154 0 12 0 8 0 8 6 0 0 15 0 0 19 65 0 0 0 35 0 31 0 16 0 0 0 6 0 13 72 60 0 0 82 0 3 0 0 166 7 90 2 0 0 9 0 52 0 0 0 247 49 2519 0 7955 0 28 0 0 0 0 0 0 0 0 153 0 222 1 0 240 12 0 6 1 0 11 0 0
 0 83 0 0 0 0 554 3 508 0 27 5 0 14 720 0 60 11 0 0 0 0 0 5 0 0 0 1 68 163 0 0 0 66 0 0 0 4 42 0 0 118 18 0 99 0 114 1 14 1052 0 27 41 0 751 0 3 0 0 0 0 47 4064 63 0 8 0 0 0 0 0 16 0 0 0 0 8 0 0 0 0 25 1806 0 0 0 0 47 0 0 0 52 0 0 1182 0 0 2608 0 0 0 32 0 25 29 22 0 0 0 0 0 0 173 7 0 447 43 9012 73 0 0 0 0 0 0 174 537 0 115 0 0 0 0 93 0 0 0 0 11 24 0 0 1 12 0 0 15 0 20 0
 0 2835 0 0 2216 0 309 11 0 0 0 742 0 29 0 0 0 424 0 0 0 0 0 24 0 0 0 0 0 0 352 0 1 0 0 13 0 0 14 0 170 129 0 1 10 987 0 0 241 168 428 0 0 365 74 0 235 0 0 7 0 1264 28 8 109 0 0 274 0 9744 0 0 3 95 282 18 219 6 43 0 1262 0 1688 14 0 10 1614 1359 0 42 0 0 0 562 149 0 45 0 0 0 0 60 11 0 0 168 20 4 3610 12 23 39 0 0 0 341 0 0 1025 0 0 107 0 0 7 0 237 0 1 126 0 0 4 0 59 38 64 955 18 0 4054 0 839 40 0 0 124 3526 0 0
 0 0 0 0 0 2 0 943 0 0 31 1 1 0 3 0 1305 59 20 66 1815 0 0 26 187 80 0 1052 0 63 7 1025 5 39 0 0 0 0 0 0 0 0 6 540 0 0 0 0 0 0 0 0 14 23 0 0 57 2 130 35 0 0 21 0 8612 11 0 0 32 90 0 0 894 0 295 0 0 302 0 550 0 0 30 0 1345 0 161 60 755 3 0 0 403 21 0 132 65 22 0 44 0 0 0 0 0 0 0 943 0 0 0 23 22 0 0 59 0 0 225 5 0 409 0 0 24 128 0 43 0 0 0 362 0 0 2 12 5 1 669 0 18 0 35 0 0 0 16 341 0 23
 0 0 0 9 79 0 0 0 0 0 0 82 0 35 0 3 0 0 0 0 0 186 0 0 0 76 7 0 71 0 0 0 0 44 20 100 3 0 0 38 2 1 0 0 0 108 0 853 120 27 36 21 0 0 240 374 19 0 527 0 0 85 27 11 125 0 1 9 145 0 0 0 28 26460 10 0 0 0 0 0 5 0 0 0 22 12 6 0 1 0 1359 59 0 1313 0 0 1963 0 0 0 1021 0 0 0 91 479 0 0 0 0 0 2 88 79 13 30 574 82 34 6 2 172 0 0 0 98 35 2 0 24 0 0 0 0 0 0 0 20 0 0 210 50 0 339 0 0 187 0 0 0
 0 0 762 0 6 0 0 0 45 1036 148 115 0 39 123 0 0 0 0 0 139 0 5 0 0 0 0 1505 0 0 0 0 0 0 7 4 0 0 0 177 0 0 884 0 0 2 15 100 31 0 0 0 0 0 34 0 0 41 20 0 102 197 0 714 0 62 0 23 19 114 0 40 0 1 77 0 10 96 27 0 0 25 0 3583 355 4 0 0 0 232 2 0 0 10 0 1 0 0 41 7 0 0 7 62 85 82 0 0 73 0 0 2 853 0 29 257 32 2 16 77 0 0 0 0 9 0 335 0 450 3466 1025 0 0 223 0 214 0 0 0 123 27 70 25 139 0 0 0 9 0 0
 0 0 0 15 11 0 0 0 4 0 610 1379 110 0 0 137 619 0 14 0 7 0 0 0 0 0 0 21 19 0 0 48 0 0 6 0 72 0 0 0 6 0 34 0 0 3646 9175 0 0 104 0 13 0 2 6 109 695 737 921 0 0 1121 2 302 1271 0 0 0 223 0 0 66 0 14 0 0 1099 0 6 0 157 824 0 0 0 0 0 0 26 169 0 319 0 0 12 13 0 0 14 0 4 0 521 2 11 0 0 0 25 11 0 29 57 0 2 6 0 0 0 0 5 0 0 15 1602 0 8 3 0 5 6 85 576 104 1 0 114 201 0 3 0 0 0 0 0 197 0 0 1 0
 0 384 0 0 0 0 0 3 0 852 7 13 24 0 0 9 0 0 21 80 2 0 0 0 473 0 0 0 11 59 0 0 373 231 0 0 95 0 1 33 0 5 3 0 0 60 0 34 0 0 1 0 0 0 0 0 0 7 25 11 8 450 15 541 0 0 0 0 27 632 2 2 15 0 95 629 0 0 0 0 159 0 0 0 27 0 6 0 0 0 0 0 849 12 129 0 234 16 0 0 0 0 0 145 2 0 12 14 0 0 0 0 0 0 0 1 0 55 0 0 30 0 0 0 18 268 0 2495 10 0 6 52 109 0 65 0 0 8 0 1298 312 231 2 0 0 48 0 0 34 0
 18 0 12 0 0 0 0 0 0 0 0 15 1250 28 0 258 0 0 209 0 0 1 2489 7 0 11 0 0 0 0 40 49 0 0 0 0 0 42 101 0 0 224 8 2 16 291 0 0 0 3 170 1 0 5 1387 0 0 82 28 0 27 0 0 1288 33 11 133 12 455 0 0 0 0 81 0 158 0 89 0 0 73 4 0 0 0 0 0 0 38 0 273 0 0 0 0 0 0 81 3 1 319 352 4 16 0 172 172 0 0 11 412 0 0 0 0 0 0 0 20 44 20 0 54 0 0 72 0 0 62 11 0 188 2 0 0 604 172 0 0 0 16 974 6 0 0 0 0 13 399 0
 0 0 0 0 1432 403 0 0 0 0 4 1199 859 16 8 0 967 0 0 0 2 1108 0 0 0 163 0 871 0 0 0 0 0 351 0 0 0 0 0 99 18 2 69 84 2 524 0 0 109 62 0 139 67 0 0 31 121 0 0 30 56 37 0 0 2 27 3 0 0 0 627 7 109 72 0 1 0 0 0 0 0 1 225 0 3 69 129 84 0 7 0 0 65 0 0 0 0 22 1 0 4 0 2 9 44 1 0 0 28 0 4 0 0 8 222 9 0 479 0 68 10 31 70 8 0 0 0 0 0 0 0 0 0 0 0 483 0 0 0 113 0 0 23 0 0 0 0 0 2 139
 68 0 2 62 0 44 0 4 0 0 0 4 0 0 0 0 0 0 22 0 0 0 1 66 130 0 53 0 0 0 217 0 1 0 0 2872 0 382 2487 9 0 0 0 2 74 0 1163 0 23 0 17 68 0 2 1000 78 0 0 0 0 3402 0 5 503 0 0 0 1522 0 0 122 0 189 213 7 18 0 0 100 5 0 130 0 0 1109 242 0 87 167 0 0 0 3 0 0 35 0 26 994 5 0 0 0 0 0 0 388 1344 0 278 0 0 1 0 0 7 0 4 19 0 16 0 0 2 20 0 19 0 1 0 0 0 0 0 71 0 0 98 355 0 1215 187 538 11 0 16 10144 0 0 2
 12 0 0 0 0 799 0 26 46 0 0 23 14 2678 0 45 11 0 0 12 0 0 169 50 0 37 801 0 0 406 0 145 2 34 86 0 977 0 131 0 0 12 1252 0 67 47 0 0 155 0 0 0 0 146 0 0 0 38 0 47 0 920 0 542 0 224 0 0 0 0 0 0 0 12 0 0 0 0 483 3439 0 993 0 0 7 0 0 0 0 0 222 0 0 1 0 98 0 0 473 149 30 29 0 0 0 0 0 1 477 0 36 181 0 0 0 13 50 0 112 0 0 0 129 6 0 0 0 1 67 208 0 1231 0 107 0 0 0 0 0 0 0 0 0 17 0 17 100 0 219 0
 0 8 0 0 0 0 0 0 11 26 34 21 0 17 15 0 0 9 1005 29 1 1 2 0 0 0 0 0 10104 0 0 178 8 0 0 0 133 974 3 0 42 0 0 0 0 649 1430 1 0 0 540 0 0 6 0 0 0 0 0 44 0 66 1152 1123 0 0 0 0 3011 0 60 1 0 0 1 0 22 0 1333 0 0 0 0 0 0 2 104 1 0 60 3 5 1 2 0 0 58 6 0 0 348 0 7 25 0 0 0 8 0 0 28 0 7 230 77 0 61 0 16 0 112 0 17 181 0 579 0 13 101 0 0 0 0 75 15 12 725 0 0 0 39 0 0 0 0 0 4731 5 0 113
 0 22 0 798 91 0 135 8 0 0 0 76 0 0 1388 136 0 61 0 61 0 16 45 4 1254 0 0 0 6 0 0 50 0 36 0 0 0 35 0 205 0 0 0 0 8 0 0 0 0 0 5 0 0 0 0 378 0 3 2186 0 4052 134 0 683 0 974 7 344 88 0 0 0 0 342 23 7 0 1462 0 74 0 7 0 0 1 0 341 0 40 0 0 0 282 1 0 0 0 7 58 7 278 8 1 2 0 0 0 539 20 747 0 0 0 0 33 213 0 0 0 1 38 0 0 0 0 0 0 1 0 0 13 539 0 9 0 0 0 0 321 0 0 18 0 0 319 7 0 0 0 0
 183 7954 0 0 0 4 0 3 668 0 5 0 0 68 0 0 0 0 9 0 0 0 0 711 0 0 49 0 0 9187 1 0 0 2 0 0 0 112 240 232 34 30 0 0 0 0 1 5 187 0 0 0 0 0 2 0 0 118 0 182 0 0 670 0 0 0 286 0 0 351 1 58 377 0 0 42 2075 0 0 0 0 1 0 0 0 6 5 88 0 7 14 0 0 0 269 0 0 149 10 15 0 0 223 0 0 0 7 0 3 309 28 147 83 0 0 0 0 0 0 71 7 0 2 0 0 78 218 23 59 0 0 62 0 138 0 0 550 0 121 0 0 1 2633 0 321 1268 0 0 66 0
 0 66 0 6 52 0 0 1 0 0 126 1 7 0 0 6 61 0 3 372 0 737 0 0 0 713 173 43 0 0 1393 30 106 0 0 0 0 740 57 0 0 0 114 0 15 7 0 0 70 6 0 0 58 0 0 11 19 0 0 0 184 0 0 0 0 0 2 0 129 1 0 12 120 57 48 0 0 18 0 4 37 0 0 174 508 20 136 26 0 9 0 31 0 0 15 5 0 129 67 0 0 1 0 0 68 0 0 249 0 20 59 0 0 0 30 0 0 0 339 5 74 63 0 0 0 54 569 7 0 0 36 0 0 14 0 10 0 9 0 0 0 0 0 0 0 551 0 0 3 37
 774 0 0 36 384 0 0 0 1 0 374 0 0 0 0 1 18 174 0 0 0 19 131 0 11 8 34 0 87 29 321 21 0 0 3 140 0 0 0 0 0 0 0 36 2 2 29 0 662 0 0 0 2 0 3 0 0 0 6387 0 17 0 0 6 0 2 0 0 0 44 139 475 0 0 0 3 9 11 6 0 0 10 0 17 0 0 0 348 0 123 0 0 0 473 0 0 0 0 320 17 204 0 4 253 5 0 0 0 0 4 0 0 0 0 55 0 4 0 0 21 0 98 0 0 0 63 0 0 305 0 0 0 121 4 0 9 9 147 15 0 5 0 14 383 206 279 0 0 71 0
 0 213 0 0 8 0 0 0 0 24 602 0 1671 0 0 275 0 201 54 0 0 0 0 7 0 0 0 50 0 0 0 0 1308 29 0 22 0 0 0 0 0 0 1432 3084 10 161 0 0 58 0 0 66 0 0 58 43 9 0 0 0 0 5 77 212 10144 0 9 2 5 0 53 3 0 0 192 0 0 0 1012 0 25 61 123 0 0 117 8 445 636 24 0 31 46 0 11 0 23 103 0 0 0 0 0 0 0 10 0 0 0 0 0 276 206 0 0 0 0 0 0 0 1168 923 11 0 0 0 4932 15 597 20 39 0 0 0 0 4 0 0 60 0 1096 0 356 0 0 0 0 0 0 6
 9 0 2963 0 112 12 50 0 0 0 5 0 0 0 164 237 0 1 0 1 0 0 9034 0 1169 0 181 0 16 412 464 22 15 0 4 10 2 157 0 0 0 0 0 0 0 0 0 117 2 0 0 0 0 0 60 0 0 240 26 5 0 0 565 30 0 21 0 36 0 0 0 578 26 690 9 75 73 0 16 0 1 125 0 0 0 0 0 114 51 1122 3 0 1 196 5 23 947 0 47 59 3376 0 166 0 93 0 0 0 0 2 0 0 409 7 217 0 0 0 0 0 0 0 0 680 0 0 0 0 1 5 0 274 0 0 4 0 501 14 0 0 6 0 1835 303 0 282 0 60 0 70
 12 0 14 36 0 0 40 3 3 16 139 0 597 7 0 0 0 0 0 0 1759 0 81 5 147 65 0 0 0 0 405 1013 2048 3 1585 0 4 0 0 0 54 1 11 278 0 70 0 5 167 0 1 0 0 0 32 0 14 0 25 155 14 0 0 0 11 14 9 0 0 97 0 0 0 0 0 0 0 0 0 0 0 0 0 0 0 0 0 0 1 0 0 0 0 195 6 18 0 98 7 801 0 50 0 0 0 30 0 83 0 0 0 0 103 0 0 0 0 13 2 210 0 244 0 0 0 1141 0 0 0 305 0 741 0 24 0 35 19 0 1 6 82 23 0 0 0 8 1 0 0 0
 0 0 0 18 2 0 26 0 0 43 0 8 0 0 0 658 0 397 0 0 209 0 15 0 137 0 0 0 9 0 0 0 0 838 91 0 197 385 336 158 157 26 0 1501 0 0 177 3030 1 38 0 524 0 0 0 0 0 0 0 0 323 0 0 0 0 0 202 1 22 16 47 0 0 14 16 100 8 5 5 0 4 9 10 0 229 102 0 30 0 46 0 3 374 0 0 0 0 121 0 0 7 342 0 20 30 7 18 0 43 14 0 0 52 1691 17 41 0 0 0 0 18 0 0 0 0 3 0 0 191 0 0 2934 1 2578 689 0 0 2 498 108 0 0 0 0 0 13 0 9 0 0
 0 551 0 218 0 12 0 0 11 0 0 2 0 85 0 560 216 124 0 1 1 43 0 0 0 0 0 0 112 0 0 419 3530 0 0 582 0 0 57 6 46 0 184 0 61 11 0 0 0 1 0 0 8 0 0 0 406 0 28 23 0 0 270 66 0 3 354 0 1366 9 2 0 3 44 121 1 63 0 0 25 411 8 15 69 0 442 0 3669 0 0 0 549 0 0 48 2 0 0 0 0 2 0 0 1 0 97 0 0 0 0 0 0 0 1 67 343 948 556 3 0 3 83 0 0 0 0 66 0 15 0 87 36 0 0 6 0 0 60 142 447 0 64 164 1 0 0 406 0 65 0
 27 12 0 0 0 20 0 0 0 249 8614 0 201 43 310 1392 0 2 94 0 89 33 200 28 0 450 0 0 93 0 3577 398 11 151 0 720 9 0 0 37 4 0 65 0 0 0 0 0 0 0 0 0 0 0 0 0 34 120 0 0 7 574 0 20 501 0 0 0 6 0 491 0 0 0 692 0 134 0 147 145 5 31 0 67 55 0 0 1168 0 0 0 0 0 22 1 0 0 0 483 0 0 0 0 0 0 0 2604 0 0 11 85 0 43 0 0 163 0 35 0 0 0 0 0 401 0 0 0 0 81 0 0 0 4 0 0 45 0 0 67 0 0 173 0 0 237 505 228 17 24 0
 0 0 555 142 111 593 0 0 201 447 62 0 62 0 0 90 238 0 0 1 5 0 4 0 0 0 0 0 0 35 200 0 662 64 97 0 0 0 0 40 0 0 0 0 0 0 2 59 0 170 0 0 0 0 1369 0 10 0 0 0 3530 0 0 64 0 65 0 0 467 9 1 0 0 0 0 6 0 0 14 0 306 44 0 0 0 313 0 0 16 0 0 217 0 0 0 0 0 1233 0 0 0 0 84 35 60 10 0 5 0 4 103 0 182 51 6 0 149 6 0 0 0 0 73 0 0 2 173 0 92 37 0 0 6 38 0 0 0 0 0 17 40 9 0 442 0 85 0 0 18 0
 0 0 26453 0 0 0 0 0 659 39 0 0 0 0 35 287 0 4 0 0 0 20 0 0 0 3 0 0 71 9 0 2 3 0 135 258 0 0 0 0 0 16 2 0 54 0 472 0 314 190 0 0 4 0 0 3 0 0 38 0 0 0 13 7 0 0 0 248 109 0 1052 0 0 36 0 0 0 0 0 0 454 3 21 2 1542 20 37 23 88 0 60 0 419 1 0 223 70 0 0 1363 18 88 0 194 514 1 0 0 7 0 0 149 0 0 133 976 0 0 72 555 0 0 0 0 0 141 0 65 3669 44 2604 13 0 0 17 0 0 0 49 2 0 0 0 0 1 1 0 0 270 0
 0 0 1 0 59 0 0 7 330 6 0 103 0 24 0 0 0 29 18 1 0 0 0 0 0 3 0 0 6 109 191 1025 6 1 0 0 0 0 0 43 0 129 0 0 0 0 4 0 270 0 0 0 0 8 0 0 34 0 351 55 0 1 500 0 0 0 16 34 31 6 3 0 0 327 0 174 0 0 0 0 0 37 0 0 0 15 0 0 0 0 200 352 0 79 33 0 0 91 0 0 267 0 0 0 0 0 0 0 0 188 0 87 0 24 2 0 0 0 4 0 0 0 3 0 0 339 4710 0 0 0 4735 0 35 0 0 0 0 0 0 978 2 0 0 0 159 0 577 0 112 1049
 0 2 0 0 24 0 221 0 0 0 0 0 0 0 2 6 0 165 348 0 0 0 0 189 0 0 54 0 17 97 0 0 0 74 314 878 21 26 1363 69 6 537 163 0 2287 0 0 0 50 0 0 0 0 231 0 0 0 10136 8 5 1 0 0 0 20 0 0 14 0 519 0 3 0 1052 7 0 7 115 1295 0 0 0 0 1 2 0 0 942 60 0 203 0 0 0 0 0 2 189 0 4 219 198 0 0 38 0 67 12 0 0 11 0 0 0 0 0 0 0 23 823 2 0 1 28 0 0 3 0 0 0 64 1 0 13 0 0 0 0 0 0 5 0 0 6 178 568 165 13 0 24
 0 0 0 0 0 0 81 0 0 306 0 0 22 1208 91 2 1397 68 0 0 0 120 207 1 22 0 0 78 0 0 0 0 27 0 1 0 0 0 0 0 0 0 910 15 0 0 0 0 0 697 63 0 42 0 0 18 0 126 3 0 0 145 0 813 0 0 0 0 0 37 55 0 159 341 0 3 0 0 0 0 0 43 0 11 61 12 27 8378 34 0 22 0 14 0 0 0 0 0 0 1451 0 34 79 0 46 126 0 1 0 0 857 3 0 450 357 0 0 222 0 0 0 0 992 37 0 0 8 10 149 1 85 92 11 6 0 0 0 0 0 3043 0 54 0 0 0 557 0 13 0 0
 0 0 0 4 1158 0 0 2677 5 1992 11 0 352 5 632 0 0 0 61 0 0 3 0 305 0 0 0 0 0 5 0 0 0 834 529 974 0 1184 107 10 172 6 6 0 0 558 0 0 0 39 174 0 0 3581 0 485 0 0 71 0 2 0 0 321 88 9 0 0 0 349 0 5 132 0 0 866 0 0 31 12 0 36 488 0 132 0 0 0 0 0 0 0 172 0 2 0 189 0 130 0 0 0 0 0 0 0 118 85 0 0 0 0 0 238 98 0 0 9 0 0 0 0 0 0 39 0 8 0 0 27 35 0 18 22 26 35 0 13 30 0 0 105 0 10 0 0 110 0 0 0
 168 0 0 0 57 0 0 0 108 0 6 0 0 434 7 0 0 0 0 0 133 251 0 0 0 116 3 826 0 0 0 0 4 0 0 693 0 6 0 3409 10 0 0 5 0 274 1063 0 186 0 0 11 0 0 95 0 0 0 27 0 167 434 0 0 11 0 0 1 0 222 6 1 92 1 0 15 13 0 818 0 36 0 0 0 4 0 772 0 0 9 10 1462 0 114 0 4 0 8 0 699 5 0 1 0 0 0 12 0 1548 91 0 802 7 0 0 0 0 0 0 0 0 17 0 432 0 0 7 190 0 0 6 0 1333 0 0 123 0 1 0 67 154 19 0 65 0 0 0 0 437 74
 0 377 0 164 145 0 0 2 0 1 9 275 1273 0 100 0 374 0 0 0 861 0 147 0 1577 15 0 0 23 43 0 0 0 119 0 0 14 0 5 0 0 116 0 1158 239 0 0 5 518 807 13 22 0 2 1095 0 0 0 9 0 0 51 3528 4 4 0 4 5 33 0 0 0 0 5 0 0 842 418 0 0 0 0 0 6 30 9 0 0 0 0 0 122 174 0 0 4 0 0 0 6 9 727 3 259 0 0 301 199 0 0 7 337 0 0 0 285 4 0 47 0 0 16 352 0 0 0 0 0 0 0 51 192 0 0 0 0 23 19 0 117 25 131 0 0 328 0 0 1493 1339 0
 18 955 7 0 0 0 0 0 0 226 0 3 0 0 201 0 74 0 112 4867 0 244 106 0 0 0 0 11 0 2 0 0 63 0 0 0 0 1284 0 0 54 0 99 10 0 0 0 0 0 226 0 0 11 23 0 0 3656 759 0 830 0 0 0 18 0 0 0 0 0 0 170 2 2 0 0 0 78 11 0 149 0 0 201 17 0 191 0 0 42 0 1 0 92 749 0 0 0 0 0 4 0 0 20 0 0 467 38 65 709 0 256 0 0 0 0 1778 1045 51 13037 1043 24 0 1298 89 1043 0 0 0 37 0 5 896 0 1043 0 301 76 2 0 3 0 0 0 0 184 0 26 0 0 0
 765 0 0 1222 0 0 0 0 0 42 114 0 0 0 9 0 24 0 0 126 0 0 80 0 4 5 0 113 0 684 84 0 0 0 0 42 0 91 3418 0 193 13 0 555 0 0 0 0 0 1 0 0 0 2 9 116 30 0 1320 2041 105 0 213 0 0 42 1 0 0 0 4 14 64 1670 0 0 0 0 44 0 0 0 162 0 0 6 36 0 540 43 0 0 18 2 0 28 0 0 9 0 0 1 68 0 0 0 0 23 14 0 0 579 518 2221 0 152 38 0 0 0 977 0 342 0 27 0 0 0 0 0 0 0 0 24 558 0 663 0 20 738 0 0 5 0 0 1460 0 0 20 0
 1 0 0 0 0 0 0 0 0 4 100 0 0 0 0 0 1 473 15 46 0 82 1 64 0 121 0 470 971 0 0 15 402 2962 0 17 0 0 0 31 0 49 0 0 193 0 3 0 76 0 0 15 192 2 659 0 0 0 0 0 0 73 346 105 0 0 0 0 0 1 6 717 0 0 19 696 13 0 13 27 0 0 0 0 2 0 0 0 1 87 66 0 0 0 0 2 0 0 24 102 17 0 0 0 0 0 4 2 0 2604 0 0 0 0 0 248 0 0 1271 65 24 0 43 0 0 1 0 0 0 275 11 0 0 0 3 30 0 0 0 43 143 1 435 0 25 0 0 772 0 94
 0 494 0 0 13 0 57 108 0 0 64 0 54 44 7 0 0 0 0 12 522 0 0 8 0 853 48 0 0 219 0 690 479 0 120 631 188 0 27 0 111 330 0 1 0 38 0 0 1 0 0 0 0 0 0 0 1904 0 0 0 133 1343 10 15 0 0 0 21 1 0 28 170 1626 10143 0 0 1043 29 1347 0 0 201 2 13 1 35 0 61 0 140 0 15 2 12948 5 1 44 98 3 0 2526 0 0 441 137 0 300 0 0 0 0 0 0 0 25 0 0 0 0 0 0 5 14 60 32 0 0 172 0 0 0 27 0 0 0 6 0 43 0 0 13 0 0 6 7 0 929 0 0 31
 0 0 48 16 0 0 2 0 632 974 4 0 0 14 8 4 0 4 0 268 600 145 0 154 0 1293 0 28 11 116 0 0 65 643 0 152 0 0 2 5 3 0 0 704 0 0 0 0 749 24 63 5 1 2 1 9 0 0 0 0 0 0 0 0 1 0 49 196 310 0 0 0 0 0 0 0 0 0 20 0 2197 0 0 0 3 0 19 0 0 163 47 0 271 0 1 50 0 9 0 3 114 623 2 8 0 0 0 2 11 0 0 114 0 0 47 1165 0 109 36 0 101 6 356 0 0 0 1781 34 65 0 18 503 2 21 0 0 0 38 75 0 0 0 0 0 7 0 0 0 0 25
 64 0 0 0 0 3860 40 0 0 3 0 0 55 0 0 39 0 0 386 0 38 0 0 0 0 1475 17 4 0 26 8 4 0 0 0 0 0 0 0 0 228 0 0 0 301 18 55 0 0 0 11 0 0 4 0 1 70 0 0 0 398 0 35 24 10 11 427 0 0 36 0 0 0 0 717 0 0 0 0 23 0 0 39 135 0 337 11 13048 132 0 0 498 9 113 0 0 0 1000 8 412 97 0 0 0 0 0 4 0 0 27 0 133 70 86 0 1385 103 0 172 0 0 0 0 387 0 98 73 68 0 0 29 0 114 1 12 0 372 0 9 0 0 0 0 40 0 27 1 55 0 0
 0 0 72 8 13 49 0 0 79 0 0 0 0 59 35 0 0 393 157 0 0 9030 23 8 0 0 0 37 0 0 11 8 10144 37 0 0 0 1 0 0 0 0 73 18 1 0 50 27 0 7 1120 0 184 0 284 1 0 0 4 0 0 0 0 0 29 0 40 0 13 13 0 364 0 0 64 0 0 282 0 0 0 0 117 34 52 1 0 2580 0 0 132 0 0 0 5 0 58 0 0 0 392 0 6 0 2 0 20 0 0 0 15 0 0 0 0 0 0 0 0 0 1388 2 0 0 150 0 0 0 0 31 3 9 0 43 4 5 0 0 0 0 0 0 114 37 79 116 180 0 29 4
 7 27 23 1659 0 22 0 1949 0 0 0 1801 0 0 0 93 45 0 0 0 0 28 0 82 0 0 39 0 60 41 101 0 0 0 0 0 0 155 0 0 0 0 0 0 0 3227 0 22 110 207 0 0 254 0 172 0 18 0 0 59 0 49 0 227 177 62 0 4 0 329 0 0 784 0 0 0 53 5207 0 103 0 14 0 0 69 97 0 0 0 880 100 0 0 115 0 0 0 0 0 0 1 9 0 69 0 29 73 0 0 322 1 27 0 0 115 0 0 0 0 284 60 130 0 0 0 754 0 0 3563 1 39 454 0 451 812 0 0 0 31 19 0 0 0 0 0 3 110 0 0 5
 0 5 280 0 0 0 0 0 127 3 0 19 0 0 0 0 0 38 0 0 22 6 2 4 1 0 161 0 0 0 18 0 0 0 0 26 1 0 5 1118 0 0 45 0 19 0 0 1 0 0 0 0 0 0 8 9 0 5 531 2 0 27 0 0 0 27 19 316 10 13 0 0 50 0 0 0 1 0 274 527 13 0 0 4 62 0 0 3 0 0 66 240 0 770 0 1 22 0 529 13 0 1 0 39 84 40 0 0 541 0 0 0 0 8 2 302 0 13 0 5 0 0 44 0 0 1034 69 23 0 0 0 43 0 0 28 3 0 76 1 159 2 246 9 0 0 0 0 0 241 24
 398 0 0 0 1 10 17 0 0 82 7 9 105 0 0 0 2 0 0 109 0 0 160 0 61 0 3 0 20 78 0 110 67 282 189 82 0 0 2 2 8 6 0 0 23 0 15 0 16 16 32 1 7 0 5 83 0 0 146 0 0 0 204 11 0 7 1288 0 0 6 0 0 0 168 0 0 0 8 0 412 0 771 96 0 5 0 53 113 1045 0 0 0 0 0 0 63 37 0 36 0 347 112 38 0 86 2 0 0 11 0 0 0 1 0 0 2301 0 0 0 849 0 0 0 103 0 4 0 0 0 3 0 0 99 24 1054 0 0 0 0 6 206 2 77 0 1993 0 17 2 0 1
 0 683 168 43 0 44 0 0 0 0 108 272 0 19 160 581 0 0 0 9790 175 127 0 0 0 0 6 0 2 0 276 60 32 37 0 0 0 0 0 0 0 4732 17 0 9 5 0 188 611 0 206 8 0 0 0 8 0 0 0 0 1 0 132 0 171 0 12 0 0 0 0 0 0 185 0 0 0 68 0 19 39 478 0 0 2308 0 0 20 12 295 54 7 0 5 0 9 0 0 40 865 0 0 569 41 0 48 153 311 0 0 2 0 0 0 0 519 65 33 81 3 24 1314 0 0 1 40 0 31 16 0 0 252 0 0 239 683 1 0 227 0 184 0 156 704 306 64 0 1197 0 10
 0 0 36 0 0 1466 0 9 0 0 0 183 5 0 180 14 0 684 0 20 798 168 0 10 0 73 0 487 52 14 0 0 0 0 4 0 14 0 10 0 43 0 0 25 0 34 11 0 0 0 1805 0 0 0 546 0 24 44 5 0 0 21 0 0 15 15 0 0 0 0 4 0 12 7984 0 151 540 0 0 7 0 0 0 101 268 0 0 11 0 0 0 62 147 53 1 170 0 1 83 0 0 0 0 1 197 55 0 0 0 0 0 0 0 3 693 0 0 0 0 0 242 0 7 23 15 0 3 0 53 0 0 5 0 0 0 160 11 3 61 221 0 475 0 1 0 0 4 0 25 0
 233 0 0 0 0 0 1029 0 4 147 121 0 619 750 111 0 0 218 0 6 0 3 27 455 0 18 0 3 0 0 0 71 0 0 0 0 7 0 0 0 11 0 168 43 0 1238 0 30 37 9 0 0 0 0 0 0 29 0 73 1731 0 0 3 0 0 322 0 0 0 56 0 0 11 0 56 31 223 0 5 0 22 0 0 0 473 0 0 240 27 0 3 126 201 0 0 9 48 1211 87 39 0 0 0 0 0 2 166 0 0 0 0 0 0 0 161 221 0 797 0 0 6 0 2208 0 0 0 0 0 0 0 107 22 0 0 0 270 0 325 40 5578 2 3448 21 0 0 16 36 9 18 269
 0 0 0 88 28 825 0 0 0 0 0 107 0 118 0 0 162 160 92 0 311 0 44 0 0 0 214 0 17 0 0 0 0 0 24 3 33 193 0 0 0 21 0 0 243 37 7977 87 63 0 58 584 0 0 9 0 2580 31 0 12 57 39 0 0 0 692 3 14 9 0 0 2163 0 19 2 9 0 0 3 0 1203 305 0 366 0 9 19 1294 0 310 0 0 0 0 1 0 0 2 0 0 0 92 2 0 20 0 2 86 22 1134 43 0 31 0 0 1 0 752 0 0 0 15 0 0 34 0 2604 0 591 0 0 0 1 0 24 0 534 0 128 0 41 0 0 0 46 2488 0 0 0 36
 1 0 0 0 0 0 0 0 274 0 0 42 0 0 0 0 6 2604 107 109 0 0 10 0 406 0 21 1 0 2 0 13 0 69 0 13 0 285 8 0 94 18 39 0 1122 3 0 6 141 21 0 0 3 0 0 1236 0 0 19 504 0 319 2 24 0 0 729 953 0 0 933 936 0 0 0 0 0 0 14 61 28 0 6 49 3 0 0 0 0 0 0 3 0 0 0 0 118 0 0 0 52 30 838 0 134 430 0 26 0 0 0 0 0 0 0 2 0 0 0 0 0 210 34 63 0 9011 0 0 0 507 9 9 0 0 0 0 0 0 0 95 0 2 71 3 992 0 246 0 0 0
 0 0 7 122 0 3 3 9 62 0 176 0 0 15 1 2308 0 801 59 3 430 33 0 13 0 619 0 0 0 70 0 1 3028 1251 0 134 1939 1696 27 166 0 0 0 109 25 0 0 0 0 0 37 0 12 10 32 490 349 838 0 0 0 0 106 0 0 60 471 0 0 527 0 0 393 0 45 0 0 119 673 139 216 4 0 7 240 82 0 126 1 167 4 0 1 0 0 0 2 0 6 2 28 0 0 86 7 81 0 34 18 0 86 0 393 0 4 0 88 0 26 0 35 0 63 9 0 41 1 0 0 13 108 17 3 99 0 3 0 694 0 0 0 0 10 0 0 1 13 3 0 0
 0 0 0 47 9 0 0 0 0 451 127 0 321 0 0 25 5 83 0 0 53 114 0 29 925 308 271 57 95 19 8 0 0 6 0 15 0 14 0 2 6 527 0 1120 2 3 132 805 1432 68 8 33 0 84 0 558 0 0 14 0 0 0 0 54 0 27 9207 0 0 85 0 535 0 41 24 0 0 0 0 0 0 15 0 18 0 0 3583 0 59 0 0 0 38 3 69 0 2308 8 0 123 0 542 40 17 3 10 0 91 0 2 67 2 350 0 0 5 0 334 0 1018 13 0 0 402 85 4 12 104 0 0 163 0 284 0 0 12 0 2 0 0 0 0 72 68 36 456 0 3 12 0
 130 2 45 6 0 0 0 0 0 0 0 0 7 28 0 0 6 0 0 200 0 0 5 212 0 0 0 7 0 0 0 0 2 0 0 169 0 7 5 0 4 132 2245 1 0 103 0 2 0 0 0 0 189 0 0 0 11 0 0 0 7 35 0 6 0 9023 30 478 17 28 0 0 205 0 0 28 0 0 7 91 115 0 0 4 0 0 134 15 0 0 804 13 0 0 13 31 868 0 160 0 0 0 78 0 2217 5 0 0 0 0 140 20 0 78 0 0 70 0 0 73 2308 0 0 0 0 387 0 8338 50 107 5583 26 40 15 0 0 0 59 5 15 52 0 57 1826 954 0 0 0 0 0
 1 129 367 0 1885 0 10 579 0 0 0 3 0 0 0 0 0 90 0 0 0 0 2 0 0 16 0 0 0 125 0 0 0 0 1 202 13 0 0 4 0 0 0 0 0 43 0 0 0 0 0 0 498 17 0 0 0 10 475 0 0 0 0 12 0 0 0 0 0 172 21 2 0 0 68 31 0 83 89 0 32 356 34 42 483 0 0 0 39 0 9 0 0 21 0 137 155 0 0 806 0 25 81 176 853 1 7 19 3 0 0 319 0 1 0 0 0 0 2 0 68 354 0 0 0 0 59 0 45 0 5 1 126 84 0 1 63 0 33 0 0 0 0 0 0 0 0 9 7 1598
 2174 0 0 0 0 0 2 168 0 30 0 0 0 0 0 9 0 0 0 9752 0 604 5 0 0 0 0 0 0 2 161 47 0 0 0 355 61 58 8 0 4 43 1 138 0 0 0 0 0 46 24 1 0 0 0 130 68 0 0 0 0 30 0 0 237 0 0 0 0 48 1 1 0 2 0 16 0 61 31 0 0 0 0 0 0 0 4 29 11 3 40 0 174 41 0 6 55 1 0 85 18 716 0 0 342 86 0 0 0 0 3920 0 31 0 1 2931 1 0 0 0 0 0 2 44 3 0 4732 80 0 3 0 0 24 87 0 59 0 0 0 7 0 0 128 0 11 7 2 0 59 0
 33 561 0 0 155 0 0 0 539 0 299 0 0 0 130 0 0 0 0 0 78 39 0 658 0 51 0 0 0 0 0 0 0 0 775 24 1368 3 0 0 0 0 1 83 61 0 0 218 30 0 1952 0 675 0 0 0 2670 0 30 0 0 0 302 0 2 541 0 56 29 527 11 0 0 37 0 34 12 1 1363 4 0 671 0 0 0 0 0 0 0 0 0 12 1 220 0 98 45 45 0 126 0 0 45 5 0 530 8 13 30 1 0 0 8 978 130 17 0 15 0 0 0 0 3048 0 19 13040 117 0 0 33 0 0 0 39 0 72 42 13 0 374 0 0 0 0 0 0 3 58 1 31
 76 519 0 713 6 0 0 34 0 5 87 5 0 0 6 0 0 0 229 1 378 0 148 729 1500 0 0 411 85 0 0 46 0 0 6 69 15 336 9 0 4 205 0 0 0 0 184 0 0 86 0 41 0 28 278 0 0 0 1 85 2073 0 0 4 88 57 0 0 0 44 3993 0 3482 2 0 0 2 0 0 128 0 58 0 0 3093 0 0 0 667 0 0 117 11 106 78 192 0 0 6 0 0 0 253 33 0 0 32 2 0 16 0 10 0 0 0 295 0 1 0 0 2 0 18 0 240 0 337 0 0 7 799 1055 0 3 0 6 0 0 681 178 15 13 789 37 302 0 0 0 26 0
 0 0 49 0 0 0 0 2547 0 0 0 0 0 0 0 0 40 0 0 0 185 584 898 913 0 2527 0 0 0 0 0 0 0 9749 54 111 0 0 0 0 19 0 0 0 2260 0 0 0 32 0 3 21 1 0 0 0 0 0 2 719 331 0 0 0 0 0 0 0 0 0 5 0 0 0 960 0 145 0 7 50 27 437 0 0 0 14 0 0 502 333 71 484 0 0 0 0 10 0 0 28 23 0 0 0 87 0 0 0 29 0 14581 277 0 0 0 0 0 0 0 0 1 0 162 0 4 42 108 24 0 0 0 4 0 28 0 0 7 58 0 31 0 0 160 0 351 46 17 15 687 0
 0 0 31 196 0 0 140 17 225 3068 0 509 517 775 0 0 0 0 994 7 0 0 0 38 0 0 3 0 0 15 15 14 0 0 0 996 227 88 0 0 0 246 0 44 0 0 0 4 0 0 6 0 0 1 0 0 45 64 17 226 33 0 18 0 0 34 0 0 454 91 81 6 0 0 0 11 162 5 0 7 2 16 3671 0 2 0 104 0 201 2 29 436 0 0 0 1 241 6 0 16 19 3 14 0 2 89 15 58 0 5 0 0 0 77 163 65 0 0 0 0 649 2301 0 153 204 0 17 2 54 0 73 0 0 0 0 0 288 305 0 0 8 2 330 0 2 0 0 0 0 0
 107 0 10 2 0 0 0 150 540 246 0 0 0 7 43 1 0 157 0 0 0 0 1182 0 0 1764 2 0 0 17 643 33 15 0 0 0 0 0 434 8 176 0 0 45 402 1 538 90 3 0 0 547 0 23 0 28 117 0 143 0 0 0 0 0 2519 930 0 0 78 0 0 0 0 50 0 4 8 321 6 10 799 0 75 0 0 0 114 0 570 0 0 151 18 0 68 11 560 0 124 41 36 0 0 0 2 0 0 345 0 0 10 34 538 0 0 27 0 0 0 1 0 5 37 0 0 545 0 4 0 0 0 0 0 0 0 0 27 1 7 0 166 0 0 0 0 6 52 0 0 0
 0 0 0 66 31 69 0 402 24 4 0 0 3 31 1 0 2 0 0 0 75 565 0 0 0 0 0 5 4 1 0 8664 0 0 0 0 3 0 98 38 0 6 0 0 5 0 0 0 0 348 702 0 0 688 224 0 58 0 0 0 0 1 0 0 0 0 0 0 2 332 0 401 0 0 0 411 8 0 0 142 91 0 159 0 3 0 0 0 0 4 17 846 0 0 0 0 12 0 0 1 360 201 93 0 124 15 10 0 0 0 151 0 1 35 1500 34 2 93 0 32 81 1 0 5 0 0 0 14 131 0 0 85 1 0 0 0 13 64 0 0 0 0 25 0 10 0 0 0 2 0
 0 132 0 3375 0 0 0 0 1 2 0 0 184 0 6 0 0 114 6 0 0 0 0 9 0 0 26 50 0 0 0 0 85 0 802 0 4 0 0 3392 7 0 8 0 435 1 0 5 2 0 0 0 52 0 0 75 0 126 0 290 0 0 38 70 388 0 0 0 29 46 0 0 114 48 196 0 0 0 0 158 44 0 79 251 83 40 0 48 0 13050 538 48 2 0 47 0 72 11 0 43 0 0 0 0 104 10 38 121 134 0 0 3877 125 23 329 0 226 0 0 10 3671 0 103 243 0 0 0 908 6 678 953 0 0 0 4 0 0 0 0 0 2 0 0 24 449 80 0 105 178 0
 0 5 0 799 106 4 0 372 0 122 232 0 0 0 0 0 201 88 330 0 12 0 0 210 0 0 0 24 34 538 0 0 1 0 9 247 0 143 0 0 92 0 0 0 1641 0 0 0 0 0 56 65 794 8 0 0 0 5 0 141 0 0 98 294 142 6 0 8615 0 0 0 0 0 0 0 0 0 0 63 0 7 18 0 0 10143 34 47 0 0 277 70 65 33 0 0 0 1577 0 97 0 0 36 2 0 0 0 0 66 0 0 0 0 0 2 0 0 0 11 0 0 10 0 5242 0 0 0 0 609 0 72 0 0 0 240 29 96 59 12 560 0 21 540 0 0 0 297 35 0 0 30
 0 0 51 48 57 0 317 2 0 0 60 41 1474 16 0 0 0 11 0 69 22 0 9 0 0 0 762 1 0 0 0 0 479 149 0 0 0 161 0 0 0 0 0 0 1 0 0 3 0 546 0 0 0 0 43 209 0 820 7 1 0 0 0 3 0 0 0 143 2214 21 1290 0 14 1 19 685 2 0 0 0 443 0 70 0 215 6 32 132 30 1172 1827 0 0 0 799 32 0 0 9 0 0 31 36 0 187 12 0 0 5 41 47 0 34 133 238 22 0 0 0 2 121 155 0 0 0 0 0 17 80 0 0 0 0 0 1430 0 0 0 0 0 0 0 71 0 19 0 0 30 35 0
 0 50 0 332 61 21 170 0 61 200 0 0 55 2 0 0 0 0 0 882 0 0 0 0 0 1340 15 27 0 13 6 139 0 0 0 0 0 0 0 1776 0 33 0 0 0 0 98 58 84 120 0 9 0 0 0 13 0 0 610 0 0 34 0 6 1386 21 115 452 78 6 0 0 129 0 0 38 0 0 9 0 331 8 10 406 0 0 78 0 0 0 862 311 0 0 0 0 0 0 0 3640 632 0 342 0 0 0 7 0 0 0 694 60 0 0 0 0 20 0 28 0 0 7 36 0 0 960 14 0 0 0 0 0 0 0 0 0 13 1 0 58 0 21 160 147 60 2 550 0 0 1
 19 0 0 0 0 0 29 29 66 11 31 2 109 0 0 85 0 0 169 0 0 2643 0 0 310 0 10 0 0 32 153 8 8 0 0 64 0 0 0 0 0 7944 8 0 0 26 19 0 0 89 0 0 345 5 347 0 93 8 0 6 0 0 0 182 14 180 76 115 0 969 7 0 0 0 0 569 3 13 88 240 0 341 15 141 0 0 90 63 0 0 6 0 24 0 72 1208 0 15 0 267 648 42 0 18 0 195 37 0 0 0 1556 9 0 109 171 9 0 2488 0 0 13 1229 11 0 16 7 0 0 0 0 0 1 367 0 191 3207 634 29 0 0 3 2 0 0 0 0 0 0 0 14
 1190 0 0 1359 0 3 15 0 60 10 0 14 0 0 31 2 86 147 10 0 0 0 18 3 0 952 0 0 0 0 451 0 15 0 0 130 0 62 232 0 8 0 7 0 0 0 55 0 0 0 21 12 0 34 168 0 0 0 118 14 1138 194 268 6 0 0 0 0 0 0 42 4 0 35 0 1318 7 86 7 0 37 261 6 112 1 37 189 1 347 18 0 45 246 0 0 81 0 0 1327 0 7 2072 312 0 0 12 0 111 8 0 0 0 0 0 0 0 0 506 183 195 88 1094 0 0 0 211 2 0 12 1394 0 46 471 0 1 114 0 0 728 6 0 0 33 0 21 0 229 4 0 691
 131 45 0 0 0 77 0 325 8 0 2 693 73 0 12 276 0 0 352 238 17 65 0 50 1 0 0 30 2 0 0 116 0 0 0 110 88 0 376 0 15 59 0 0 0 5 0 111 1740 0 58 0 0 806 0 0 0 2514 0 25 0 482 0 0 23 0 0 0 27 0 0 1127 13 154 0 221 0 0 0 235 51 0 0 64 3 0 0 0 35 80 353 9745 24 1180 0 0 31 41 0 228 0 0 0 0 22 15 50 0 0 0 0 1 23 0 33 0 50 0 24 13 342 0 0 0 0 0 204 17 0 4 2 0 6 47 8 0 0 12 0 866 34 0 0 0 0 0 2 58 0 0
 465 0 6479 0 0 0 0 63 167 0 43 0 231 0 0 87 0 245 0 0 0 0 0 0 0 532 84 0 0 16 1538 3 1 26 0 0 131 0 6470 0 0 1 100 20 7 9 18 0 14 0 0 0 0 121 568 0 0 0 0 19 0 298 28 0 0 3 0 0 0 53 4 34 0 71 76 5 0 0 0 0 0 28 7 0 0 0 71 0 0 0 0 0 0 50 1500 5 0 0 0 4 94 0 74 0 0 681 0 2 0 0 5 0 0 0 0 0 0 11 28 29 5 17 0 26455 0 0 27 3 36 0 1955 0 0 0 0 0 0 72 60 0 0 1 0 0 30 21 11 11 1902 208
 0 0 0 0 0 12 0 11 0 0 0 8 0 1 0 209 0 0 2 0 1222 0 0 0 5 0 0 0 0 12 122 0 38 0 0 8437 0 0 48 0 134 2678 0 68 0 555 140 0 16 5 3 0 0 106 0 0 0 0 0 733 23 0 0 89 11 0 0 20 0 0 216 2 29 0 0 0 0 0 477 0 51 5 270 38 3 27 0 79 19 0 43 0 18 3 9 33 0 0 0 80 1 0 3 0 728 343 0 0 29 0 0 0 0 466 55 0 0 0 0 0 0 0 1055 19 95 0 0 20 0 251 0 0 333 0 11 2036 0 0 0 4 0 3 6477 0 0 31 24 0 0 9
 0 0 56 799 592 1 50 0 0 37 15 0 0 0 4 3 28 0 0 0 0 0 59 18 564 0 0 1 16 2 95 406 0 0 255 15 0 3 15 0 44 0 0 0 0 1 45 0 0 0 32 0 0 0 95 0 2958 0 322 0 0 0 16 0 0 0 15 0 1 0 0 85 0 0 0 185 0 1038 0 0 0 0 0 0 0 0 0 101 1906 0 14 41 16 0 2488 16 628 0 16 260 0 11 50 0 0 46 0 10 24 0 0 0 8 8 767 0 0 1203 0 0 0 0 104 4 0 24 0 44 1158 0 0 20 0 192 0 184 7 19 1 288 206 0 6 53 0 0 0 0 16 0
 0 15 26455 0 0 0 352 9 0 61 0 0 12 1 0 7 40 0 1 2963 34 63 0 130 0 0 578 26 0 6 23 16 31 1566 64 22 0 0 0 0 0 0 583 0 0 0 74 0 38 3 0 670 1007 0 0 0 0 0 0 0 2303 13 36 4 0 17 0 0 0 0 0 188 19 0 125 11 108 9 2529 0 0 0 0 86 0 0 0 10 626 0 0 46 53 8 0 0 175 79 6 0 0 174 0 0 28 39 3 0 0 1 0 14 0 0 0 10 65 45 60 0 0 65 341 1632 0 0 68 0 0 47 9 10 118 0 0 628 1009 0 0 4 1805 66 0 4 145 63 1 9 0 2
 5 238 75 1371 0 836 59 151 0 37 26 24 0 31 32 0 20 209 0 0 0 0 0 0 0 0 5 247 60 2 0 0 0 1 0 0 241 1082 0 0 0 29 272 79 49 0 1595 0 275 1460 0 0 0 0 47 1 0 0 92 0 0 0 6 47 106 939 64 0 0 0 1021 20 3 34 0 0 19 0 4 0 39 9 4 0 10 0 0 0 0 0 0 0 0 0 14 0 138 0 0 0 0 110 40 19 0 0 984 0 0 0 0 0 1397 454 0 82 0 9 5 0 9 34 3 1827 5 0 0 97 79 0 0 8 22 4 68 0 0 0 0 0 0 0 0 48 0 145 0 0 27 661
 25 3079 152 0 0 9 175 41 320 0 76 767 54 394 0 0 7 0 0 422 17 130 0 2 0 0 737 346 0 0 0 0 20 0 864 0 8 0 807 5 0 0 1 0 0 21 0 0 29 0 0 20 0 22 157 25 47 6 0 0 1237 11 553 10 61 0 253 173 0 0 0 55 1753 0 2 0 0 248 20 46 0 0 0 0 961 3 0 411 0 0 189 542 0 0 206 0 0 0 41 0 0 0 0 0 0 0 2 0 0 0 0 0 105 0 0 0 1385 0 0 36 112 12 761 0 0 3 251 0 0 0 0 0 0 0 0 2 0 0 0 0 1516 1 33 0 0 6 184 0 8 0
 0 0 0 2 2 0 0 896 0 0 122 0 0 21 245 0 7 0 0 0 5 1 38 0 0 0 0 0 0 139 128 3 208 0 0 0 13 0 0 6 0 0 0 4 0 72 51 82 0 0 1311 0 0 0 16 72 72 0 0 4 799 8 55 0 0 14 62 18 0 0 0 1505 132 4 44 0 64 13 0 3 37 230 0 532 0 0 1 0 15 0 0 0 8 40 207 847 10 0 0 1 159 82 0 155 85 260 0 111 0 0 0 0 0 4673 1 4 507 5 0 120 14581 205 2 0 0 0 0 0 1 0 0 1298 13 27 0 38 517 6 473 0 101 17 0 16 0 0 0 0 376 0
 0 224 0 17 67 24 0 29 4 0 0 109 3 0 33 0 17 659 29 318 0 67 0 176 348 384 454 97 0 332 49 1 0 28 173 9 0 40 569 0 0 9 3 140 0 44 112 0 0 85 0 0 0 2 443 0 0 0 1620 9 156 0 34 0 61 118 240 0 0 2 72 46 19 0 0 0 0 0 0 3 1 0 0 6 1 0 24 176 0 0 0 45 240 0 0 34 194 0 0 0 0 7 0 0 0 2 274 0 0 10 0 0 0 0 0 0 429 0 16 10 0 0 13 49 2133 0 116 202 0 107 0 2266 0 0 6 0 0 0 39 546 0 5 4 21 0 0 0 178 0 0
 30 12 0 79 0 64 0 7 37 7 0 30 0 0 0 217 0 0 0 110 1 0 0 96 0 0 0 0 0 1 0 54 159 0 2 250 68 2300 10 4 0 141 0 18 0 1112 38 69 4 0 0 9 1109 0 22 0 397 0 71 0 17 2 832 19 0 0 302 0 0 0 1815 148 0 99 0 22 6 50 163 10 0 0 0 0 0 102 0 354 5591 0 0 40 183 240 0 0 0 73 0 0 0 0 0 0 140 88 0 1189 169 0 0 18 110 1375 223 5 10 1 0 0 0 0 90 0 0 0 600 0 18 0 0 105 15 0 40 0 0 63 0 0 0 573 0 0 19 0 0 0 0 1
 0 0 0 3 0 72 0 2 0 0 558 85 0 7 657 0 2 0 43 0 9187 220 64 100 0 0 0 0 3 0 0 0 252 0 93 5 0 7 8 0 10 0 0 1012 0 0 17 0 7 0 0 0 0 0 30 102 3967 0 0 0 545 11 32 1641 0 0 67 0 674 15 0 0 924 0 0 6 19 0 0 0 118 0 10 1104 0 211 4061 122 0 38 0 0 20 0 122 0 0 48 54 0 85 0 17 0 0 0 13 0 0 0 33 0 0 0 0 51 59 516 11 342 0 192 2 0 0 132 20 0 0 0 546 0 0 2 3496 77 0 0 0 0 0 0 0 234 223 2051 0 0 0 328
 0 0 714 18 17 0 0 23 0 60 0 3 30 42 0 98 0 5 0 0 7 0 14583 9 1 0 0 13 0 109 8 196 0 189 0 4 2 67 0 0 0 2 100 0 1 0 0 1169 19 12 10 0 1106 195 0 0 0 0 0 21 648 466 0 35 0 0 1 7 0 4 0 44 79 22 0 26 0 45 0 11 0 0 7 76 15 3 30 155 28 260 0 0 0 0 0 55 143 0 0 122 1 34 0 0 0 10 0 16 67 845 32 0 837 0 129 0 0 0 0 119 0 56 0 0 0 3899 8 96 0 0 619 18 0 171 28 168 0 0 0 0 0 22 46 138 14 2 0 0 0 396
 89 39 0 0 0 0 32 6 58 0 0 514 69 0 180 7 168 0 0 0 0 32 0 0 131 0 1 0 0 0 330 25 0 7 0 0 82 5 0 0 40 3 0 0 0 0 87 0 0 618 1 192 542 1 2 0 9753 21 1363 37 431 0 10 9 0 0 0 22 0 0 1 518 0 108 7 41 3 0 0 1 0 19 0 0 222 1 0 2 194 15 0 0 0 0 94 28 0 0 29 59 467 0 4 25 0 0 48 66 0 0 0 42 1382 0 13 0 0 0 0 1640 0 1 0 0 220 0 0 69 0 59 0 0 0 741 0 0 99 30 138 1355 4 0 71 411 95 0 0 0 0 0
 0 0 13 0 27 291 3529 0 0 0 0 0 124 668 0 16 0 38 37 1499 0 0 1 358 0 0 0 173 0 0 125 0 3048 5 1327 46 0 0 56 27 0 306 6 143 79 73 0 22 0 275 101 2 0 0 0 195 0 0 0 141 3 0 0 0 0 0 9 112 2 323 7 6 0 1 153 0 0 8 0 0 62 0 0 0 0 0 0 310 0 8403 0 2 1 333 0 127 108 0 0 2 0 0 4823 0 0 0 0 411 1 624 0 0 5246 10 0 0 2 0 7 60 0 153 0 62 0 1025 0 0 0 337 33 420 0 0 17 1 402 0 19 408 2981 116 0 38 0 0 1693 9 0 0
 11 0 0 3 0 11 0 143 239 0 0 0 0 35 0 0 78 0 0 0 121 0 14 183 2 2 1 0 0 0 0 535 0 0 0 40 17 0 72 291 105 17 6 0 0 1105 1043 0 0 0 0 36 19 193 39 6 0 1 124 0 26 0 0 0 0 253 57 0 0 0 0 0 173 122 4 187 935 8 20 5 7 0 0 0 561 0 0 0 0 0 262 0 0 0 0 0 71 47 118 0 0 0 0 791 0 0 1 0 201 1 0 8 0 0 0 0 1715 128 44 1 28 68 0 259 0 0 1397 0 0 0 59 58 40 0 7 100 3 0 0 0 0 0 122 0 0 0 0 0 0 0
 0 0 0 0 301 0 0 3 0 138 0 0 0 0 0 199 1 0 0 1013 0 202 0 1 0 8 0 6 0 0 16 27 0 168 1 0 3 0 33 0 0 288 0 0 0 54 0 71 0 0 65 0 4 0 0 0 2 0 11 0 1 107 22 0 0 0 0 0 38 0 0 1 0 9 0 4 140 10 0 0 0 0 270 1527 9 0 82 0 0 3021 3 0 0 6479 0 0 0 1 4 1 2181 0 0 0 1 0 0 30 114 15 0 20 17 276 0 20 0 0 0 0 0 0 234 0 203 0 1886 611 0 0 53 0 0 7 1500 113 0 0 0 79 2 21 17 0 18 1 8 0 3 0
 0 0 0 503 0 0 0 5 7 0 0 443 0 0 0 0 4060 40 14583 0 163 0 105 0 0 232 0 0 302 0 0 116 0 0 13 0 0 101 4 0 0 0 0 18 0 4613 0 0 66 0 0 0 0 417 0 0 41 14 1 0 1181 0 0 859 40 33 0 0 193 0 0 245 0 15 111 0 0 31 354 0 1 0 32 0 0 0 85 30 423 0 0 0 0 31 229 0 37 19 59 3530 37 0 0 54 0 0 24 0 0 325 27 0 1 141 0 39 0 6 8 0 0 33 0 0 14 0 0 0 0 0 29 0 0 0 0 0 0 282 0 0 0 138 0 175 0 0 1 18 0 0
 81 1 8 0 791 60 0 94 1357 0 0 0 0 0 36 0 49 0 0 0 2130 17 119 0 0 0 0 129 63 0 68 413 0 0 0 40 582 40 40 0 0 175 110 0 0 123 1 13 0 2162 45 0 0 0 8 7 12 0 56 15 0 0 0 0 0 0 35 0 43 0 0 0 0 476 392 33 0 0 0 0 0 181 233 0 19 0 11 8 0 14 3 248 14545 58 0 0 350 363 7 0 7 0 0 0 0 0 4 0 0 0 0 96 0 402 0 0 0 53 0 1 9 0 0 0 0 30 0 0 0 345 80 0 2 0 0 0 0 0 5 0 0 9 2580 0 0 0 0 0 14 1423
 0 0 0 1222 0 0 0 0 0 0 0 0 28 0 0 2 0 0 654 68 5 27 686 3436 0 0 162 0 107 0 29 10 0 0 8 95 4 9020 4 17 3 0 0 118 0 15 0 0 0 41 0 11 0 0 0 0 59 139 0 251 0 11 87 0 0 2600 0 0 10 8 410 376 0 0 23 0 9 1160 0 4 0 5 599 0 359 0 0 6 0 249 0 0 1 2471 5 0 0 36 0 0 45 2 88 0 0 47 19 0 85 0 0 3 40 469 0 330 226 3 72 0 30 11 0 26 305 2 0 33 0 0 0 1 0 0 7 0 0 0 0 47 708 0 1930 63 15 0 0 0 6 156
 25 0 37 1 0 0 5 0 111 97 157 400 40 0 0 0 7 1 624 35 0 132 0 4 0 0 0 0 0 0 16 45 37 0 642 0 16 376 0 0 39 1 0 839 0 0 201 370 0 0 0 150 0 0 0 16 0 0 0 46 0 65 0 871 1 837 49 10 849 3 51 3 415 269 6 0 0 0 0 686 316 1 1931 0 0 46 0 0 0 13 7 2 0 0 55 0 0 0 5 0 18 47 0 0 1 762 0 0 110 0 0 41 0 60 0 0 0 278 0 0 43 0 0 1 0 0 0 11 42 0 0 238 8 310 0 0 0 0 697 1356 0 2 2 0 46 175 27 0 0 0
 5 0 0 1479 72 0 0 200 0 0 0 28 90 0 409 40 2223 3 0 0 0 0 1 34 126 0 4 92 42 0 0 0 0 17 342 220 447 0 0 0 0 0 0 0 0 0 34 274 0 0 0 0 0 0 118 0 0 352 1 21 4 0 0 1 217 56 0 147 0 0 16 0 0 0 926 0 0 0 0 2 0 0 0 31 0 0 0 0 0 0 3 0 0 510 0 718 24 117 0 0 0 256 2 0 10 0 0 179 0 0 0 657 0 84 13 0 748 0 105 0 0 2284 0 2604 308 77 0 0 0 0 0 0 281 9 166 0 0 140 3 129 0 0 268 4 0 260 0 0 0 1
 3 0 0 0 0 43 0 40 8 0 17 0 20 0 348 0 20 161 1312 0 1 4 0 42 10 0 1204 0 0 0 16 0 2 0 540 0 0 0 1300 97 277 0 0 20 0 835 8 15 9 44 0 169 2 0 0 0 446 0 20 0 27 0 2580 0 0 0 0 13 91 99 43 29 0 0 0 1 417 9116 116 1 70 0 7 0 0 33 1 0 0 4 0 47 12 0 5 1 0 2539 0 0 0 1352 0 80 0 0 41 0 0 0 1362 346 0 0 7 0 0 0 1 666 0 2300 0 23 0 0 0 0 18 0 18 0 59 168 346 4 1 89 0 248 0 0 14 0 0 12 30 0 0 0
 0 101 0 57 0 160 0 0 388 992 0 0 0 0 0 0 0 88 0 0 39 0 0 0 430 0 0 0 0 0 17 27 41 3 5 7 0 0 85 485 94 0 117 0 43 17 111 83 4 144 526 0 0 0 6 25 11 0 23 0 27 0 0 119 0 0 242 0 1 2136 0 0 65 220 0 0 1150 8998 43 4 0 274 0 80 0 184 185 16 0 0 36 12 0 41 28 0 278 38 0 110 0 171 0 0 34 0 8 1 0 0 14 0 41 0 485 0 8 6 18 0 426 0 12753 214 0 0 0 0 0 0 4 234 6 0 5 4 128 441 0 175 0 0 1 71 4 2 0 205 0 0
 0 0 6 0 0 11 0 0 0 0 245 30 0 20 0 0 0 0 0 0 0 0 0 0 0 0 0 0 141 0 0 13 0 160 0 0 307 0 0 0 0 0 4 229 19 115 0 1041 23 0 29 0 0 0 22 181 0 1 2 0 0 40 561 0 23 85 2 4077 0 0 0 0 134 0 22 1 0 0 0 251 42 5 165 0 0 0 0 0 0 220 8 0 0 6 0 6 0 70 237 0 10 0 3 59 0 0 43 2 1109 0 62 0 0 0 0 0 1254 25 0 0 55 0 4 1043 14 0 0 1886 0 455 0 0 0 160 45 1098 234 0 280 365 0 2 0 0 752 11 17 133 34 0
 0 0 0 0 0 0 0 36 18 0 0 276 63 0 0 13 3530 18 25 7 16 0 0 7 0 7984 5 7 48 41 0 0 0 237 18 0 1965 0 38 0 0 7 0 0 7 0 10 89 0 6 0 2075 16 0 0 26155 0 0 1 1 0 6 49 9 0 0 66 221 38 0 8 0 0 15 0 0 214 0 0 0 0 1 835 1 7 12 51 0 0 2 0 0 29 195 6 0 0 0 1282 0 0 0 0 0 7 0 0 49 28 7 22 0 226 0 8 6 97 169 277 18 0 56 0 0 0 5 0 0 0 0 0 562 49 7 0 0 0 24 31 28 73 38 0 0 229 0 220 34 3375 0
