150
 7 76 0 106 333 0 0 4 664 19 241 458 0 0 0 468 0 0 0 406 0 0 130 0 0 41 14 8 85 87 21 0 0 0 1658 0 19 0 106 0 0 1674 0 0 0 0 0 61 16 9 874 0 15 0 0 623 3 6 274 0 29 34 0 27 0 354 26 452 4 379 0 132 0 0 124 11 0 29 0 0 0 0 0 109 0 2 13 118 36 57 270 0 15 0 0 0 22 4 0 0 4 3 0 5 34 0 19 0 957 0 0 0 0 0 0 9 284 0 4 3 57 132 0 0 0 0 0 675 87 96 0 0 49 58 0 0 117 0 2 0 13 42 0 979 0 0 0 1 0 6
 0 0 0 44 0 0 0 14 1 6 0 0 47 3 1 0 0 0 3 38 0 0 0 0 0 0 0 2 17 2 24 0 0 0 0 446 0 443 0 0 3 180 0 0 0 0 0 0 14 3 1 1 0 1490 8 24 49 1 20 13 0 0 0 0 0 0 173 18 0 0 3 2 0 2 0 0 0 0 14 0 146 164 1969 0 0 87 243 1 0 248 0 77 0 0 8 11 0 87 1 1373 0 0 18 0 435 3740 86 0 19 0 0 0 980 0 0 0 1 605 0 0 0 0 0 26 23 0 0 0 123 0 0 0 290 0 0 5 0 0 255 7 5 726 0 21 8 88 5 0 22 0
 755 0 18 0 9 63 19 0 0 0 0 0 0 0 2736 0 0 0 0 0 188 29 0 5 0 0 7 0 19 0 61 37 0 195 0 2400 0 4127 14 0 0 0 0 0 717 1004 0 0 65 0 2 1 15 3 0 48 0 1 274 0 82 0 0 1967 12 81 313 0 84 6 0 4 0 17 959 5 0 0 2 15 0 0 81 127 119 0 0 0 3 0 1 364 87 0 5 23 36 0 0 0 0 91 1 0 0 740 0 102 4 5 0 0 0 15 5 0 0 0 25 73 93 0 0 64 1 107 0 7 0 0 0 0 13 0 28 0 0 2 0 0 2405 16 0 203 0 76 7 6001 0 7
 0 0 6 13 6 5 23 151 0 3 0 0 0 560 15 7 22 0 54 0 0 12 0 0 26 0 0 851 22 0 355 0 0 111 60 0 0 0 2 260 0 0 0 0 0 2 0 8 10 0 916 0 0 149 0 66 16 566 177 0 0 32 1 26 0 54 0 23 0 3 42 163 0 23 246 0 1 0 0 51 439 0 0 0 804 0 7 7 16 0 0 21 0 92 0 294 58 0 5 0 0 50 878 0 1 0 0 1035 0 0 0 44 96 143 0 198 0 0 0 0 0 0 0 134 0 102 25 36 0 31 0 34 0 0 0 0 23473 19 5 0 3 0 358 0 0 0 0 0 48 1
 0 458 0 0 26 0 0 0 0 0 18 0 0 0 0 16 0 458 0 0 0 0 0 0 0 856 1020 3 27 0 6 285 0 3 0 112 29 0 0 0 0 0 0 0 0 0 14 10 71 1656 30 116 14 156 0 0 0 0 0 6 0 381 0 1 0 0 0 0 0 45 538 0 35 0 3 0 0 0 0 0 0 1 0 0 18 0 976 0 0 55 0 0 0 1 0 355 0 4 0 0 1 26 4 0 128 0 0 13 134 0 414 0 7 0 0 30 8 28 0 6 0 0 0 2 106 0 4 530 0 1696 596 793 0 0 13 6 0 17 0 37 0 0 0 6 61 0 1 0 135 17
 0 15 0 0 338 36 209 13 0 0 6 299 0 41 0 0 0 9053 834 124 0 0 0 1335 0 0 0 0 116 0 5 191 0 1601 0 0 0 1 0 0 0 0 0 31 80 112 339 4 98 0 0 0 0 2 0 0 215 52 0 0 0 4 867 270 1156 0 15 0 12 1 289 0 0 0 485 7 0 15 12 127 0 5339 17 0 0 0 28 10375 209 71 2 14 23 771 2 5 115 0 58 0 0 0 0 0 0 38 0 100 0 344 5 57 0 414 537 88 3 8 0 1406 0 51 3 1 0 0 41 0 0 0 0 0 87 0 0 0 6 4 0 0 1 0 0 349 167 63 0 0 0 21
 6 0 0 0 0 0 0 2 0 0 58 3 0 0 0 9 0 0 0 0 0 0 0 0 8 0 3 225 77 6 86 22 0 9 45 1 75 0 1 259 0 0 0 0 0 0 118 0 57 0 0 0 137 2 20 0 0 0 24 16 10 17 0 0 0 124 4 15 792 218 254 11 3 5413 4 0 23 982 1567 18 0 0 0 58 1 2164 40 0 0 0 98 21 363 0 122 7 0 0 0 0 18 142 0 10479 81 0 21 75 0 17 758 0 0 0 853 23 0 69 614 27 58 0 0 0 0 3 402 140 0 0 0 0 12 17 56 57 97 0 0 0 9 36 12 0 0 13 49 297 0 85
 0 0 18 0 99 0 0 115 45 283 511 0 0 0 1199 0 25 0 7 679 245 0 0 65 1 0 0 0 8 0 15 13 0 0 3 261 0 262 0 0 0 0 0 0 488 0 0 0 0 54 0 245 0 606 276 440 0 4127 0 0 110 57 92 0 0 0 25 10 120 0 4 0 0 0 54 0 0 11 0 0 104 1 180 1 21 0 165 0 4 136 0 3 1 46 628 21 0 106 628 0 0 14 5 0 0 7 150 5 0 14 60 0 0 92 0 0 0 0 0 198 0 0 28 0 1280 0 0 0 0 0 0 1 0 0 0 0 0 0 0 0 0 0 0 262 269 0 0 6 0 0
 0 0 10 9 87 120 604 0 1 0 0 0 0 0 19 0 31 86 41 5 0 39 535 0 0 0 9 7 337 0 353 0 2 49 0 0 0 0 0 44 0 0 0 0 75 0 1 1786 0 441 19 0 1 71 3279 8 0 532 0 7 647 2 0 0 0 0 18 0 0 310 0 1059 1 0 0 1 0 20 0 120 14 0 8750 0 116 0 0 0 61 233 0 0 1748 4 5 2 14 0 2 0 37 0 0 3 28 0 36 0 0 0 44 7 168 0 229 1 0 0 0 0 255 3 0 0 0 0 0 290 1699 874 0 0 106 0 0 4 50 0 438 0 12 0 0 28 0 0 0 0 47 0
 0 0 0 0 14 8 5 0 289 0 0 36 0 0 21 0 40 7 0 0 0 0 10 0 0 0 15 221 149 0 0 16 0 3685 14 95 41 0 10 66 57 87 136 99 41 44 5 650 74 0 0 0 17 0 0 0 1 4 0 0 16 0 0 462 30 0 24 0 4 0 135 0 36 255 0 21 274 136 0 0 36 0 0 127 0 0 0 0 96 0 0 5 0 0 0 0 95 0 0 4 0 0 0 0 1593 0 1 1 0 0 143 43 0 0 0 10 0 0 0 0 0 4 0 0 0 11 872 17 0 0 0 19 0 5 0 0 13 129 0 2 0 38 16 3 1 3 0 0 7 1059
 0 7 0 1 0 0 0 0 3 102 539 4 12 11 1 0 16 0 637 0 1 0 1287 0 0 0 0 0 14 0 0 31 13 0 59 0 154 16 0 26 4 36 81 0 89 32 0 0 0 0 669 0 215 0 61 0 224 194 3 0 0 6 0 0 0 0 17 0 0 0 3 0 81 92 0 46 0 0 0 0 0 0 0 7 0 0 1 18 66 2 0 0 0 7 0 0 0 0 4 65 76 244 0 0 0 0 17 0 0 0 378 12 199 0 0 78 5 8136 0 0 0 0 4 0 315 0 0 0 0 216 0 0 0 8 62 0 3 0 0 0 8 6 8 5 0 0 0 271 21 822
 0 23 14 52 2 0 0 64 64 0 0 447 205 67 22 0 0 226 0 30 25 290 10 4 0 0 0 0 0 114 0 11 0 0 4 32 85 7 0 0 54 3 5387 0 0 25 0 2 301 0 0 63 541 101 38 10 0 34 0 0 0 30 171 0 0 0 0 0 0 0 0 0 0 0 0 0 23 0 256 3 21 0 0 0 214 2 198 0 102 0 0 0 0 0 2 60 9 8 0 0 0 0 0 0 0 56 0 0 0 281 40 0 854 0 0 143 0 8 0 34 78 0 57 0 0 0 122 0 15 279 0 0 9 0 0 0 0 0 28 5356 0 0 3 172 0 0 15 3 0 0
 14 0 3 4 650 0 4 19 32 88 0 0 47 0 0 0 9 10 3 60 0 0 843 0 0 0 8 1745 0 1700 79 0 380 0 3 0 0 0 0 0 0 13 0 30 2 0 0 10 505 0 6 0 0 0 0 6 563 0 0 0 13 0 0 0 0 0 8 15 0 0 0 0 3 0 181 4 25 34 1 0 37 0 78 2 0 0 15 6 18 0 0 0 0 243 548 17 0 0 0 495 137 15 0 249 0 0 8 0 801 0 0 0 0 296 926 0 0 2 0 0 0 0 0 0 1 0 0 11 6 0 130 0 5 0 585 0 0 0 0 16 162 25 64 0 0 0 0 40 783 0
 51 0 312 0 359 0 15 0 474 22 0 0 0 0 0 0 1 15 139 10 33 25 0 19 0 0 2 0 0 6 0 9 28 0 30 0 0 7 0 0 0 1 0 29 0 0 34 19 0 0 0 243 1 0 17 44 0 0 0 0 172 0 14 14 0 0 0 0 79 41 0 4 0 0 3 16 0 1 0 6 90 0 1 0 0 1 0 0 229 0 0 0 236 198 5 9 0 0 0 0 24 67 19 0 1189 0 0 186 0 6576 0 105 65 6 359 0 0 0 0 0 59 0 0 5 0 0 7 0 4 0 0 0 0 0 0 0 0 52 0 0 88 2 163 68 6 0 8 0 0 0
 0 0 0 0 0 801 14 0 0 0 0 0 0 31 4 1 0 0 101 0 17 7 0 0 0 53 0 41 526 19 887 0 33 348 0 31 15 18 0 92 4 37 66 23 5 0 13 0 8 0 270 446 2 0 31 0 95 0 0 0 771 0 291 0 6 31 0 0 49 2 7 0 8 0 0 0 138 1 60 69 0 154 28 410 0 0 0 388 0 163 0 4 0 0 0 141 0 0 6 0 9 156 58 0 0 65 1 0 0 0 480 105 585 0 0 21 65 0 0 0 19 6 87 232 0 0 61 5 0 334 0 0 0 0 0 0 32 0 9 16 254 125 0 10 5359 0 0 18 1 9
 0 0 164 0 0 17 0 296 31 10 45 198 2 23 0 127 1229 174 5 40 0 0 756 0 0 0 0 0 2 152 0 0 64 24 0 0 203 10 13 0 0 51 0 6 10 2 5 9 0 11 69 0 26 547 4 2540 0 0 0 0 21 0 1 56 18 2 0 2 0 0 0 21 1298 0 188 0 2 0 0 0 0 20 0 0 0 0 0 46 0 0 43 165 49 19 9 65 0 0 0 0 0 22 0 0 0 0 0 10 0 0 44 50 0 94 11 0 621 0 75 1 3 78 4 0 0 0 0 0 0 2 5 2 22 10 0 1038 0 1 0 6 0 1 7 0 11 166 0 93 3279 0
 5 9 6 0 0 0 215 0 0 0 0 871 0 0 9 0 0 9 0 23 0 0 0 71 0 4 0 0 68 7 10 990 242 0 0 1232 0 0 1233 0 0 21 0 3 18 0 88 0 0 0 0 0 0 5 31 7 3 0 0 0 0 2 0 0 10378 0 1518 1127 0 29 2353 0 339 0 12 154 18 0 0 150 67 41 50 0 0 0 18 227 37 0 11 52 0 0 0 0 293 1 25 117 0 103 0 245 0 6 0 0 70 0 0 11 24 4 112 0 120 29 0 380 0 76 0 198 0 1 0 57 0 0 0 0 0 0 9158 0 91 0 6 0 0 0 0 681 0 0 0 3 98 0
 10 69 99 82 0 0 12 17 0 0 5 0 0 0 27 0 0 3 310 557 88 0 898 0 0 24 17 205 0 7 0 142 124 19 18 6 4 34 0 18 0 1 0 8 17 0 0 19 560 119 0 99 17 0 1 68 14 5 0 6 0 0 45 0 0 0 24 197 22 2 54 755 18 0 0 0 2752 0 0 0 0 49 0 0 0 0 14 0 0 0 3 3 36 4 261 0 122 0 1304 0 3 0 488 369 0 0 0 0 0 0 0 0 5 189 0 177 19 0 144 0 0 0 70 184 0 14 0 8787 0 21 0 74 13 0 0 45 0 15 3 13 5 0 7 164 0 0 0 0 10 0
 971 0 25 0 208 0 137 0 0 431 0 62 0 0 0 0 3924 0 2 3 0 0 5 0 53 85 324 0 0 52 0 0 149 0 197 0 3 0 0 183 497 0 0 1 0 43 0 0 15 153 12 0 183 0 2 0 0 0 0 511 28 0 16 60 714 0 263 12 0 0 0 27 0 11 0 1 0 0 290 0 27 432 353 0 0 1345 0 0 0 94 0 0 10 0 4 0 67 6 0 0 572 17 17 0 59 1575 0 0 0 3 18 5 2 108 0 160 0 0 1789 0 0 0 4 0 0 0 2 0 11 0 53 227 22 0 1 0 38 892 0 101 4 0 142 0 0 11 0 7 27 0
 0 0 133 13 45 0 5 0 0 5 3 0 0 0 0 0 0 0 0 4 0 299 13 0 18 2 29 106 0 170 0 0 0 1 0 168 0 0 0 3 0 10 0 207 0 23 6 0 0 0 19 0 0 10 3 7 0 0 0 23 7 1 0 49 305 0 9 7 434 0 5 38 0 0 0 0 3 0 12 8 0 222 1296 8 0 4 998 0 0 0 0 3 1672 0 4 0 0 0 15 280 10 51 0 0 0 0 0 0 0 4 0 0 0 0 0 0 0 58 447 5 0 0 0 92 80 0 299 45 39 0 4 0 93 0 0 477 94 0 0 897 0 0 0 0 0 20 7 5 46 0
 1 41 0 20 22 2 1 0 452 4 0 0 61 0 0 83 45 0 36 328 0 43 0 0 182 15 0 0 2 0 0 0 9 10 92 0 73 44 0 62 0 0 0 0 9 0 5 130 0 11 1 163 4 0 26 150 0 0 0 0 10 17 207 739 15 0 512 0 0 0 207 0 9 153 2 9 32 6 0 0 0 0 0 0 0 0 0 316 2402 16 4 0 0 92 1 0 0 0 0 0 1 0 28 0 0 5 0 38 0 0 0 5 66 0 0 0 0 15 0 8 0 0 51 0 0 0 1535 0 2 0 19 0 0 56 0 0 0 20 7 0 87 0 0 0 59 2 0 0 56 0
 33 1 0 0 66 0 46 0 0 0 29 0 227 0 0 184 6 120 75 0 0 5 0 0 0 0 0 0 116 111 40 13 1 0 0 0 1 0 1 308 0 0 0 180 20 0 16 719 0 0 0 0 0 58 0 29 0 20 2 0 0 0 17 0 2320 0 0 361 313 0 2 0 36 141 0 0 0 0 0 0 434 59 0 0 0 0 0 102 131 0 0 0 62 0 682 0 0 0 0 0 0 326 6 0 0 5 0 110 0 0 59 38 0 0 14 0 46 69 0 181 0 984 221 0 136 0 236 0 15 0 5 0 0 0 5 0 51 1 65 0 0 14 0 0 0 171 0 3979 27 0
 0 594 98 32 32 18 5 409 0 0 0 0 0 23 0 0 90 0 0 0 883 12 7 0 0 0 0 50 0 6 0 0 10 0 0 0 0 0 0 0 645 0 0 0 0 181 0 3 0 0 0 0 65 0 106 0 25 0 0 0 502 2205 25 561 59 20 1 0 94 44 0 0 3 0 0 0 0 6 0 97 0 0 0 33 0 0 422 5 7 0 84 49 0 0 0 0 119 0 0 0 0 0 0 12 31 0 0 0 1358 147 0 0 0 24 0 0 0 0 303 214 0 0 132 69 0 20 41 36 0 7 0 6 0 0 10 0 0 67 0 0 905 0 0 0 65 0 215 18 98 1
 73 7 0 9565 36 0 86 0 140 2 50 0 4 0 1 95 0 582 540 505 125 6 146 1 0 47 0 0 46 276 0 0 36 0 754 0 0 0 0 0 19 28 0 0 9 88 0 0 38 44 16 162 40 0 60 0 0 21 0 0 14 0 0 0 0 0 126 0 10 180 0 132 0 0 0 0 0 87 42 0 15 0 5 95 0 21 4 62 0 1 0 47 0 0 0 0 0 0 69 0 0 18 0 58 78 0 0 15 0 0 395 2 4 0 0 0 0 4 43 0 0 13 32 31 0 0 326 0 0 0 0 0 20 0 0 0 0 13 0 0 0 3 0 0 0 0 0 226 1749 0
 0 21 49 0 0 4534 0 0 424 236 16 0 0 76 0 14 11 76 0 0 0 22 1 2 1407 477 0 2 11 0 0 22 0 259 2 25 0 0 0 37 0 0 0 0 0 0 0 86 7 119 0 0 0 0 7 44 579 0 23 0 0 836 19 7 2 0 184 78 19 0 327 79 0 31 0 0 570 22 0 16 0 0 0 41 387 259 0 165 449 0 77 0 0 36 1 0 5 0 6 3 618 0 0 1358 579 72 0 0 381 0 0 36 142 205 0 119 0 7 4 254 339 102 66 0 312 0 98 0 0 5 19 5 3 0 0 0 125 0 17 0 96 31 10 91 33 6 0 0 1 221
 0 1 4 3 0 9 111 2 38 45 8 26 458 0 0 0 0 0 0 0 0 3 8 0 0 0 0 241 190 0 0 0 0 25 284 131 136 0 1228 3 0 229 858 0 0 16 0 8 13 0 0 0 214 0 4 0 0 1786 0 0 0 1 0 984 227 0 0 9 43 16 0 0 15 0 0 14 913 0 0 6 0 0 755 157 0 30 0 0 15 33 3 0 0 0 0 0 0 0 0 13 22 78 5 1 0 0 25 0 0 0 0 0 2 0 13 0 640 0 123 17 68 149 0 25 0 82 0 46 0 4 41 1977 15 0 16 35 0 38 940 0 0 0 6 112 2 8 0 623 7 0
 0 1781 0 0 0 222 0 0 0 0 53 37 0 0 7 3 0 0 0 0 854 0 7 52 10 1206 0 557 0 3 0 0 0 191 7 0 0 39 28 4 0 125 0 85 107 0 0 2114 0 0 652 0 0 0 819 6 1272 0 541 0 159 628 281 6 0 5 0 4 460 65 11 46 0 0 322 6 0 0 0 71 0 17 0 0 3 2 58 23 49 128 75 0 0 138 228 5 0 0 0 195 0 0 0 0 19 38 0 0 334 0 0 8 103 4 4 8 1 0 39 0 265 0 0 0 0 0 0 2 9 0 0 0 1 0 0 3 937 0 1 0 0 0 0 0 2 0 0 243 87 0
 0 0 58 0 0 12 0 1405 0 0 271 8 0 299 0 61 214 0 59 0 110 27 0 2 0 0 0 3 94 0 0 58 0 8 245 522 0 0 49 0 0 98 0 0 0 0 105 6 0 1 12 0 0 0 121 0 0 0 0 247 0 5 1 0 0 0 98 0 0 7 18 0 3 1336 564 1345 0 0 0 0 14 1 0 245 4 11 10 168 0 0 6522 0 320 0 0 0 14 0 0 0 328 3 2 15 0 0 2 9 6 0 0 4 276 61 0 35 313 0 0 0 10 0 0 13 9 0 30 1405 0 0 0 0 1413 0 6 6622 0 3 0 0 0 0 0 563 0 0 712 0 200 0
 0 0 0 0 0 0 0 0 0 0 0 1 25 0 0 0 0 248 0 61 0 0 0 0 0 0 8 0 35 0 0 0 12 0 69 0 288 0 0 3125 3 165 0 66 17 0 42 0 0 0 0 9 0 0 329 0 0 0 0 2 242 0 0 0 5 1 0 0 0 0 215 7 89 81 0 0 0 5 0 243 0 187 8 0 0 104 0 7 0 156 121 126 0 13 500 0 66 0 0 2 0 2466 0 0 0 0 0 0 77 0 106 82 275 100 0 442 116 1 0 2376 0 3 0 868 1 2 5 88 35 19 0 107 58 0 40 0 0 0 119 0 2379 0 0 0 136 0 12 32 0 0
 0 0 670 136 16 360 0 1009 57 1 7 0 0 0 0 0 0 0 0 0 20 0 0 0 27 539 0 0 96 0 0 2 0 195 107 5 0 13 21 0 0 20 0 80 0 0 3 383 1 0 0 0 0 6 78 0 0 0 0 0 91 0 1 0 1 0 724 33 122 0 245 10 25 0 64 36 0 0 0 215 0 5 281 1 6 0 0 0 0 13 0 59 0 0 0 2 0 0 0 88 0 215 0 2939 0 60 111 0 0 0 677 0 0 12 235 62 0 0 0 37 0 35 0 0 11 0 0 5 0 0 0 2 0 0 0 24 0 711 10 0 1 22 78 2 5 0 0 37 0 0
 0 0 0 0 0 0 0 0 0 399 563 38 0 55 0 6 0 861 50 1 8 0 920 241 0 41 0 2 89 0 14 0 0 0 35 0 0 3 5 0 0 0 19 0 6 208 53 0 0 80 0 3298 18 200 0 0 0 0 0 0 0 0 0 0 0 0 0 0 0 0 0 18 0 42 347 279 0 0 0 12 0 0 0 4 0 0 35 0 206 41 340 13 17 134 0 38 751 10 0 0 0 0 24 0 36 0 816 0 0 0 5722 121 0 0 555 136 0 0 0 716 24 44 0 0 0 133 0 0 0 0 1222 57 0 0 9 535 0 0 0 11 0 5 9 0 0 1 0 0 2752 0
 8 0 0 0 0 0 0 0 65 0 0 0 0 0 49 570 0 0 2 529 24 0 0 87 0 102 0 0 1 0 4 23 15 680 0 62 17 0 12 5 3 0 0 0 1 0 0 4 167 0 6 0 22 0 111 1 272 0 1684 295 23 4 0 15 113 0 730 2 5 20 0 4 612 0 0 0 1359 0 0 11 0 0 57 0 0 1 0 0 0 10 25 0 5 2 25 0 0 4 0 0 196 51 0 0 3 0 0 0 1 16 88 73 61 2 0 1 0 0 0 4 6 50 0 0 1 0 2 1081 0 0 171 80 0 0 0 10 0 0 25 0 0 0 0 0 13 106 8 0 0 0
 4127 112 56 23 0 2 0 4 0 0 0 50 0 0 0 0 0 0 0 657 0 0 0 0 333 27 137 71 0 12 19 0 32 2533 0 0 0 157 12 0 0 3 0 0 0 10 310 4 0 0 238 39 0 633 121 0 0 0 0 0 85 45 26 0 0 0 958 192 387 0 4 0 3 0 0 163 9 0 371 0 0 0 141 0 0 0 0 0 33 0 0 0 1 0 2 0 0 0 29 0 0 120 0 0 10 195 48 304 0 186 0 45 408 58 16 74 0 0 36 0 0 0 86 0 0 13 0 0 166 0 5 0 0 0 0 0 106 18 0 16 2751 12 1317 17 0 0 0 0 58 58
 77 24 0 0 0 0 0 2 0 0 2 21 707 22 0 0 227 0 0 0 0 5 42 99 0 0 0 0 1 0 0 0 0 2 9 8 0 0 0 14 103 0 8 0 0 0 655 0 0 0 0 4 217 0 14 1280 11 0 0 137 0 0 299 0 4 0 0 0 631 0 9 0 146 9 0 0 0 58 12 0 11 0 0 0 0 0 0 0 0 66 0 115 0 2 1482 0 22 0 14 0 28 9 0 0 323 0 8 0 0 0 227 353 212 4 0 0 22 172 784 7 0 0 190 20 127 3 0 4 2451 0 0 21 324 0 7 0 0 0 0 963 0 862 225 17 177 0 24 0 0 0
 0 20 5 0 16 20 0 0 16 0 0 0 0 0 14 11 3 0 0 9 0 19 71 0 0 0 0 0 0 0 0 150 13 0 0 1142 56 0 0 32 17 0 0 0 96 0 0 0 0 0 0 0 0 29 115 473 0 27 0 69 1784 23 48 0 0 181 0 0 0 0 3 1 127 0 219 0 194 0 0 447 0 0 0 40 12 0 0 16 0 0 0 6 33 0 0 30 0 0 2 48 1716 0 0 11 2 8 0 410 47 7 67 1 7 0 0 0 423 33 5 0 0 0 9 0 128 11 5 17 0 0 6 0 0 0 1 0 28 18 0 35 0 0 25 0 0 0 0 20 0 0
 0 0 0 157 0 5 0 0 4 0 4 0 6 433 0 78 0 0 59 0 0 257 15 6 0 0 612 0 39 0 28 0 2945 0 0 65 631 0 0 0 6 0 29 6 0 0 0 508 0 2099 0 2894 0 22 0 27 0 0 0 25 0 25 1 0 0 0 0 3 0 287 24 12 0 164 4 639 0 9 0 0 0 4 53 0 0 21 0 1 0 3 0 0 171 19 0 50 0 0 20 10 21 0 0 0 9 2 0 0 0 0 0 0 0 0 0 0 0 0 352 63 0 15 7 0 0 0 6 0 0 0 0 46 9 0 0 0 0 597 0 0 318 14 0 0 0 0 16 0 1 5
 0 0 897 10333 0 10 0 175 141 0 0 0 23 178 0 0 1 0 0 35 0 0 200 17 154 0 20 30 0 4 2 0 396 356 0 0 9 60 0 10 3 0 1 31 0 0 0 2 245 0 0 6 0 15 0 12 3 0 0 0 3 0 0 145 4 43 5 1 0 0 2 6 389 0 0 8 0 43 80 120 1 0 0 170 0 154 66 24 0 165 990 10 0 0 1097 18 0 656 11 0 11 0 0 2 0 0 0 350 0 0 0 0 0 0 0 0 0 18 0 0 358 1504 2 128 1 0 0 0 31 1 0 0 0 58 0 29 0 0 100 0 0 4 0 0 0 0 230 913 0 0
 13 0 0 0 35 0 14 0 202 51 0 0 225 0 0 0 8 0 51 47 0 35 72 24 14 4 0 0 14 0 0 95 0 10 14 17 0 0 0 804 0 0 200 0 37 0 0 128 0 0 23 179 0 0 7 0 0 3 0 0 0 0 0 0 233 7 4 9 12 19 0 15 0 60 0 0 0 0 9 40 0 0 0 538 7 4 60 0 0 175 0 0 179 0 0 605 11 0 286 0 0 6 599 0 332 24 0 0 0 0 0 70 0 0 0 0 0 56 585 0 0 0 95 10 0 3 7 5 0 75 0 987 0 0 0 0 0 0 3 0 0 0 0 0 0 1 217 2 11 38
 0 103 0 0 10 873 0 17 177 0 26 1 165 0 5 0 0 4 17 122 118 0 10 2 12 0 0 0 40 0 0 0 0 3 83 651 0 0 19 0 65 0 8 0 69 84 0 0 0 2404 2 185 2 0 101 0 10 5 14 5 1834 0 45 0 0 0 143 4 966 0 0 4 0 0 0 75 0 0 843 1 26 221 0 0 16 22 34 0 0 148 0 75 0 132 0 1 0 0 21 53 2 0 0 721 0 56 26 0 0 12 0 215 0 354 0 77 83 0 0 54 621 49 16 5 0 0 0 0 0 27 269 0 96 0 0 0 11 680 0 0 0 0 0 0 245 4 0 0 36 0
 5 9 0 0 0 0 0 3 0 0 0 18 26 1 0 759 0 0 0 0 0 0 109 57 0 0 0 682 0 1 47 0 0 0 0 173 0 0 38 19 0 909 20 495 0 0 0 0 854 101 28 5 0 0 0 0 36 0 0 702 33 0 0 2 29 0 0 0 0 0 0 0 0 0 3 0 0 418 7505 72 3 41 0 0 0 0 23 11 0 20 0 0 5 12 136 0 73 0 79 93 23 0 0 28 22 17 2 14 0 0 19 0 2 26 14 14 0 0 0 0 121 120 0 16 14 1 40 38 1504 174 0 0 0 402 0 81 398 5 8 0 59 876 51 0 0 180 0 0 37 3
 62 0 35 5 8734 32 9 5 0 0 0 0 234 9 0 0 2138 36 0 296 417 44 0 0 234 17 13 19 0 245 2 0 8966 0 0 0 0 1 0 1861 38 0 0 0 0 36 2 0 0 74 0 0 4 15 72 37 67 0 20 76 1658 0 0 149 0 0 2 140 0 0 30 0 0 0 0 50 0 5226 19 18 33 0 0 0 0 0 1 6 0 0 0 0 0 0 0 4 0 0 0 655 88 0 0 0 0 0 143 0 130 8 0 166 8 41 0 0 17 0 219 0 0 146 2 470 0 0 0 0 0 2 0 64 78 0 0 0 526 0 18 0 135 151 13 0 0 22 0 0 129 178
 0 0 21 7 5 193 12 0 23 0 0 0 0 0 0 0 0 0 6616 0 2526 37 410 0 37 0 0 0 0 0 91 0 0 0 13 23 0 196 4 0 279 0 9 5 0 68 10 0 0 0 0 0 3 0 97 0 0 0 0 45 1487 1404 998 0 0 24 0 37 6559 0 0 0 0 0 9 26 0 237 205 0 3 0 0 9 177 6 0 0 0 0 0 0 0 997 0 0 0 161 1 25 0 87 0 0 0 0 0 0 28 0 0 183 0 214 0 8 0 6616 0 358 26 16 0 0 2489 0 0 0 0 59 0 23 39 0 0 10 0 9 0 0 0 402 0 0 0 276 106 82 0 0
 32 0 0 275 800 12 12 2 0 0 0 0 48 1371 0 165 3 0 0 102 296 21 115 379 1 0 27 12 8 36 0 1 18 0 564 0 0 0 0 0 0 0 1 0 56 69 0 0 0 19 17 27 0 0 0 0 0 0 0 0 0 1 906 0 61 0 102 0 0 0 0 0 25 0 69 1 76 0 261 0 14 0 23 0 0 13 0 105 0 0 0 20 0 0 617 4 14 4 748 0 28 0 0 0 0 0 0 0 0 0 0 8 0 0 28 121 2 10501 417 0 123 47 50 0 0 12 0 121 521 0 0 0 44 0 36 25 22 0 0 0 35 22 0 39 2 161 36 0 0 404
 32 0 537 0 25 0 3 1 140 0 161 69 0 0 0 0 0 0 0 0 34 0 22 347 6 161 0 71 0 0 434 29 130 981 0 0 0 13 6 0 181 0 0 34 639 0 0 6 0 0 43 0 0 66 0 0 0 136 0 0 0 607 96 315 2 0 83 3 31 344 0 4 0 167 22 0 93 16 0 0 10 0 0 2 5 560 714 63 858 77 2 0 0 0 0 0 1 0 3 0 263 0 16 7 0 0 40 15 0 0 0 267 0 0 4 0 0 395 0 0 14 358 23 5 33 10 27 0 0 19 0 0 0 0 0 0 0 6 0 3 37 0 38 0 0 286 0 0 0 78
 4 72 0 28 122 0 762 0 0 0 0 11 0 286 0 0 0 0 22 7 0 0 3 0 10 1 0 1503 0 5 0 0 0 28 0 2 3 0 0 91 7 68 0 0 24 186 69 49 0 0 396 0 0 141 0 0 0 0 5 0 4 0 0 0 0 55 67 1737 3 22 1 0 0 0 0 0 49 0 0 0 39 11 229 0 512 0 0 13 0 1869 291 243 0 51 33 0 205 1 0 6 0 0 0 0 36 0 0 0 0 0 2 599 9 0 210 0 0 0 0 0 0 1 4 30 16 79 0 0 23 143 0 162 133 0 22 133 2 10 0 4 16 205 14 310 8 230 102 0 0 0
 116 7 0 0 1 0 0 0 4 0 0 0 2 373 0 0 8 0 0 0 19 0 0 0 0 0 883 5 26 45 0 5 0 20 5 0 271 33 0 42 0 0 0 0 0 31 130 0 3 25 58 66 0 2 0 350 1796 860 0 0 0 545 80 3 0 0 26 0 0 0 0 0 9 0 0 53 25 0 0 0 8 0 101 0 9 54 127 11 5 1 0 0 19 0 7 0 0 69 0 678 0 611 12 0 0 0 0 0 5 0 0 0 6 114 1235 0 21 0 2 0 48 45 1660 0 5 0 0 0 0 0 30 0 0 0 0 3 60 71 0 0 0 0 0 0 0 1178 0 0 0 85
 34 54 4 1 0 0 0 128 0 0 480 11 0 0 0 0 0 1 26 0 0 0 48 0 336 4 124 0 0 0 0 33 0 0 1224 179 3 1 106 0 0 0 17 12 0 0 6 1 0 23484 0 85 0 0 0 0 14 0 0 600 613 0 195 0 0 7 182 0 0 600 16 2887 0 1 0 34 2 2 0 0 9 0 0 12 7 0 0 0 46 4 102 0 30 0 5 0 76 7 0 0 104 72 0 14 0 173 0 13 4 0 51 0 8 58 0 57 113 0 73 0 385 2 0 0 0 58 0 0 0 0 0 0 0 0 0 0 1 0 105 0 11 12 0 9 0 0 0 0 4 0
 0 91 1 0 0 0 6 56 0 0 37 0 0 0 0 0 39 0 0 933 0 0 0 1 0 0 0 0 1430 0 397 0 0 8 331 0 0 0 4 85 0 44 9 0 0 8 0 0 0 58 203 0 0 0 0 0 0 1977 83 458 0 44 0 0 0 0 0 0 6 0 19 34 1225 11 0 5 0 6 49 0 0 0 0 12 14 0 60 0 1226 897 1 0 0 43 7 253 6 0 32 0 0 0 0 0 16 0 0 0 5 0 0 24 0 0 15 48 0 0 82 0 0 0 0 0 17 0 0 39 387 713 25 77 0 808 0 152 0 1 0 0 0 19 0 8 0 0 0 0 0 0
 0 0 0 0 0 0 0 14 23 0 4 0 0 6 0 140 0 0 0 600 1 114 0 0 0 0 0 872 22 0 32 0 0 642 613 77 0 16 0 0 11 356 27 23 12 0 344 9 13 0 0 3 0 6 0 0 147 0 6 263 6 0 0 0 0 32 0 0 14 241 30 0 0 0 702 22 0 0 0 0 0 0 0 99 0 4 0 0 0 32 417 0 0 1 0 0 0 0 0 133 0 5 0 0 80 0 0 0 11 0 26 25 15 0 22 0 525 0 0 0 17 6 0 66 58 0 0 0 117 0 0 0 541 1 0 0 0 6 78 0 0 0 49 603 0 0 0 0 0 7
 0 0 16 77 0 63 16 0 0 81 2 97 232 15 4045 0 19 0 0 360 0 12 19 0 0 1281 87 0 48 218 0 67 6 68 90 0 33 23 0 0 0 248 0 23 129 0 0 0 0 3 0 13 172 1 4 0 12 0 0 0 5 12 0 0 0 1 0 12 0 3 0 0 252 54 0 19 2 0 4 0 0 0 0 0 19 0 0 16 42 0 0 28 0 0 0 3 17 0 9 2 0 384 0 16 527 0 19 0 0 0 100 2 0 18 0 7 52 9 0 0 36 0 0 0 5 4 39 0 128 0 0 628 293 0 1 54 0 0 0 33 3 0 0 0 20 50 0 0 3 0
 0 0 0 0 0 85 194 16 0 20 0 15 0 76 0 0 9 0 0 0 0 0 0 0 4 4 0 0 477 97 33 0 0 81 34 17 8 0 0 0 31 3 0 0 0 0 150 0 2 32 4 11 0 0 0 0 219 0 0 19 0 23 160 4 0 12 0 7 225 0 0 5 0 3 0 0 2892 1310 31 2 37 0 362 0 116 38 30 273 2 0 0 0 0 5 1180 14 0 0 0 0 14 0 4 0 0 3130 0 13 0 0 1 346 0 0 23 0 0 275 0 8 0 28 3 135 0 0 0 26 0 5 0 136 0 21 10 849 0 0 0 0 0 969 0 48 0 6 2 0 0 18
 73 0 0 0 0 303 44 0 5 13 46 0 236 0 0 232 4 0 560 0 0 0 3 0 190 62 76 9 0 36 0 46 0 0 0 0 0 0 0 0 141 81 0 0 58 0 0 2 0 0 0 0 1 19 12 3 134 50 15 0 0 0 0 0 128 34 0 291 0 72 0 0 0 1 11 35 1 65 58 0 1859 0 0 493 7 2 0 22 126 0 10 0 0 998 314 0 1 0 869 0 0 0 0 0 19 115 0 197 23 0 0 47 0 92 0 0 5 0 39 342 0 0 0 1392 0 0 35 3 78 0 33 0 173 7 0 0 36 0 0 0 1 51 324 0 0 32 0 36 58 0
 0 190 0 638 0 25 0 1 0 0 0 0 39 0 0 0 171 0 0 41 0 2 0 0 215 0 276 0 6619 1190 0 0 15 0 41 178 4491 1657 0 13 0 0 610 37 14 6 379 92 9 0 4 0 54 0 0 36 0 384 24 0 0 181 11 0 35 0 283 281 7 177 1079 0 1 7 86 0 1 0 0 0 4 67 299 0 0 0 0 0 24 0 376 0 2 0 82 0 217 0 177 0 0 0 0 38 23 799 6 1 0 10 0 0 182 0 545 0 213 0 41 0 0 4 13 0 0 8 156 11 439 0 150 3 5 116 0 0 0 0 6 0 0 19 485 54 899 3 0 28 43 0
 0 0 0 0 0 0 0 0 0 0 37 0 6619 8 0 0 0 1190 24 0 206 0 972 24 227 4 280 613 0 0 0 4 0 1 0 0 0 0 29 88 0 0 21 0 0 0 130 10 0 0 23 0 5 36 138 3 75 2 0 330 0 27 0 0 0 0 21 0 0 4 0 2203 1 0 0 69 0 89 32 655 46 0 111 321 0 5 13 0 0 0 0 131 0 0 37 1 1 0 6 189 126 0 175 10 49 6 0 4 191 0 0 0 1 58 0 60 0 0 0 7 0 148 166 0 0 0 0 0 0 66 286 0 86 0 0 876 0 3 8 0 231 0 69 0 10 646 3 0 10 216
 24 0 112 23 200 17 0 0 0 86 0 0 1 0 0 0 0 0 0 0 0 1650 0 0 0 0 0 0 0 0 1 0 0 0 0 4 11 0 0 210 0 0 12 10 100 858 12 28 16 0 3614 0 65 0 651 26 0 0 120 0 0 0 34 0 0 82 0 0 0 179 0 245 0 100 0 2 0 0 0 0 0 0 215 482 0 0 1 1 69 51 44 0 0 0 0 0 1 0 216 0 0 0 0 22 0 36 0 35 0 167 88 0 9 17 0 29 78 70 0 0 971 0 548 0 0 0 0 26 0 0 0 0 0 0 0 0 129 0 21 0 12 0 0 19 2 0 4 0 0 5
 0 0 0 0 0 0 0 0 0 122 17 0 0 0 7 0 0 0 289 0 0 0 6 4 0 0 0 36 11 11 2241 0 43 0 0 0 0 31 194 4 0 6003 66 138 4 0 3 76 37 8 3 0 0 0 0 0 0 2 1317 36 3 7 0 1307 13 0 0 0 0 8 52 0 0 101 0 0 21 0 3 0 28 0 104 41 965 1 3 5 39 0 0 0 376 34 36 14 5 0 0 0 319 0 0 0 33 0 0 0 0 0 33 12 0 257 24 61 0 0 1 0 323 0 0 0 5376 321 4 222 260 5 0 0 0 1005 42 0 0 206 0 0 4 112 0 38 0 1 0 0 0 0
 0 0 936 0 18 0 20 492 57 0 0 45 0 7 0 2970 0 0 69 0 10 22 0 222 0 207 0 10 5988 7 0 0 1 0 36 7 0 38 0 0 0 5 78 112 66 0 0 32 0 0 0 0 75 0 253 8 214 10 1 0 0 0 0 0 0 0 0 271 0 18 3 0 0 63 615 15 0 0 7 0 21 0 18 0 0 0 16 0 20 13 55 277 36 0 0 38 0 63 0 0 0 3 347 59 0 0 0 11 0 19 0 2 0 0 8 12 0 0 0 188 0 0 0 0 1 0 3889 34 0 478 941 0 0 0 0 3 12 0 2 0 0 0 0 0 394 110 0 0 2 405
 0 0 0 0 13 0 29 0 0 0 0 0 3286 25 0 0 26 0 126 0 59 0 7 0 2 0 0 1254 2 11 3 16 44 29 0 4 335 0 0 0 4 6 4030 0 4 0 265 0 5 3 639 0 0 0 3 0 0 0 0 0 211 0 0 611 32 0 10 19 0 0 0 6 7 0 0 0 0 23 51 135 0 758 15 145 0 1 5 17 0 0 43 69 12 0 53 0 0 201 187 0 78 20 0 11 0 0 0 16 0 58 1769 0 114 0 10 10 0 0 0 0 0 0 0 0 6 0 54 896 6 3 132 0 559 0 2 86 99 0 1 6 366 24 83 0 56 0 493 301 0 39
 0 0 0 0 0 211 0 2 8 112 0 24 174 957 29 1743 13 0 2 1 417 0 67 76 0 33 0 5 0 279 0 0 0 186 23 0 48 0 0 610 0 4 640 30 0 70 163 0 0 159 0 0 0 494 0 0 0 24 0 0 118 771 24 29 21 0 0 0 0 0 0 257 17 15 5 0 59 864 0 126 0 0 31 0 7 0 0 0 0 0 0 4 0 6 0 116 0 12 20 0 511 0 0 3 0 0 0 0 3 0 128 0 23 0 0 0 0 0 0 539 2 0 0 0 0 0 82 0 0 91 0 1730 4 0 0 19 0 0 1182 0 0 0 0 230 28 0 0 0 0 0
 1 0 568 763 0 31 0 122 0 20 0 1 34 108 1 64 119 0 0 0 47 40 77 1 4 118 103 0 0 118 28 0 1 0 0 0 11 2 0 0 0 0 250 1407 0 450 0 0 0 117 0 29 0 0 0 0 16 1 31 5 0 0 0 871 0 0 4 2 27 0 246 0 299 0 0 32 0 56 4 71 0 0 2 0 49 9 81 0 0 163 42 354 42 0 0 37 0 45 0 0 0 5 0 23 618 0 0 0 1433 32 42 972 48 14 0 0 0 7 3 0 0 0 18 0 0 0 0 0 1 0 22 214 0 0 0 26 0 0 0 250 4 0 0 0 0 0 0 622 29 1
 0 633 0 5 39 299 0 0 0 0 5 60 0 0 0 0 110 38 0 0 0 2 0 0 286 55 0 0 0 0 1285 0 0 146 0 483 0 0 0 0 0 0 179 6 0 1 0 352 0 0 41 37 61 47 771 0 247 0 0 14 0 112 0 78 46 0 79 0 180 0 0 0 0 3 6 0 1 0 0 66 0 0 0 111 0 0 22 0 0 405 0 0 10 16 0 251 0 9 0 0 171 1148 295 0 7 128 0 8 33 22 0 11 4 101 0 0 0 25 53 3 10 279 1674 9 0 160 755 0 840 0 8 0 0 0 0 0 0 0 0 0 0 0 0 77 458 1 0 0 26 175
 0 785 1 0 0 0 0 0 0 0 0 0 1 141 29 390 0 69 898 0 0 56 0 60 0 0 0 0 0 331 17 0 0 0 0 0 4 32 28 1711 5 0 0 0 16 0 98 0 37 0 0 22 0 0 10 0 134 33 0 133 0 3 420 0 0 23 16 0 0 0 21 0 0 0 0 0 497 41 36 0 0 3 12 92 0 0 120 0 286 0 7 0 0 1436 1 0 0 4 31 321 0 0 12 51 0 0 0 0 3 284 0 10 0 11 3 4 47 0 0 350 86 0 0 0 0 0 0 41 0 0 265 0 0 62 1 0 0 896 0 6 0 265 0 0 0 0 24 0 0 0
 0 313 3 0 39 0 4 0 13 117 599 0 2 0 0 0 17 0 0 0 0 0 0 0 0 0 0 0 366 0 89 40 0 0 0 0 0 158 0 12 9 0 0 0 2 0 0 3 8 16 0 349 0 6 0 2 6 0 0 2 29 0 0 0 0 0 0 26 0 0 41 148 0 4 0 8 0 5 7 0 0 9 0 0 10 57 0 0 6 15 0 21 0 15 0 0 0 7 0 8 69 45 0 0 77 0 3 1 0 60 1 101 1 0 0 9 0 37 0 0 0 190 38 2072 0 5981 0 14 0 0 0 0 0 0 0 0 65 0 173 11 0 217 3 0 2 0 0 0 0 0
 0 42 0 0 0 0 324 2 560 0 10 2 8 0 937 0 50 2 0 0 0 0 0 4 0 0 0 7 49 99 1 0 0 52 0 0 0 3 60 0 0 11 16 0 73 0 60 6 5 854 0 25 33 0 117 0 5 0 0 0 0 15 3279 59 0 31 0 0 0 0 0 14 0 0 0 0 8 0 0 0 0 21 1182 0 0 0 0 23 0 0 0 15 0 0 800 0 0 2160 0 0 0 25 0 23 33 9 0 0 0 0 0 0 178 4 0 197 37 8775 45 0 0 0 0 0 0 173 215 0 120 0 0 0 0 38 0 0 0 0 9 16 0 0 0 15 0 0 15 0 16 0
 0 1471 0 0 3105 0 147 7 0 0 0 456 2 17 0 0 0 235 0 0 0 0 0 17 0 0 0 0 0 0 374 0 1 0 0 15 0 0 15 0 141 64 0 0 14 775 1 0 135 212 228 0 0 618 135 0 25 0 0 5 0 1132 51 5 95 0 0 319 0 6615 8 0 3 68 59 21 174 9 165 0 920 0 848 0 0 0 843 1136 0 44 0 0 0 268 95 0 41 0 0 0 0 48 5 0 0 51 11 4 2858 10 16 41 0 0 0 208 0 0 2495 0 0 48 0 0 5 0 121 0 2 106 0 0 6 0 36 28 26 709 16 0 3265 0 416 24 0 0 65 1139 0 0
 0 2 0 0 1 4 0 585 0 0 29 1 1 0 0 0 751 20 13 15 973 0 0 13 149 14 0 854 0 63 3 560 7 43 0 0 0 0 0 17 0 0 7 313 0 2 0 457 0 0 0 0 6 13 0 17 137 1 106 36 0 0 41 0 6614 7 0 0 25 83 0 0 446 0 0 0 0 141 0 441 0 0 28 0 991 0 120 49 333 3 0 0 310 14 0 74 52 20 13 0 177 0 0 0 0 0 0 585 0 0 0 23 12 0 0 34 0 0 114 2 0 288 0 0 15 60 7 18 0 0 0 225 0 0 2 32 2 3 392 0 14 0 19 0 0 0 11 172 0 0
 0 0 0 16 136 0 0 0 0 0 0 61 0 34 0 3 0 0 0 0 0 256 0 0 0 59 6 0 51 0 0 0 0 30 11 24 0 0 0 37 0 2 0 0 0 0 0 599 97 21 34 14 0 0 217 92 17 0 337 0 0 0 18 6 112 0 1 8 63 0 0 0 0 10502 9 0 0 0 0 0 4 0 205 0 4 1 7 0 1 0 1406 49 0 568 0 0 1316 0 0 0 923 0 0 0 52 240 0 0 0 0 0 0 88 40 24 20 489 87 32 10 1 115 0 0 0 70 21 2 0 20 0 0 0 0 0 0 0 19 0 0 132 39 0 238 0 0 119 0 0 0
 0 0 583 0 8 0 0 0 33 599 105 120 0 24 41 0 0 0 0 0 86 0 7 93 0 0 0 898 0 0 3 0 0 0 9 0 0 0 0 137 0 0 559 0 0 4 10 33 20 0 0 0 0 0 8 50 0 0 17 0 60 122 0 499 0 68 0 23 49 69 0 40 0 1 0 0 5 42 32 0 0 0 0 647 604 4 0 0 0 187 11 0 0 7 0 1 0 0 26 3 0 0 0 7 96 61 0 0 45 0 0 1 568 0 11 203 28 1 8 86 0 0 0 0 6 0 500 0 295 0 687 0 0 162 0 209 0 0 0 85 26 58 26 112 0 0 0 3 0 0
 0 0 0 8 10 0 0 0 3 0 315 899 243 0 0 96 414 0 9 0 9 0 0 0 0 0 0 10 8 0 0 0 0 0 10 0 61 0 0 0 6 0 38 0 0 2887 5406 0 0 77 0 0 0 1 3 109 413 141 635 0 0 676 53 186 980 0 0 0 177 0 0 47 2 9 0 0 678 0 0 0 0 367 0 0 0 0 0 0 25 147 0 262 0 0 10 12 0 0 6 0 1 0 447 2 7 0 0 0 12 8 0 31 0 0 1 9 0 0 0 0 10 0 0 6 1369 0 8 2 0 5 3 96 345 99 0 0 60 95 0 5 0 0 0 0 0 122 0 0 6 0
 0 273 0 0 0 0 0 5 0 536 22 11 6 0 0 5 0 0 24 57 3 0 0 0 271 0 0 0 38 40 0 0 311 201 5 0 83 0 1 29 0 4 4 0 0 44 0 32 0 0 1 0 0 0 0 0 0 5 7 12 10 272 10 446 0 0 0 0 15 281 3 3 11 0 75 278 0 0 0 1 20 0 0 0 21 0 5 12 0 0 0 0 597 31 97 0 168 8 0 0 0 0 0 77 2 0 22 10 0 0 0 0 0 0 0 3 0 30 0 0 21 0 0 0 9 130 0 1191 9 0 7 4 109 2 61 0 0 2 0 887 265 170 2 0 0 18 0 0 29 0
 16 0 26 0 0 0 0 0 0 0 0 13 917 26 0 281 0 0 85 0 0 0 780 11 0 10 0 0 0 0 24 24 0 0 0 0 0 45 36 0 0 161 8 3 0 139 0 0 0 2 102 2 0 5 903 0 0 66 15 0 21 0 0 652 0 6 104 16 331 0 0 0 0 75 0 65 0 58 0 0 40 4 0 0 0 0 0 0 21 0 212 0 23484 0 0 0 0 66 0 0 127 221 3 0 0 113 122 0 1 16 228 0 0 12 0 0 0 0 14 22 7 0 27 0 0 65 0 0 89 3 0 102 0 0 0 496 2 0 0 0 10 453 5 0 0 0 0 13 170 0
 0 0 0 0 971 310 0 0 0 8 5 722 572 0 4 0 662 0 0 0 2 679 0 0 0 123 0 162 0 0 0 0 1 288 0 0 0 0 0 96 16 2 47 0 1 392 0 0 72 54 0 88 31 0 0 29 134 0 0 20 34 43 0 0 21 18 4 0 0 0 472 3 87 61 0 0 0 0 0 0 0 0 184 0 0 31 82 83 10 3 0 0 72 0 0 0 0 21 1 0 0 0 1 7 38 3 0 0 19 0 8 0 0 5 81 6 0 240 0 29 10 8 45 8 0 0 0 0 0 0 0 0 0 0 0 437 0 0 0 88 0 0 17 0 0 0 0 0 2 125
 100 0 0 28 0 26 0 2 0 0 0 4 0 0 0 0 0 0 15 0 0 0 0 42 70 0 15 0 0 0 163 0 0 0 0 2181 0 233 1196 6 31 0 0 2 40 0 1834 0 17 0 8 46 0 0 674 38 0 0 0 0 2535 0 0 442 0 0 2 1270 0 0 75 0 184 267 6 9 0 0 40 0 0 63 0 0 1011 199 0 77 171 0 0 0 7 0 0 21 0 18 1602 4 0 0 0 0 0 0 296 961 0 187 0 1 2 0 0 6 0 5 17 0 11 0 0 0 5 0 15 0 2 0 0 0 0 0 53 0 0 173 245 0 644 134 627 9 0 0 10378 0 0 6
 23 0 0 0 0 269 0 19 48 0 0 38 10 2282 0 25 9 0 0 31 0 0 147 37 0 35 654 0 0 271 0 81 1 0 86 0 496 0 83 0 0 9 1197 0 51 38 0 0 116 0 0 0 0 139 0 0 0 16 0 45 0 424 0 311 0 134 0 0 0 0 0 0 0 13 2 0 0 0 309 2069 0 672 0 0 7 0 0 0 0 0 173 0 0 1 0 95 0 5 292 86 33 25 0 0 0 0 0 1 238 0 29 134 0 0 0 7 51 0 92 0 0 0 83 4 0 0 0 1 47 152 0 613 0 98 0 0 0 0 0 0 0 0 0 14 0 8 48 0 245 0
 0 9 0 0 0 0 0 0 9 16 19 22 0 0 11 0 0 6 953 22 0 1 0 0 0 0 0 0 10344 0 0 172 4 6 0 0 104 453 3 0 31 0 0 0 0 368 1198 1 0 0 381 0 0 8 0 0 0 0 0 62 0 29 768 1477 0 38 0 0 2311 0 60 1 0 0 3 20 15 0 869 0 0 0 0 0 0 0 111 1 0 42 0 5 0 2 0 0 70 24 0 0 242 0 5 2 0 0 0 5 0 0 31 0 3 132 148 0 44 0 35 0 638 0 4 284 0 396 0 10 91 0 0 0 0 29 10 0 548 0 0 0 32 0 0 0 0 0 2400 4 0 69
 0 15 0 560 96 0 70 11 0 0 0 80 0 0 905 162 0 33 0 40 0 13 92 4 1199 0 0 0 1 0 0 9 0 39 0 0 0 0 0 143 0 0 0 0 9 0 0 0 0 0 3 0 0 0 0 317 0 0 1781 0 3269 82 0 466 0 453 8 272 115 0 0 0 0 290 0 5 0 976 0 38 0 2 0 0 1 0 361 0 34 0 0 0 281 0 0 0 0 5 46 12 160 5 2 3 0 0 0 577 11 678 0 0 0 0 29 134 2 0 0 29 20 0 0 0 0 0 0 0 0 0 10 153 0 3 0 3 0 0 120 0 0 10 1 1 585 3 10 0 0 0
 115 5987 1 0 0 4 0 5 618 0 5 0 0 68 0 0 0 0 3 0 0 0 60 630 0 0 28 0 4 5413 1 0 0 1 0 0 0 64 178 130 17 29 0 0 0 0 0 7 219 0 0 0 0 0 1 0 0 90 0 121 0 0 393 0 0 10 280 0 0 70 1 29 206 0 0 44 1978 0 0 0 0 1 0 0 0 16 6 42 0 4 9 0 0 0 116 0 0 89 9 33 0 0 35 0 0 0 8 0 4 301 37 186 41 0 3 0 0 0 0 74 4 0 1 0 0 94 120 0 50 0 0 54 0 69 0 0 441 0 119 0 0 1 2246 0 263 1206 0 0 47 0
 0 138 22 22 60 0 0 0 0 0 71 0 0 0 0 21 19 1 2 625 0 149 0 0 0 498 116 40 0 0 546 24 49 0 0 0 0 600 37 0 0 0 119 0 12 2 0 0 12 7 0 0 71 0 0 7 19 0 0 0 92 0 0 0 0 0 3 0 116 3 0 14 87 97 82 0 0 19 0 48 39 1 0 66 329 25 162 25 0 6 0 20 0 0 8 0 0 58 31 0 0 0 7 0 33 0 0 215 0 12 37 18 0 1 24 0 0 0 172 0 40 53 0 0 0 74 553 30 0 0 20 0 0 14 0 4 0 13 0 0 0 0 0 0 0 317 0 0 4 35
 939 0 0 22 154 0 0 0 1 26 284 0 0 0 0 1 28 62 0 0 17 16 70 0 4 27 28 0 92 26 263 12 0 0 1 82 0 0 0 0 0 0 0 31 2 1 14 0 613 0 0 0 1 0 0 0 0 0 3950 0 14 0 0 3 0 7 0 0 1 78 82 277 0 0 0 4 4 16 5 0 0 17 0 15 0 0 0 190 0 86 0 0 0 269 0 0 0 0 236 8 229 0 3 164 3 0 0 0 0 13 0 351 0 0 46 0 3 0 0 19 0 57 0 0 0 81 0 0 193 0 8 0 72 6 0 5 13 130 8 0 3 0 8 319 102 238 0 0 59 0
 0 259 0 0 8 0 0 1 0 19 506 0 844 0 0 255 0 216 27 0 0 196 0 14 0 0 0 58 0 0 0 0 1090 26 0 36 0 0 0 0 0 0 976 2387 47 111 0 0 3 0 0 69 0 0 51 37 6 0 0 0 0 334 55 63 10378 0 7 0 8 0 42 2 16 0 127 0 0 0 2487 0 13 94 88 0 0 83 0 386 624 14 0 23 87 0 7 0 14 63 0 0 0 0 144 0 0 16 0 0 0 0 0 124 299 0 0 0 0 0 0 0 1843 394 0 0 3 0 4534 11 0 0 13 0 0 0 0 1 0 0 41 0 736 0 375 0 0 0 0 5 0 4
 2 0 2241 0 78 14 60 0 0 0 0 0 0 0 59 121 0 1 0 1 0 0 8787 0 863 0 34 0 13 228 339 9 10 0 5 2 0 17 0 0 0 0 0 0 0 0 0 22 12 0 0 0 0 0 6 0 0 217 32 8 0 0 392 16 0 12 0 6 5 0 0 270 23 619 9 76 58 0 7 0 1 78 0 0 0 0 0 119 33 794 9 0 1 132 3 23 705 0 228 40 2017 0 0 0 109 0 0 0 0 0 0 0 243 33 142 0 2 0 0 0 0 0 0 493 0 0 0 0 0 4 0 164 0 0 4 0 437 13 0 0 5 0 821 107 0 215 0 33 0 49
 22 0 10 19 0 0 34 0 4 20 17 0 396 0 0 0 0 0 0 0 1193 0 45 4 69 36 0 0 0 0 243 876 1962 0 1358 0 3 0 0 0 29 0 20 187 0 74 0 6 250 3 0 0 0 0 27 0 16 0 26 136 10 0 0 0 15 28 16 9 0 91 0 0 0 0 0 0 0 0 0 0 0 0 0 0 0 0 0 0 0 0 0 0 3 134 0 23 0 59 6 614 0 31 0 0 0 20 0 0 2 13 0 0 67 0 0 0 0 16 2 145 0 200 0 0 0 412 0 0 0 211 0 600 0 12 1 22 8 0 0 5 61 23 0 0 0 7 2 0 0 0
 5 0 0 276 0 0 11 0 0 15 0 8 0 0 0 388 0 1338 0 0 258 0 13 0 72 0 4 0 0 0 2 0 0 913 84 0 122 283 339 158 95 14 0 212 0 0 121 2538 3 37 0 338 0 0 0 0 0 0 0 0 181 0 0 0 0 0 0 1 11 11 44 0 0 6 10 147 9 9 6 0 4 5 8 0 203 54 0 14 2 24 0 3 293 0 0 0 0 51 0 0 3 186 0 9 24 8 11 0 33 3 0 0 122 856 10 55 0 0 0 0 13 0 0 0 0 2 0 0 160 2 0 2216 1 1360 120 0 0 3 458 97 0 0 0 0 0 34 0 6 0 0
 0 620 0 172 0 9 0 0 6 0 0 1 0 60 0 53 151 34 0 0 1 59 0 0 0 0 1 0 81 0 0 250 1152 0 0 495 0 0 164 3 12 0 135 0 263 10 0 0 0 1 0 0 6 0 0 0 210 0 7 11 0 0 109 39 8 2 154 0 1059 9 2 15 3 21 156 3 59 0 0 18 290 51 15 32 0 292 0 2898 3 0 1 440 0 0 28 3 0 0 0 0 2 0 0 1 0 50 0 0 0 0 0 0 1 0 0 268 839 628 5 0 1 150 0 0 0 22 51 0 12 0 59 7 0 0 12 0 0 37 153 272 0 32 78 0 0 0 271 0 63 0
 21 19 0 0 0 14 0 0 0 174 6617 0 140 40 222 996 0 4 48 0 91 23 133 21 0 385 0 0 72 0 2735 112 9 90 0 937 6 0 0 26 3 0 61 0 0 0 0 0 0 0 0 0 0 0 0 0 32 9 0 0 1 348 0 9 246 0 0 0 5 0 458 0 0 0 366 0 70 0 103 107 4 29 0 49 63 0 0 790 0 0 0 0 0 33 1 0 0 0 225 0 0 0 0 0 0 0 1304 0 0 32 58 0 22 0 0 123 0 42 0 0 0 0 0 231 0 0 0 0 68 0 0 0 0 0 0 87 0 0 53 0 2 131 0 0 181 243 149 16 19 0
 0 0 566 84 26 402 0 0 216 293 51 0 64 0 0 24 200 0 0 0 6 0 3 0 0 0 0 0 0 18 5 0 613 26 50 0 0 0 0 32 0 0 0 0 0 0 1 16 0 241 0 0 0 0 1577 0 9 0 0 0 1152 0 0 46 37 146 0 0 344 5 2 0 0 0 0 10 0 0 10 0 139 22 0 0 0 226 0 0 15 0 0 64 0 0 0 0 0 1436 0 0 0 0 69 28 44 16 0 7 0 0 76 0 176 40 29 0 86 2 0 0 0 3 40 0 0 1 67 0 77 35 0 0 4 18 0 0 4 1 0 12 30 0 1 774 0 72 0 0 0 0
 0 0 10495 0 0 0 0 0 532 32 0 0 0 0 32 190 0 0 0 0 1 18 0 0 7 0 0 0 30 11 0 4 2 0 80 115 0 0 0 0 0 7 2 0 42 0 292 0 188 113 0 0 4 0 0 0 0 0 30 0 0 0 10 4 0 0 0 136 102 0 854 0 0 27 0 0 0 0 0 15 391 5 5 1 1272 19 7 16 58 0 60 0 311 1 0 65 46 0 0 1055 13 63 0 340 587 2 0 0 9 0 0 99 3 93 104 34 0 0 51 325 0 0 0 0 0 85 0 71 2897 123 1304 3 0 0 5 0 0 0 19 1 0 0 0 19 1 10 0 0 252 0
 0 0 3 0 35 0 0 8 134 10 0 67 0 2 0 0 0 16 14 80 0 0 0 0 0 3 0 0 0 95 135 2495 6 2 0 0 0 0 0 0 0 69 0 0 0 0 0 2 190 0 0 0 0 3 0 0 23 0 69 22 0 1 365 0 0 0 0 20 25 0 1 0 0 281 0 245 0 0 0 0 0 28 0 0 0 11 0 0 0 0 184 71 0 6 28 0 0 60 0 0 171 0 0 0 0 0 0 0 0 122 0 59 0 5 5 0 0 0 4 0 0 0 24 0 0 244 2734 0 0 0 2403 0 15 0 0 0 0 0 0 36 2 0 0 0 163 0 277 0 97 793
 0 1 0 0 12 0 111 0 0 0 0 0 0 0 4 11 0 138 229 2 0 0 0 253 0 0 0 0 7 56 0 13 0 80 253 465 12 25 1136 33 5 438 106 0 1182 0 0 0 35 0 0 0 0 203 0 0 0 10373 5 1 20 0 0 0 17 0 0 6 0 397 0 0 0 854 0 0 7 93 884 0 0 0 0 0 1 0 0 974 71 0 140 0 0 0 0 0 16 97 0 8 359 174 0 0 29 0 99 9 0 0 5 0 0 0 0 0 0 0 18 517 1 0 1 13 0 0 4 0 0 0 52 1 0 12 0 0 0 0 1 0 3 0 0 10 12 414 129 10 5 0
 0 0 4 8 0 0 81 0 0 298 0 0 2 967 0 2 550 34 0 0 0 73 257 0 40 0 0 51 0 0 0 0 14 0 3 0 0 0 0 0 0 0 681 0 0 0 0 0 0 497 53 0 36 0 0 8 0 87 2 0 0 63 0 422 0 0 0 0 0 39 34 0 104 245 0 3 0 0 0 0 0 21 0 6 263 13 14 6496 19 0 22 0 9 0 0 0 0 0 0 1199 0 19 0 0 27 89 0 3 0 0 545 3 0 140 148 0 0 162 0 0 0 0 639 35 0 0 5 7 95 1 60 92 10 6 0 0 0 0 0 2158 0 30 0 0 0 635 0 20 0 1
 0 0 0 5 541 0 0 2281 5 971 5 0 255 4 241 0 0 0 67 0 0 1 0 198 0 0 0 0 0 4 0 0 4 500 207 622 0 894 65 7 65 10 8 0 0 296 0 0 0 32 154 0 0 646 0 442 0 0 57 0 5 0 0 187 82 14 0 0 0 163 0 5 102 0 1 591 0 0 29 3 0 27 577 0 44 0 0 0 0 0 9 0 85 0 4 0 123 0 0 0 0 0 0 0 0 0 59 67 0 10 0 0 0 200 1 0 0 7 0 0 0 0 0 0 24 0 14 0 0 20 42 0 9 20 25 16 0 10 0 0 0 65 0 8 0 0 79 0 0 0
 105 0 0 0 19 0 0 0 49 0 6 184 0 285 0 0 0 0 0 0 129 160 0 0 3 47 4 345 0 0 0 0 39 0 0 832 0 7 0 2541 5 0 0 7 0 182 635 0 193 0 0 2 0 0 75 0 0 0 0 0 140 285 0 0 11 0 0 1 0 130 6 1 77 2 0 9 16 0 518 0 19 0 0 0 5 0 359 0 0 6 8 976 0 126 0 4 0 5 0 232 9 0 32 0 23477 0 10 0 1283 96 0 563 3 0 0 0 0 0 0 0 0 11 0 351 28 0 5 246 0 0 3 0 869 0 0 46 0 0 0 48 0 0 0 108 0 0 0 0 243 49
 0 225 0 110 84 0 0 0 0 0 5 83 642 0 72 0 92 0 0 0 818 0 114 0 1358 12 0 0 22 34 0 0 0 92 0 0 15 0 3 0 0 49 4 541 143 0 0 6 345 397 9 15 0 2 986 0 0 0 8 0 0 34 2105 3 4 0 4 2 25 0 0 0 0 5 0 0 419 276 3 0 0 0 0 2 20 7 0 0 0 0 0 68 0 0 0 1 0 0 0 0 6 135 5 239 0 0 211 61 0 82 6 167 0 0 0 383 4 0 20 0 0 0 184 0 0 0 0 0 33 2 41 11 0 0 0 0 6 13 0 133 19 3 34 0 169 0 0 889 985 0
 15 464 8 0 0 0 3 0 0 165 0 0 0 0 153 0 663 0 66 3785 0 189 81 0 0 0 0 3 0 2 0 0 30 0 0 0 15 648 0 0 0 0 88 17 0 6 1 0 0 545 0 0 3 22 0 0 2881 478 0 386 0 0 0 11 0 0 0 0 0 0 94 1 2 0 0 0 40 5 0 117 0 0 82 19 0 235 0 0 20 0 1 0 77 512 0 0 0 0 0 4 0 0 15 0 0 289 21 54 444 0 138 0 0 0 0 1490 780 66 8116 713 18 0 744 57 771 0 0 0 18 0 2 368 0 771 0 186 59 0 0 2 0 0 0 0 99 0 10 0 0 0
 415 0 0 651 8 0 0 0 0 37 95 0 0 0 3 0 12 0 0 0 0 0 14 575 0 5 0 80 0 771 71 0 0 0 0 39 0 75 2693 0 195 13 0 325 0 0 0 0 0 2 0 0 0 0 2 0 19 0 850 1002 88 0 150 0 0 28 1 0 0 0 3 12 0 421 0 0 0 0 17 0 0 0 150 0 0 9 32 0 374 37 0 14 16 3 15 33 3 0 5 0 0 6 31 0 0 0 0 23 12 0 0 546 453 753 0 97 30 0 0 23 35 0 364 0 3 0 0 0 0 0 63 0 234 15 537 0 420 0 20 455 0 0 2 4 0 976 0 0 11 0
 0 0 0 0 0 0 0 0 0 4 79 0 0 0 0 0 1 292 5 32 84 41 0 41 0 182 0 315 29 0 0 34 363 1552 0 0 0 0 0 19 0 4 0 0 132 6 3 0 11 0 0 18 250 0 532 0 0 5 0 0 0 52 313 74 0 0 0 0 0 1 7 933 0 0 10 557 15 2 19 24 0 0 0 0 1 0 0 0 0 77 26 0 0 0 0 3 0 0 15 56 1 0 0 0 0 0 0 7 0 1304 0 0 0 0 0 200 0 0 1142 34 24 0 0 0 0 1 0 0 0 255 17 0 0 0 0 33 0 0 0 26 78 0 198 0 0 0 0 677 0 70
 0 441 0 0 6 0 68 28 0 0 241 0 24 56 4 1 0 0 0 9 330 0 0 6 0 1285 6 0 0 194 0 832 240 0 7 476 102 0 16 0 83 193 0 0 0 32 0 0 1 0 0 0 0 0 0 0 1859 0 2 0 68 1119 9 5 0 0 0 19 1 0 11 29 849 10377 0 0 713 23 993 0 0 211 1 16 1 34 0 18 0 9 0 24 0 8030 0 0 62 47 3 0 816 0 0 264 0 0 158 0 0 0 0 0 0 0 15 0 0 0 0 0 0 4 16 39 30 0 0 133 0 0 0 16 0 0 0 2 0 64 0 0 19 0 0 4 6 0 479 0 0 23
 0 0 46 15 0 0 1 0 542 32 4 0 0 16 11 4 0 0 0 199 655 92 15 122 0 858 0 24 7 57 0 0 61 590 6 109 0 0 1 4 1 0 0 627 0 0 0 0 526 14 36 4 0 2 0 7 0 0 0 0 0 0 0 0 1 0 28 135 215 0 0 0 0 0 0 0 0 0 17 0 1746 0 0 0 37 0 34 0 0 123 35 0 179 0 1 40 0 11 0 5 60 291 3 5 0 0 0 1 7 0 0 126 0 0 23 693 0 97 30 0 152 4 241 0 0 59 1171 28 33 0 20 241 0 4 48 0 0 0 76 0 0 0 0 0 12 0 0 0 0 23
 52 0 5 0 0 0 87 0 0 1 0 0 35 0 0 28 0 0 348 0 39 0 0 0 0 738 19 2 3 13 1 4 0 0 0 0 0 0 0 0 64 0 0 0 316 9 19 0 0 0 6 0 0 0 0 0 76 0 0 32 1338 0 27 12 11 0 228 0 0 69 25 0 0 0 932 0 0 0 0 27 0 0 43 744 0 287 12 8112 102 0 47 443 4 79 0 0 0 674 6 228 56 0 0 3 0 0 2 0 0 18 0 54 68 63 0 890 102 0 115 0 0 0 0 163 0 72 61 45 0 26 148 26 126 1 10 0 215 0 3 0 0 0 0 29 0 17 1 62 0 0
 12 0 76 25 34 12 0 0 34 0 0 0 0 35 26 0 0 247 163 0 0 8783 28 9 0 0 0 35 0 0 10 8 10378 32 0 0 0 1 0 0 0 0 39 26 0 0 34 15 0 0 945 0 92 0 198 0 0 0 0 0 0 0 0 0 29 14 23 0 2 34 0 185 0 0 52 0 0 150 0 5 0 0 40 60 46 1 0 1362 0 0 167 0 4 0 4 0 31 0 0 0 326 0 45 0 2 0 18 0 0 2 11 0 0 0 0 0 0 0 0 0 905 0 0 0 74 0 2 0 0 29 3 7 0 19 0 5 0 0 0 0 0 0 101 24 53 125 197 0 12 5
 0 16 23 409 0 11 0 1736 0 0 0 957 0 0 0 69 23 0 0 0 0 20 0 51 0 0 26 0 44 19 36 0 0 0 0 0 0 80 0 0 0 0 0 0 0 2508 0 10 96 151 0 0 176 0 73 0 10 0 0 36 0 46 0 265 110 0 0 2 0 308 0 0 869 0 0 0 21 4065 0 65 0 7 0 0 31 97 0 0 0 556 62 0 0 128 0 0 0 0 0 0 1 6 0 121 0 17 40 0 0 178 6 0 0 1 71 0 0 0 0 188 30 70 0 0 0 664 0 0 631 0 23 299 0 276 892 0 0 0 16 19 0 0 4 0 0 1 72 0 0 6
 0 7 0 0 0 0 0 0 81 3 0 20 0 0 0 0 0 30 0 0 9 0 4 0 2 0 18 0 0 0 6 0 0 0 0 13 0 0 5 944 0 0 21 1 114 0 0 2 0 0 11 0 0 0 4 7 0 0 379 0 0 24 0 0 0 17 29 290 7 15 0 0 63 0 0 0 1 1 182 337 10 0 0 4 49 0 0 4 0 0 50 5 0 244 0 3 21 0 613 10 0 1 0 20 81 37 0 0 383 0 9 0 0 25 0 172 0 7 0 3 0 303 21 0 0 836 59 10 0 0 0 6 0 0 26 3 0 36 2 164 3 194 14 0 0 0 0 4 153 25
 1338 0 0 0 0 6 21 0 22 67 4 0 65 0 0 0 2 0 0 87 0 0 159 0 12 0 0 0 26 48 0 105 32 248 181 37 0 0 4 2 6 2 0 0 13 0 7 301 10 1 0 2 2 0 4 32 0 0 108 10 0 0 186 18 0 6 652 16 0 5 0 0 0 152 0 0 0 0 0 0 5 396 81 0 3 0 67 81 629 168 0 0 0 0 0 47 37 0 62 0 178 131 30 0 31 0 0 0 67 0 0 0 4 0 0 1667 0 0 0 452 0 0 0 102 0 3 0 0 0 2 0 0 88 0 981 0 0 0 0 14 76 1 43 0 1943 0 9 3 0 1
 0 404 81 14 0 61 0 0 0 0 115 203 0 29 104 1445 0 0 0 10097 67 103 0 0 0 0 5 0 2 0 157 111 14 25 0 0 0 0 0 0 0 2398 8 0 0 6 0 134 270 0 117 9 0 0 0 9 0 0 0 0 1 0 130 0 115 0 8 0 0 0 35 0 0 132 0 0 0 75 0 6 26 239 0 0 1674 0 0 11 75 166 25 32 0 2 0 150 0 0 0 526 0 0 293 34 2 28 739 223 0 0 2 0 0 0 0 433 53 25 32 3 7 857 0 0 0 27 0 22 8 0 0 161 0 0 34 555 0 0 177 0 93 0 127 625 298 66 0 859 0 3
 0 0 28 0 0 879 0 8 0 0 0 251 3 0 59 15 0 770 0 16 566 105 0 0 0 53 0 272 35 11 0 0 0 0 0 0 17 0 2 0 24 0 1 15 0 19 7 0 0 0 1285 0 0 0 525 0 13 12 2 0 0 9 0 0 15 6 0 0 0 0 3 0 7 6006 0 45 619 0 0 11 0 0 0 46 142 0 0 16 0 0 0 0 54 39 1 121 506 0 48 0 0 0 0 0 122 40 0 0 0 0 0 0 0 3 363 0 0 0 0 0 187 0 24 17 8 0 5 0 44 0 0 0 0 0 0 133 9 4 44 162 0 326 0 0 0 0 3 0 30 0
 196 0 0 3 1 0 603 0 9 141 15 0 414 894 0 3 0 279 0 2 0 0 6 333 0 14 0 0 0 0 0 190 0 0 0 0 12 0 0 0 8 2 132 46 0 1184 0 20 30 1 0 0 0 0 0 52 3 0 33 1138 0 129 3 0 0 119 0 0 0 67 0 0 13 0 34 33 146 0 2 0 21 0 0 0 315 0 0 217 12 0 5 89 15 0 0 3 38 881 50 23 0 0 1 0 0 0 106 0 25 0 0 0 0 0 111 360 0 266 0 0 9 0 1752 0 0 0 0 0 0 0 0 18 0 0 0 254 0 245 41 3976 2 2669 16 0 0 0 21 6 14 180
 0 0 0 78 33 368 0 0 0 0 0 158 0 5 0 0 206 117 52 0 225 0 56 0 0 0 194 0 10 0 0 0 0 0 17 5 45 105 0 0 0 51 0 0 205 37 6000 64 53 0 35 305 0 0 2 1827 1362 31 0 7 41 22 0 0 0 366 4 9 8 0 0 749 0 10 5 6 0 31 1 0 592 198 0 247 0 9 12 995 0 221 0 0 0 0 1 10 0 1 0 0 0 77 0 0 16 0 2 77 17 1485 28 0 29 0 0 4 25 393 0 0 0 15 0 0 15 0 1304 0 208 0 0 0 3 0 0 0 560 0 72 0 29 0 0 0 45 1196 0 0 0 56
 1 0 0 0 0 0 0 0 254 0 10 17 0 0 0 0 4 1304 42 109 0 0 15 0 271 0 9 0 4 5 0 17 0 69 0 5 0 82 5 0 95 3 14 0 761 3 0 9 79 19 0 0 0 0 0 1194 0 0 44 323 0 338 0 15 0 0 800 981 0 0 964 579 0 0 0 0 0 0 6 53 29 10 4 27 2 0 0 0 0 0 0 2 0 0 0 0 79 0 0 0 36 35 913 0 129 302 0 20 12 0 0 0 0 0 0 2 0 0 2 0 0 163 19 34 0 9152 0 0 0 306 3 8 0 0 0 0 0 0 0 59 0 1 74 1 834 0 194 0 0 0
 0 0 0 68 0 7 1 7 33 0 108 0 0 15 1 1674 0 378 38 12 282 21 0 9 0 414 0 0 0 45 0 0 1938 1194 0 79 1290 861 15 130 0 0 0 71 35 0 0 0 0 0 39 0 19 0 22 272 184 913 0 0 0 0 97 0 0 46 253 0 0 208 0 0 246 0 24 0 0 76 380 68 163 0 0 8 65 47 0 258 0 100 4 0 2 0 0 0 2 0 9 1 51 0 0 57 4 0 0 0 11 0 28 0 246 23 0 5 68 0 18 0 56 0 71 4 0 31 1 0 0 12 65 15 4 49 0 3 0 524 0 0 0 0 16 0 0 1 7 34 0 0
 0 0 0 26 1 0 0 0 0 141 26 0 263 0 0 15 6 60 0 0 36 83 0 39 552 301 212 43 66 8 10 0 0 5 0 24 1 14 0 2 0 337 0 945 4 1 98 657 976 68 6 24 0 70 0 347 0 0 25 0 0 0 0 27 0 14 6214 0 0 60 0 214 0 20 21 0 0 0 0 0 0 0 0 11 0 1 647 0 53 0 0 0 0 4 16 0 1674 5 0 0 0 406 36 8 5 6 0 67 0 2 51 0 230 0 0 4 14 444 0 793 8 0 0 281 105 3 0 155 0 0 69 0 242 0 0 5 0 1 0 0 0 0 51 34 29 217 0 3 5 0
 0 1 28 3 0 0 0 0 0 0 0 0 1 25 0 0 2 0 0 210 0 0 3 0 0 0 0 8 0 0 0 0 2 0 0 123 0 4 7 0 4 77 1621 2 0 102 0 2 0 0 0 0 97 0 0 0 10 0 0 0 59 28 0 11 0 9174 18 257 5 51 0 0 51 0 0 33 0 0 5 0 74 0 0 5 0 0 161 10 0 0 590 5 0 0 10 18 590 0 119 0 0 0 91 0 745 4 0 0 0 0 67 19 58 63 0 1 17 0 0 30 1674 0 0 0 0 363 0 6450 1 71 3975 22 27 11 10 0 71 38 0 15 61 0 43 979 513 0 0 0 0 0
 2 58 226 0 1005 0 11 350 0 0 0 0 0 0 0 0 0 91 0 0 0 0 1 0 0 13 0 0 0 134 0 0 0 0 0 95 10 0 0 4 0 0 0 0 0 40 0 0 0 0 0 0 352 17 0 0 0 6 235 0 0 0 0 24 0 0 38 0 0 45 11 1 0 0 38 25 0 0 0 0 18 313 18 32 225 0 0 0 24 0 4 0 0 14 0 92 156 0 0 558 9 11 71 217 599 2 3 3 2 0 0 128 0 0 0 0 0 0 0 0 46 281 0 0 0 0 38 1 28 0 5 2 62 71 0 1 51 0 22 0 0 0 0 0 3 0 0 9 10 1365
 1091 0 0 0 0 0 1 119 0 22 0 0 0 0 0 7 0 0 0 6623 0 286 3 0 0 0 0 0 0 3 120 0 0 0 0 240 57 48 8 0 0 28 3 97 0 0 0 0 0 37 20 0 0 0 0 87 30 0 0 0 0 17 0 0 333 0 0 0 7 41 1 0 0 1 0 27 0 65 3 0 0 0 0 0 0 0 0 28 5 5 27 0 154 47 0 5 63 2 0 80 23 684 0 11 193 28 0 0 0 0 0 0 29 0 1 2442 0 0 2 0 0 0 4 29 3 0 2752 81 0 1 0 0 0 73 0 0 0 0 0 8 0 0 124 0 5 11 4 0 37 0
 25 472 0 0 136 0 0 0 382 44 297 0 0 0 87 0 0 0 0 2 22 53 0 612 0 29 0 0 0 0 0 0 0 0 459 12 814 4 0 0 0 0 0 36 37 0 0 144 41 0 1737 0 265 0 0 0 2274 0 11 0 0 0 200 0 4 383 0 32 34 208 0 0 0 18 0 8 3 0 1136 4 0 354 0 2 1 0 0 0 0 0 0 18 0 2 0 91 5 23 0 100 0 0 25 2 0 462 4 13 0 0 0 0 6 36 67 69 0 13 0 0 0 0 2164 0 63 8106 130 0 0 19 0 1 0 41 0 29 55 24 0 340 0 0 0 0 0 0 3 26 0 3
 104 776 0 499 2 0 0 25 0 1 43 6 0 0 3 0 0 0 112 1 316 0 280 552 755 0 0 245 57 0 0 33 0 0 2 19 10 220 10 0 4 144 0 0 0 0 148 0 0 79 0 20 0 548 279 0 0 0 1 40 973 0 0 8 55 49 0 0 0 27 18 0 556 6 0 0 0 0 0 85 0 35 0 17 3303 0 0 0 486 0 0 48 5 78 53 88 0 0 8 93 0 1 135 19 0 0 26 3 2 19 0 5 0 0 0 205 0 1 0 0 3 0 19 0 0 0 262 0 0 12 269 716 0 3 0 8 0 0 493 117 13 19 873 36 326 0 0 0 23 0
 0 0 45 0 0 0 0 1707 0 0 0 0 0 0 0 0 41 0 0 31 118 295 585 943 0 812 0 0 0 0 0 0 0 6620 40 70 0 0 0 0 6 0 0 23469 1168 0 0 0 27 0 0 37 1 0 0 0 0 0 0 355 311 0 0 0 0 0 0 0 0 0 5 0 0 0 592 0 92 0 8 31 19 418 0 0 0 12 0 0 191 169 74 320 0 0 0 0 14 0 0 16 38 0 0 0 78 0 0 0 0 0 0 167 0 0 0 0 0 0 0 0 1 0 226 0 0 24 68 15 0 0 13 0 0 21 0 0 6 34 0 37 0 0 105 0 288 30 17 18 483 0
 0 0 28 161 0 0 67 11 196 3287 0 327 360 402 0 0 0 0 941 0 0 0 0 34 0 0 0 0 0 12 28 14 19 0 0 866 195 73 0 67 0 257 0 61 0 0 0 4 0 0 45 0 0 1 0 0 28 50 17 324 17 0 15 0 0 19 0 0 391 163 15 7 0 0 0 0 128 5 0 2 0 14 2899 0 1 0 633 0 216 3 2 305 0 0 0 1 24 9 0 10 17 1 9 0 1 79 0 49 0 0 0 0 0 25 99 36 0 0 0 0 833 1102 0 232 51 0 0 2 27 0 0 0 0 0 0 50 85 201 0 0 15 4 282 0 5 0 15 0 0 0
 28 0 13 2 0 0 0 95 454 278 0 0 0 9 46 1 0 15 0 0 0 0 800 0 0 1158 0 0 0 10 517 15 21 0 0 0 0 0 285 6 210 0 0 0 363 1 281 59 3 0 0 290 0 23 0 25 60 0 103 0 0 0 0 0 2072 575 0 0 64 0 0 0 0 39 3 2 8 243 1 4 566 0 76 0 0 0 101 3 484 0 0 94 8 0 30 9 637 0 65 19 18 0 0 0 2 0 0 251 0 0 9 25 564 0 0 20 0 0 0 1 0 6 7 0 0 628 0 2 0 0 0 0 0 0 0 0 0 5 7 0 151 0 0 0 0 6 33 0 0 0
 0 0 0 11 4 16 0 309 14 15 1 0 5 42 0 0 1 0 0 0 76 472 0 0 0 0 0 25 4 0 0 4998 0 0 0 0 2 0 57 39 0 3 0 2 0 0 0 0 0 230 494 0 0 405 134 0 37 0 0 0 0 1 0 0 0 0 0 0 1 250 0 231 0 0 0 245 10 0 0 84 53 0 118 0 0 0 0 0 0 5 5 512 0 0 0 0 22 0 0 2 244 175 56 0 76 8 8 0 0 0 160 23 0 23 755 24 2 52 0 22 66 1 0 7 0 0 0 25 53 0 1857 96 0 0 0 0 3 30 0 0 0 0 23 0 8 0 0 0 2 0
 0 89 0 529 0 0 0 0 0 0 0 0 190 0 45 0 0 126 11 0 0 0 0 0 0 0 17 28 0 0 0 0 96 0 563 0 4 5 0 2534 1 0 8 0 241 2 28 3 4 1 0 0 12 0 0 59 0 89 0 222 0 0 30 50 296 0 0 0 26 5 0 0 56 29 140 0 0 1 0 163 43 0 67 181 50 42 0 8 0 8129 455 13 1 0 0 0 5 10 0 24 0 0 0 0 88 12 12 132 129 0 0 3175 65 22 306 0 165 0 0 8 2899 0 103 37 0 0 0 971 2 492 981 0 0 0 4 0 0 0 0 0 3 7 0 23 276 50 0 88 212 0
 0 5 0 269 55 3 0 862 0 9 167 0 51 0 0 0 67 143 281 3 7 0 0 156 0 0 0 0 45 282 0 0 7 3 7 191 0 78 0 0 163 0 0 0 1660 0 0 1 0 0 49 44 599 6 0 0 0 2 0 127 0 0 87 206 95 3 0 6617 0 0 0 0 0 0 0 0 0 0 78 0 4 15 0 0 10373 15 45 0 0 273 37 36 42 0 0 0 1358 0 93 0 0 26 3 0 0 0 0 74 0 0 0 0 0 1 0 0 0 3 0 0 10 0 4125 0 0 0 0 268 4 61 0 0 3 100 18 0 32 10 262 0 19 374 16 0 0 115 24 0 0 23
 0 2 53 38 43 0 171 1 0 0 39 33 1309 6 0 0 0 9 0 19 11 0 7 0 0 0 414 1 0 0 0 0 240 95 5 0 0 129 0 0 0 0 0 0 0 0 0 3 0 410 0 0 0 0 31 103 0 545 9 9 0 0 0 2 0 0 0 5 749 17 1228 0 0 1 19 538 1 0 0 0 355 0 28 0 194 0 12 98 19 792 1235 0 24 0 269 21 0 0 6 2 0 0 30 0 227 14 0 0 5 43 45 0 32 86 74 33 0 0 0 0 119 137 0 0 0 0 0 6 38 0 0 5 0 1 864 0 0 0 0 0 0 0 81 0 20 0 0 18 53 0
 6 26 0 284 78 0 102 0 34 211 0 0 44 2 0 0 0 0 0 656 0 0 0 0 0 986 12 9 2 8 4 81 0 0 0 0 0 0 0 1198 0 32 0 0 0 0 57 86 41 87 0 7 0 0 0 12 0 71 269 0 0 19 0 6 391 14 120 361 89 1 0 0 60 0 0 53 0 0 6 34 311 13 138 241 0 0 43 0 0 0 1295 322 0 0 0 2 0 0 0 2887 241 0 186 0 0 0 4 0 0 0 486 34 0 0 0 0 226 0 36 0 0 2 22 0 0 592 14 0 0 0 0 0 16 0 0 4 11 1 0 76 0 19 126 115 49 1 542 0 0 0
 41 0 0 0 0 0 15 46 57 6 33 0 160 0 0 70 0 0 139 0 3 2292 0 0 150 0 9 0 0 9 231 10 4 0 0 52 0 0 0 0 0 5965 9 0 0 15 15 0 0 56 0 0 309 2 228 0 72 7 2 3 0 0 0 115 7 120 59 40 0 664 1 0 0 0 0 553 2 6 69 154 0 174 5 85 0 0 92 27 0 0 3 0 14 0 28 814 0 5 0 94 381 47 0 14 0 212 583 0 0 0 1287 16 0 52 149 6 0 1196 0 0 12 1188 34 0 13 2 0 0 0 0 0 1 599 0 126 19 594 22 0 0 5 4 0 0 0 0 0 0 0 22
 622 0 0 799 0 2 10 0 42 13 0 35 0 24 58 1 87 113 7 0 0 0 11 2 0 981 1 0 0 0 160 0 49 0 0 71 0 45 31 0 18 0 10 0 0 0 28 0 0 0 13 10 0 0 100 0 0 0 90 4 757 116 203 8 0 0 0 0 0 0 24 0 0 25 0 1030 6 77 3 0 28 392 5 67 2 7 184 0 218 15 0 0 189 0 0 44 0 0 1249 0 4 1974 238 2 0 8 0 86 9 0 0 0 0 0 298 0 0 310 142 166 77 998 0 0 0 132 0 0 0 548 0 40 287 0 1 101 10 0 551 4 0 0 12 0 9 0 157 0 0 406
 101 25 0 0 0 86 0 245 5 0 1 414 63 0 18 124 0 0 221 200 5 35 0 31 2 0 0 2 0 1 0 121 0 0 0 79 74 0 225 0 10 39 0 0 0 5 0 58 1265 0 71 0 0 372 0 0 8 806 0 30 0 229 0 0 24 0 0 0 17 0 0 680 7 94 0 179 0 0 0 65 41 0 0 0 3 0 0 0 27 50 243 6616 12 1858 15 0 24 0 0 73 0 0 0 0 20 14 12 0 0 0 0 0 30 0 13 0 28 0 16 9 251 0 0 0 0 0 176 16 0 5 1 0 3 34 0 0 0 7 0 460 22 0 0 0 0 0 2 26 1 0
 287 0 4045 0 0 0 0 63 156 0 61 0 134 0 0 64 0 185 0 0 0 0 0 0 0 267 156 0 0 6 1272 0 1 14 0 0 58 0 4037 0 0 1 42 0 4 6 12 0 12 0 0 0 0 88 425 0 0 0 0 11 0 187 51 0 0 0 0 0 0 13 4 29 0 47 58 3 0 0 0 0 0 20 6 0 0 0 81 0 0 0 0 0 0 31 755 6 1 0 0 0 164 0 36 0 0 483 0 1 0 9 4 0 0 0 0 0 0 7 22 16 1 15 0 10495 2 0 20 2 25 0 1309 0 0 0 0 0 0 51 34 0 0 1 0 93 17 12 8 0 1268 152
 0 0 0 0 0 17 0 2 0 0 15 0 0 0 0 136 0 0 3 0 651 0 0 0 4 0 0 0 0 0 5 0 30 0 0 5066 0 0 82 0 151 2282 0 27 0 626 25 0 20 7 0 0 0 147 0 0 0 0 0 645 25 0 0 112 11 0 0 17 0 0 161 0 20 0 0 0 26 0 308 0 40 11 96 36 4 31 0 68 9 0 14 0 0 2 0 30 0 0 0 39 1 0 11 0 445 333 0 0 23 0 0 0 0 280 36 0 0 0 0 0 0 0 815 9 65 0 0 17 0 260 0 0 193 0 5 991 0 0 0 4 0 3 4043 0 0 16 16 0 0 6
 0 0 18 269 402 0 45 8 0 22 7 0 0 0 2 1 35 13 0 0 0 0 23 20 289 17 0 1 0 1 61 271 0 0 176 49 0 3 12 0 121 0 0 0 0 1 28 0 0 0 15 0 0 0 67 0 2240 0 178 0 0 0 5 0 0 0 14 0 9 0 0 30 0 0 0 145 0 705 0 8 0 0 0 0 0 0 0 40 1860 0 8 32 0 0 1196 17 237 0 8 163 0 11 10 0 0 30 0 2 20 1 0 0 7 9 417 0 0 726 0 0 0 0 100 4 15 22 0 78 541 0 0 10 0 127 0 135 3 9 1 139 101 0 5 20 0 0 0 15 9 1
 0 12 10498 0 0 4 255 11 0 21 0 0 6 0 0 0 59 0 1 2241 32 35 0 87 0 0 277 13 0 154 12 136 29 1351 241 14 0 0 0 0 0 0 276 0 0 0 50 0 47 4 0 396 551 0 0 0 0 0 0 0 3155 10 18 4 0 10 0 190 0 0 0 11 10 0 57 18 72 8 1691 17 0 0 0 71 0 0 0 7 457 0 0 5 0 9 0 0 117 54 0 0 8 115 0 0 19 33 8 0 0 1 0 12 0 0 0 9 48 37 63 0 0 53 245 1656 0 0 29 0 0 34 12 18 71 0 5 434 872 0 0 6 1285 50 0 4 82 42 1 2 0 3
 7 157 76 884 0 547 67 119 0 37 16 14 0 33 15 0 20 116 0 0 0 0 0 0 0 0 4 191 64 3 0 0 0 0 0 0 135 670 0 0 0 24 140 37 31 0 1359 0 156 974 0 0 0 0 30 1 0 0 46 0 0 0 17 82 81 511 36 0 0 0 689 17 3 25 0 0 63 0 0 0 25 8 3 0 16 0 0 0 0 0 0 0 0 0 0 0 69 0 0 0 0 67 32 16 0 2 630 0 0 0 0 0 550 299 0 0 1 7 0 0 6 25 2 975 1 0 0 56 59 0 0 8 12 1 30 0 0 0 0 0 0 0 0 56 0 86 0 0 18 613
 10 3294 116 0 0 11 129 0 176 0 80 417 9 105 15 0 5 0 0 247 28 77 0 1 0 0 149 211 0 0 0 0 17 0 549 0 6 0 535 6 0 0 0 1 0 4 255 0 32 0 0 211 0 9 95 13 26 4 0 0 1194 10 350 10 66 0 194 116 0 0 0 81 1472 0 0 0 0 74 17 88 0 0 0 0 1254 5 0 225 0 0 205 449 0 0 126 0 0 0 0 0 0 0 0 0 4 0 1 0 0 3 0 0 65 0 0 0 822 0 0 33 73 0 479 0 0 2 137 0 0 0 0 0 0 0 0 1 0 0 0 0 1319 2 29 1 0 5 135 0 5 0
 0 0 0 1 5 0 0 634 0 0 418 0 0 19 153 0 6 0 0 0 4 2 30 0 0 0 0 0 0 52 85 2 166 0 0 0 12 0 0 4 0 0 0 1 0 46 36 49 0 0 1023 0 0 0 9 69 61 0 0 1 566 2 41 0 0 12 60 16 0 0 3 898 88 4 26 0 33 3 0 2 23 157 0 355 13 0 5 0 20 0 0 0 5 7 0 450 0 0 0 1 118 75 0 116 69 75 0 79 0 0 0 0 6 3738 2 8 336 4 0 97 0 68 0 0 0 0 0 0 5 0 0 887 12 20 0 36 360 3 342 0 148 15 0 2 0 0 0 0 213 0
 0 94 3 9 51 21 0 16 5 0 0 160 3 0 21 0 9 442 17 227 0 36 0 177 357 318 299 60 0 284 45 1 4 33 132 7 0 47 146 0 0 12 2 99 8 43 80 0 0 72 0 0 0 4 354 0 2 17 925 7 114 0 35 0 33 43 100 0 0 0 82 109 29 0 0 0 0 0 0 1 1 0 0 3 4 0 18 58 0 0 0 24 177 0 0 8 316 0 0 0 0 13 13 0 0 1 181 0 0 30 0 0 0 0 0 0 121 0 15 24 0 0 6 13 3014 0 57 139 0 50 0 3122 0 0 5 0 0 0 31 525 0 8 0 36 0 0 0 69 0 0
 2 9 0 56 0 50 0 3 31 0 0 19 0 2 0 127 0 4 0 95 4 0 0 49 0 0 0 0 0 3 0 25 102 0 0 225 51 1669 7 2 0 75 0 11 0 680 34 19 4 0 0 6 1010 0 14 0 305 0 57 0 22 0 525 14 0 0 207 0 0 0 970 120 0 123 0 17 5 36 123 3 0 0 0 0 0 107 0 281 3984 1 0 34 90 135 0 2 0 0 0 0 0 0 0 0 88 42 2 613 81 0 0 12 62 811 68 3 5 0 0 0 0 0 70 0 0 38 655 0 11 0 0 88 36 0 27 0 0 0 0 0 0 488 0 0 11 0 0 0 0 1
 0 0 0 3 0 76 0 4 0 0 537 53 0 6 389 0 2 0 22 0 5404 255 61 88 0 0 0 0 4 0 0 0 288 0 72 8 0 5 25 0 5 0 0 875 0 0 32 0 20 0 0 0 31 0 18 69 0 0 0 0 341 18 28 1660 0 0 78 0 399 13 0 0 501 0 318 0 15 0 0 0 84 0 4 674 0 132 3275 74 0 44 0 0 17 0 53 0 0 27 29 0 618 0 13 0 0 0 24 0 0 0 8 0 1816 0 0 25 0 349 7 290 45 273 0 0 0 106 10 0 0 0 525 0 0 4 1137 86 0 0 0 0 0 0 0 183 133 1009 0 0 0 230
 0 0 631 0 14 0 0 10 0 0 0 4 17 44 0 99 0 9 0 0 24 0 0 5 0 0 0 6 0 37 5 170 0 212 0 4 4 76 0 0 0 1 0 0 0 0 0 1849 29 14 6 0 582 132 0 0 0 0 0 16 608 420 0 22 0 0 9 4 0 24 0 41 38 6 0 30 0 37 0 11 0 0 4 85 14 0 5 137 22 113 0 0 0 0 0 33 106 0 0 75 0 18 0 0 0 8 0 6 22 586 0 0 725 0 73 0 0 4 0 115 0 13 0 0 0 2683 2 69 0 0 294 8 0 64 17 81 0 0 0 0 0 21 29 58 15 2 0 0 0 255
 56 26 0 0 0 0 30 10 33 0 0 195 69 0 111 0 105 0 0 6 0 0 0 0 66 0 1 0 0 0 134 28 0 10 0 0 61 4 0 0 34 0 0 0 0 0 43 0 0 413 1 118 392 0 5 0 6624 14 812 7 256 0 6 6 0 0 0 18 0 0 2 493 0 78 12 33 2 0 0 0 0 13 0 0 173 0 0 0 154 21 0 0 0 18 41 28 0 19 22 48 233 0 12 13 0 0 22 34 0 0 0 37 946 0 10 0 0 0 0 1660 0 1 0 0 175 0 0 3 0 67 0 0 0 390 0 0 76 23 84 1051 0 0 56 416 60 9 0 0 13 0
 0 0 10 0 14 132 1151 0 0 0 1 0 132 99 0 9 0 0 38 750 0 0 0 79 0 0 0 142 0 0 24 0 2164 3 836 20 0 0 520 0 0 197 5 103 70 46 0 19 0 93 112 4 0 0 0 72 0 0 0 89 3 0 0 0 0 0 11 111 1 346 6 15 0 0 102 0 0 9 0 0 54 0 0 0 0 0 0 222 0 6460 2 2 5 245 0 74 115 0 0 0 0 0 4425 0 0 0 0 217 1 487 1 0 2609 6 0 0 7 0 2 26 0 95 0 31 0 560 0 0 0 210 24 252 0 0 9 3 363 0 25 254 1551 76 0 28 0 0 858 337 0 0
 7 0 3 3 0 13 0 78 143 0 0 0 0 24 0 0 50 0 0 0 119 0 28 115 2 2 1 0 0 0 0 343 0 0 0 20 10 0 76 177 64 6 3 0 0 677 771 1222 0 0 35 35 39 195 35 2 4 0 29 0 14 0 0 0 3 93 18 0 0 0 0 0 116 85 3 101 403 6 11 0 4 0 0 0 354 0 0 0 0 0 133 0 0 0 0 0 57 6 61 0 0 0 0 874 0 0 1 0 205 0 0 29 0 0 0 0 1156 88 26 2 23 56 0 199 0 0 550 0 0 0 30 29 21 0 4 88 2 0 0 0 0 0 9 30 0 0 0 0 0 0
 0 0 0 0 327 0 0 5 0 12 0 0 0 0 0 149 3 0 0 876 0 183 0 1 0 26 1 4 0 0 16 24 0 18 2 0 3 0 20 0 0 132 0 0 0 78 0 207 0 0 76 0 1 0 0 0 1 0 1 0 0 111 27 0 0 0 0 0 34 0 0 2 0 19 0 8 99 8 0 0 0 0 69 827 0 0 48 0 0 2566 2 11 0 4045 0 0 0 1 5 5 1773 0 0 0 3 0 0 28 60 7 0 14 21 206 0 17 0 0 0 0 0 1 28 0 248 0 1006 464 0 0 57 0 0 9 755 140 0 7 0 6 2 18 8 0 11 1 8 0 1 0
 0 0 0 436 5 0 0 6 6 0 0 207 0 0 0 0 3276 41 0 1 104 0 65 0 0 166 2 0 193 0 0 84 0 0 7 0 0 61 3 0 0 0 0 18 0 3699 0 0 53 18 0 0 0 326 0 0 31 0 1 0 1857 0 0 383 54 29 0 0 195 0 0 137 0 18 114 0 0 22 244 0 0 0 38 0 0 0 57 125 131 0 0 0 0 29 155 2 32 11 32 1152 11 0 0 35 0 0 19 0 1 245 21 0 1 24 0 1 0 8 4 0 0 31 0 0 16 0 0 0 0 0 12 0 0 0 0 2 0 284 0 0 0 84 0 58 0 0 3 17 0 0
 54 1 6 0 874 71 0 46 1404 0 0 0 0 0 29 0 66 0 0 0 1013 9 96 24 0 0 0 88 43 0 0 407 0 0 0 35 582 60 38 0 0 60 72 0 0 86 2 7 0 1747 39 0 0 0 2 8 9 0 163 14 32 2 0 0 0 0 60 0 68 0 0 0 0 442 261 0 0 0 0 0 0 252 186 0 11 0 6 16 0 1 4 138 0 39 0 0 230 338 5 0 0 0 0 0 0 0 0 0 0 0 0 62 0 363 0 0 0 37 0 0 0 0 0 0 0 11 0 0 0 312 65 0 3 4 0 0 0 0 2 0 0 337 1362 0 0 0 0 0 16 420
 0 0 0 651 0 0 0 0 0 0 0 0 26 0 0 2 0 0 368 49 7 103 463 2845 0 0 136 0 69 0 15 3 0 0 5 66 3 9170 2 16 4 2 0 114 0 274 0 0 0 34 0 5 0 0 0 0 5 88 0 189 0 5 49 0 0 1300 0 0 37 10 290 628 0 0 17 0 16 429 0 6 0 5 488 0 220 0 0 2 0 10 0 0 0 1191 0 0 0 29 0 0 25 5 95 0 2 15 10 0 78 0 0 1 20 311 0 225 71 3 15 0 116 4 0 14 243 2 0 36 0 0 0 0 0 0 4 0 0 0 0 0 987 0 1283 35 8 0 0 0 7 116
 23 0 28 0 0 0 5 0 68 0 95 230 36 0 0 0 6 3 430 90 0 48 0 11 0 0 0 0 0 0 11 0 7 0 523 0 15 628 0 0 43 0 0 412 0 0 149 311 0 0 10 95 0 0 0 20 0 0 0 24 0 51 0 1305 1 725 24 7 452 0 41 2 323 135 10 0 0 0 0 463 157 0 1728 0 0 92 0 0 0 8 5 2 0 0 36 3 0 0 2 0 6 14 0 0 1 569 0 0 82 0 0 0 0 42 0 0 0 16 0 0 25 0 0 0 0 0 0 6 36 0 0 157 9 164 0 0 0 0 616 508 0 2 2 0 29 92 16 3 0 0
 2 0 0 879 76 0 0 146 0 0 0 32 162 0 217 0 755 10 0 0 0 0 2 45 0 0 4 95 90 0 0 0 0 18 361 2 299 0 0 0 0 0 0 0 0 0 13 214 0 0 0 0 0 0 90 0 0 255 8 6 0 3 0 0 106 36 0 90 0 0 34 0 3 0 604 0 0 0 0 2 0 0 0 65 0 0 0 0 0 0 3 0 0 240 0 534 17 95 0 0 0 227 2 0 3 190 0 130 0 0 0 530 0 59 9 0 2328 0 109 0 0 1657 0 1304 260 64 0 0 0 0 0 0 165 10 80 0 0 0 7 62 0 0 202 5 0 47 0 0 0 9
 1 0 0 0 0 21 0 29 14 0 15 0 17 0 219 1 16 124 830 0 1 4 0 38 4 47 773 0 0 0 16 0 2 0 333 0 0 0 1044 50 180 0 0 15 0 1275 6 16 14 22 0 85 5 0 0 0 264 0 23 0 28 0 1362 0 0 0 0 13 53 76 19 35 0 0 0 0 350 5353 84 1 33 0 7 0 0 22 1 0 0 5 0 12 59 0 3 1 0 1699 0 0 0 928 0 56 0 0 34 0 0 0 972 250 0 0 0 0 0 0 6 813 0 3150 0 30 0 0 0 0 16 0 19 0 98 115 313 4 1 79 0 256 0 0 13 0 0 7 16 0 0 0
 0 36 0 103 0 75 0 0 319 820 0 0 0 64 0 0 0 33 0 0 32 0 0 0 235 0 0 0 0 0 9 29 59 3 0 9 0 0 82 428 117 0 178 0 25 11 79 59 2 177 374 0 0 0 4 30 7 0 14 0 15 0 13 96 0 0 226 0 0 1680 0 0 44 2 0 0 782 5354 40 0 0 214 0 65 0 92 145 13 0 0 22 9 0 32 31 0 160 18 0 98 0 0 0 0 34 0 9 0 0 0 10 0 19 0 320 0 4 8 63 0 230 0 7986 209 0 0 9 0 0 0 4 295 4 0 1 0 85 140 0 133 0 0 2 38 0 2 0 143 0 0
 0 0 4 0 0 6 0 0 0 0 0 27 0 19 0 0 0 0 0 0 0 0 0 0 0 0 0 0 25 0 0 13 0 119 1 0 221 0 0 0 0 0 3 114 18 106 0 844 7 0 23 0 0 0 28 165 0 1 0 0 0 25 354 0 32 72 3 1871 0 0 0 0 109 0 33 1 0 0 0 144 26 3 98 0 0 26 0 0 0 168 4 0 0 10 0 5 0 34 31 0 7 0 4 35 0 0 27 2 1011 0 52 0 0 0 0 0 1199 27 0 0 33 0 0 713 8 0 0 1006 0 216 0 0 0 239 28 655 184 0 149 621 0 1 0 0 663 3 1 76 23 0
 0 0 0 0 0 0 0 30 19 0 0 206 41 0 0 13 1152 6 28 5 6 8 0 6 0 6006 10 5 13 45 0 0 0 200 14 0 1319 0 27 0 0 2 0 0 8 0 5 59 0 6 0 1978 14 0 0 10259 0 0 2 0 0 5 46 10 0 9 50 187 28 0 15 0 0 18 0 0 104 0 0 0 0 3 527 0 12 8 29 0 5 0 1 0 16 127 4 0 0 0 843 0 0 0 0 0 7 0 0 19 4 5 21 0 169 0 5 5 97 140 167 12 0 10 0 0 0 9 0 0 0 0 0 373 19 6 0 0 0 16 33 14 61 30 0 0 198 0 112 32 2509 1
