150
 0 6 0 75 51 0 0 2 229 13 237 185 0 0 0 87 0 2 0 250 0 0 145 0 0 14 4 0 27 126 0 0 0 0 567 23 3 0 12 0 0 562 0 0 0 0 0 54 5 11 213 0 8 0 0 368 2 5 66 3 1 0 0 31 1 92 13 132 2 77 0 22 0 0 113 0 0 8 0 0 0 0 0 11 0 3 89 31 23 22 266 0 2 0 0 0 12 0 0 27 4 3 0 7 28 0 0 0 336 0 0 1 0 0 0 0 27 0 2 4 9 18 0 0 0 0 0 168 3 77 0 0 15 3 0 0 56 0 10 0 6 5 0 123 0 0 0 5 0 19
 0 1 1 61 0 0 36 0 1 5 0 0 14 3 0 0 8 0 0 44 0 0 0 4 34 0 0 0 22 0 12 0 0 0 0 193 0 67 0 0 0 31 3 0 0 0 0 12 9 0 3 0 0 614 0 18 14 2 16 15 1 0 0 0 0 0 37 12 1 0 7 0 0 10 0 0 0 0 10 0 30 4 358 0 0 32 139 2 0 36 0 79 0 0 13 4 0 36 1 0 0 0 7 0 32 244 48 0 11 0 0 0 597 0 0 0 0 457 0 23 6 0 0 10 2 0 0 0 37 0 0 0 73 0 0 2 0 0 157 3 2 170 0 18 0 49 4 0 11 0
 175 0 9 0 5 54 0 0 0 0 0 0 0 0 3392 0 0 0 0 0 34 2 0 4 0 5 19 0 1 0 11 67 0 297 0 582 0 644 4 0 0 0 5 0 584 392 11 0 18 0 0 0 2 1 0 19 5 22 152 0 99 0 0 270 0 9 166 0 113 3 0 1 0 0 294 8 0 3 2 4 0 0 61 25 104 0 0 0 0 0 0 86 62 0 9 18 14 14 0 0 0 0 4 0 0 360 0 119 0 6 0 0 0 81 0 0 0 0 14 0 69 0 0 3 1 11 0 2 0 0 0 0 0 4 30 0 0 1 1 0 1015 15 0 56 0 26 3 1961 0 3
 0 0 8 15 6 1 22 0 0 4 0 0 0 115 14 67 8 0 14 0 0 4 0 0 3 0 0 202 83 0 21 1 0 44 53 0 0 0 14 98 0 0 0 0 0 0 0 1 0 0 0 0 0 262 0 23 2 373 60 0 0 26 0 11 0 27 0 0 0 15 2 56 0 16 89 0 0 0 0 5 75 10 0 0 248 0 0 1 10 24 0 0 0 40 0 551 23 0 2 0 0 11 278 0 1 0 0 654 3 0 4 19 31 29 0 32 0 0 0 0 0 0 0 23 0 183 7 26 0 16 0 10 0 0 0 1 0 25 0 1 0 0 35 0 0 0 0 0 12 5
 0 186 0 0 14 0 12 0 0 0 4 0 0 0 1 5 0 186 0 0 0 0 0 0 0 207 601 1 9 0 0 111 0 0 108 12 5 0 0 0 0 0 0 0 0 0 2 6 23 568 4 22 1 80 0 0 1 0 0 0 0 155 0 4 0 27 0 0 0 15 667 0 13 0 3 0 0 0 0 0 0 1 1 0 4 0 985 0 0 20 0 0 0 2 12 308 0 2 0 0 5 8 1 0 0 0 0 2 89 8 147 0 4 0 0 50 89 9 1 0 0 0 0 4 99 3 0 263 0 729 441 279 0 0 479 2 0 5 0 16 0 0 0 5 29 0 2 0 96 19
 0 4 0 0 135 11 277 3 0 0 43 6 36 29 0 0 0 5214 864 128 0 11 0 1040 0 0 0 0 32 0 0 101 0 744 0 0 0 1 0 0 2 0 0 3 40 13 52 3 33 0 0 0 0 0 0 0 41 104 0 0 0 42 211 28 357 0 8 0 5 9 50 0 0 0 95 0 0 50 14 33 0 4290 10 0 0 0 18 4274 40 38 0 4 8 180 5 6 12 0 0 0 0 0 0 0 0 7 0 18 0 161 13 16 0 213 278 21 4 7 0 1032 0 19 0 1 0 0 19 0 0 0 0 0 0 0 0 0 5 3 0 0 0 0 0 44 124 23 0 6 1 5
 3 0 23 0 0 0 0 0 0 0 9 5 0 0 0 11 0 0 0 0 0 0 0 0 0 0 0 22 6 1 0 7 0 4 117 0 29 0 4 12 0 0 0 0 0 11 147 0 7 0 0 0 0 5 18 0 1 0 15 4 4 2 0 0 0 30 5 17 279 91 127 3 3 1462 1 0 7 1326 474 0 0 0 0 34 0 380 15 0 0 0 0 0 190 5 7 0 0 0 0 0 8 36 0 558 10 0 9 16 3 4 181 2 33 0 2209 2 0 21 127 5 11 0 0 0 0 1 109 324 0 0 0 0 12 6 17 21 58 0 0 0 3 31 7 0 0 9 20 143 0 47
 0 15 4 27 43 0 0 12 20 108 80 0 0 0 658 0 2 0 8 306 225 0 0 3 1 0 0 0 0 0 0 1 0 1 1 59 0 236 0 0 0 0 0 1 274 0 0 0 6 104 0 76 10 380 27 328 0 644 0 0 0 28 3 0 0 0 12 0 121 0 3 2 2 6 4 0 0 0 0 2 34 0 200 3 7 0 76 0 4 51 0 5 0 15 41 0 0 11 41 0 0 6 8 1 0 7 27 0 0 495 25 0 0 105 0 0 4 0 0 32 0 0 0 0 425 0 6 1 0 0 0 0 0 0 0 0 0 2 0 0 0 0 0 164 65 0 0 3 0 0
 0 0 2 2 31 121 188 0 0 0 0 13 52 0 15 0 26 27 22 0 84 16 203 0 0 0 0 1 16 0 114 0 2 27 0 0 0 0 0 13 0 0 0 0 50 0 2 792 1 417 10 0 1 84 2111 0 0 201 0 0 298 0 0 0 0 11 5 0 0 65 0 767 0 16 0 0 0 39 0 133 1 0 3467 0 32 0 0 0 45 39 0 0 784 0 0 1 1 0 1 0 39 0 0 0 7 0 6 0 0 0 61 19 0 0 228 0 0 0 0 0 296 0 0 0 0 0 0 72 733 213 0 0 109 0 0 2 11 0 74 0 15 0 0 3 0 7 0 0 17 0
 0 0 0 0 10 5 2 0 50 0 0 17 0 0 22 0 8 1 0 0 0 0 1 0 0 0 7 23 21 2 0 6 0 1032 5 71 0 0 26 4 16 29 20 1 0 28 1 247 18 0 0 1 5 0 0 8 0 0 7 0 4 0 0 152 55 0 19 0 31 0 58 0 15 296 0 8 103 52 0 0 14 0 0 55 0 0 0 0 60 0 0 0 0 0 0 0 61 0 0 26 0 4 0 4 520 0 0 44 0 0 127 6 0 44 1 20 0 0 0 2 0 1 0 0 0 4 252 14 4 0 0 7 0 10 0 2 49 29 0 0 51 17 3 1 0 27 0 0 0 768
 0 77 0 1 0 0 0 0 4 138 278 4 1 0 0 0 7 0 333 2 2 0 194 0 0 0 0 0 10 0 0 20 11 0 21 0 99 3 0 16 5 2 10 0 50 1 0 0 0 0 424 0 239 0 22 3 37 19 0 8 0 20 0 0 1 0 5 0 0 0 0 0 8 27 0 19 0 0 0 0 0 0 0 9 0 0 6 6 22 0 0 0 0 2 0 0 0 0 0 20 0 126 1 0 0 0 4 8 17 27 280 7 130 0 0 25 1 3090 2 0 0 0 2 0 53 0 0 0 0 97 0 0 0 6 71 0 6 23 25 0 6 0 19 0 0 0 0 61 0 174
 0 21 3 102 2 0 0 11 0 0 0 98 125 13 9 0 0 36 0 17 0 138 5 2 0 0 0 0 0 42 0 6 0 0 1 11 15 1 0 0 31 0 1448 0 0 14 0 0 89 0 0 65 673 171 47 26 0 10 0 8 0 11 36 0 0 0 0 0 0 0 0 0 0 0 0 0 5 0 41 0 9 0 0 0 30 0 32 0 57 0 0 30 77 0 12 29 1 5 0 0 0 0 0 0 3 45 0 0 0 30 78 0 635 1 0 34 0 0 0 0 33 0 8 0 0 0 46 0 18 105 0 0 8 0 0 0 0 0 8 4287 1 0 3 58 0 0 7 2 0 0
 3 0 15 16 859 0 31 6 0 94 0 0 188 0 0 0 2 3 2 12 0 0 111 0 0 0 4 317 0 714 0 0 212 0 2 0 0 0 0 0 0 12 0 12 1 0 1 5 544 69 0 0 0 0 0 0 186 0 0 0 2 1 0 0 0 0 2 19 0 14 0 0 2 0 0 1 5 9 1 0 35 0 15 2 0 0 10 5 25 0 0 0 0 97 126 0 0 0 0 46 32 4 0 266 4 0 4 0 359 0 0 0 0 149 566 8 0 1 0 0 491 0 0 0 1 0 0 17 0 0 29 0 1 0 183 4 0 0 0 7 71 17 15 0 0 0 0 13 169 0
 12 0 248 0 160 0 8 0 61 8 4 0 17 0 0 0 0 4 6 8 7 46 0 1 0 0 7 0 0 5 0 2 15 0 4 0 0 3 0 0 0 0 321 1 0 0 14 3 0 0 0 174 7 0 5 103 0 0 0 0 15 0 1 0 0 0 0 0 19 2 0 2 0 0 0 0 0 0 0 6 38 0 2 0 0 1 0 0 155 0 0 0 40 58 7 2 0 0 0 0 9 50 3 0 175 0 0 9 0 2659 0 0 6 8 21 0 0 0 0 0 19 0 0 8 89 0 9 0 14 0 0 0 0 0 0 0 0 0 0 0 49 0 149 31 5 4 1 0 0 0
 0 0 0 0 0 371 10 0 0 0 1 0 0 13 4 2 0 0 172 0 0 9 3 4 0 17 6 21 592 0 172 0 5 126 13 9 0 0 0 34 5 21 22 17 1 0 1 0 3 0 45 187 7 0 5 0 31 0 0 0 177 0 53 0 3 0 0 0 15 0 1 0 17 0 0 0 122 0 73 9 0 111 3 199 0 0 0 31 0 0 0 3 0 0 0 0 0 0 2 0 1 41 0 0 0 21 2 0 0 0 233 36 225 0 0 5 15 0 3 0 4 0 0 0 0 0 44 7 0 42 0 8 0 5 0 0 40 0 17 5 235 33 0 16 4294 0 0 0 1 0
 0 0 39 0 0 4 0 475 16 6 19 104 17 19 0 66 577 76 0 32 0 0 314 9 0 0 0 0 0 71 0 0 60 9 9 0 170 64 0 0 0 0 0 5 3 11 17 3 0 13 125 0 0 230 2 1067 0 0 0 0 0 0 25 0 17 0 0 0 16 0 0 8 199 0 54 0 3 17 0 0 0 10 0 0 0 0 0 15 0 0 36 184 0 20 12 15 2 0 0 0 0 17 0 0 0 2 0 2 0 0 8 131 0 0 17 0 177 0 92 11 1 89 5 0 0 0 0 0 0 0 18 14 3 2 0 616 0 0 0 1 0 5 2 0 0 0 5 1 2111 0
 1 0 2 0 4 0 21 0 0 0 0 207 0 1 6 0 0 0 0 18 0 0 0 158 0 2 0 0 7 8 0 201 60 0 0 664 0 2 662 0 0 31 0 7 0 0 8 0 0 0 0 0 0 5 12 1 0 0 0 0 0 4 0 0 4274 0 441 555 0 13 670 0 52 0 3 103 4 0 0 16 5 14 24 0 0 0 9 193 14 0 0 17 0 0 0 0 180 0 8 16 0 63 0 125 0 3 0 0 85 0 0 0 11 2 35 0 133 0 0 77 0 53 0 10 0 0 0 44 0 0 0 0 0 0 5342 0 0 0 3 0 0 0 18 342 0 0 0 1 2 0
 0 60 24 37 0 0 20 2 0 0 2 0 0 0 9 0 84 1 4 171 49 0 547 0 0 10 6 56 0 0 0 41 23 8 12 5 31 36 0 0 0 0 0 5 19 0 7 106 114 98 0 30 21 0 0 62 4 0 2 5 0 0 227 11 0 0 3 297 32 0 10 23 2 0 0 0 1438 0 3 0 0 35 0 32 0 0 7 0 0 0 1 0 31 3 55 0 40 0 198 0 2 0 150 53 0 0 0 0 0 45 0 0 20 0 0 60 3 0 260 0 32 1 9 67 0 10 0 3480 33 43 0 3 479 0 6 13 0 12 0 3 2 0 5 40 0 0 0 8 0 0
 858 10 14 0 132 0 19 0 0 201 0 79 0 0 0 1 1073 0 3 1 0 0 0 0 0 23 19 0 0 17 0 0 263 0 51 0 0 0 0 8 55 0 0 0 0 187 0 0 0 125 3 0 122 0 1 0 0 0 0 344 7 0 7 53 425 0 160 12 0 81 0 22 0 1 0 1 0 0 73 0 2 82 161 1 0 730 0 0 0 16 83 0 3 0 1 0 85 2 0 0 84 0 1 0 3 478 0 0 0 1 26 5 8 3 0 184 0 0 950 40 0 0 2 0 0 0 0 0 24 0 17 40 5 12 1 0 8 165 0 62 7 0 3 0 0 3 0 26 16 0
 0 0 15 6 4 0 19 0 0 8 0 0 0 0 0 0 0 0 0 0 0 53 4 8 0 0 17 47 8 73 5 0 0 2 0 0 0 0 2 74 0 3 0 143 0 9 20 0 0 0 0 0 0 15 2 8 0 0 3 7 11 0 0 39 145 0 29 0 180 0 1 12 0 0 0 0 7 0 2 0 0 7 899 17 0 4 207 0 25 0 0 6 554 0 0 0 0 0 4 52 4 17 0 0 0 0 0 0 24 2 0 0 0 0 0 112 13 54 97 0 2 0 0 40 22 0 53 198 7 0 2 0 102 0 0 555 39 0 0 294 0 0 0 0 3 9 1 4 25 0
 0 1 0 39 18 2 0 0 0 5 0 6 29 0 0 0 92 0 23 58 0 20 0 0 51 24 0 0 0 0 0 0 1 10 39 0 0 6 0 71 0 0 0 0 2 0 5 61 0 5 0 149 3 0 12 263 0 0 0 0 16 3 79 176 0 0 327 0 0 0 20 0 0 0 0 5 11 10 0 0 0 0 0 0 0 0 0 64 582 0 2 0 0 40 0 122 0 0 0 3 0 0 8 0 0 10 0 47 0 0 0 3 51 0 0 0 0 23 0 5 0 4 20 0 4 12 428 0 0 0 8 1 0 13 0 0 0 2 0 0 21 0 0 0 21 3 0 0 12 0
 28 12 0 0 45 0 9 0 0 1 4 0 155 0 0 7 2 127 66 0 0 1 0 0 0 0 0 0 32 24 38 12 0 0 0 0 0 9 1 208 0 0 0 152 5 1 13 205 0 22 1 4 2 11 0 9 0 10 7 0 0 0 13 0 1157 0 0 250 6 0 0 0 12 31 0 0 0 0 0 609 117 12 0 0 0 1 0 25 181 6 0 0 10 0 188 0 0 0 0 0 0 12 2 0 0 6 0 0 7 0 40 7 0 0 8 0 0 54 0 48 0 300 127 0 58 0 95 0 4 0 1 0 1 0 2 0 0 0 61 0 0 9 0 577 0 27 0 1084 0 0
 0 82 32 36 10 19 2 86 0 0 0 0 0 12 0 0 56 0 0 0 171 2 7 0 0 0 11 10 0 7 0 0 6 0 0 0 0 0 0 0 220 0 0 0 0 76 0 0 2 0 0 16 133 0 0 0 12 7 0 0 275 164 8 57 21 14 5 0 14 20 0 0 10 0 3 0 0 0 0 9 0 0 0 28 0 0 128 6 7 0 17 72 0 0 0 0 126 23 0 0 0 0 0 4 0 38 0 0 705 48 0 0 2 8 0 0 0 0 62 26 0 0 258 21 0 17 34 11 0 8 0 3 0 0 0 0 0 0 12 0 167 0 0 0 39 0 102 26 3 1
 64 0 0 293 22 0 3 0 540 8 23 0 3 0 0 0 0 127 122 0 26 0 170 3 0 18 0 0 188 80 0 0 3 149 219 5 0 0 4 0 2 9 0 0 8 37 0 0 22 0 0 110 25 0 53 0 0 12 0 0 7 0 0 0 0 0 50 83 3 56 0 164 0 0 0 0 0 54 16 0 20 0 2 16 0 10 1 15 0 0 0 132 29 0 11 0 0 0 26 0 0 0 0 33 0 0 0 0 0 0 200 1 4 0 0 0 0 0 22 0 0 9 0 1 0 0 80 0 0 0 0 0 4 0 0 0 0 10 27 0 0 0 0 0 0 0 0 7 784 0
 1 0 38 0 0 2091 0 0 226 40 0 0 0 43 1 7 7 11 15 1 0 20 0 1 50 233 0 11 5 0 0 20 0 95 3 7 0 0 0 11 0 6 0 0 0 0 0 52 0 40 0 0 0 0 8 19 224 12 14 0 0 295 8 0 2 0 68 2 3 0 42 42 0 5 0 0 252 26 0 9 0 2 0 0 213 21 0 76 104 0 21 0 0 44 0 0 12 0 3 1 128 0 0 659 221 64 0 0 122 0 0 11 3 81 0 76 1 4 1 20 52 42 0 0 69 0 108 0 0 4 0 4 0 0 3 0 44 0 2 0 32 7 3 54 3 0 0 0 12 117
 0 0 0 46 0 4 20 2 36 53 45 3 186 0 0 0 0 0 0 1 0 3 6 0 0 0 0 146 5 0 0 0 0 5 109 21 77 0 161 0 0 287 168 35 0 7 0 1 0 0 0 0 131 0 1 0 0 792 0 0 0 0 5 295 93 0 0 6 0 14 0 0 17 0 1 4 251 0 0 0 0 0 377 19 0 0 0 0 4 2 9 0 0 1 4 26 0 0 0 8 4 68 1 0 0 0 2 0 0 0 0 0 6 0 6 0 225 0 3 2 31 72 0 12 0 50 0 33 0 8 19 363 4 0 26 0 0 12 0 0 4 0 1 24 0 15 24 368 2 0
 0 779 0 1 0 36 5 0 1 0 26 14 0 0 0 1 0 0 0 0 635 0 0 0 15 882 1 171 2 2 4 0 0 164 5 0 0 13 7 2 0 0 1 126 36 0 0 519 0 0 301 0 0 0 123 2 475 0 84 0 42 341 30 4 0 7 18 3 171 120 0 132 0 0 251 0 0 0 0 43 0 0 0 5 0 23 34 4 188 30 17 0 0 19 123 2 30 1 0 64 0 0 0 0 1 15 12 0 200 0 5 4 92 8 7 1 0 13 5 0 21 0 6 0 9 0 0 0 13 0 0 0 6 0 0 4 287 0 0 0 0 0 0 0 1 0 0 97 68 0
 0 25 28 0 0 2 0 49 0 0 72 2 0 53 0 11 90 0 9 0 23 21 0 0 0 0 0 6 70 0 3 22 0 1 104 238 0 0 15 0 0 20 0 0 0 1 174 3 0 0 18 0 5 0 202 0 0 0 0 249 9 0 0 0 0 0 3 0 0 0 4 84 0 99 228 248 0 2 0 0 12 1 1 173 2 0 11 75 5 0 2683 0 33 0 0 0 6 0 0 0 14 1 3 11 0 0 1 26 0 0 0 14 0 17 0 30 27 0 0 0 0 0 2 7 4 3 3 49 0 0 0 0 1032 0 2 2238 0 0 0 0 0 0 0 186 0 0 240 0 66 0
 0 0 0 0 0 0 0 0 0 0 0 2 1 0 0 27 0 160 0 0 1 0 0 0 0 0 0 0 2 0 0 0 19 0 15 0 204 0 1 714 0 110 0 36 0 0 18 0 0 0 0 3 0 0 37 0 0 0 0 9 247 1 0 0 28 0 0 0 0 0 102 19 36 21 0 0 5 1 0 72 0 169 0 0 0 17 0 8 0 237 41 26 0 2 49 0 8 26 0 1 0 982 0 0 0 0 0 164 19 0 50 1 0 51 0 182 125 0 3 566 0 0 0 208 0 0 0 37 6 12 0 45 56 0 38 0 0 0 199 2 669 0 18 0 220 0 4 16 0 0
 0 1 93 220 7 215 0 302 36 0 0 0 0 0 193 0 0 0 0 0 17 0 0 0 21 278 0 3 96 0 0 0 0 137 21 0 0 7 3 0 0 15 0 37 0 0 13 46 0 46 0 11 0 3 3 0 0 0 0 0 26 0 1 0 0 6 263 30 21 0 223 4 39 0 21 0 0 0 0 239 0 6 101 0 3 0 0 0 0 7 3 4 2 0 0 0 0 0 2 49 0 63 0 3419 0 16 35 0 0 0 306 0 0 2 0 0 0 0 0 8 0 2 0 0 26 9 0 0 0 0 32 0 0 0 0 46 0 241 5 0 0 7 0 19 7 2 0 37 0 3
 0 0 0 0 0 0 27 4 0 13 270 12 10 1 0 3 2 312 16 0 5 0 699 139 0 15 0 0 22 0 48 0 0 0 37 0 0 13 0 0 0 0 2 0 1 63 12 0 0 21 0 827 9 26 1 0 13 4 0 0 0 0 40 1 0 0 0 0 0 0 0 9 0 16 632 106 0 0 0 5 0 0 0 5 0 0 15 0 48 21 160 12 8 115 0 32 213 8 0 0 0 0 9 0 10 0 608 0 0 1 1852 40 0 0 126 24 0 0 0 166 10 20 0 0 0 0 0 0 44 0 576 27 0 0 2 18 0 0 16 56 0 1 195 1 0 1 2 0 1438 0
 2 0 0 0 0 0 0 0 40 0 0 0 0 0 66 331 0 0 2 118 9 0 0 62 0 125 0 0 0 0 4 6 12 307 0 15 10 0 9 0 1 0 0 0 2 0 0 0 0 0 3 0 18 0 20 4 104 0 734 228 7 0 0 20 44 0 564 3 0 3 0 2 574 0 25 0 737 0 0 3 3 0 61 0 0 2 1 0 0 0 21 0 1 7 22 2 0 6 0 0 169 13 0 0 2 0 0 0 1 9 2 36 32 5 0 0 0 7 0 0 3 31 0 0 0 0 0 0 0 0 69 21 0 0 0 3 0 0 18 0 0 0 0 0 0 109 0 0 0 2
 643 76 21 7 54 14 0 6 0 0 0 24 0 0 0 0 0 0 0 235 0 2 0 0 201 11 28 105 0 19 20 0 11 970 3 0 0 137 1 0 0 5 0 0 0 8 0 8 79 0 174 23 0 628 106 0 0 38 0 0 121 14 28 0 0 0 246 0 124 0 3 0 0 0 0 10 6 0 172 0 0 0 58 0 0 0 3 0 18 0 0 0 2 0 1 0 0 0 0 0 0 37 0 1 4 136 24 114 0 29 2 0 758 72 0 27 0 0 14 0 2 0 29 0 0 11 0 0 8 0 2 0 0 0 0 0 75 19 0 9 1437 7 426 19 0 0 0 0 9 0
 23 27 0 0 16 0 0 0 0 0 2 7 241 14 0 0 93 0 0 0 0 13 32 0 0 0 0 0 2 0 0 0 0 2 48 0 0 16 0 9 8 0 2 0 0 0 637 0 0 0 0 2 262 9 4 88 0 0 0 133 4 0 6 0 0 0 0 0 384 0 1 0 0 0 0 0 0 23 2 0 0 1 0 6 0 0 0 0 0 0 0 39 0 4 482 0 16 0 0 0 18 1 0 0 192 0 0 0 0 0 40 89 22 1 0 0 17 70 130 4 0 0 103 6 40 3 0 1 67 0 0 9 98 0 2 0 0 0 0 295 0 341 128 9 46 0 74 0 0 0
 0 8 0 0 0 23 0 0 6 0 0 0 0 0 0 0 4 0 0 5 0 15 64 0 0 0 0 0 0 0 0 16 0 0 0 660 10 0 0 35 6 0 0 0 35 0 0 0 0 0 0 0 3 0 131 59 0 9 0 19 782 14 31 0 8 201 0 0 0 0 1 0 18 0 136 0 155 0 0 97 0 0 0 33 6 0 0 5 0 0 0 1 10 0 0 10 0 0 1 20 707 0 0 0 14 4 0 199 7 9 77 0 2 0 0 0 278 18 7 0 0 0 2 0 19 7 9 0 0 0 18 0 1 0 0 0 6 12 0 13 1 0 16 0 0 0 0 0 0 1
 0 0 0 74 0 14 0 0 2 0 0 0 3 140 0 17 0 0 18 21 0 51 8 0 0 0 122 0 4 0 5 0 3415 29 0 133 385 0 0 0 5 0 20 9 10 0 0 78 1 145 0 568 0 25 0 16 0 2 0 7 0 2 1 10 0 0 0 16 0 73 24 38 0 122 3 218 0 0 0 0 0 3 29 0 0 3 0 1 0 0 0 0 114 39 0 0 0 0 10 1 8 0 0 0 8 0 0 0 0 0 0 64 0 0 0 0 0 0 82 0 0 20 2 0 10 0 2 0 0 0 0 29 1 0 0 0 0 372 0 0 72 0 0 56 0 0 7 0 0 0
 0 0 694 4254 0 9 0 67 149 38 0 0 19 118 0 0 3 0 2 9 13 0 181 3 79 0 10 10 0 17 1 0 173 310 0 0 2 24 0 18 6 5 0 10 2 0 0 0 221 0 0 0 0 20 0 7 2 0 0 0 0 0 0 132 4 36 0 0 0 0 4 1 308 0 0 0 0 28 50 0 0 0 0 36 0 71 24 16 0 133 203 3 0 0 478 6 0 859 7 0 7 0 2 2 0 0 0 93 0 0 0 0 0 0 0 0 0 2 1 0 86 163 0 0 6 0 0 0 0 0 0 0 0 20 0 38 0 0 67 0 0 0 0 0 0 0 39 251 0 0
 3 0 0 1 19 0 9 0 77 21 0 0 110 0 0 0 0 0 7 118 0 0 23 7 5 1 0 1 3 0 0 71 0 0 72 14 0 4 1 606 0 0 55 0 17 0 1 0 0 0 8 200 0 7 2 0 0 0 0 0 0 3 0 1 89 4 2 15 15 5 0 0 0 23 0 3 0 0 3 29 0 1 0 560 0 0 44 0 0 67 0 0 88 0 0 134 3 0 70 0 0 1 303 0 16 0 0 0 0 0 0 39 0 0 0 0 0 18 226 0 0 0 0 48 0 3 2 4 0 6 0 1371 0 0 0 0 0 0 16 0 0 0 0 0 0 3 357 0 2 22
 0 47 0 0 6 109 0 29 35 0 12 12 40 0 1 8 0 0 0 0 30 0 10 0 10 0 0 0 0 0 4 0 0 0 47 855 0 0 14 0 6 0 0 7 21 1 0 0 0 952 1 48 2 0 171 0 1 2 1 1 334 0 20 0 0 0 34 7 850 0 0 3 0 0 0 7 0 0 630 8 26 46 0 0 37 19 2 1 0 18 0 0 0 21 0 0 0 0 8 26 0 0 1 365 0 104 30 0 0 1 0 105 0 161 0 20 31 0 0 77 145 0 6 3 0 0 0 0 0 22 98 0 32 3 0 0 3 427 0 0 9 0 0 0 237 4 0 0 20 0
 1 4 0 0 4 2 0 0 0 0 0 41 0 3 0 379 19 7 0 0 0 0 110 15 0 1 0 151 0 0 15 15 0 0 0 206 0 0 41 6 0 249 5 221 68 0 0 0 635 74 0 0 0 0 0 0 15 1 0 124 21 0 4 0 12 0 0 0 0 0 0 0 0 0 3 0 8 143 1926 86 3 0 0 0 0 0 10 0 0 14 0 0 24 1 220 0 281 0 47 0 0 0 0 40 12 1 1 0 0 0 16 0 2 9 3 3 0 0 0 0 29 133 0 2 6 5 18 36 163 62 0 2 36 109 0 52 406 7 21 0 14 240 20 0 0 76 0 0 13 3
 3 0 19 2 3464 0 8 0 0 0 0 0 29 2 0 0 526 14 0 212 82 28 0 0 120 6 22 8 0 135 0 0 5285 0 0 0 0 3 0 0 47 0 0 0 0 16 1 1 2 16 0 0 48 12 33 5 50 0 2 8 567 1 0 48 0 0 8 56 0 0 16 0 0 0 0 11 0 1423 11 7 7 0 0 5 0 0 0 1 0 0 0 0 3 32 0 1 0 0 0 854 38 0 0 1 0 0 0 0 21 0 0 59 2 0 0 12 80 0 125 5 0 27 0 58 1 0 0 3 0 1 0 21 15 0 0 0 593 0 13 0 77 38 0 1 0 0 7 0 77 0
 0 0 8 4 15 130 12 0 19 0 0 1 0 0 0 3 0 1 2694 0 970 3 146 0 0 0 6 0 0 0 19 0 0 4 6 6 0 132 2 0 79 0 1 5 0 6 13 0 0 0 0 0 1 0 43 0 0 0 0 0 610 49 207 6 0 25 0 5 2666 3 0 0 0 0 21 22 0 36 156 0 1 6 0 0 31 4 0 0 0 0 0 1 0 129 0 29 0 83 1 2 0 27 0 0 0 5 0 0 6 0 0 0 0 178 0 13 0 2693 0 37 8 0 0 0 165 0 0 0 0 10 0 7 5 0 0 12 0 1 0 0 16 109 0 1 0 80 58 6 0 0
 6 0 0 178 190 10 17 0 1 0 0 0 6 0 0 19 4 0 0 45 475 2 12 54 1 0 0 8 10 18 0 2 2 0 221 0 2 0 1 0 0 0 2 0 72 157 23 0 0 6 0 2 0 0 0 0 0 0 0 0 0 0 243 0 17 7 25 0 0 0 0 0 4 0 2 0 6 0 0 0 7 0 27 0 0 20 0 49 0 0 0 8 0 0 458 4 3 0 21 0 11 0 1 6 0 0 0 0 12 0 0 2 18 0 3 47 0 576 223 0 63 21 10 0 0 13 0 133 156 0 0 0 0 0 25 14 0 0 0 0 2 12 0 20 2 37 14 125 0 155
 6 0 203 1 20 0 1 0 7 0 42 13 0 0 0 0 0 0 1 0 15 0 1 632 2 0 0 38 0 0 85 21 42 603 2 0 0 7 0 0 0 0 0 13 193 0 0 0 3 0 6 4 0 22 0 0 0 43 0 0 0 125 51 53 1 0 32 12 222 185 0 0 0 5 10 0 70 26 0 0 2 0 0 1 15 115 189 18 261 125 0 1 0 0 0 1 4 0 0 0 13 0 19 4 1 0 56 0 0 0 0 0 0 0 4 20 0 132 1 0 520 217 21 4 13 3 140 0 0 5 0 7 0 0 0 0 0 2 0 5 31 0 13 0 0 111 0 0 0 33
 0 10 0 10 226 0 28 0 0 3 0 7 0 111 0 0 10 0 5 8 0 0 1 0 2 1 0 163 0 1 0 0 0 26 0 0 0 0 0 0 12 17 0 0 13 10 3 111 0 26 14 0 0 52 0 0 0 0 13 1 1 0 0 0 0 0 9 719 6 13 0 3 0 0 7 0 9 0 0 0 8 1 155 0 213 0 0 0 0 971 58 72 0 22 9 0 20 0 0 0 0 120 1 0 2 1 63 0 0 0 1 302 1 0 131 0 1 0 0 0 0 0 0 0 8 17 0 0 9 105 0 109 90 0 23 69 0 1 0 1 0 137 5 65 13 58 183 0 0 1
 30 2 0 0 2 0 0 0 2 0 0 0 5 278 0 0 2 0 0 0 9 0 0 0 0 0 292 0 6 9 0 2 0 24 0 0 45 30 0 34 0 0 0 1 0 13 41 0 12 26 20 15 0 14 0 174 247 1314 0 0 0 201 20 0 0 0 0 0 0 10 87 0 15 0 0 19 7 0 0 0 3 0 31 0 3 52 66 27 0 1 0 0 13 0 7 0 0 28 0 660 0 621 23 2 0 0 0 4 0 0 0 0 19 38 664 0 0 0 0 0 20 23 569 0 8 0 0 0 0 0 5 18 0 0 0 1 46 46 0 0 0 0 0 3 0 357 0 0 0 24
 28 5 0 16 0 0 0 57 0 0 77 3 0 0 0 0 0 0 14 0 0 0 124 0 117 0 38 0 0 0 0 3 5 0 657 163 1 0 63 5 0 0 0 2 0 0 3 0 0 0 0 18 0 0 0 0 80 0 0 133 104 0 297 0 0 5 53 0 0 133 517 564 0 0 0 8 4 3 0 0 14 0 0 20 2 0 0 0 48 0 25 0 9 4 1 0 37 14 0 0 33 0 0 0 0 37 0 2 19 0 93 0 4 31 0 12 38 0 3 53 211 5 0 0 0 44 0 0 0 11 0 0 0 0 0 0 0 0 42 0 9 116 0 10 0 0 0 0 4 0
 0 0 2 0 0 0 11 7 0 0 20 15 0 0 0 0 44 0 0 311 0 0 2 0 0 0 0 0 341 0 74 0 0 7 109 0 0 44 3 4 0 39 12 0 0 2 0 0 4 11 93 0 0 4 0 0 0 365 10 68 0 0 0 0 0 60 0 0 0 0 5 9 576 1 0 2 0 2 34 1 0 5 0 7 4 0 25 1 577 2067 5 9 0 15 1 91 12 0 34 0 0 0 6 0 7 0 0 0 0 0 0 82 0 0 4 31 0 0 35 0 3 0 0 0 8 0 0 19 123 207 53 94 0 606 0 72 0 0 0 0 0 7 0 2 0 0 0 0 0 0
 0 0 0 34 0 0 0 0 0 0 3 0 0 20 0 40 0 0 2 126 3 38 0 0 0 17 0 251 10 0 2 0 0 301 104 0 0 1 0 0 0 9 4 0 19 0 190 0 20 0 0 0 0 1 0 111 4 0 0 59 2 0 0 0 0 28 0 0 6 96 0 0 0 24 252 12 0 16 0 0 0 0 0 34 0 0 0 0 0 31 223 0 0 0 0 0 0 0 0 173 0 0 0 0 90 17 0 0 6 0 0 11 8 0 11 0 593 0 0 0 6 0 0 23 0 0 2 0 16 0 0 0 672 0 0 0 0 1 24 0 0 0 111 25 0 0 0 1 2 4
 0 16 6 20 0 23 4 0 0 15 3 47 0 1 863 0 3 0 0 258 0 0 2 77 0 208 36 43 19 0 0 19 3 59 12 0 7 5 0 0 0 56 0 21 0 0 0 0 0 3 0 6 70 8 8 0 3 0 0 0 7 12 0 0 0 1 0 142 0 5 0 0 59 17 0 7 0 0 0 0 2 3 0 0 11 0 0 144 2 0 0 25 0 0 0 6 6 0 0 3 0 120 0 2 155 0 0 0 0 0 0 0 0 1 0 1 24 4 0 67 47 0 0 0 2 1 11 0 27 0 0 41 202 0 2 10 0 0 0 21 1 20 0 0 14 31 0 0 4 0
 0 0 0 11 0 22 293 7 0 46 0 3 1 55 0 0 2 0 0 0 0 0 0 0 1 6 0 0 170 1 7 0 0 52 100 0 11 0 0 3 10 14 3 0 0 0 16 0 1 6 6 4 0 0 0 3 35 0 0 2 0 7 24 0 0 12 21 0 128 9 0 3 0 0 0 0 549 844 16 4 25 0 211 0 119 0 1 79 1 0 0 3 0 0 172 4 0 0 0 0 30 0 0 0 0 515 0 89 0 0 2 142 0 0 28 0 0 53 0 5 0 11 5 41 0 0 0 3 0 13 0 6 0 3 5 347 0 0 0 45 1 853 0 0 0 3 1 0 0 6
 60 0 2 0 0 144 39 0 2 0 81 0 40 0 0 119 6 0 228 0 0 0 0 0 110 45 57 2 0 0 0 9 0 0 0 0 1 0 0 22 2 52 0 0 87 0 0 1 1 0 0 0 0 1 6 0 41 23 10 0 0 0 0 0 39 0 0 82 4 13 0 0 0 4 1 7 0 15 14 0 270 0 0 149 0 10 0 6 3 1 0 0 0 207 211 0 3 0 352 0 0 0 2 0 68 24 0 0 0 0 16 15 0 34 0 0 2 0 14 109 0 0 0 40 1 0 9 6 15 0 6 0 58 0 0 0 11 0 9 0 2 90 54 0 0 16 0 15 72 0
 0 126 0 209 0 10 57 0 0 0 0 0 4 0 0 8 45 0 0 60 0 0 0 0 63 0 80 0 2235 656 0 0 19 0 0 60 2073 562 0 139 0 0 125 18 1 15 156 106 42 0 1 0 14 0 0 19 0 26 16 0 0 26 0 0 21 0 277 138 14 48 2204 0 0 5 6 0 2 0 1 16 3 13 154 0 1 0 0 0 37 0 326 2 0 0 124 0 2 4 63 0 0 0 0 12 83 370 8 0 0 33 0 0 51 0 200 0 77 0 35 0 0 8 2 0 0 0 83 6 74 0 38 3 4 0 0 0 0 0 18 0 4 0 162 3 244 6 2 8 18 0
 2 0 0 0 0 0 0 0 0 0 59 0 2238 1 0 0 0 655 9 0 140 0 989 76 93 2 111 148 0 0 0 1 0 0 1 0 0 0 6 97 0 0 31 0 0 0 108 0 0 0 25 0 0 31 32 1 85 0 0 106 0 20 12 0 0 0 6 0 0 0 0 1724 0 0 0 105 0 69 2 7 28 0 52 212 0 0 7 0 0 0 0 0 0 0 11 1 0 0 17 31 95 0 7 7 29 5 0 1 136 4 0 0 0 29 8 7 10 0 0 32 2 135 101 0 2 0 0 37 0 5 111 0 39 0 0 252 0 0 0 0 120 0 108 0 0 391 0 0 9 357
 12 28 76 83 66 10 0 0 0 48 0 0 0 0 0 0 0 3 0 0 0 552 38 0 0 0 0 0 0 0 0 0 0 0 0 11 7 0 0 107 0 0 2 0 67 266 1 11 4 0 206 0 19 0 391 9 0 0 35 0 0 0 8 43 0 35 0 0 11 38 0 222 0 15 0 1 0 0 0 0 0 0 132 182 0 0 3 0 20 21 121 0 0 0 4 0 0 0 31 0 0 0 0 0 0 11 0 38 0 23 22 2 3 44 0 13 10 83 0 0 298 0 170 0 0 0 0 7 0 0 10 0 0 0 0 0 29 0 22 0 14 0 0 3 0 0 5 0 0 0
 0 0 0 0 0 1 0 0 8 0 0 0 22 0 2 0 0 0 142 0 0 0 19 0 0 0 0 33 3 5 1791 0 43 0 0 0 0 99 50 2 0 1960 36 19 0 0 10 13 0 8 0 5 0 0 0 0 0 0 414 84 2 0 0 88 9 0 0 251 0 0 12 0 0 163 0 0 11 0 0 0 13 0 121 7 294 5 0 4 15 0 0 0 299 8 155 9 0 0 0 0 197 0 208 0 7 0 101 0 0 0 10 7 0 76 0 75 0 0 0 0 252 0 0 0 1425 212 1 12 129 0 0 0 0 372 11 0 0 0 0 0 3 3 0 20 0 0 0 0 0 0
 0 0 0 0 0 0 0 139 15 0 0 21 0 0 0 3429 5 0 24 0 3 2 0 36 0 76 0 2 1957 3 0 0 0 3 35 4 0 29 0 0 0 59 16 50 119 0 0 16 0 0 0 0 467 0 123 6 30 10 0 0 15 0 0 0 0 1 0 136 0 6 31 0 0 0 124 20 0 4 0 0 17 0 17 0 0 5 9 0 62 0 8 106 23 0 0 36 0 3 0 2 0 0 632 29 0 3 0 95 0 47 7 0 0 0 8 10 0 0 7 10 0 0 0 0 0 11 990 8 0 318 0 0 0 27 0 0 2 0 1 0 3 0 0 0 192 4 0 0 0 49
 0 0 0 0 4 0 40 0 0 2 0 0 826 2 0 0 30 8 124 0 20 0 0 0 0 0 0 169 1 16 0 1 0 44 0 0 17 1 0 0 0 1 601 0 3 0 7 0 4 15 192 0 0 0 2 18 0 0 0 0 144 0 0 733 24 0 5 0 0 0 0 5 4 13 1 1 0 0 0 94 0 181 8 552 0 0 1 7 0 0 79 37 6 0 13 0 0 28 39 2 68 0 0 27 0 0 0 2 0 11 906 0 53 3 27 2 0 1 0 0 1 0 0 0 5 0 0 683 2 15 286 0 127 9 2 0 0 4 4 0 56 0 99 0 12 0 93 144 0 5
 0 0 0 0 0 22 0 1 3 0 6 14 60 336 23 782 3 0 8 0 223 0 26 6 0 7 0 7 0 172 0 0 0 50 3 0 114 0 0 348 0 1 339 4 0 38 75 0 7 23 1 0 0 259 0 0 0 9 1 0 35 308 0 10 0 0 0 0 0 0 8 14 8 11 1 0 9 266 0 16 0 0 13 0 2 0 0 0 0 0 0 0 0 1 0 38 0 3 3 0 82 0 0 15 0 0 0 82 0 0 0 0 0 0 0 0 4 0 0 164 0 0 0 0 0 0 5 0 0 0 0 241 1 0 0 5 0 0 532 0 4 0 0 96 13 0 0 0 0 1
 0 0 294 562 8 6 0 16 0 10 0 0 0 154 1 17 62 0 0 0 16 26 33 0 1 66 23 0 0 31 15 0 4 0 0 0 1 0 0 0 0 0 134 50 0 131 0 0 0 120 0 6 3 0 0 0 6 0 4 2 0 0 0 0 0 0 0 5 16 0 0 0 154 0 0 37 0 24 3 29 0 0 1 0 23 1 25 0 0 149 11 161 31 38 0 20 0 21 20 0 0 10 0 5 128 0 0 0 1038 30 225 1367 74 10 0 0 0 2 2 0 0 0 370 0 1 0 0 0 5 0 9 59 1 0 0 9 0 4 0 91 2 0 3 0 0 0 0 146 0 0
 0 0 0 9 44 154 0 43 0 0 0 25 0 0 0 39 21 47 0 0 0 0 0 0 111 4 0 0 0 0 208 0 0 0 0 234 2 5 0 0 0 0 63 9 0 36 0 159 0 0 0 1 11 16 384 0 0 0 0 6 0 54 0 68 19 3 90 0 201 0 0 0 0 0 0 0 2 0 0 5 0 1 0 31 1 0 9 0 0 249 0 0 10 10 0 61 0 4 0 0 9 2361 54 0 22 54 0 1 7 9 0 7 2 12 0 0 0 32 26 0 3 79 562 6 0 490 376 7 256 0 0 0 0 0 49 0 0 0 0 0 0 0 0 17 186 0 0 0 5 67
 67 365 10 0 0 0 0 0 143 0 0 0 0 57 11 124 0 21 296 1 0 19 0 10 0 1 0 0 0 133 1 0 0 0 0 0 3 0 8 730 0 0 1 0 7 0 57 6 5 0 0 4 0 0 171 7 68 28 0 36 0 10 15 0 0 7 0 0 0 0 30 0 0 0 0 0 152 10 34 0 0 1 2 17 0 0 116 0 204 0 2 0 43 583 1 0 0 2 42 212 0 0 4 31 0 606 0 0 0 92 0 13 0 3 0 6 14 0 0 160 51 0 0 0 0 0 0 19 0 0 26 0 0 106 5 5 0 246 0 0 0 238 2 0 0 0 6 0 0 0
 0 27 6 2 183 0 0 0 9 21 121 0 12 0 0 0 5 0 0 1 0 0 0 0 0 0 0 0 92 0 0 52 0 0 0 0 0 135 0 0 2 0 0 0 2 0 0 5 2 14 0 92 1 0 0 1 1 3 12 2 8 0 0 0 0 0 0 4 0 0 14 112 0 7 0 5 0 4 0 0 0 1 0 3 5 27 0 0 19 19 0 0 0 10 0 0 0 0 0 13 125 14 0 2 15 2 0 11 0 55 0 15 2 0 0 4 0 7 0 0 0 0 7 349 0 1951 0 10 5 0 0 0 0 0 0 0 8 0 206 0 0 357 5 0 0 0 0 0 0 0
 0 2 0 0 0 0 213 1 638 0 8 1 36 5 287 178 71 0 0 0 0 0 0 2 2 0 0 20 16 30 0 0 0 24 0 0 0 0 71 0 0 0 2 0 38 7 29 2 5 635 1 17 2 0 0 0 12 0 0 30 0 0 2111 78 0 63 0 0 0 0 0 4 0 0 0 0 2 2 0 0 0 4 358 0 0 9 1 33 3 0 0 26 0 0 190 0 0 157 0 4 0 0 0 7 15 12 0 0 0 0 4 2 201 11 0 130 5 3478 31 0 0 0 0 22 0 246 16 0 133 0 0 0 1 0 0 0 0 0 7 14 1 0 0 10 0 1 7 0 7 0
 0 445 1 0 542 0 13 3 0 0 0 137 0 6 0 0 0 176 0 0 0 0 0 22 0 0 0 1 0 11 324 0 1 1 0 10 0 0 11 0 58 51 0 0 5 109 2 0 94 73 154 0 0 40 176 0 36 0 2 2 0 610 93 4 95 0 0 169 0 2224 31 0 2 22 0 2 61 3 49 0 699 0 234 21 0 102 336 557 0 61 0 0 5 22 39 0 6 0 0 0 0 17 6 0 0 21 13 2 3416 12 9 0 0 0 0 63 0 0 170 0 6 13 0 0 14 0 202 0 9 73 0 0 20 0 14 5 5 242 0 0 2106 0 11 10 0 0 15 2356 0 0
 0 4 0 0 0 0 0 226 0 0 6 0 1 0 1 1 170 90 38 51 586 0 0 1 186 4 0 635 0 0 8 115 6 25 0 0 0 0 0 33 3 0 0 208 1 2 0 0 0 0 0 7 6 11 0 2 0 1 20 28 0 0 8 0 2692 2 0 0 0 14 0 0 139 0 9 0 0 14 0 416 0 0 17 0 1360 0 40 30 260 2 0 0 62 7 29 48 0 8 7 15 0 0 0 0 3 0 0 226 4 0 0 19 3 0 0 82 0 0 17 3 0 72 0 0 11 68 3 44 0 0 0 76 0 0 1 0 1 3 127 0 11 0 10 0 0 0 8 51 25 3
 0 0 0 26 173 0 0 0 0 0 0 17 0 7 69 2 0 0 0 0 0 15 0 0 0 18 0 0 9 0 0 0 0 6 13 46 3 0 0 8 0 2 0 0 0 87 0 98 14 8 0 6 0 0 356 2 4 0 201 0 0 34 0 2 50 0 0 3 23 0 0 0 17 579 0 0 0 0 0 10 2 1 0 0 0 0 2 4 0 1 50 21 0 184 3 0 424 0 0 0 365 0 0 2 51 41 0 0 0 0 0 0 38 0 24 11 163 62 16 1 0 22 0 0 1 7 4 0 0 14 0 0 0 0 0 0 9 4 0 0 92 7 0 34 0 0 57 0 0 0
 0 0 151 84 5 0 0 32 7 122 63 133 0 17 54 1 0 0 0 3 65 0 1 0 0 0 0 295 0 0 7 0 18 0 2 0 0 0 0 81 0 0 127 0 0 2 3 98 8 0 5 0 0 0 4 0 0 24 17 0 5 12 0 49 0 196 0 10 41 3 0 13 0 1 46 0 2 0 15 0 0 0 8 341 26 2 0 0 0 26 0 0 0 2 0 0 0 0 60 2 1 77 18 19 33 17 0 0 25 0 0 1 237 0 4 56 12 1 25 44 0 0 0 3 4 0 581 0 186 458 199 0 0 101 0 97 0 0 0 27 11 4 6 24 0 0 0 5 0 0
 0 0 0 7 2 0 0 0 4 0 60 162 48 0 0 0 147 0 5 0 2 0 0 0 0 2 0 5 6 0 2 1 0 0 1 0 54 0 0 1 3 0 47 0 0 3419 1451 0 0 15 0 0 0 0 0 98 19 258 338 0 0 424 16 25 199 1 0 0 67 0 0 18 7 1 0 0 247 1 1 0 22 22 0 0 0 0 0 0 18 47 0 57 3 0 12 5 0 0 8 0 2 0 255 10 2 2 0 0 26 0 0 0 2 0 1 0 0 0 0 0 0 0 0 16 740 0 1 3 0 0 0 35 81 20 1 0 29 57 17 0 2 0 0 0 0 11 0 0 6 0
 0 68 0 0 0 0 0 0 0 106 4 6 0 0 0 0 0 0 0 15 0 0 0 0 73 0 0 3 16 30 0 0 86 100 8 0 12 0 4 3 0 0 2 0 0 0 0 18 0 0 0 0 0 1 0 0 0 3 7 13 2 524 10 167 0 0 0 0 39 30 5 0 2 5 29 30 0 0 0 0 2 0 0 65 5 3 1 29 0 0 0 0 88 7 48 0 63 1 0 0 0 0 0 79 0 0 3 6 0 0 0 147 0 0 0 6 0 12 0 0 9 0 0 0 26 31 0 162 9 0 0 2 98 0 11 0 0 2 0 172 26 58 0 0 0 23 0 0 17 0
 6 0 3 0 0 0 0 0 0 0 2 6 697 8 0 109 0 0 55 0 0 2 597 7 0 2 10 0 0 0 11 13 0 0 0 0 0 30 57 10 0 42 5 3 12 0 0 0 9 4 35 1 0 1 165 0 0 10 0 11 10 0 0 301 0 4 17 31 36 0 1 0 0 0 0 71 0 38 0 0 33 1 0 1 0 0 0 0 8 0 26 0 0 80 0 0 0 22 0 0 57 46 0 21 0 25 65 0 0 8 194 0 0 0 0 0 8 0 0 44 31 0 16 2 15 6 0 0 86 0 0 31 0 0 0 134 6 0 1 0 9 195 1 0 0 0 0 0 66 0
 0 0 0 0 860 65 0 0 0 4 10 166 169 0 2 0 356 0 0 0 1 247 0 0 0 41 0 0 0 0 0 0 1 31 1 0 0 24 0 32 2 0 3 23 0 43 0 0 32 31 0 61 16 0 0 1 215 0 0 5 11 74 0 0 30 8 1 0 0 0 60 5 7 54 0 0 0 0 0 0 0 12 21 0 0 117 26 16 0 4 0 0 21 0 0 0 0 9 1 0 5 0 0 1 34 4 0 0 3 0 4 0 0 0 63 2 0 41 0 0 0 0 13 9 0 0 0 0 95 202 0 0 0 0 0 95 0 0 0 42 0 0 7 0 0 0 0 0 1 29
 59 0 0 14 0 12 0 0 0 0 0 4 0 0 0 0 0 0 79 0 206 0 0 35 29 0 14 0 0 0 36 0 9 30 0 1745 0 49 893 4 33 0 0 0 10 0 224 0 7 0 5 35 0 1 27 5 0 0 0 0 1065 0 0 85 0 0 0 428 0 0 37 0 62 0 5 4 0 0 12 0 0 0 0 0 402 51 0 20 0 2 0 2 7 0 0 25 0 7 255 2 0 0 0 0 0 0 82 320 0 39 0 1 2 0 0 7 5 0 18 0 1 0 0 4 2 5 0 0 4 0 0 0 0 31 6 0 0 102 125 0 391 40 225 10 0 0 4274 0 0 6
 2 0 0 0 0 98 0 0 0 0 0 9 3 197 0 35 4 0 0 7 14 0 48 38 0 11 859 0 0 61 0 57 0 6 79 0 145 0 65 1 0 2 657 0 22 14 0 0 0 0 15 0 0 29 0 0 8 0 0 20 0 167 0 49 0 41 0 0 0 0 16 0 10 4 3 0 0 75 155 523 0 26 0 0 1 0 0 0 0 0 206 0 0 1 0 29 0 3 74 60 6 10 0 0 0 0 0 2 40 0 2 56 0 0 0 0 14 0 52 0 8 0 83 2 0 0 0 0 10 41 0 287 1 25 7 0 0 44 0 0 0 0 0 7 0 5 53 0 54 0
 0 3 0 0 0 0 0 0 5 4 1 6 0 1 14 0 0 10 505 10 2 0 0 0 0 0 0 0 4273 0 0 0 2 10 0 0 17 195 0 0 10 0 0 0 0 209 407 1 0 0 57 0 0 2 0 0 0 0 0 63 10 14 364 152 6 0 0 0 641 0 14 5 0 0 6 0 3 0 244 0 0 0 0 0 0 0 23 0 0 34 12 2 0 2 0 0 85 5 0 0 151 0 1 0 0 0 1 7 0 0 32 0 0 22 27 0 17 0 0 0 9 0 0 73 0 103 0 3 6 0 0 0 0 77 5 3 170 0 0 0 34 0 0 0 0 0 582 9 0 81
 0 18 0 184 76 0 13 2 0 0 0 12 0 1 167 110 0 14 0 37 0 5 27 0 658 0 2 0 1 7 0 87 0 20 0 0 40 0 0 104 0 0 0 0 1 0 0 0 0 0 2 0 0 0 0 99 0 0 790 0 2106 66 0 9 0 195 2 201 115 0 0 0 0 95 8 0 0 995 0 7 0 0 0 0 1 0 129 0 2 0 0 0 58 1 0 0 0 10 26 12 68 6 0 0 0 0 0 570 26 660 0 0 16 0 3 20 14 0 0 0 20 0 0 0 0 0 0 5 0 0 0 0 0 32 0 0 0 0 57 0 16 16 0 5 35 5 5 0 0 0
 12 1936 0 0 0 1 0 0 146 0 13 0 0 62 0 0 0 0 1 0 0 0 4 384 0 0 9 0 0 1462 1 0 0 0 0 0 0 21 160 0 10 14 0 0 0 0 0 6 21 1 0 31 0 0 1 0 0 39 0 64 0 0 129 0 0 2 59 0 0 108 1 18 11 0 0 61 365 0 0 0 0 2 0 0 0 19 0 30 0 6 2 0 0 3 0 0 0 48 2 28 0 1 187 0 0 0 7 0 2 144 19 28 25 0 0 0 0 0 0 198 6 0 1 0 0 34 239 0 24 0 0 31 0 59 0 0 417 0 96 0 0 2 621 0 59 568 0 0 50 0
 0 32 0 44 4 0 0 0 0 0 29 0 0 0 0 0 7 10 0 38 0 262 0 0 0 49 32 0 0 0 560 8 31 0 0 25 0 133 22 0 0 0 119 0 3 1 0 0 0 4 0 0 39 0 6 3 0 24 0 0 9 0 0 0 0 0 5 10 0 1 0 1 27 0 78 0 0 2 0 0 13 0 0 5 174 34 110 14 0 12 1 20 0 0 4 4 0 0 0 0 0 0 28 0 8 0 0 102 0 9 9 44 0 0 3 0 0 0 110 0 10 9 0 0 0 67 251 22 0 0 8 0 1 4 0 1 0 0 0 0 0 0 0 0 0 63 0 0 7 11
 331 0 0 11 105 0 0 0 0 8 80 0 0 0 0 5 1 0 0 0 8 2 79 0 2 5 12 0 2 7 59 17 0 0 1 32 0 0 0 0 0 0 53 4 3 0 56 0 104 26 0 0 0 0 24 3 0 8 863 0 3 0 4 1 0 2 0 0 0 81 29 100 0 0 0 1 0 1 6 0 3 9 2 2 0 0 0 59 0 52 1 0 0 70 0 0 0 0 232 5 123 0 3 70 1 2 3 0 0 20 0 204 0 0 19 3 4 0 0 20 0 109 0 0 0 0 0 0 21 0 0 0 48 19 0 2 8 107 8 0 0 0 8 78 178 36 0 19 0 0
 0 230 0 0 9 0 4 0 0 19 79 1 255 0 0 296 0 24 16 0 0 0 0 8 0 0 0 9 0 0 0 0 538 2 0 20 42 0 0 0 0 0 862 678 110 47 0 0 18 0 0 9 0 0 19 5 0 0 0 0 0 16 7 46 4275 0 0 4 4 0 3 3 38 0 25 0 0 72 162 2 27 55 63 0 0 48 0 321 0 6 0 26 35 0 2 0 4 0 0 0 11 0 71 0 0 0 0 0 0 0 0 18 4 0 0 0 2 0 0 0 258 61 0 55 0 0 2091 6 141 0 8 0 0 0 2 8 0 0 16 0 254 0 326 10 0 0 0 0 39 2
 14 0 1791 0 11 1 24 0 0 0 1 0 0 0 25 202 0 0 0 4 0 0 3481 0 88 0 9 0 4 194 155 0 0 0 2 2 1 44 0 0 0 0 0 0 0 0 0 50 26 0 0 0 0 0 19 0 0 357 16 1 0 0 143 36 0 2 0 2 0 0 0 44 5 384 4 6 22 0 0 0 2 0 0 0 0 0 0 132 36 171 15 0 1 18 0 10 232 0 11 101 468 0 26 0 225 0 0 0 0 0 0 0 63 0 33 0 0 0 0 0 1 0 0 206 0 0 0 0 0 0 0 0 0 0 2 0 69 10 0 0 1 1 220 70 0 15 0 26 0 2
 3 0 3 0 0 0 2 0 10 4 21 0 115 0 0 0 0 0 0 0 174 0 9 1 0 20 0 0 0 0 20 252 362 0 735 0 0 0 0 9 12 0 33 39 0 22 0 0 87 0 1 1 0 0 11 0 15 0 16 77 0 0 0 0 9 29 0 77 0 40 0 0 72 0 0 3 0 0 0 0 5 1 0 36 0 0 0 0 0 0 0 0 14 75 0 11 0 17 4 210 0 13 0 0 0 39 0 0 4 0 0 0 21 0 18 0 0 0 0 45 0 49 0 0 0 557 0 0 0 226 0 133 0 0 5 6 0 0 1 1 17 19 0 0 0 0 3 0 0 0
 3 0 0 2 0 0 0 0 0 2 0 2 0 0 0 175 0 99 0 0 229 0 3 0 54 0 0 0 17 0 3 0 0 251 110 0 12 173 52 141 11 9 0 271 0 0 134 974 7 8 0 174 0 0 0 0 0 0 0 0 3 0 0 0 0 0 147 0 12 3 8 0 0 8 122 178 3 6 0 0 1 2 4 0 157 23 0 13 0 9 0 0 204 24 0 0 0 19 0 0 5 50 0 2 2 3 1 0 13 5 0 0 11 262 4 36 0 0 0 0 5 0 0 0 0 2 0 0 25 2 3 1781 2 658 243 0 0 2 181 25 0 0 0 0 0 53 0 10 0 0
 0 211 0 57 5 3 0 0 6 0 0 0 0 16 0 21 33 0 0 0 2 12 0 0 17 0 0 0 21 16 0 65 2363 0 0 76 0 0 504 0 0 7 58 0 13 2 0 0 0 1 0 0 2 0 0 0 193 0 9 7 0 0 0 5 0 2 71 0 768 0 0 2 0 86 33 1 78 0 0 4 73 0 11 2 0 284 0 566 6 0 0 415 19 0 0 2 0 1 16 0 1 0 0 0 0 4 0 0 0 0 9 0 0 0 42 86 231 222 5 0 0 76 0 0 0 0 22 0 5 0 29 1 0 0 6 0 0 42 141 46 0 89 41 4 0 0 61 0 15 2
 5 10 0 0 0 7 0 0 0 60 2694 0 105 52 98 129 0 2 4 1 1 25 181 8 0 322 3 0 29 0 528 60 7 51 0 287 1 18 0 124 1 0 7 0 0 0 0 0 0 0 0 10 0 5 0 0 18 10 0 0 0 88 0 2 81 0 33 0 0 0 337 9 0 0 92 0 76 0 28 54 0 17 0 7 13 0 0 186 0 0 0 0 0 41 0 6 0 0 128 0 0 0 1 0 0 0 200 0 0 28 14 0 44 0 0 30 0 19 0 0 0 0 0 23 0 1 0 0 34 0 0 0 41 1 0 33 0 0 25 0 255 551 0 0 161 89 126 3 19 0
 0 0 331 32 6 109 0 0 24 50 20 0 73 0 0 33 65 0 0 0 2 0 0 0 0 61 0 5 0 22 11 0 104 5 4 0 0 0 0 18 0 0 0 0 0 0 1 4 4 12 16 0 0 0 223 0 0 0 0 0 2363 0 0 0 0 263 0 0 190 0 5 0 0 0 0 1 0 0 6 0 28 44 0 0 0 95 4 7 9 9 0 154 0 0 0 0 0 1042 0 0 0 0 12 13 39 0 0 11 0 0 16 0 59 21 0 0 57 0 0 0 0 7 33 0 0 1 9 0 17 11 0 0 4 6 0 0 0 1 0 6 27 1 0 284 0 5 0 0 11 0
 0 0 575 0 0 0 0 0 156 15 0 0 0 0 7 31 0 0 0 0 3 0 0 0 2 1 0 0 0 3 0 0 0 0 42 16 0 0 0 0 0 4 2 0 40 0 74 0 64 144 0 0 0 0 0 8 0 0 25 0 0 0 5 0 0 0 0 55 171 0 635 0 0 26 0 0 1 0 0 135 323 1 13 1 419 0 2 8 28 0 14 0 77 1 0 42 14 0 0 767 9 25 0 40 446 0 0 0 2 0 0 34 0 5 17 367 5 0 11 213 0 0 0 0 0 23 0 59 567 46 200 1 0 3 0 0 0 0 6 0 0 0 0 12 0 11 0 0 294 0
 0 0 0 0 11 0 0 9 71 10 0 17 0 39 0 0 0 8 7 82 0 0 0 0 0 4 0 0 0 95 103 170 3 3 0 0 0 0 0 50 0 5 0 0 32 0 1 0 213 0 0 0 0 2 1 0 7 0 105 8 0 1 80 0 0 0 0 10 8 0 0 0 0 26 0 13 0 0 0 0 0 17 0 0 0 0 0 1 0 0 153 109 0 6 11 0 0 45 0 0 31 0 0 0 0 0 0 0 0 23 0 29 0 3 13 0 0 0 2 2 0 0 0 0 0 222 1426 0 0 3 577 0 20 0 0 59 0 4 0 371 2 0 1 9 337 0 28 0 0 279
 0 2 0 0 0 0 21 0 0 0 0 0 0 0 0 1 0 40 48 0 0 0 0 72 0 0 0 0 8 26 0 38 0 6 20 116 5 11 557 2 1 415 109 0 532 3 0 0 61 0 0 0 0 161 0 0 0 4274 1 0 16 0 0 0 6 0 2 8 0 197 0 3 41 635 0 0 7 40 171 210 0 0 0 0 0 0 0 603 85 0 100 1 0 0 0 0 1 58 0 2 44 44 0 0 33 0 59 2 0 0 42 0 0 0 0 0 0 0 4 95 0 0 0 4 0 0 0 0 0 0 10 2 0 14 0 0 0 0 0 0 1 0 1 6 11 87 0 2 7 8
 0 0 2 0 0 0 33 0 0 135 0 0 10 292 36 1 564 8 0 0 0 0 29 0 23 0 0 9 0 0 0 2 22 20 1 0 0 0 0 0 0 0 188 0 0 0 0 0 0 42 14 0 5 0 0 1 25 49 0 0 0 23 0 109 0 0 0 0 0 19 11 0 0 223 0 2 0 0 0 0 0 5 0 5 13 0 26 2492 1 0 8 0 5 0 0 0 0 0 0 382 0 1 15 0 36 23 0 0 0 0 99 4 0 56 0 0 0 83 3 0 0 0 193 11 0 0 1 1 71 0 10 69 1 3 0 0 0 0 0 380 0 18 0 0 0 224 0 11 0 13
 0 0 20 10 673 9 5 195 3 290 6 0 237 3 237 0 0 0 0 0 0 17 0 27 0 0 0 0 0 0 0 0 12 324 20 183 0 1340 20 1 4 0 9 1 0 54 0 0 0 34 130 8 0 337 0 96 0 0 8 0 4 0 0 43 111 6 0 7 0 101 0 0 58 0 0 233 0 0 0 6 0 26 627 0 23 0 0 0 0 0 21 0 33 0 2 0 22 0 0 0 1 0 0 0 0 0 12 49 0 2 0 0 0 66 0 0 0 9 0 0 0 0 0 0 16 0 8 0 3 3 3 0 2 8 3 2 0 2 6 0 0 0 0 3 1 2 38 0 9 0
 42 0 0 17 39 0 1 0 15 0 3 0 0 110 0 0 0 0 0 0 100 74 0 0 14 118 2 228 0 0 0 0 14 0 0 194 0 1 6 1065 7 0 0 0 0 51 80 0 138 0 0 3 0 11 26 0 0 0 8 0 125 110 6 0 46 0 0 0 0 39 3 0 0 1 0 2 5 0 235 0 9 0 0 0 1 0 255 0 0 5 8 996 0 129 0 1 0 2 0 272 0 0 86 0 0 0 2 0 424 77 0 186 4 0 0 0 0 0 0 0 0 10 0 307 25 0 0 49 0 0 1 0 244 0 0 29 0 12 0 20 21 6 0 70 0 0 0 0 174 43
 0 110 0 46 20 0 0 0 0 0 2 0 298 0 18 45 3 0 0 0 581 0 39 0 705 4 0 0 12 0 0 0 0 33 0 0 11 0 2 0 0 32 5 673 34 0 0 18 98 64 4 4 2 5 350 0 0 0 2 0 0 0 505 3 0 0 1 0 0 0 0 0 0 12 0 0 9 483 14 0 0 0 0 0 3 2 0 0 0 0 0 21 27 21 0 40 0 0 0 0 3 257 0 285 21 0 221 0 0 0 4 50 0 0 0 101 0 0 12 0 0 0 68 0 0 0 0 28 110 0 16 114 0 0 0 0 0 0 0 114 1 18 0 0 35 0 0 296 1370 0
 5 139 9 0 0 0 0 0 0 110 0 1 0 0 5 0 8 0 82 611 0 57 52 1 0 0 0 5 0 1 0 0 2 0 0 0 2 299 0 0 0 0 1 70 0 13 0 0 0 814 0 0 5 6 0 0 562 154 0 0 0 0 0 6 0 0 0 0 0 0 0 1 2 0 0 0 0 0 0 38 0 0 0 0 0 189 0 0 4 0 1 0 0 49 0 0 0 0 0 8 0 0 19 0 0 50 8 0 141 0 7 0 0 0 0 614 272 37 2293 207 39 0 177 28 384 0 0 4 2 0 1 53 22 384 0 71 18 0 0 1 0 0 0 0 22 0 26 0 0 0
 222 0 0 391 0 0 0 0 0 18 121 0 0 0 2 0 0 0 0 2 0 0 6 0 0 0 0 21 0 54 64 0 0 0 0 43 0 16 515 0 164 10 0 213 0 0 0 0 0 4 0 0 0 0 0 0 6 0 244 300 48 0 38 0 0 0 0 0 0 0 4 2 51 276 0 0 51 0 32 0 0 0 87 3 0 9 34 0 164 4 0 114 3 2 2 30 2 0 5 0 0 4 31 0 0 0 0 19 2 0 0 351 260 376 0 11 25 0 0 19 371 0 324 0 14 0 0 0 0 0 14 0 0 5 203 0 319 4 0 332 0 0 1 10 0 996 0 0 26 30
 8 0 0 0 0 0 0 3 0 1 40 0 4 0 15 0 2 74 5 16 0 10 0 26 0 0 0 201 369 0 0 0 259 468 0 13 0 0 2 4 0 0 0 0 75 14 9 0 2 0 0 6 24 0 156 0 0 0 0 0 0 13 6 24 0 0 0 9 0 2 5 286 0 0 26 168 0 0 3 7 0 0 0 0 0 1 0 0 12 21 30 0 0 0 0 3 0 0 3 26 1 0 0 32 0 0 0 2 0 200 0 0 0 0 0 110 0 0 701 89 2 0 0 0 0 4 0 0 0 296 14 0 0 0 10 5 5 0 0 20 98 1 75 0 58 0 0 244 0 0
 0 73 0 0 0 0 85 48 0 0 147 0 84 36 2 0 0 0 0 3 194 11 0 2 0 887 0 0 0 94 0 858 40 0 89 49 30 0 4 0 10 125 0 0 0 34 0 0 0 0 0 0 0 0 3 1 961 0 0 0 17 538 10 3 0 5 0 12 0 0 1 4 347 4273 0 0 207 6 1372 0 0 143 0 7 0 15 0 7 0 28 0 76 1 2236 0 0 71 7 2 0 607 0 0 584 0 9 4 0 0 0 0 0 0 43 1 0 0 0 0 0 0 0 12 0 19 0 0 57 0 0 0 3 0 0 0 0 0 12 0 0 0 0 0 0 5 0 317 0 0 0
 0 0 0 5 0 0 2 0 806 371 1 0 0 12 2 1 0 5 0 156 638 26 0 36 9 265 0 18 0 37 0 0 11 338 0 33 0 0 1 1 0 0 1 384 0 0 0 0 172 5 28 12 0 1 7 17 0 0 0 0 0 0 0 0 2 0 10 80 239 0 0 0 0 0 0 0 0 43 8 6 779 0 0 0 109 0 17 0 0 42 5 0 13 0 0 29 0 3 0 1 29 141 3 15 0 0 24 0 0 0 0 60 0 0 8 168 0 10 23 10 65 3 52 0 0 0 293 11 2 0 7 0 0 17 73 0 0 0 6 0 0 6 0 0 0 0 0 0 0 0
 24 0 15 0 0 469 20 0 0 4 0 0 17 0 0 1 0 0 254 0 0 0 0 0 0 219 0 1 2 0 6 2 15 0 0 0 0 0 0 0 138 0 0 0 250 17 77 0 0 0 9 0 0 0 0 0 10 0 0 0 99 0 9 9 45 0 154 0 0 27 153 0 0 0 275 0 0 9 0 18 0 0 25 0 0 92 20 2235 58 0 281 74 0 52 0 0 0 27 6 193 25 0 0 0 0 0 2 0 0 9 0 21 10 15 0 952 25 0 29 0 0 0 0 117 0 0 25 20 0 0 218 110 129 0 8 0 41 0 2 0 1 3 0 10 0 5 0 4 0 0
 0 3 54 32 53 10 0 0 8 0 0 0 0 38 26 0 0 37 4 0 0 3480 13 0 0 0 0 9 0 0 2 5 4275 24 0 0 1 1 0 0 0 0 7 8 0 0 13 39 0 0 2 0 9 0 204 0 0 0 0 0 0 0 0 0 22 0 11 0 8 20 0 96 0 0 24 0 0 27 0 3 0 0 26 44 50 1 0 660 0 0 43 0 2 0 13 0 18 0 0 0 80 0 19 0 3 0 0 0 0 0 2 0 0 0 0 0 7 0 0 0 167 0 0 0 56 0 0 0 0 17 9 3 1 3 2 9 0 10 30 0 0 0 2 3 13 218 297 0 19 1
 0 6 16 282 0 106 0 719 0 0 153 592 0 0 0 13 4 0 0 0 0 2 0 25 0 0 9 0 39 3 57 0 5 0 0 0 0 24 0 1 0 0 0 0 0 3167 0 9 44 71 0 0 63 0 31 0 15 0 0 15 0 81 0 238 56 39 0 0 0 48 0 0 206 0 0 0 2 599 0 0 0 14 0 0 24 103 0 0 0 126 0 1 0 217 0 0 0 0 0 0 2 3 0 35 0 7 33 0 0 83 0 0 0 0 0 0 0 0 0 10 22 12 0 0 0 230 0 0 326 0 8 53 0 44 239 5 0 0 6 9 0 0 0 0 7 0 9 0 0 2
 0 6 38 0 0 0 0 0 20 0 0 16 0 0 0 0 0 25 0 0 12 0 0 46 3 0 44 0 0 0 17 0 0 0 10 1 2 0 2 1 0 0 4 4 0 0 0 1 0 0 1 0 0 1 9 1 0 0 122 0 0 7 0 0 0 1 1 0 5 0 0 0 23 0 0 0 0 3 51 198 3 0 0 1 19 10 0 0 0 0 18 698 0 78 0 9 8 0 459 4 0 0 0 6 34 12 0 0 92 0 1 0 0 32 12 80 0 10 0 3 0 15 6 0 0 257 53 0 16 0 0 14 0 0 8 0 0 17 2 4 0 50 31 0 0 0 0 0 31 12
 99 0 0 0 0 3 1 0 66 49 0 3 6 0 0 1 3 0 0 31 0 0 36 1 15 0 0 0 18 22 0 174 19 28 60 22 0 0 0 0 3 1 0 0 0 0 5 0 3 5 0 0 6 0 0 0 0 0 111 32 0 0 93 5 0 1 301 0 0 2 0 0 0 67 0 0 0 0 0 0 0 40 10 0 0 0 67 24 285 0 0 0 5 0 0 9 47 0 45 0 118 217 4 0 0 0 0 0 50 0 0 0 1 0 0 555 0 0 0 132 0 0 0 25 0 1 0 0 0 5 0 0 77 0 391 0 1 0 0 36 29 0 0 0 356 0 0 0 0 0
 0 17 15 2 0 20 0 0 13 0 25 75 0 1 18 361 0 0 0 4174 171 75 0 0 0 4 2 0 5 0 49 40 0 16 1 0 0 0 0 0 0 581 0 0 8 0 1 39 266 0 38 3 0 0 0 3 0 0 0 0 4 0 0 0 32 0 0 0 0 0 0 0 0 79 0 0 0 5 0 2 9 41 0 0 562 0 0 6 92 80 14 17 0 12 4 0 0 0 28 120 0 0 179 16 3 19 6 98 0 0 1 0 10 0 0 134 13 4 6 0 7 242 0 0 1 16 0 12 4 0 0 116 0 0 185 112 0 0 181 0 45 0 98 222 144 11 0 688 0 6
 0 0 4 0 13 268 0 3 0 0 0 0 0 0 23 11 0 55 0 15 233 42 0 35 0 17 0 105 13 2 0 0 0 0 0 0 8 0 10 0 25 0 10 0 0 1 3 0 0 0 208 0 0 0 323 0 3 6 0 0 0 12 0 0 14 0 0 0 0 0 1 0 4 1961 1 46 462 0 0 10 0 2 0 8 25 0 0 8 0 0 0 19 0 5 9 91 376 0 14 0 0 0 2 0 12 36 0 0 0 0 0 0 0 5 113 0 0 0 0 0 56 0 0 7 4 0 1 0 5 0 0 0 0 0 0 54 4 0 12 82 0 205 0 0 0 0 1 0 17 0
 208 0 0 0 1 0 89 0 18 31 6 0 147 313 0 0 0 79 0 4 0 0 0 42 0 8 0 3 0 0 0 150 0 0 0 0 4 0 0 0 12 0 98 9 0 653 0 11 0 6 0 0 0 0 0 17 0 0 35 448 0 0 0 0 0 60 0 0 0 79 0 0 1 0 11 7 37 1 0 1 11 0 0 0 199 1 0 357 19 0 0 23 20 0 0 3 0 680 15 8 0 0 2 0 0 0 49 20 56 0 0 1 0 0 47 45 0 94 0 0 2 0 785 0 6 5 0 0 0 0 0 6 0 0 0 127 4 76 19 1079 3 3285 4 0 0 0 0 12 3 50
 1 0 0 90 30 23 0 0 0 0 0 62 0 87 0 0 14 46 25 4 95 0 35 0 1 0 0 0 2 0 0 0 0 12 3 1 16 24 0 0 2 64 0 0 0 47 1960 19 14 5 2 65 0 0 1 0 660 7 0 9 38 24 0 0 0 92 3 48 3 0 0 358 0 9 0 2 0 105 0 0 291 32 0 133 0 1 9 205 0 95 0 0 0 0 2 17 0 0 0 0 0 17 1 0 18 0 2 33 20 155 9 0 5 0 0 1 8 147 0 0 0 4 0 1 4 0 200 0 233 0 0 0 10 0 20 0 228 27 79 0 0 0 0 16 19 898 0 0 0 14
 3 0 0 0 0 0 0 28 295 0 0 44 0 0 0 0 2 200 116 97 0 13 32 1 61 1 12 0 0 0 0 2 0 54 0 0 0 126 2 0 19 7 42 1 185 0 0 2 20 5 0 141 23 0 0 176 0 0 0 19 0 119 0 12 0 0 213 606 0 0 589 223 0 0 0 0 0 0 8 29 13 8 1 13 0 0 0 0 0 1 0 14 23 2 0 0 21 0 0 0 37 38 251 0 33 0 0 3 0 0 1 17 0 0 0 1 0 0 3 0 0 201 18 3 0 5345 0 0 0 159 0 15 0 0 0 0 0 0 0 15 0 0 198 1 584 0 50 0 1 0
 0 0 1 0 0 2 0 17 27 1 0 0 0 7 0 562 0 279 16 0 282 0 0 8 0 147 0 0 0 19 0 0 373 658 0 25 489 265 11 114 0 0 0 9 10 0 0 18 0 0 13 0 41 0 22 102 67 250 27 0 0 0 30 0 0 0 116 0 0 63 0 0 139 0 20 0 0 40 71 77 76 0 0 2 80 31 0 45 5 34 7 0 2 0 0 0 1 0 14 0 93 0 0 88 6 0 0 43 6 0 0 0 139 0 0 0 18 1 0 0 0 0 61 0 0 3 0 0 0 5 48 31 0 24 30 15 0 159 0 0 0 0 46 0 0 1 4 0 0 0
 0 0 0 9 0 0 0 0 0 57 0 0 59 0 0 0 44 0 0 0 8 29 0 12 169 68 25 6 13 14 0 0 0 4 0 76 0 6 0 0 38 201 1 1 2 0 3 859 862 50 6 10 0 0 0 629 0 0 34 0 0 0 0 16 0 10 2040 0 5 10 0 30 0 21 16 0 0 0 0 0 0 1 0 6 0 2 341 0 4 0 0 0 30 15 16 0 562 1 0 18 0 198 31 8 1 2 0 25 2 0 22 0 48 12 0 2 59 199 0 268 48 0 0 58 72 2 5 66 0 0 71 0 0 0 0 3 0 1 0 0 1 0 11 8 2 31 0 3 2 0
 26 1 11 0 0 0 0 0 0 0 0 0 3 10 0 0 1 0 0 143 0 0 2 0 0 0 0 3 0 0 0 0 0 0 0 26 0 26 1 0 0 19 548 4 0 25 0 1 3 15 0 0 58 0 0 0 0 0 24 0 6 13 4 0 0 5348 8 104 5 93 0 0 147 0 0 98 0 0 7 47 22 0 0 0 0 0 109 10 0 0 145 3 0 0 13 8 183 0 40 0 10 0 28 0 376 2 0 0 24 0 13 1 0 61 0 0 0 9 0 3 562 0 0 0 0 73 0 2689 4 38 1082 3 10 4 0 0 0 16 0 12 19 0 6 597 90 0 0 0 0 0
 0 6 78 0 372 0 0 93 0 0 0 0 0 0 0 0 0 97 0 0 0 0 0 0 0 6 0 0 0 114 0 0 7 0 2 0 13 0 0 2 0 8 0 28 0 52 1 0 0 0 0 0 34 6 0 0 0 2 40 0 0 0 0 0 1 0 21 0 30 0 9 1 0 0 10 11 0 0 0 0 14 32 13 17 128 0 0 0 9 0 0 0 0 9 0 125 51 0 0 248 27 6 16 18 98 0 4 0 3 0 0 57 1 0 0 0 0 0 0 0 16 101 0 0 0 0 0 1 19 0 0 4 38 64 0 0 21 0 6 0 0 0 0 6 45 0 0 4 0 739
 599 0 0 0 0 0 0 59 43 32 0 0 0 0 0 1 0 0 0 2235 0 131 0 0 0 0 0 3 17 4 46 0 0 0 0 122 64 22 3 0 0 32 0 23 0 0 0 0 0 6 14 0 0 0 0 29 16 0 3 0 0 1 0 0 77 0 0 0 0 12 0 1 0 0 9 0 0 195 27 0 0 0 0 0 0 0 14 4 11 11 1 0 130 16 0 8 3 6 0 19 11 302 0 0 229 1 0 1 0 0 484 0 24 0 0 942 1 0 0 0 0 0 1 37 0 0 1438 37 4 6 0 0 0 32 0 19 0 0 179 2 0 0 203 0 3 7 6 0 14 0
 26 161 0 0 77 0 0 0 128 0 66 0 0 0 33 20 0 19 0 2 16 132 0 139 0 38 0 0 0 0 1 0 0 0 311 1 314 1 0 0 18 0 2 28 43 0 0 36 0 0 719 0 459 0 0 0 195 0 4 0 0 0 136 0 3 128 12 5 44 63 1 1 0 91 0 4 2 0 557 1 154 92 0 10 0 0 0 0 0 0 0 14 0 3 0 5 0 45 0 58 1 0 14 3 0 262 2 1 0 0 0 0 5 371 48 40 0 1 0 0 1 0 380 0 19 2303 218 0 0 5 0 2 0 29 0 0 6 24 0 33 0 0 0 0 0 0 0 17 0 27
 78 19 1 49 0 0 0 8 0 0 8 14 0 0 6 0 0 0 197 2 74 0 56 172 219 0 0 33 46 7 0 3 5 8 0 68 5 129 3 0 8 29 0 0 0 0 135 0 0 30 0 12 0 0 132 15 0 0 4 6 435 5 2 5 26 11 0 0 0 9 521 0 335 17 0 0 3 0 0 63 0 0 0 0 832 0 0 0 145 115 13 118 7 2 19 4 0 0 1 5 12 0 1 14 0 0 11 6 14 12 0 2 1 0 0 35 0 1 0 0 10 0 1 0 164 0 164 0 0 10 98 353 0 1 0 0 0 0 207 1 3 0 211 11 126 0 5 0 5 0
 0 0 227 0 0 0 0 739 0 0 0 0 0 1 0 0 19 0 0 0 55 63 201 506 0 607 0 0 0 4 0 1 0 2239 47 19 0 0 0 0 0 0 0 0 522 0 0 0 19 0 0 20 2 0 0 0 0 0 3 0 48 0 0 0 0 0 0 0 0 0 3 0 0 11 126 0 21 1 0 13 25 107 0 0 0 2 0 0 14 43 198 206 0 0 0 0 5 0 0 53 20 0 0 0 90 0 0 0 0 0 3507 5 0 0 0 0 0 0 0 0 0 0 240 0 9 20 18 10 0 0 0 0 0 8 0 0 5 11 0 47 0 40 21 0 30 9 6 0 93 0
 0 1 14 35 0 0 13 0 161 826 0 185 40 121 0 0 0 0 318 0 1 7 0 7 0 0 0 0 0 15 6 6 5 0 0 163 63 13 0 59 0 60 0 20 0 19 0 1 0 0 19 0 0 0 0 0 11 31 0 79 1 0 7 0 0 1 0 0 320 25 0 8 0 0 0 0 98 1 0 0 0 1 568 0 1 0 0 0 24 6 6 157 8 0 0 0 119 14 0 0 11 1 8 0 2 78 0 20 0 0 2 0 0 20 31 20 0 0 1 0 836 805 0 0 178 0 4 1 16 0 0 0 0 0 0 41 126 32 0 0 11 2 26 0 5 0 2 0 0 0
 47 0 0 0 0 0 0 8 186 170 0 3 0 2 8 0 3 44 0 0 0 0 190 42 0 334 0 0 0 1 151 0 12 0 0 1 0 0 110 3 14 0 0 0 259 2 153 18 0 0 0 51 0 19 0 4 38 0 37 0 0 2 0 0 418 223 0 0 22 0 0 0 1 29 2 15 5 76 5 1 233 2 6 0 0 25 2 17 71 0 0 107 1 0 16 3 224 0 15 3 20 0 1 0 3 0 0 68 0 0 0 11 226 0 0 5 2 0 0 4 0 5 2 0 0 225 32 1 0 0 0 1 0 0 0 0 9 0 11 0 65 0 0 0 0 5 2 0 0 0
 0 0 0 16 0 1 0 65 5 5 0 0 12 16 0 0 0 0 0 0 6 38 0 0 0 0 0 52 0 0 0 4165 0 0 0 0 0 0 109 18 0 1 0 0 2 3 0 0 0 51 95 0 0 250 41 0 0 0 0 0 0 4 0 0 0 0 0 0 2 59 0 22 0 0 0 33 18 0 0 32 18 2 114 0 0 3 0 0 0 0 1 326 0 0 0 0 3 0 0 4 49 7 16 0 34 5 2 0 2 0 148 0 4 13 219 10 0 27 0 5 22 0 0 0 0 0 0 53 14 0 0 35 1 0 0 0 2 1 0 0 0 1 9 0 0 0 3 0 1 0
 0 0 2 302 0 0 0 0 14 0 0 18 162 0 19 0 0 129 0 1 0 0 0 2 0 0 35 11 0 0 0 1 35 0 186 34 2 7 0 1064 0 0 4 0 131 0 0 0 1 0 0 0 173 0 0 17 0 23 0 134 29 0 25 14 81 0 0 0 5 7 0 7 35 19 124 12 0 0 0 1 18 0 3 64 1 28 0 0 0 2310 182 51 1 0 0 0 52 0 0 13 0 0 0 0 48 6 21 219 32 0 0 39 0 6 47 0 98 0 0 4 567 0 90 37 0 0 0 523 4 150 606 0 0 0 0 0 0 0 0 6 0 22 0 9 41 0 0 48 19 0
 0 0 0 98 20 0 0 141 0 89 20 0 0 0 0 0 37 0 26 0 0 0 2 46 0 0 0 5 22 153 0 0 0 8 5 43 0 15 0 0 24 0 0 0 570 0 0 0 0 0 2 51 303 0 0 0 0 0 3 74 0 0 20 85 0 1 0 2694 0 0 0 8 0 0 0 0 0 0 15 0 0 3 0 0 4267 4 20 0 3 46 35 20 15 0 0 0 704 0 28 0 0 13 1 0 0 0 0 53 4 0 0 0 0 0 0 0 0 3 0 0 4 0 644 0 0 0 0 261 8 54 0 0 0 65 37 9 11 12 28 0 3 165 4 0 0 95 20 0 0 83
 0 5 27 15 19 0 65 2 0 0 5 5 668 1 8 0 0 0 0 68 0 0 9 0 0 0 213 4 0 0 0 0 41 71 48 0 0 26 4 0 0 0 0 0 0 0 0 1 1 199 0 0 0 0 27 41 0 201 2 3 0 0 108 1 0 0 0 24 367 21 577 2 3 0 14 226 2 0 0 0 302 0 30 0 150 0 1 3 6 190 389 0 18 0 98 9 0 0 2 4 0 0 5 0 93 13 0 0 13 5 81 0 224 13 43 41 0 0 0 2 28 77 0 0 0 0 0 7 17 0 0 0 97 0 351 0 0 0 0 0 0 8 1 0 13 0 0 11 33 0
 2 30 0 26 68 6 35 8 12 144 0 0 10 1 1 0 0 0 0 181 0 0 0 0 6 1365 0 0 1 48 2 41 0 0 0 0 0 0 0 370 0 6 0 0 10 0 109 38 35 27 0 3 0 0 0 14 0 28 264 0 0 0 0 3 740 9 133 312 72 8 0 0 73 0 0 130 0 0 12 9 48 45 53 32 0 0 31 1 0 0 899 251 0 0 0 6 0 0 1 3381 237 0 50 0 10 0 6 0 0 0 40 13 0 0 0 0 7 0 17 0 0 14 11 0 1 126 6 0 0 0 0 0 1 0 0 4 9 3 0 23 0 8 9 66 30 0 126 0 0 3
 31 0 0 0 0 0 5 16 10 6 7 9 67 0 41 5 0 0 57 0 15 1146 0 0 11 0 4 0 0 12 60 19 9 0 0 24 32 0 0 0 0 1942 1 0 1 2 20 1 0 19 0 0 5 5 123 0 29 0 5 9 0 1 0 0 17 75 18 0 0 357 0 0 0 0 0 251 1 9 28 0 0 116 9 22 0 1 104 30 0 0 1 0 5 0 3 260 1 5 0 192 124 12 0 3 0 22 0 0 0 0 430 26 0 35 24 4 14 898 1 0 5 174 101 0 6 1 0 0 0 0 0 0 35 0 25 300 277 0 0 0 0 0 0 0 0 0 0 0 0 2
 389 0 0 316 0 1 4 0 34 21 0 2 0 0 42 0 26 37 5 0 0 0 4 4 0 606 0 0 0 0 72 0 111 0 0 0 0 20 44 0 0 0 7 0 0 0 6 0 8 0 3 0 0 0 67 0 0 0 38 0 172 10 170 3 0 0 0 0 0 0 0 10 0 29 0 749 4 33 5 1 26 374 1 80 0 2 62 1 45 0 0 0 43 0 0 103 0 0 637 0 0 362 75 0 0 0 0 17 4 0 0 0 4 0 0 0 0 60 64 122 21 393 0 0 0 164 1 4 0 561 3 16 546 0 0 2 2 0 171 2 0 0 3 0 5 0 39 5 0 249
 57 2 0 0 0 44 0 76 3 0 2 19 11 0 3 18 12 0 46 66 0 4 0 11 0 0 0 0 6 0 53 121 0 0 0 48 32 0 110 0 2 17 0 0 0 1 0 21 124 0 67 0 1 180 0 0 0 608 0 17 0 82 0 0 11 0 0 0 5 0 0 427 0 59 0 75 0 0 57 173 21 0 0 0 0 0 0 0 9 11 123 2234 1 270 2 0 12 18 6 159 0 0 0 0 17 0 89 0 0 0 0 5 8 0 4 0 13 0 14 3 62 0 0 0 0 0 125 2 0 1 0 0 6 5 0 0 0 4 0 325 8 0 13 1 0 0 2 14 0 0
 73 0 863 0 0 0 0 0 237 0 20 0 22 0 0 19 0 48 0 0 0 0 0 0 0 166 27 0 0 2 425 4 0 9 0 0 14 0 859 0 0 2 72 0 3 10 1 0 0 0 3 0 0 30 209 0 0 1 0 3 0 25 93 0 0 0 0 0 0 88 1 17 2 25 10 0 0 0 0 0 0 2 5 0 1 0 1 0 1 0 0 0 0 13 219 0 1 0 0 1 4 0 2 2 0 86 0 1 0 0 2 47 0 0 0 0 0 0 12 7 1 20 0 573 0 0 5 5 7 8 424 0 0 0 0 0 0 9 13 0 0 1 0 5 1 17 0 4 407 131
 0 0 0 0 0 0 0 0 0 0 4 6 0 12 0 52 0 0 2 0 391 0 0 0 2 0 6 0 0 10 14 30 21 0 0 4114 0 0 88 0 0 197 0 18 2 221 12 0 1 2 0 0 0 0 0 0 0 0 0 227 0 0 0 64 4 0 3 17 0 0 29 2 17 0 0 0 81 0 175 0 21 1 191 6 3 9 0 54 114 0 80 0 0 0 0 5 0 0 0 6 1 8 26 0 89 249 0 0 19 0 0 0 0 51 12 0 0 0 0 0 0 0 61 17 0 0 0 19 0 58 0 0 52 0 7 296 0 0 0 0 0 9 862 0 0 10 5 0 0 1
 0 0 2 96 109 1 16 1 0 0 4 0 0 0 4 1 4 0 0 0 1 0 18 8 180 5 0 4 0 1 0 61 0 0 60 111 3 38 15 0 274 0 0 0 0 0 21 0 0 0 15 0 0 0 25 0 1790 0 83 0 0 0 0 0 0 2 6 0 17 0 0 0 0 0 0 552 0 203 0 0 0 0 0 0 0 0 0 8 963 0 0 17 0 0 898 10 236 0 16 103 0 0 88 0 0 36 0 15 14 0 0 0 0 8 223 0 0 170 0 0 0 0 69 1 15 3 0 85 673 0 0 6 2 25 0 58 1 1 4 18 38 0 4 14 0 0 0 0 4 0
 0 7 577 0 0 1 237 3 0 3 0 0 2 0 0 0 16 0 1 1791 18 28 0 33 0 0 28 1 0 290 10 51 11 703 146 6 0 0 0 0 0 0 117 0 0 0 0 0 54 4 0 15 98 0 0 37 0 0 7 0 558 3 20 1 0 7 0 0 0 0 4 0 7 0 46 5 32 18 733 44 0 0 0 111 0 0 0 0 185 0 0 7 81 5 0 0 68 4 3 0 21 53 0 0 24 27 0 0 0 2 0 2 0 0 0 11 15 13 52 0 0 13 223 567 0 0 0 0 0 5 10 3 11 0 15 180 245 0 0 1 208 18 0 2 41 0 3 13 0 4
 6 71 6 164 0 175 21 36 0 47 4 5 0 12 24 0 14 35 0 0 0 0 0 0 0 0 1 43 32 0 0 0 0 0 0 0 94 344 0 0 0 6 125 16 8 0 723 0 58 984 1 0 0 0 0 1 0 0 9 0 3 0 8 87 51 344 23 0 3 2 262 20 1 2 0 0 19 0 5 0 16 1 0 0 46 0 0 0 0 0 0 0 0 0 0 0 59 0 0 0 0 39 18 19 3 84 191 0 0 0 0 0 564 53 0 3 521 6 1 0 8 33 1 595 0 0 0 109 18 0 0 4 5 4 16 0 0 0 0 0 0 0 0 11 0 26 0 0 24 104
 12 829 39 0 0 3 29 24 82 0 12 219 59 190 0 0 1 0 0 248 0 2 0 2 0 0 262 45 0 8 0 0 16 0 121 0 3 0 198 0 0 0 4 0 0 0 2 0 4 0 0 3 0 41 10 24 8 7 0 0 177 9 159 2 14 0 74 32 0 0 0 20 610 0 0 30 0 178 16 26 0 0 0 0 118 1 0 184 0 0 81 108 0 0 164 0 0 8 0 0 0 0 8 0 12 0 2 0 0 7 0 0 6 0 0 0 316 0 0 223 66 3 154 2 0 1 26 0 0 0 0 0 0 0 0 2 0 35 0 0 725 0 19 1 0 1 58 20 9 0
 0 0 2 0 2 2 0 131 0 0 78 0 0 16 72 0 4 0 0 0 1 0 9 0 3 0 0 0 0 66 63 0 199 0 0 0 14 0 0 0 0 0 1 4 0 10 20 105 0 0 754 0 0 0 11 126 54 0 0 0 233 2 14 0 0 5 58 0 0 0 0 295 36 0 12 0 89 0 0 5 27 43 0 118 0 0 8 0 4 0 0 0 0 0 566 130 10 0 0 0 35 108 0 93 51 85 0 26 0 79 0 0 13 268 1 4 93 1 0 14 3507 0 0 0 0 0 0 0 0 0 0 172 5 5 0 11 29 2 161 0 178 4 0 5 0 0 0 0 19 0
 0 55 0 5 34 2 0 7 14 0 0 67 3 0 0 0 4 165 0 123 0 11 0 57 134 75 53 13 0 27 227 0 6 30 546 0 0 15 0 0 0 18 1 22 1 18 21 0 0 6 0 1 42 1 310 0 0 0 544 5 38 0 6 49 15 22 65 0 0 0 44 30 0 0 0 0 0 0 0 1 0 8 0 0 0 0 0 23 0 0 0 9 60 0 0 4 238 0 0 0 0 11 5 0 1 0 10 0 0 4 0 0 0 0 0 0 49 2 9 62 0 0 1 5 500 0 37 104 0 28 0 537 0 0 4 0 1 0 10 325 0 12 5 16 0 0 0 53 0 0
 26 3 0 13 0 13 0 5 7 2 0 25 0 10 0 22 0 0 0 43 9 0 0 3 0 0 0 0 0 12 0 14 52 0 1 279 29 556 0 1 0 38 0 56 0 307 29 68 1 0 0 12 403 0 0 0 63 0 8 33 0 0 236 6 0 0 237 0 0 0 585 82 0 0 0 11 8 15 42 0 0 0 0 0 0 97 0 101 1085 0 0 2 8 94 0 0 0 0 0 0 0 0 0 0 67 30 0 353 0 0 0 5 41 313 158 2 1 0 0 0 0 0 59 0 0 40 638 0 6 0 0 48 14 0 16 0 0 116 0 0 0 162 0 0 4 0 0 0 0 0
 0 0 0 0 0 57 0 1 0 0 203 14 0 3 248 0 3 0 8 0 1441 21 11 114 0 1 0 0 1 0 0 0 190 0 29 1 0 0 32 0 0 0 0 247 0 0 4 0 4 0 0 0 8 0 6 37 509 3 0 0 632 0 83 570 0 3 40 0 1 3 0 0 334 0 0 1 17 0 0 0 60 0 2 305 0 162 2109 0 0 193 0 0 2 0 12 0 0 34 12 0 0 2 6 0 0 0 24 0 0 0 6 2 0 2 1 2 0 163 3 95 0 146 0 0 0 32 6 0 0 0 196 0 0 0 2359 44 0 8 0 0 0 0 0 0 35 302 1 1 0 114
 0 0 385 2 7 0 0 7 0 0 0 1 6 61 0 72 16 6 0 0 25 27 3508 2 0 0 0 0 0 5 4 33 0 109 0 4 0 0 0 0 0 3 4 0 0 0 0 266 1 1 3 0 447 24 0 0 0 3 0 144 138 220 0 22 0 0 0 26 0 0 0 16 2 8 0 34 0 13 0 12 0 1 0 31 12 1 9 77 11 13 0 0 10 0 0 0 30 0 0 34 0 7 0 0 0 0 0 1 18 92 0 0 263 0 51 0 0 0 0 20 0 4 0 0 0 203 7 18 0 0 139 3 0 0 1 15 1 0 0 0 0 7 38 6 3 0 0 0 0 85
 10 9 0 0 0 0 19 0 12 0 0 5 54 7 37 0 42 0 0 20 0 4 0 0 8 0 2 0 0 0 71 8 0 10 0 0 17 1 0 0 2 0 0 0 0 0 11 0 0 146 0 31 84 13 2 30 2239 0 344 0 32 0 2 2 0 0 0 32 0 0 0 309 0 0 18 4 2 1 0 9 0 3 0 0 206 0 2 0 29 15 0 0 3 5 0 8 0 16 10 0 34 0 19 7 2 0 0 2 0 0 0 23 853 0 3 0 0 6 0 570 0 2 0 0 67 0 0 38 0 20 0 0 0 206 0 0 53 83 39 762 0 0 11 212 29 12 0 27 16 0
 0 0 0 0 28 30 2363 0 0 0 0 0 219 239 0 3 0 21 30 211 11 0 0 0 0 0 0 132 0 0 0 0 371 1 284 3 0 0 17 0 0 31 2 37 90 11 0 7 0 57 178 0 0 1 0 54 0 0 0 69 3 0 0 0 0 0 3 27 0 319 0 10 0 7 39 0 0 4 0 0 31 0 0 0 0 0 0 91 2 2647 0 3 8 141 6 28 25 0 0 0 0 0 1993 0 0 0 0 42 0 82 1 0 0 1 0 0 2 0 3 5 0 8 0 5 0 115 0 0 0 21 11 192 0 0 5 9 259 0 46 39 478 13 0 5 0 5 264 17 0 0
 1 0 10 0 0 1 0 15 34 8 0 0 0 19 0 0 20 0 0 0 93 1 14 12 2 10 9 0 0 0 0 179 0 0 0 28 4 0 51 67 83 4 1 0 0 249 384 630 0 0 0 31 123 163 10 4 2 0 45 0 11 5 1 0 2 48 1 0 8 0 0 0 32 52 4 23 63 3 6 3 0 0 0 0 161 0 4 0 0 0 25 0 0 0 0 0 8 17 38 1 0 0 0 213 0 0 2 0 125 34 0 66 0 0 0 0 448 49 12 0 19 7 0 79 0 0 562 0 0 0 94 8 1 0 0 21 0 0 0 0 0 0 83 21 0 0 0 0 0 0
 0 0 0 0 202 0 0 1 0 0 0 0 0 0 0 39 4 0 0 252 0 83 0 0 0 0 4 8 0 0 10 5 0 32 0 0 2 0 0 0 0 0 0 0 0 44 0 4 0 0 0 0 0 0 0 0 0 0 0 0 1 37 34 0 0 0 0 0 0 0 0 0 0 6 0 0 22 9 4 0 0 0 126 513 0 0 15 0 0 1904 3 0 0 863 0 0 0 1 0 5 777 0 0 0 0 0 8 17 29 0 0 0 34 157 0 0 0 0 0 0 0 1 18 0 233 0 372 82 0 0 25 0 0 14 219 104 0 5 0 6 0 11 10 0 6 0 4 0 1 0
 0 0 0 66 0 0 0 5 4 0 26 79 0 0 0 0 2107 19 3508 0 14 0 6 2 0 27 3 0 50 0 0 31 0 0 2 9 1 0 0 0 0 0 0 12 0 235 0 0 6 0 0 0 7 40 0 0 3 162 1 0 269 0 0 291 132 3 0 0 164 0 0 25 0 6 33 0 0 9 125 0 0 0 20 0 0 0 59 141 40 0 5 0 0 6 44 0 0 0 0 2363 7 0 0 22 0 0 17 0 0 75 23 0 0 12 0 0 0 15 0 0 0 0 0 1 20 0 0 0 0 0 20 0 0 0 0 3 0 65 0 0 0 39 0 19 0 32 6 10 0 0
 11 4 1 0 213 85 0 9 46 0 0 0 0 0 2 0 0 0 0 0 846 3 14 94 0 0 0 35 0 2 0 131 0 0 0 4 104 61 100 0 9 44 10 0 0 52 4 2 0 778 35 0 0 0 0 3 1 0 503 0 124 0 0 1 0 0 19 0 29 13 0 0 0 169 13 3 0 0 0 0 0 13 77 0 21 0 6 0 0 8 1 29 3501 2 0 0 48 243 1 0 30 0 9 0 0 0 2 0 0 0 0 79 0 259 0 0 0 11 0 1 0 0 0 0 0 0 0 0 0 3 28 0 1 0 0 0 0 0 3 0 0 17 660 0 0 0 0 0 12 764
 0 0 0 391 0 0 0 0 0 0 0 0 14 0 0 0 0 0 79 20 7 0 172 1931 0 0 51 0 21 0 0 0 0 0 7 0 4 5347 2 27 0 0 0 96 0 0 0 0 0 10 7 1 0 3 0 0 17 69 0 167 0 39 25 0 0 199 0 0 11 18 72 41 0 0 7 0 26 362 0 0 0 0 117 0 74 0 0 0 0 66 0 0 0 893 0 0 1 1 0 0 14 2 2 0 8 58 0 0 76 0 0 0 28 128 0 38 149 0 18 0 254 0 0 25 97 0 0 23 0 0 0 0 0 0 2 5 0 0 0 0 157 0 480 17 16 0 0 0 0 39
 9 7 26 12 0 0 0 0 18 0 37 17 31 0 0 0 1 12 180 0 0 12 0 1 0 0 0 0 0 0 5 91 2 0 151 0 9 41 0 0 6 1 0 11 0 0 191 52 0 0 5 8 0 6 1 3 0 0 0 42 0 25 0 900 0 263 1 4 132 0 21 3 282 12 1 0 0 0 0 171 51 4 717 0 0 34 0 0 0 2 0 5 0 0 14 0 0 9 1 0 0 2 0 0 1 284 0 0 9 0 0 0 0 34 0 0 0 7 13 0 7 0 0 1 0 0 0 1 41 0 0 117 9 45 0 0 0 0 365 535 0 2 2 0 38 23 6 0 0 0
 1 0 0 291 37 0 0 35 0 0 0 16 25 0 130 7 375 5 0 0 0 0 1 22 17 0 0 0 32 0 0 0 2 5 129 3 200 0 0 0 57 0 0 0 0 0 13 30 5 0 0 0 0 0 39 0 0 237 23 25 2 1 0 0 198 99 0 7 0 0 28 0 2 0 188 0 0 0 0 0 0 0 0 27 0 0 0 0 0 0 0 11 0 90 0 167 3 52 0 0 2 39 2 0 1 122 0 39 0 0 0 156 0 11 48 0 165 0 34 30 0 557 0 200 11 3 0 0 0 0 0 0 58 8 13 0 0 0 0 45 0 0 1 2 0 188 2 0 0 29
 1 0 0 1 0 0 0 8 12 4 19 0 5 0 34 0 4 94 300 0 1 2 0 47 5 0 940 0 0 2 0 1 1 0 159 0 0 0 517 4 0 0 0 4 0 879 2 3 12 44 0 4 0 0 0 0 48 0 11 0 88 0 660 0 0 0 0 10 94 53 2 6 0 0 0 0 126 1456 31 0 4 0 1 0 0 3 1 0 78 1 0 3 62 0 1 0 0 733 1 0 0 843 4 12 0 27 10 0 0 0 121 233 0 2 0 0 0 0 0 859 0 558 0 8 0 0 0 0 0 0 2 0 168 149 6 0 0 90 0 60 0 0 1 0 0 0 9 0 0 0
 0 57 0 23 0 0 0 0 371 622 0 0 0 117 8 0 0 0 0 0 34 0 0 0 157 0 0 0 0 0 5 5 62 1 73 2 0 1 35 78 214 0 0 0 18 8 26 9 0 5 118 0 0 1 8 17 0 0 7 0 7 11 3 14 0 0 104 0 12 721 91 0 8 3 0 0 357 4293 0 5 0 30 0 21 0 9 552 6 0 0 10 5 0 27 25 0 66 25 0 26 0 26 1 0 31 0 3 1 5 0 2 0 3 0 212 0 6 2 14 0 173 0 2295 97 0 0 0 0 1 0 2 0 8 0 0 0 18 0 0 58 0 0 1 21 8 3 0 105 0 0
 0 0 2 0 0 0 0 0 0 27 65 36 0 6 0 0 0 3 0 0 0 2 0 0 0 0 0 0 12 0 0 13 0 39 0 4 88 0 0 0 0 0 1 202 20 75 0 625 0 0 11 0 0 0 41 117 0 6 1 12 0 26 160 0 16 0 3 426 0 0 0 0 27 0 9 1 0 0 0 0 12 0 65 0 0 0 0 0 0 15 0 0 0 1 0 3 0 5 31 0 3 0 3 11 0 0 20 0 400 0 80 0 0 0 0 0 657 21 0 0 36 0 0 207 4 0 0 372 0 25 0 0 0 101 21 407 87 0 27 36 0 0 0 0 226 9 2 43 7 0
 0 0 0 0 0 0 0 8 1 0 0 157 26 0 0 2 2363 14 33 0 1 28 0 0 0 1961 19 6 52 0 0 0 46 65 0 0 428 0 9 0 300 11 0 0 0 0 4 13 0 1 0 365 7 0 4 483 0 0 0 4 0 2 81 1 0 0 17 127 5 0 11 0 0 6 0 1 14 0 1 0 0 6 239 0 19 1 34 0 0 0 3 0 7 66 0 2 2 0 266 0 0 0 2 0 0 0 0 6 3 3 11 0 49 0 5 2 105 68 5 3 0 4 0 0 0 1 0 0 0 0 0 85 6 4 1 0 0 1 12 4 25 1 0 0 161 0 17 18 1051 0
