150
 7 84 0 118 337 0 0 5 675 21 278 510 0 0 0 454 0 0 0 379 0 0 126 0 0 44 18 9 92 74 20 0 0 0 1856 0 17 0 121 0 0 2009 0 0 0 0 0 68 18 13 978 0 16 0 0 572 3 6 282 0 27 34 0 27 0 334 34 457 4 440 0 148 0 0 133 11 0 37 0 0 0 0 0 115 0 2 13 132 52 45 357 0 20 0 0 0 22 5 0 0 0 3 0 5 37 0 22 0 1071 0 0 0 0 0 0 10 329 0 4 3 62 130 0 0 0 0 0 752 99 97 0 0 46 55 0 0 194 0 2 0 13 47 0 1177 0 0 0 1 0 7
 0 0 0 43 0 0 0 15 1 6 0 0 52 3 1 0 0 0 3 46 0 0 0 0 0 0 0 4 19 2 22 0 0 0 0 455 0 450 0 0 3 221 0 0 0 0 0 0 16 0 1 1 0 1669 8 28 47 1 24 17 0 0 0 0 0 0 197 21 0 0 3 2 0 2 0 0 0 0 20 0 174 175 1590 0 0 94 252 1 0 278 0 86 0 0 11 12 0 54 0 1394 0 0 21 0 429 4339 92 0 21 0 0 0 1297 0 0 0 1 636 0 0 0 0 0 30 26 0 0 0 139 0 0 0 348 0 0 5 0 0 412 9 6 729 0 24 11 90 6 0 24 0
 803 0 20 0 10 68 23 0 0 0 0 0 0 0 2835 0 0 0 0 0 184 39 0 5 0 0 8 0 18 0 68 41 0 216 0 2479 0 4036 16 0 0 0 0 0 1252 921 0 0 86 0 2 1 17 3 0 54 0 3 397 0 94 0 0 1588 12 97 302 0 112 6 0 4 0 16 974 5 0 0 2 19 0 0 73 152 133 0 0 0 2 0 11 352 89 0 4 27 42 0 0 0 0 0 1 0 0 1020 0 103 3 5 0 0 0 18 5 0 0 0 23 90 125 0 0 80 1 122 0 6 0 0 0 0 17 0 31 0 0 2 0 0 2657 14 0 235 0 93 8 6686 0 8
 0 0 6 13 6 10 26 161 0 3 0 0 0 596 15 215 23 0 61 0 0 12 0 0 26 0 0 953 22 0 335 0 0 124 67 0 0 0 2 269 0 0 0 0 0 2 0 8 8 0 617 0 0 150 0 60 16 564 229 0 0 35 1 28 0 57 0 0 0 3 43 215 0 27 328 0 1 0 0 59 467 0 0 0 812 0 8 8 15 0 0 25 0 59 0 318 67 0 6 0 0 58 984 0 1 0 0 932 0 0 0 57 102 145 0 230 0 0 0 0 0 0 0 149 0 103 24 52 0 31 0 38 0 0 0 0 0 19 6 0 4 0 215 0 0 0 0 0 60 1
 0 510 0 0 30 0 1 0 0 0 17 0 0 0 0 15 0 510 0 0 0 0 0 0 0 960 918 3 27 0 7 286 0 4 0 119 32 0 0 0 0 0 0 0 0 0 15 11 72 1853 32 132 13 180 0 0 0 0 0 0 0 492 0 1 0 0 0 0 0 51 646 0 38 0 3 0 0 0 0 0 0 1 0 0 20 0 1092 0 0 43 0 0 0 1 0 324 0 4 0 0 1 26 4 0 142 0 0 15 131 0 421 0 8 0 0 33 5 28 0 8 0 0 0 2 113 0 5 530 0 1901 620 806 0 0 2499 6 0 16 0 49 0 0 0 7 68 0 1 0 140 19
 0 16 0 0 493 35 231 14 0 0 7 347 0 42 0 0 0 9314 921 128 0 0 0 1443 0 0 0 0 125 0 4 196 0 1784 0 0 0 1 0 0 0 0 0 30 45 126 344 4 110 0 0 0 0 2 0 0 258 61 0 0 0 14 970 275 1390 0 16 0 13 0 290 0 0 0 475 7 0 12 15 142 0 5766 17 0 0 0 33 10666 252 79 2 16 26 930 1 5 122 0 0 0 0 0 0 0 0 40 0 107 0 371 6 56 0 447 539 103 4 10 0 1520 0 52 0 1 0 0 50 0 0 0 0 0 81 0 0 0 6 4 0 0 1 0 0 205 193 69 0 0 0 24
 7 0 0 0 0 0 0 2 0 0 66 3 0 0 0 12 0 0 0 0 0 0 0 0 12 0 3 233 78 6 61 25 0 10 55 1 84 0 1 40 0 0 0 0 0 0 96 0 70 0 0 0 111 2 19 0 0 0 28 16 11 18 0 0 0 123 4 20 805 285 260 11 0 5516 4 0 27 1019 1672 16 0 0 0 62 1 2510 53 0 0 0 111 20 405 0 137 8 0 0 0 0 22 157 0 37454 97 0 24 75 0 17 806 0 0 0 3170 22 0 73 626 26 59 0 0 0 0 3 393 120 0 0 0 0 12 19 50 71 105 0 0 0 13 37 13 0 0 15 57 321 0 87
 0 0 23 0 113 0 0 122 47 294 570 0 0 0 1101 0 30 0 8 698 241 0 0 76 1 0 0 0 8 0 18 15 0 0 3 321 0 240 0 0 0 0 0 0 378 0 0 0 0 49 0 278 3 680 259 487 0 4036 0 0 168 69 87 0 0 0 26 11 125 0 4 0 0 0 51 0 0 15 0 0 102 1 202 1 25 0 198 0 5 150 0 3 1 47 439 29 0 112 439 0 0 17 5 0 0 9 151 4 0 2501 68 0 0 106 0 0 0 0 0 230 0 0 25 0 1433 0 0 0 0 0 0 1 0 0 0 0 0 0 0 0 0 0 0 293 328 0 0 7 0 0
 0 0 11 9 104 125 606 0 1 0 0 0 0 0 29 0 18 99 37 6 0 51 544 0 0 0 7 7 8 0 403 0 3 70 0 0 0 0 0 41 0 0 0 0 109 0 1 1972 0 475 27 0 1 74 3404 8 0 540 0 8 751 0 0 0 0 0 20 0 0 372 0 1107 1 0 0 1 0 29 0 123 13 0 9792 0 125 0 0 0 64 289 0 0 1604 4 5 2 15 0 2 0 40 0 0 10 28 0 39 0 0 0 43 53 88 0 199 1 0 0 0 0 281 3 0 0 0 0 0 295 1903 978 0 0 119 0 0 4 57 0 445 0 12 0 0 31 0 0 0 0 53 0
 0 0 0 0 20 11 6 0 290 0 0 37 0 0 22 0 39 6 0 0 0 0 8 0 0 0 14 0 172 0 0 18 0 3756 14 126 37 0 12 70 56 104 158 106 42 47 7 733 75 0 0 0 17 0 0 0 1 3 0 0 18 0 0 449 35 0 25 0 5 0 150 0 42 281 0 21 265 163 0 0 42 0 0 147 0 0 0 0 111 0 0 5 0 0 0 0 126 0 0 4 0 0 0 0 1790 0 1 1 0 0 155 48 0 191 0 9 0 0 0 0 0 4 0 0 0 13 844 18 0 0 0 20 0 6 0 0 20 149 0 2 0 55 16 4 0 3 0 0 7 1107
 0 4 0 1 0 0 0 0 3 96 541 9 11 11 1 0 21 0 688 0 1 0 1292 0 0 0 0 0 15 0 0 31 14 0 59 0 191 19 0 26 4 34 97 0 91 34 0 0 0 0 671 0 359 0 68 0 270 156 2 0 0 7 0 0 0 0 16 0 0 0 0 0 78 102 0 50 0 0 0 0 1 0 0 7 0 0 0 20 65 2 0 0 0 8 0 0 0 0 5 69 119 272 0 0 0 0 19 0 0 0 976 13 201 0 0 88 5 9179 0 0 0 0 5 0 358 0 0 0 0 209 0 0 0 9 68 0 3 0 3 0 9 7 11 5 0 0 0 325 67 1094
 0 30 16 268 2 0 0 36 69 0 0 519 229 72 24 0 0 225 0 36 25 313 11 4 0 0 0 0 0 118 0 10 0 0 4 36 96 8 0 0 56 5 5486 0 0 27 0 3 397 0 0 91 649 91 41 12 0 38 0 0 0 29 195 0 0 0 0 0 0 0 0 0 0 0 0 0 22 0 255 3 23 0 0 0 209 2 230 0 98 0 0 29 0 0 2 61 10 8 0 0 0 0 2 0 0 61 0 0 0 372 41 0 842 0 0 159 0 3 0 32 79 0 65 0 0 0 126 3 15 290 0 0 12 0 0 0 0 0 36 5785 0 0 3 223 0 0 15 3 0 0
 16 0 3 10 667 0 5 20 37 82 0 0 256 5 0 0 10 11 3 64 0 0 986 0 0 0 9 1899 0 1971 116 0 505 0 3 0 0 0 0 0 0 5 0 29 2 0 0 11 602 0 7 0 0 0 0 7 631 0 0 0 13 0 0 0 0 0 7 15 0 0 0 0 5 0 171 5 29 46 1 0 40 0 86 2 0 0 16 6 13 0 0 0 0 245 549 17 0 0 0 552 159 16 0 281 0 0 9 0 1088 0 0 0 0 329 1241 0 0 2 0 0 2434 0 0 0 1 0 0 13 6 0 123 0 6 0 587 0 0 0 0 17 184 29 68 0 0 0 0 37 942 0
 57 0 348 0 396 0 12 0 550 26 0 0 0 0 0 0 1 19 163 0 36 25 0 18 0 0 4 0 0 6 0 10 28 0 33 0 0 7 0 0 0 1 0 27 0 0 34 19 0 0 0 248 1 0 17 50 0 0 0 0 171 0 13 17 0 0 0 0 78 0 0 4 0 0 4 17 0 1 0 6 57 0 1 0 0 1 0 0 255 0 0 0 231 197 5 9 0 0 0 0 26 68 20 0 1331 0 0 175 0 7894 0 113 87 8 337 0 0 0 0 0 71 0 0 9 7 0 8 0 5 0 0 0 0 0 0 0 0 67 0 0 102 3 164 76 6 0 8 0 0 0
 0 0 0 0 0 1088 16 0 0 0 0 0 0 34 4 1 0 0 92 0 16 7 0 0 0 56 0 41 581 0 1029 0 32 387 0 33 15 18 0 107 5 39 65 25 5 0 0 0 9 0 278 455 1 0 35 0 111 0 0 0 931 0 334 0 6 27 0 0 46 2 8 0 10 0 0 0 149 1 60 68 0 161 31 531 0 0 0 411 0 143 0 0 0 0 0 143 0 0 6 0 10 174 54 0 0 0 1 0 0 0 518 119 631 0 0 18 69 0 0 0 21 7 87 230 0 0 62 5 0 374 0 0 0 0 0 0 31 0 10 18 250 140 0 11 5788 0 0 21 1 8
 0 0 169 0 0 19 0 301 31 12 45 205 2 25 0 141 1376 195 6 43 0 0 811 0 0 0 0 0 2 171 0 0 87 25 0 0 204 218 16 0 0 137 0 6 9 2 3 13 0 17 80 0 26 615 5 2819 0 0 0 0 18 0 7 0 20 2 0 2 0 0 0 47 1302 0 191 0 2 0 0 0 0 25 0 0 0 0 0 49 0 0 39 186 53 18 6 69 0 0 0 0 0 29 0 0 0 0 0 11 0 0 48 56 0 112 11 0 596 0 76 1 3 74 5 0 0 0 0 0 0 0 6 2 22 10 0 908 0 1 0 7 0 1 8 0 14 0 0 94 3404 0
 5 6 7 0 0 0 238 0 0 0 0 975 0 0 10 0 0 12 0 27 0 0 0 76 0 4 0 0 91 8 11 1142 246 0 0 1131 0 0 1132 0 0 20 0 3 18 0 97 0 0 0 0 0 0 6 32 8 3 0 0 0 0 3 0 0 10669 0 1619 1266 0 29 2495 0 344 0 10 161 18 0 0 141 70 60 73 0 0 0 16 254 43 0 12 59 0 0 0 0 316 1 28 130 0 106 0 249 0 6 0 0 71 0 0 12 27 4 126 0 123 31 0 442 0 110 0 215 0 1 0 61 0 0 0 0 0 0 9412 0 86 0 8 0 0 0 0 761 0 0 0 3 96 0
 7 70 33 91 0 0 13 18 0 0 6 0 0 0 27 0 0 4 319 621 102 0 1215 0 0 27 19 229 0 8 0 171 124 23 19 6 5 37 0 19 0 2 0 9 19 0 0 26 596 128 0 105 18 0 1 85 12 6 0 6 0 0 42 0 0 0 25 218 25 3 54 107 21 0 0 0 2920 0 0 0 0 57 0 0 0 0 15 0 0 0 3 3 37 4 338 0 60 0 1309 0 5 0 545 391 0 0 0 0 0 0 0 0 6 208 0 229 21 0 159 0 0 0 93 265 0 20 0 9833 220 25 0 69 2499 0 0 47 0 19 3 15 5 0 8 169 0 0 0 0 10 0
 1072 0 36 0 224 0 159 0 0 483 0 70 0 0 0 0 3984 0 2 3 0 0 6 0 64 86 392 0 0 59 0 0 166 0 199 0 3 0 0 172 544 0 0 5 0 252 0 0 17 160 14 0 194 0 2 0 0 0 0 566 28 0 18 67 803 0 421 21 0 0 0 29 0 10 0 1 0 0 348 0 40 461 363 0 0 1231 0 0 0 102 0 0 9 0 4 0 64 6 0 0 592 16 17 0 63 1677 0 0 0 3 22 5 2 132 0 204 0 0 1626 0 0 0 4 0 0 0 2 0 17 0 64 273 25 0 1 0 45 871 0 105 4 0 91 0 0 14 0 9 42 0
 0 0 131 16 52 0 5 0 0 5 3 0 0 1 0 0 0 0 0 4 0 292 15 70 20 2 32 170 0 172 0 0 0 1 0 0 0 0 0 25 0 10 0 229 0 25 7 0 0 0 19 0 0 12 4 7 0 0 0 24 8 1 0 68 324 0 10 3 424 0 5 41 0 0 0 0 3 0 13 8 0 8 1332 9 0 5 1152 0 0 0 0 3 2007 0 6 0 0 0 15 318 10 61 0 0 0 0 0 0 0 5 0 0 0 0 0 0 0 65 519 5 0 0 0 59 81 0 292 42 44 0 4 0 91 0 0 473 109 0 0 901 0 0 0 0 0 27 6 6 49 0
 1 43 0 29 23 1 1 0 242 4 0 0 68 0 0 80 37 0 52 347 0 53 0 0 203 15 0 0 2 0 0 0 9 10 86 0 89 51 0 68 0 0 0 0 10 0 6 173 0 10 1 164 4 0 26 166 0 0 0 0 10 17 224 788 16 0 478 0 0 0 195 0 9 140 2 11 36 7 0 0 0 0 0 0 0 0 0 381 2481 17 4 0 0 59 1 425 0 0 0 1 1 0 29 0 0 5 0 41 0 0 0 5 75 0 0 0 0 18 0 9 0 0 69 0 0 0 1389 0 2 0 23 0 0 65 0 0 0 22 6 0 85 0 0 0 59 2 0 0 53 0
 47 1 0 0 73 0 53 0 0 0 31 0 195 0 0 186 6 123 91 0 0 5 0 0 0 0 0 0 114 133 85 19 1 0 0 0 1 0 1 318 0 0 0 221 30 0 24 727 0 0 0 0 0 59 0 27 0 22 2 0 0 0 19 0 2329 0 0 331 323 0 2 0 38 152 0 0 0 0 0 331 431 63 0 0 0 0 0 108 126 0 0 0 71 0 760 0 0 0 0 0 0 0 6 0 0 5 0 58 0 0 85 40 0 0 17 0 48 71 0 184 0 962 236 0 158 0 237 0 15 0 5 0 0 0 5 0 57 1 69 0 0 15 0 0 0 174 0 4043 27 0
 0 690 114 35 47 18 5 435 0 0 0 0 0 26 0 0 108 0 0 0 1025 11 7 0 0 0 0 55 0 6 0 0 11 0 0 0 0 0 0 0 654 0 0 0 0 194 0 3 0 0 0 0 64 0 105 0 24 0 0 0 500 2640 29 657 59 19 1 0 89 54 0 0 3 0 1 0 0 6 0 103 0 0 0 33 0 0 468 5 9 0 89 61 0 0 0 0 121 0 0 0 0 0 0 12 28 0 0 0 1363 190 0 0 0 28 0 0 0 0 364 209 0 0 148 73 0 20 47 35 0 6 0 7 0 0 12 0 0 61 0 0 885 0 0 0 59 0 217 22 96 1
 71 7 0 36432 39 0 84 0 88 3 50 0 5 0 2 113 0 620 549 0 135 8 696 1 0 52 0 0 255 284 0 0 40 0 768 0 0 0 0 0 20 33 0 0 11 99 0 0 36 6 19 181 45 0 67 0 0 20 0 0 14 0 0 0 0 0 140 341 10 234 0 134 0 0 0 0 0 86 47 0 16 0 6 115 0 24 4 64 0 1 0 52 0 0 62 0 0 0 65 0 0 21 0 62 75 0 0 18 0 0 455 2 5 0 0 0 0 4 50 1 0 14 62 31 0 0 391 0 0 0 0 0 18 0 0 0 0 13 0 0 0 5 0 0 0 0 0 12 1605 0
 0 23 46 0 0 4162 0 0 434 231 17 0 0 94 2 19 13 77 0 0 0 23 1 3 1431 514 0 2 22 0 0 21 0 272 2 29 0 0 0 44 0 0 0 0 0 0 0 105 8 133 0 0 0 0 8 45 624 0 33 0 0 790 21 6 2 0 265 80 18 0 367 90 0 30 0 0 596 24 0 18 0 0 0 46 513 262 0 198 502 0 78 0 0 38 1 0 5 0 7 3 630 0 0 1467 625 77 0 0 387 0 0 40 91 229 0 144 0 3 5 231 344 108 48 0 312 0 110 0 0 5 19 6 4 0 0 0 138 0 18 0 115 34 12 97 37 4 0 0 0 217
 0 1 5 6 0 11 113 2 41 49 9 29 510 0 0 0 0 0 0 0 0 3 9 0 0 0 0 243 205 0 0 0 0 26 285 133 147 0 1565 4 0 252 1118 0 0 18 0 8 11 0 0 0 231 0 4 0 0 1972 0 0 0 1 6 958 294 0 0 10 44 16 0 0 23 0 0 18 893 0 0 8 0 0 2073 160 0 31 0 0 16 37 2 0 0 0 0 0 0 0 0 14 25 95 5 1 0 0 25 0 0 0 0 0 2 0 13 0 658 0 95 18 69 130 0 27 0 82 0 51 0 6 43 1599 15 0 20 32 0 41 644 0 0 0 6 134 2 10 0 572 7 0
 0 1967 0 0 0 226 0 0 0 0 61 43 0 0 6 3 0 0 0 0 842 0 9 56 10 1244 0 621 0 3 1 0 0 184 8 0 0 40 32 4 0 140 0 79 108 0 0 2152 0 0 756 0 0 0 804 7 1166 0 628 0 168 680 372 6 0 5 0 5 465 76 10 52 0 0 359 7 0 0 0 80 0 16 0 0 3 2 62 26 36 121 86 0 0 160 222 6 0 0 0 211 0 0 0 0 18 44 0 0 407 0 0 8 133 4 4 9 1 0 44 0 309 0 0 0 17 0 0 2 11 0 0 0 3 0 0 3 1048 0 1 0 0 0 0 0 2 0 0 245 97 0
 0 0 58 0 0 12 0 1429 0 426 279 8 0 292 0 68 213 0 64 0 129 28 0 2 0 0 0 3 125 0 0 64 0 7 257 494 0 0 46 0 0 122 0 0 0 0 96 6 0 0 12 0 0 0 133 0 0 0 0 327 0 5 1 0 0 0 96 0 0 9 18 0 3 393 628 1535 0 0 0 0 16 1 0 293 5 11 14 170 0 0 7804 0 359 0 0 0 14 0 0 0 0 3 2 16 0 0 2 10 6 0 0 3 270 79 0 31 313 0 0 0 18 0 0 15 9 0 43 1429 0 0 0 0 1526 0 7 7053 0 3 0 0 0 0 0 631 0 0 798 0 259 0
 0 0 0 0 0 0 0 0 0 0 0 1 28 0 0 0 0 269 0 68 0 0 0 0 0 0 9 0 32 0 0 0 13 0 64 0 333 0 0 3313 4 172 0 65 22 0 41 0 0 0 0 11 0 0 333 0 0 0 0 1 322 0 0 0 8 1 0 0 0 0 217 8 82 82 0 0 0 5 0 276 0 733 11 0 0 116 0 7 0 171 142 146 0 12 558 0 74 0 0 2 0 2737 0 0 0 0 0 0 78 0 104 82 342 101 0 492 119 1 0 2452 0 4 0 972 1 2 6 115 0 20 0 114 61 0 44 0 0 0 131 0 2525 0 0 0 137 0 13 32 0 0
 0 0 690 137 18 415 0 987 68 1 8 0 0 0 16 0 0 0 0 0 25 0 0 0 27 541 0 0 110 0 0 2 0 217 45 4 0 16 21 0 0 25 0 87 0 0 10 409 1 0 0 0 0 6 90 0 0 0 0 0 102 0 1 0 1 0 807 33 146 0 240 11 25 0 78 52 0 0 0 359 0 5 282 1 7 0 0 0 0 17 0 56 0 0 0 2 0 0 0 102 0 216 0 3047 0 15 112 0 0 0 696 0 0 16 277 75 0 0 0 34 0 37 0 0 11 0 0 5 0 0 0 2 0 0 0 24 0 797 10 0 1 26 65 0 6 1 4 267 0 0
 0 0 0 0 0 0 0 0 0 374 587 41 0 59 0 7 0 964 53 1 7 0 907 245 0 46 0 2 106 0 14 0 0 0 35 0 0 3 6 0 0 0 18 0 7 208 60 0 0 90 0 3499 21 227 0 0 0 0 0 0 0 0 0 0 0 0 0 0 1 0 0 18 0 47 375 290 0 0 0 11 0 0 0 0 0 0 36 0 196 41 367 11 18 144 0 38 747 11 0 0 0 0 39 0 44 0 906 0 0 0 6396 59 0 0 557 154 0 0 0 718 27 45 0 0 0 168 0 0 0 0 1368 62 0 0 10 35 0 0 0 5 0 5 0 0 0 1 0 0 2920 0
 9 0 0 0 0 0 0 0 72 0 0 0 0 0 47 638 0 0 2 553 26 0 0 89 0 105 0 0 1 0 4 25 16 699 0 75 17 0 7 2 3 0 0 0 1 0 0 4 148 0 8 0 23 0 113 1 263 0 1854 252 22 4 0 15 116 0 825 2 2 22 0 4 950 0 0 0 1246 0 0 12 0 0 46 0 0 1 0 0 0 15 28 0 5 2 24 0 0 4 0 0 743 50 0 0 3 0 0 0 2 18 99 82 111 2 0 1 0 0 0 4 6 53 0 0 1 0 4 1040 0 0 173 90 0 0 0 11 0 0 30 0 0 0 0 0 12 119 9 0 0 0
 4036 113 73 22 0 2 0 4 0 0 0 65 0 0 0 0 0 0 0 730 0 0 0 0 406 35 133 286 0 13 20 0 36 2731 0 0 0 166 11 0 0 4 0 0 0 14 372 5 1 0 243 40 0 706 130 0 0 0 0 0 93 43 29 0 0 0 974 153 393 0 4 0 2 0 0 49 9 0 434 0 0 0 163 0 0 0 0 0 36 0 0 0 1 0 2 0 0 0 34 0 0 57 0 0 11 220 49 339 0 206 0 51 1223 58 14 73 0 0 42 0 0 0 93 0 0 17 0 0 153 0 5 0 0 0 0 0 118 17 0 19 2919 13 1474 19 0 0 0 0 66 63
 96 24 0 0 0 0 0 2 0 0 3 23 792 23 0 0 294 0 0 0 0 5 41 115 0 0 0 0 1 0 0 0 0 2 9 9 0 0 0 16 115 0 8 0 0 0 729 0 0 0 0 4 1154 0 14 337 12 0 0 140 0 0 347 0 6 0 0 0 706 0 10 0 178 9 4 0 0 58 13 0 13 0 0 0 0 0 0 0 0 68 0 115 0 2 1757 0 35 0 19 0 28 10 0 0 395 0 9 0 0 0 273 333 207 5 0 0 22 221 896 7 0 0 192 22 137 3 0 4 695 0 0 23 363 0 8 0 0 0 0 978 45 931 229 17 192 0 29 0 0 0
 0 23 5 0 12 22 0 0 18 0 0 0 0 0 14 9 3 0 0 11 0 19 74 0 0 0 0 0 0 0 0 141 17 0 0 978 63 0 0 32 19 0 0 0 102 0 0 0 0 0 0 0 0 29 118 549 0 32 0 83 1970 24 45 0 2 203 0 0 0 0 3 0 124 0 231 0 203 0 0 519 0 0 0 43 13 0 0 18 0 0 0 7 37 0 0 31 0 0 2 54 1988 0 0 10 3 10 0 531 54 8 75 1 8 0 0 0 1354 32 5 0 0 8 10 0 130 12 4 17 0 0 7 0 0 0 1 0 31 11 0 38 0 0 27 0 0 0 0 19 0 0
 0 0 0 189 0 5 0 0 4 0 4 0 7 514 0 86 0 0 66 46 0 293 16 7 0 0 623 0 43 0 29 0 3056 0 0 64 706 0 0 0 6 0 31 6 7 0 0 567 0 2475 0 3242 0 24 0 30 0 0 0 36 0 24 1 0 0 0 0 4 0 292 27 7 0 185 5 641 0 10 0 0 0 4 55 0 0 23 0 1 0 3 0 0 184 28 0 33 0 0 22 10 23 0 0 0 12 2 0 0 0 0 0 0 0 0 0 0 0 0 332 72 0 15 8 0 0 0 6 0 0 0 0 42 10 0 0 0 0 666 0 0 319 12 0 0 0 0 17 0 1 4
 0 0 885 10623 0 11 0 253 142 0 0 0 25 192 0 0 2 0 0 39 0 0 227 17 154 0 19 31 0 5 3 0 378 325 0 0 9 65 0 12 3 0 1 31 0 0 0 3 240 0 0 6 0 15 0 13 2 0 0 0 2 0 0 149 5 138 5 1 0 0 3 7 393 0 0 6 0 61 89 137 1 0 0 193 0 173 80 25 0 191 1143 11 0 0 1243 18 0 674 5 0 12 0 0 2 0 0 0 371 0 0 0 0 0 0 0 0 0 21 0 0 360 1835 2 159 1 0 0 0 29 1 0 0 0 57 0 33 0 0 112 0 0 4 0 0 0 0 224 893 0 0
 13 0 0 0 38 0 16 0 190 67 0 0 251 0 0 0 9 0 52 57 0 35 77 27 14 5 0 0 17 0 0 126 0 7 19 25 0 0 0 895 0 0 232 0 54 0 0 177 0 0 26 201 0 3 8 0 0 3 0 0 0 0 0 0 219 7 4 6 13 18 0 18 0 57 0 0 0 0 7 42 0 0 0 647 7 4 65 0 0 189 0 0 179 0 0 610 11 0 307 0 0 6 550 0 3 24 0 0 0 0 0 86 0 0 0 0 0 75 631 0 0 0 97 10 0 3 8 6 0 75 0 1024 0 0 0 0 0 0 6 0 0 0 0 0 0 1 219 2 12 36
 0 101 0 0 12 396 0 16 180 0 29 1 170 0 5 0 0 4 16 149 132 0 10 1 12 0 0 0 47 0 0 0 0 3 95 669 0 0 19 0 69 0 7 0 73 92 0 0 0 2586 2 188 2 0 91 0 11 5 13 5 1439 0 47 0 0 0 159 4 1067 0 0 4 0 0 0 91 0 0 828 0 25 248 0 0 17 25 34 0 0 149 0 81 0 134 0 2 0 0 21 61 1 0 0 2038 0 83 30 0 0 14 0 240 0 511 0 92 75 0 0 60 692 43 13 6 0 0 0 0 0 27 304 0 115 0 0 0 11 683 0 0 0 0 0 0 325 5 0 0 56 0
 5 8 0 0 0 0 0 3 0 0 0 17 21 1 0 766 1 0 0 0 0 0 123 63 0 0 0 672 0 1 50 0 0 0 0 175 0 0 38 21 0 889 20 463 87 0 0 0 842 113 32 5 0 0 0 0 42 0 0 705 34 0 0 2 32 0 0 0 0 0 0 0 0 0 4 0 0 442 7463 67 3 48 0 0 0 0 27 2 0 22 0 0 7 14 137 0 59 0 79 95 25 0 0 27 25 19 2 19 0 0 21 0 2 29 15 16 0 0 0 0 136 123 0 9 29 1 49 41 1835 254 0 0 0 393 0 90 406 5 5 0 66 848 52 0 0 202 0 0 41 3
 57 0 36 6 9777 31 8 6 0 0 0 0 261 11 0 0 2179 42 0 1212 487 53 0 0 237 17 10 20 0 256 2 0 9181 0 0 0 0 1 0 0 41 0 0 0 0 37 2 0 0 90 0 0 7 19 83 37 68 0 24 78 1856 0 0 162 0 0 2 157 0 0 30 0 0 0 0 58 0 5339 17 18 34 0 0 0 0 0 1 7 0 0 0 0 0 2 0 4 0 0 0 673 110 0 0 0 0 0 117 0 145 0 0 193 8 20 0 1 20 0 223 0 0 183 2 546 0 0 0 0 0 2 0 65 90 0 0 0 581 0 19 0 208 175 13 0 0 21 0 0 143 267
 0 0 21 8 5 195 12 0 25 0 0 0 0 0 0 0 0 0 7940 0 2723 41 417 0 50 0 0 0 0 0 75 0 0 0 14 27 0 210 5 0 290 0 8 6 0 67 11 0 0 0 0 0 3 0 108 0 0 0 0 50 1666 1428 1152 0 0 26 0 37 7883 0 0 0 0 0 6 25 0 240 232 0 4 2 0 13 180 6 0 0 0 0 0 0 0 1197 0 0 0 162 1 25 0 100 0 0 0 0 0 0 26 0 0 182 0 249 0 11 0 7940 0 359 23 19 0 0 739 0 0 0 0 30 0 22 46 0 0 12 0 11 0 0 0 393 0 0 0 284 118 98 0 0
 35 0 0 316 960 11 13 2 0 0 0 0 54 502 0 165 3 0 0 116 301 22 122 390 1 0 29 16 9 38 0 1 19 0 609 0 0 0 0 0 0 0 1 0 56 74 0 0 0 20 16 30 0 0 0 0 0 0 0 0 0 1 1015 0 79 0 108 0 0 0 0 0 28 0 64 1 84 0 327 0 16 0 25 0 0 14 0 120 0 0 0 22 0 0 648 4 16 2 97 0 31 0 0 0 0 0 0 0 0 0 0 9 0 0 30 118 2 37479 450 0 136 63 62 0 0 13 0 117 544 0 0 0 52 0 39 36 25 0 0 0 38 26 0 45 2 166 42 0 0 454
 35 0 546 0 29 0 3 1 222 0 193 73 0 0 0 0 0 0 0 0 34 0 25 375 7 170 0 79 0 0 415 34 131 1008 0 0 0 13 3 0 171 0 0 40 723 0 0 7 0 0 48 0 0 65 0 0 0 147 0 0 0 627 97 358 2 0 49 3 27 366 0 2 0 178 23 0 94 18 0 0 11 0 0 2 5 596 803 65 856 71 1 0 0 0 0 0 3 0 3 0 45 0 17 8 0 0 59 16 0 0 0 311 0 0 6 16 0 371 0 0 2501 327 30 6 38 11 9 0 0 28 0 0 0 0 0 0 0 6 0 3 33 0 39 0 0 287 0 0 0 87
 4 95 0 30 122 0 115 0 0 0 0 12 0 287 0 0 0 0 25 9 0 0 3 0 14 1 0 1834 0 5 0 0 0 32 0 0 2 0 0 0 8 63 0 0 27 174 77 54 0 0 369 0 0 136 0 0 0 0 5 0 5 0 0 0 0 59 71 2008 3 16 0 0 0 0 0 0 44 0 0 0 45 12 255 0 573 0 0 16 0 1716 291 276 0 52 38 0 193 1 0 6 0 100 0 0 34 0 0 0 0 0 2 550 10 0 227 0 0 0 0 0 0 1 4 31 18 83 0 0 20 148 0 181 192 0 20 109 2 9 0 5 17 229 15 372 8 233 103 0 0 0
 122 7 0 0 1 0 0 0 5 0 0 0 2 971 0 0 9 0 0 0 21 0 0 0 0 0 887 5 26 46 0 5 0 16 5 0 309 33 0 48 0 0 0 0 0 34 131 0 3 23 70 81 0 2 0 473 2161 883 0 0 0 516 92 4 0 0 26 0 0 0 0 0 11 0 0 59 29 0 0 0 10 0 108 0 13 56 141 12 5 1 0 0 20 0 9 0 0 70 0 712 0 640 15 0 0 0 0 0 5 0 0 0 7 116 1134 0 22 0 3 0 51 48 1858 0 6 0 0 0 0 0 33 0 0 0 0 3 62 78 0 0 0 0 0 0 0 1415 0 0 0 80
 37 65 4 1 0 0 0 148 0 0 575 23 0 0 0 0 0 1 27 0 0 0 54 0 372 4 124 0 0 0 0 39 0 0 1121 725 4 1 105 0 0 0 15 10 0 0 7 1 0 0 0 90 0 0 0 0 15 87 0 638 736 0 216 0 0 9 185 0 0 638 2503 3234 0 1 0 38 2 2 0 0 10 0 0 15 8 0 0 0 48 5 108 0 31 0 5 0 77 8 0 0 125 81 0 14 0 197 0 15 4 0 56 0 5 21 0 62 127 0 83 0 510 5 0 0 0 61 0 0 0 0 0 0 0 0 0 0 2 0 99 0 13 13 0 17 0 0 0 0 4 0
 0 95 1 0 0 0 9 63 0 0 28 0 0 0 0 0 44 0 0 1046 0 0 0 1 0 0 0 0 532 0 391 0 0 10 358 0 0 0 5 90 0 48 10 0 0 9 0 0 0 59 191 0 0 0 0 0 0 1599 81 514 0 41 0 0 0 100 0 0 6 0 12 38 1372 14 0 6 0 6 57 0 0 0 0 12 17 0 68 0 1373 3221 1 11 0 46 6 335 8 0 39 0 0 0 44 0 16 0 0 0 5 0 0 22 0 0 15 45 0 0 91 0 0 0 0 0 19 0 0 43 393 697 50 84 0 898 0 171 0 1 0 0 0 19 0 8 0 0 0 0 0 0
 0 0 0 0 0 0 0 12 31 0 7 0 0 7 0 142 0 0 0 609 1 116 0 0 0 0 0 844 23 0 37 0 0 744 736 78 0 17 0 0 11 343 30 26 13 0 366 8 14 0 0 5 0 7 0 0 138 0 5 284 6 0 0 0 0 36 0 0 15 283 34 0 0 0 785 24 0 0 0 0 0 0 0 118 0 4 0 0 0 37 450 0 0 1 0 0 0 0 0 125 0 5 0 0 89 0 0 0 5 0 42 24 16 0 24 0 580 0 0 0 17 6 0 80 67 0 0 0 124 0 0 0 649 1 0 0 0 7 87 0 0 0 54 412 0 0 0 0 0 8
 0 2 18 87 0 70 16 0 0 78 2 79 190 16 4292 0 18 0 0 330 0 11 20 0 0 1384 98 0 54 213 0 81 6 91 96 0 36 22 0 0 0 282 0 26 119 0 0 0 0 2 0 16 174 1 5 0 14 0 0 0 5 12 0 0 0 1 0 11 0 6 0 0 253 60 0 19 3 0 5 0 0 0 0 0 22 0 0 15 43 0 0 24 0 0 0 3 19 0 8 1 0 390 0 18 551 0 27 0 0 0 114 2 0 19 0 8 53 11 0 0 36 0 0 0 5 4 38 0 148 0 0 439 326 0 1 54 0 0 0 34 3 0 0 0 19 53 0 0 3 0
 0 0 0 0 0 103 215 16 0 22 0 14 0 85 0 0 10 0 0 0 0 0 0 0 4 5 0 0 538 104 35 0 0 90 57 18 8 0 0 0 36 3 0 0 0 0 141 0 2 35 5 11 0 0 0 0 223 0 0 22 0 26 157 4 0 12 0 8 229 0 0 4 0 0 0 0 3239 1155 39 2 43 0 350 0 120 51 31 281 2 0 0 0 0 5 1322 15 0 0 0 0 19 0 4 0 0 2839 0 13 0 0 1 355 0 0 23 0 0 333 0 8 0 32 4 151 0 0 0 14 0 5 0 164 0 23 10 803 0 0 0 0 0 1070 0 51 3 6 2 0 0 18
 78 0 0 0 0 322 48 0 6 14 45 0 275 0 0 235 9 0 627 0 0 0 2 0 213 65 85 10 0 56 0 53 0 0 0 0 0 0 0 0 90 90 0 0 54 0 0 3 0 0 0 0 1 18 16 6 145 51 15 0 0 0 0 0 147 35 0 349 1 83 0 0 0 1 12 42 4 69 67 0 2231 0 0 550 6 2 0 23 113 0 12 0 0 1152 325 0 1 0 938 0 0 0 0 0 21 138 0 291 23 0 0 50 0 97 0 0 6 0 38 386 0 0 0 1411 0 0 37 4 90 0 33 4 191 7 0 0 40 0 0 0 1 56 338 0 0 33 0 37 67 0
 0 192 0 656 0 24 0 0 0 0 0 0 43 0 0 0 192 0 0 40 0 2 0 0 216 0 284 0 7049 1092 0 0 15 0 39 259 4113 1993 0 22 0 0 630 42 13 6 412 103 9 0 4 0 61 0 0 45 0 503 25 0 0 183 11 0 32 0 327 297 8 229 3424 0 1 9 90 0 2 0 0 0 4 72 332 0 0 0 0 0 28 0 371 0 2 0 76 0 0 0 171 0 0 0 0 32 23 1086 7 0 0 12 0 0 203 0 516 0 237 0 47 0 0 5 12 0 0 6 168 13 445 0 174 3 6 108 0 0 0 0 7 0 0 18 493 51 875 3 0 26 49 0
 0 0 0 0 0 0 0 0 0 0 56 0 7050 9 0 0 0 1092 24 0 208 0 1088 29 294 4 331 679 0 0 0 5 0 1 0 0 0 0 32 101 0 0 20 0 0 0 145 14 0 0 25 0 6 37 153 3 83 2 0 386 0 27 0 0 0 0 24 0 0 1 0 2378 1 0 0 283 0 110 30 728 42 0 124 333 0 5 14 0 0 0 0 125 0 0 23 2 1 0 7 209 133 0 162 11 56 6 0 4 185 0 0 0 1 65 0 68 0 0 0 26 0 152 187 0 1 0 0 0 0 65 287 0 77 0 0 848 0 2 8 0 226 0 284 0 17 648 3 0 10 218
 27 0 113 23 259 19 0 0 0 88 0 0 1 0 0 0 0 0 0 0 0 1985 0 0 0 0 0 0 0 0 2 0 0 0 0 4 12 0 0 232 0 0 11 11 112 913 11 32 18 0 4199 0 66 0 654 29 0 0 118 0 0 0 38 0 0 91 0 0 0 198 0 240 0 116 0 3 0 0 0 0 0 0 232 499 0 0 1 1 83 67 45 0 0 0 0 0 1 0 262 0 0 0 0 20 0 35 0 46 0 186 101 0 13 11 0 32 79 77 0 0 987 0 636 0 0 0 0 28 0 0 0 0 0 0 0 0 149 0 23 0 18 0 0 22 2 0 4 0 0 7
 0 0 0 0 0 0 0 0 0 135 18 0 0 0 7 0 0 0 301 0 0 0 4 5 0 0 0 40 12 14 2420 0 41 0 0 0 0 33 233 6 0 6688 78 160 4 0 3 83 29 9 1 0 0 0 0 0 0 0 1474 36 3 6 0 368 14 0 0 0 0 8 58 0 0 104 0 0 20 0 4 0 32 0 103 45 980 1 3 5 38 0 0 0 371 40 5 15 7 0 0 0 394 0 0 0 35 0 36 0 0 0 37 13 0 266 28 64 0 0 1 0 360 0 0 0 5249 333 4 210 267 6 0 0 0 1086 41 0 0 212 0 0 4 139 0 37 0 1 0 0 0 0
 0 0 639 0 21 0 20 549 62 0 0 60 0 8 0 3083 0 0 65 0 11 22 0 226 0 231 0 11 6674 7 0 0 2 0 31 4 0 35 0 0 0 5 83 119 77 0 0 32 0 0 0 0 22 0 259 9 209 10 1 0 0 0 0 0 0 0 0 293 0 20 4 0 0 58 627 16 0 0 7 0 31 0 20 0 0 0 16 0 22 11 63 287 52 0 0 41 0 59 0 0 0 3 375 66 0 0 0 12 0 20 0 2 0 0 9 12 0 0 0 177 0 0 0 0 1 0 3952 38 0 440 645 0 0 0 0 0 13 0 2 0 0 0 0 0 513 103 0 0 2 393
 0 0 0 0 15 0 32 0 0 0 0 0 3488 25 0 0 26 0 130 0 59 0 6 0 0 0 0 1256 2 11 3 3 11 39 0 3 6 0 0 0 3 7 3928 0 4 0 0 0 5 5 723 0 0 0 3 1 0 0 0 0 213 0 0 1250 34 0 13 21 0 0 0 6 9 0 0 0 0 28 46 194 0 806 16 93 0 0 6 19 0 0 44 85 16 0 59 0 0 228 177 0 95 20 0 12 0 0 0 15 0 59 1584 0 128 1 8 11 0 0 0 0 0 0 0 0 6 0 58 882 7 3 1016 0 561 0 2 85 104 0 0 8 428 22 96 0 61 0 482 325 0 44
 0 0 0 0 0 193 0 2 9 107 0 28 226 1071 32 1595 13 0 2 0 450 0 81 84 0 36 0 20 0 300 0 0 0 206 24 0 47 0 0 558 0 4 691 34 0 78 196 0 0 155 0 0 0 483 0 0 0 26 0 0 132 1166 32 30 20 0 0 0 0 0 0 309 3 17 5 0 64 880 0 108 0 0 28 0 8 0 0 0 0 0 0 4 0 7 0 120 0 16 20 0 570 0 0 3 0 0 0 0 9 0 153 0 24 0 0 0 0 0 0 603 2 0 0 0 0 0 82 0 0 88 0 2082 5 0 0 19 0 0 1323 0 0 0 0 230 28 0 0 0 0 0
 1 0 569 776 3 32 0 137 0 22 7 1 51 110 1 76 119 0 0 0 57 46 99 1 4 114 105 0 0 132 28 0 1 0 0 0 12 2 0 0 0 0 280 1431 0 455 0 0 0 122 0 18 0 0 0 0 18 1 35 5 0 0 0 574 0 0 5 3 31 0 290 0 332 0 0 34 0 64 5 73 0 0 2 0 64 10 82 0 0 164 68 511 179 0 0 46 0 46 2 0 0 7 0 26 630 0 0 0 1548 33 39 1009 49 14 0 0 0 8 3 0 0 0 909 0 0 0 0 0 1 0 22 215 0 0 0 30 0 0 0 332 4 0 0 0 0 0 0 693 23 2
 0 80 0 24 44 332 0 0 0 0 5 68 0 0 0 0 121 41 0 0 0 2 0 0 287 53 0 0 0 0 1388 0 0 170 0 521 0 0 0 0 0 0 173 6 0 29 0 362 0 0 42 41 68 57 778 0 238 0 0 22 0 90 0 95 47 0 75 0 202 0 0 0 0 4 5 0 1 0 0 62 0 0 0 125 0 0 24 0 0 378 0 0 9 18 0 229 0 10 0 0 177 3497 278 0 4 148 0 9 34 24 0 12 5 116 0 0 0 28 61 3 11 290 2009 11 0 176 2073 0 853 0 9 0 0 0 0 0 0 0 0 0 0 0 0 72 510 1 0 0 28 253
 0 1069 1 0 0 0 0 0 446 0 0 0 1 158 46 453 0 70 902 0 0 68 0 68 0 0 0 0 0 383 20 0 0 0 0 0 5 37 32 1914 6 0 0 0 16 0 114 0 37 0 0 25 0 0 11 0 149 36 0 144 0 3 396 0 0 22 33 0 0 0 22 0 0 0 0 0 554 39 39 0 0 3 14 106 0 0 125 0 331 0 7 0 0 1613 1 0 0 4 35 333 0 0 12 60 0 257 0 0 3 307 0 10 0 14 3 5 46 0 0 360 105 0 0 0 0 0 0 50 0 0 356 0 0 273 2 0 0 877 0 2 0 243 0 0 0 0 24 0 0 0
 0 313 3 0 247 0 4 0 15 114 637 0 2 0 0 0 22 0 0 0 0 0 0 0 0 0 0 0 354 0 106 37 0 0 0 0 0 280 0 10 11 0 0 0 2 0 0 3 9 16 0 370 0 9 0 2 8 0 0 2 33 0 0 0 0 0 0 24 0 0 44 169 0 5 0 9 0 5 7 0 0 9 0 0 12 57 0 0 4 16 0 22 0 18 0 0 0 8 0 11 80 46 0 0 76 0 4 1 0 86 1 82 1 0 0 11 0 36 0 0 0 198 44 2265 0 6667 0 13 0 0 0 0 0 0 0 0 116 0 175 13 0 219 4 0 2 0 0 0 0 0
 0 43 0 0 0 0 361 2 632 0 11 2 9 0 1048 34 27 2 0 0 0 0 0 4 0 0 0 8 52 115 1 0 0 60 0 0 0 3 66 0 0 9 16 0 91 0 64 7 5 842 0 28 38 0 66 0 5 0 0 0 0 17 3404 62 0 33 0 0 0 0 0 18 0 0 0 0 8 0 0 0 0 24 1419 0 0 0 0 28 0 0 0 19 0 0 960 0 0 2679 0 0 0 24 0 26 36 10 0 0 0 0 0 0 200 4 0 203 37 9819 52 0 0 0 0 0 0 199 248 0 123 0 0 0 0 44 0 0 0 0 9 16 0 0 0 15 0 0 14 0 18 0
 0 1552 0 0 2160 0 138 9 0 0 0 485 2 19 0 0 0 303 0 0 0 0 0 22 0 0 0 0 0 0 369 0 1 0 0 17 0 0 14 0 163 69 0 0 15 907 1 0 194 279 254 0 0 430 129 0 253 0 0 5 0 1135 56 6 96 0 0 299 0 7044 6 9 3 68 146 22 188 10 198 0 907 0 863 0 0 0 796 1061 0 43 0 0 0 273 126 0 40 0 0 0 0 48 5 0 0 60 11 5 2953 10 17 45 0 0 0 209 0 0 745 0 0 45 0 0 4 0 133 0 2 107 0 0 7 0 42 29 26 795 19 0 3389 0 392 27 0 0 69 3488 0 0
 0 2 0 0 1 4 0 631 0 0 32 1 1 0 0 0 799 36 21 16 1290 0 0 15 150 16 0 842 0 68 3 596 7 53 0 0 0 0 0 19 0 0 8 349 0 2 0 0 0 0 0 0 6 20 0 18 135 1 128 37 0 0 29 0 7938 8 0 0 29 81 0 0 445 0 0 0 0 132 0 475 0 0 33 0 1029 0 134 56 918 4 0 0 372 18 0 107 59 20 18 0 0 0 0 0 0 0 0 631 0 0 0 25 14 0 0 39 0 0 105 2 0 346 0 0 21 60 9 18 0 0 0 229 0 0 2 29 2 3 455 0 14 0 20 0 0 0 13 195 0 0
 0 0 0 18 130 0 0 0 0 0 0 79 0 33 0 3 0 0 0 0 0 308 0 0 0 66 6 0 41 0 0 0 0 39 11 28 0 0 0 36 0 2 0 0 0 0 0 695 103 23 45 18 0 0 219 87 17 0 411 0 0 0 18 7 119 0 1 10 69 0 0 0 3 37480 9 0 0 0 0 0 8 0 0 0 7 2 8 1 1 0 1430 50 0 525 0 0 1473 0 0 0 829 0 0 0 52 235 0 0 0 0 0 0 99 37 27 20 497 77 33 10 1 113 0 0 0 70 19 2 0 22 0 0 0 0 0 0 0 20 0 0 142 45 0 226 0 0 115 0 0 0
 0 0 645 15 11 0 0 0 34 610 109 123 0 23 66 0 0 0 0 0 96 0 8 0 0 0 0 902 0 0 6 0 0 0 11 0 0 0 0 139 0 0 561 0 0 4 10 42 24 0 0 0 0 0 8 73 0 0 25 0 64 147 0 557 0 70 0 25 40 45 0 53 0 1 5 0 5 38 32 0 0 0 0 699 411 5 0 0 0 190 16 0 0 9 0 1 0 0 28 3 0 0 0 53 102 79 0 0 55 0 0 1 610 0 13 235 26 1 8 81 0 0 0 0 6 0 555 0 308 2255 670 0 0 169 0 198 0 0 0 108 28 57 28 134 0 0 0 2 0 0
 0 0 0 8 10 0 0 0 3 0 305 879 249 0 0 112 421 0 10 0 10 0 0 0 0 0 0 11 9 0 0 0 0 0 10 0 68 0 0 0 6 0 41 0 0 3002 5509 0 0 93 0 0 0 1 4 107 389 145 687 0 0 679 2 183 1134 0 0 0 191 0 0 53 6 9 0 0 980 0 3 0 0 346 0 0 0 0 0 0 23 190 0 283 0 0 10 15 0 0 7 0 1 0 457 2 8 0 0 0 14 7 0 21 0 0 1 10 0 0 0 0 10 0 0 7 1257 0 9 2 0 6 4 102 366 98 0 0 64 102 0 1 0 0 0 0 0 147 0 0 6 0
 0 332 0 0 0 1 0 5 0 531 19 12 5 25 0 6 0 0 23 63 3 0 0 0 307 0 0 0 38 43 0 0 348 207 5 0 101 0 1 29 0 4 4 0 0 52 0 36 0 0 1 0 0 0 0 0 0 7 4 12 11 294 10 497 0 0 0 0 14 372 2 3 11 1 84 369 0 0 0 1 23 0 0 0 23 0 8 8 0 0 0 0 693 34 108 0 160 6 0 0 0 0 0 86 2 0 24 11 0 0 0 0 0 0 0 3 0 29 0 0 23 0 0 0 11 123 0 1182 13 0 8 4 107 2 68 0 0 2 0 1029 307 221 4 0 0 22 0 0 29 0
 16 0 24 0 0 0 0 0 0 0 0 13 904 29 0 282 0 0 99 0 0 0 871 13 0 10 0 0 0 0 25 22 0 0 0 0 0 54 40 0 0 193 9 3 5 172 0 0 0 2 123 2 0 6 883 0 0 82 16 0 23 0 0 756 0 7 116 17 371 0 0 0 0 76 0 76 0 52 0 0 43 4 0 0 0 0 0 0 30 0 207 0 0 0 0 0 0 65 0 0 147 248 3 0 0 138 123 0 1 19 255 0 0 15 0 0 0 0 19 23 9 0 31 0 0 72 0 0 102 2 0 104 0 0 0 517 0 0 0 0 11 462 5 0 0 0 0 11 176 0
 0 0 0 0 1074 372 0 0 0 5 5 725 570 0 5 0 715 0 0 0 2 981 0 0 0 137 0 186 0 0 0 0 1 272 0 0 0 0 0 115 15 2 54 0 1 417 0 0 73 56 0 90 31 0 0 32 135 0 0 23 49 44 0 0 0 18 5 0 0 0 548 3 104 68 0 0 0 0 0 0 0 0 186 0 0 27 83 80 9 3 0 0 76 0 0 0 0 24 1 0 0 0 1 8 39 3 0 0 19 0 8 0 0 6 112 6 0 235 0 33 11 7 51 8 0 0 0 0 0 0 0 0 0 0 0 510 0 0 0 98 0 0 19 0 0 0 0 0 3 160
 129 0 0 27 0 25 1 3 0 0 0 4 0 0 0 0 0 0 14 0 0 0 0 47 78 0 18 0 0 0 166 0 0 0 0 2358 0 183 1584 6 52 0 0 2 46 0 2206 0 19 0 6 51 0 0 746 44 0 0 0 0 2814 0 0 470 0 0 0 1422 0 0 84 0 213 315 6 10 0 0 37 1 0 82 0 0 928 201 0 78 172 0 0 0 9 0 0 23 0 18 1922 4 0 0 0 0 0 0 355 1210 0 177 0 1 2 0 0 8 0 5 14 0 9 0 0 0 5 0 14 0 2 0 0 0 0 0 52 0 0 168 249 0 647 150 646 14 0 0 10669 0 0 6
 22 0 0 0 0 304 0 18 41 0 0 42 11 2739 0 35 9 0 0 34 0 0 190 40 0 45 672 0 0 325 0 88 1 0 82 0 498 0 113 0 0 10 1099 0 52 38 0 0 114 0 4 0 0 150 0 0 0 15 0 58 0 433 0 327 0 145 0 0 0 0 0 0 0 15 1 0 0 0 312 2102 0 744 0 0 7 0 0 0 0 0 175 0 0 1 0 114 0 6 297 88 34 24 0 0 0 0 0 1 233 0 33 149 0 0 0 8 59 0 107 0 0 0 88 4 0 0 0 1 53 153 0 718 0 114 0 0 0 0 0 0 0 0 0 18 0 11 45 0 270 0
 0 11 0 0 0 0 0 0 10 18 18 34 0 0 10 0 0 7 797 23 0 1 0 0 0 0 0 0 10631 0 0 190 4 0 0 0 116 462 3 0 36 0 0 0 0 341 1333 1 0 0 407 0 0 9 0 0 0 0 0 68 0 31 1054 1800 0 130 0 0 2456 0 67 1 0 0 3 20 16 0 879 0 0 0 0 0 0 0 134 1 0 48 0 6 0 2 0 0 73 27 0 0 229 0 5 3 0 0 0 5 0 0 37 0 4 148 171 0 50 0 38 0 85 0 4 270 0 387 0 11 103 0 0 0 0 27 18 10 636 0 0 0 36 0 0 0 0 0 2479 8 0 70
 0 15 0 628 97 0 82 12 0 0 0 79 0 0 885 181 0 36 0 39 0 13 97 5 1101 0 0 0 1 0 0 9 0 43 0 0 0 0 0 148 0 0 0 0 10 0 0 0 0 0 3 0 0 0 0 356 0 0 1966 0 3394 91 0 451 0 462 9 317 105 0 0 0 0 313 0 5 0 1092 0 40 0 4 0 0 1 0 402 0 38 0 0 0 306 0 0 0 0 6 53 12 155 5 2 3 0 0 0 634 11 712 0 0 0 0 29 135 2 0 0 24 21 0 0 0 0 0 0 0 0 0 12 140 0 4 0 2 0 0 148 0 0 10 1 1 391 3 11 0 0 0
 122 6672 1 0 0 4 0 5 689 0 5 0 0 73 0 0 0 0 3 0 0 0 70 705 0 0 26 0 3 5516 1 0 0 1 0 0 0 72 172 130 17 30 0 0 0 0 0 7 242 0 0 0 0 0 1 0 0 117 0 113 0 0 456 0 0 11 302 0 0 285 1 29 210 0 0 43 1600 0 0 0 0 1 0 0 0 17 6 39 0 4 9 0 0 0 100 0 0 91 9 36 0 0 245 0 0 0 13 0 4 325 46 196 62 0 3 0 0 0 0 76 4 0 1 0 0 100 262 0 58 0 0 56 0 92 0 0 475 0 133 0 0 1 2375 0 284 1351 0 0 81 0
 0 140 19 21 61 0 0 0 0 0 77 0 0 0 0 20 18 1 3 435 0 150 0 0 0 556 125 56 0 0 656 32 52 0 0 0 0 638 43 0 0 0 123 0 14 2 0 0 10 8 0 0 87 0 0 9 22 0 0 0 93 0 0 0 0 0 3 0 126 4 0 14 100 94 92 0 0 20 0 36 40 1 0 62 319 32 181 27 0 8 0 27 0 0 8 0 0 62 36 0 0 0 2 0 37 0 0 217 0 14 38 22 0 1 24 0 0 0 184 0 46 59 0 0 0 91 574 33 0 0 22 0 0 14 0 5 0 12 0 0 0 0 0 0 0 338 0 0 6 45
 1051 0 0 22 157 0 0 0 1 15 344 0 0 0 0 1 26 57 0 0 26 15 79 0 5 31 32 0 93 28 284 17 0 0 1 87 0 0 0 0 0 0 0 35 2 1 7 0 736 0 0 0 1 0 0 0 0 0 4195 0 16 0 0 3 0 7 0 0 0 88 87 288 0 0 0 4 4 18 5 0 0 19 0 15 0 0 0 196 0 105 0 0 0 306 0 0 0 0 233 11 224 0 4 167 3 0 1 0 0 14 0 461 0 0 50 0 3 0 0 18 0 52 0 0 0 88 0 0 189 0 7 0 72 7 0 6 16 145 9 0 4 0 8 383 103 286 0 0 54 0
 0 237 0 0 8 0 0 1 0 27 565 0 860 0 0 281 0 198 31 0 0 0 0 15 0 0 0 63 0 0 0 0 1014 29 0 35 0 0 0 0 0 0 1077 2533 52 124 0 0 49 0 0 68 0 0 67 37 6 0 0 0 0 5 50 68 10669 0 7 0 8 0 50 2 0 0 152 0 0 0 734 0 15 121 81 0 0 84 21 390 316 16 0 25 53 0 5 0 14 67 0 0 0 0 160 0 0 17 0 0 0 0 0 139 347 0 0 0 1 0 0 0 2211 419 0 0 3 0 4162 13 441 0 15 0 0 0 0 6 0 0 41 0 766 0 370 0 0 0 0 4 0 5
 2 0 2420 0 79 14 61 0 0 0 0 0 0 0 123 133 0 1 0 1 0 0 9833 0 1052 0 38 0 12 255 366 10 11 0 6 4 0 18 0 0 0 0 0 0 0 0 0 25 9 0 0 0 0 0 7 0 0 219 32 9 0 0 383 18 0 15 0 7 6 0 0 267 22 695 9 84 58 0 1 0 1 78 0 0 0 0 0 122 36 953 10 0 1 130 3 25 790 0 13 43 2062 0 0 0 123 0 0 0 0 0 0 0 247 32 165 0 3 0 0 0 0 0 0 552 0 0 0 0 0 5 0 175 0 0 3 0 465 13 0 0 6 0 992 118 0 232 0 49 0 50
 24 0 11 19 0 0 38 0 5 22 18 0 403 0 0 0 0 0 0 0 1291 0 46 4 72 42 0 0 0 0 271 848 1579 0 1247 0 4 0 0 0 28 0 29 177 0 76 0 5 255 3 0 0 0 0 35 0 15 0 26 147 11 0 0 0 14 28 15 10 0 83 0 0 0 0 0 0 0 0 0 0 0 0 0 0 0 0 0 0 0 0 0 0 3 150 0 23 0 63 8 684 0 34 0 0 0 29 0 0 3 16 0 0 68 0 0 0 0 16 2 166 0 203 0 0 0 494 0 0 0 355 0 638 0 14 1 26 9 0 0 5 79 25 0 0 0 7 4 0 0 0
 5 0 0 270 0 0 13 0 0 17 0 9 0 0 0 416 0 396 0 0 235 0 13 0 79 0 5 0 0 0 1 0 0 893 111 0 147 287 344 199 137 16 0 1121 0 0 117 2736 3 36 0 327 0 0 0 0 0 0 0 0 187 0 0 0 0 0 126 1 17 12 46 0 0 6 19 143 9 9 7 0 4 6 9 0 212 51 0 22 2 26 0 2 338 0 0 0 0 48 0 0 3 206 0 10 24 9 12 0 35 3 0 0 137 871 10 62 0 0 0 0 12 0 0 0 0 2 0 0 163 1 0 2396 1 1469 120 0 0 3 510 113 0 0 0 0 0 37 0 7 0 0
 0 633 0 231 0 11 0 0 6 0 0 1 0 51 0 272 183 37 0 0 1 66 0 0 0 0 1 0 98 0 4 255 3502 0 0 551 0 0 181 3 25 0 150 0 45 10 0 0 0 1 0 0 7 0 0 0 236 0 16 12 0 0 98 44 8 2 173 0 1107 11 4 15 3 22 179 4 62 0 0 20 348 42 14 30 0 337 0 3246 3 0 1 474 0 0 26 3 0 0 0 0 2 0 0 1 0 47 0 0 0 0 0 0 1 0 0 269 809 645 6 0 1 201 0 0 0 20 52 0 13 0 66 6 0 0 15 0 0 17 153 309 0 32 76 0 0 0 325 0 64 0
 22 24 0 0 0 12 0 0 0 168 7941 0 145 37 244 1196 0 5 45 0 91 27 130 23 0 388 0 0 66 0 3078 69 10 92 0 1048 6 0 0 35 3 0 68 0 0 0 0 0 0 0 0 0 0 0 0 0 36 11 0 0 1 369 0 9 266 0 0 0 6 0 512 0 0 0 354 0 77 0 124 101 4 32 0 52 64 0 0 949 0 0 0 0 0 34 1 0 0 0 229 0 0 0 0 0 0 0 1309 0 0 29 69 0 23 0 0 137 0 56 0 0 0 0 0 240 0 0 0 0 72 0 0 0 0 0 0 101 0 0 61 0 2 79 0 0 180 324 166 17 27 0
 0 0 514 89 26 393 0 0 198 285 67 0 63 0 0 29 259 0 0 0 6 0 3 0 0 0 0 0 0 20 8 0 736 26 47 0 0 0 0 32 0 0 0 0 0 0 1 14 0 293 0 0 0 0 1591 0 8 0 0 0 3502 0 0 46 34 162 0 0 366 3 2 0 0 0 0 10 0 0 11 0 159 23 0 0 0 228 0 0 20 0 0 68 0 0 0 0 0 1551 0 0 0 0 63 26 48 17 0 7 0 0 92 0 204 45 19 0 88 4 0 0 0 4 43 0 0 1 96 0 72 45 0 0 7 20 0 0 4 1 0 14 30 1 1 807 0 75 0 0 0 0
 0 0 37471 0 0 0 0 0 556 35 0 0 0 0 42 221 0 0 0 0 2 18 0 0 6 0 0 0 36 12 0 4 2 0 81 105 0 0 0 0 0 7 2 0 69 0 297 0 189 116 0 0 4 0 0 0 0 0 35 0 0 0 10 4 0 0 0 161 93 0 842 0 0 32 0 0 0 0 0 0 395 5 5 1 1426 23 8 17 70 0 67 0 311 1 0 56 46 0 0 1103 15 74 0 197 618 2 0 0 10 0 0 115 3 60 116 927 0 0 58 362 0 0 0 0 0 86 0 78 3245 138 1309 4 0 0 5 0 0 0 21 1 0 0 0 20 1 15 0 0 278 0
 0 0 3 0 37 0 0 8 149 10 0 78 0 2 0 0 0 15 16 74 0 0 0 0 0 3 0 0 0 96 139 745 7 2 0 0 0 0 0 0 0 77 0 0 0 0 0 1 336 0 0 0 0 1 0 0 22 0 284 21 0 1 370 0 0 0 0 20 29 0 1 0 0 326 0 298 0 0 0 0 0 33 0 0 0 12 0 0 0 0 225 286 0 6 26 0 0 62 0 0 158 0 0 0 0 0 0 0 0 147 0 66 0 9 5 0 0 0 5 0 0 0 24 0 0 239 2901 0 0 0 2482 0 16 0 0 0 0 0 0 929 2 0 0 0 159 0 282 0 104 806
 0 1 0 0 11 0 106 0 0 0 0 0 0 0 4 13 0 154 224 2 0 0 0 262 0 0 0 0 7 60 0 20 0 95 227 479 12 27 1061 33 5 471 119 0 1323 0 0 0 39 0 0 0 0 212 0 0 0 10664 9 1 21 0 0 0 17 0 0 6 0 516 0 0 0 842 0 0 8 108 1026 0 0 0 0 0 1 0 0 1000 74 0 145 0 0 0 0 0 3 105 0 8 216 167 0 0 33 0 128 10 0 0 6 0 0 0 0 0 0 0 18 411 1 0 1 12 0 0 5 0 0 0 58 1 0 12 0 0 0 0 1 0 3 0 0 10 16 440 12 11 6 0
 0 0 4 8 0 0 90 0 0 322 0 0 4 982 0 2 660 38 0 0 0 99 320 0 45 0 0 46 0 0 0 0 16 0 3 0 0 0 0 0 0 0 759 0 0 0 0 0 0 555 56 0 36 0 0 9 0 101 2 0 0 69 0 422 0 0 0 0 0 48 49 0 109 240 0 3 0 0 0 0 0 24 0 6 45 12 16 7808 18 0 21 0 13 0 0 0 0 0 0 1346 0 18 45 0 27 107 0 3 0 0 545 3 0 157 116 0 0 163 0 0 0 0 723 45 0 0 5 8 126 1 68 104 9 7 0 0 0 0 0 2504 0 31 0 0 0 653 0 20 0 1
 0 0 0 5 649 0 0 2738 5 946 5 0 251 5 278 0 0 0 50 0 0 1 0 230 0 0 0 0 0 4 0 0 4 465 195 706 0 916 69 7 61 11 8 0 0 279 0 0 0 36 161 0 0 698 0 514 0 0 65 0 5 0 0 209 111 17 0 0 0 292 0 6 118 0 0 638 0 0 32 3 0 29 650 0 41 0 0 0 0 0 6 0 86 0 5 0 148 0 0 0 0 0 0 0 0 0 62 101 0 11 0 0 0 259 1 0 0 7 0 0 0 0 0 0 27 0 17 0 0 20 51 0 11 20 24 19 0 10 0 0 0 69 0 8 0 0 84 0 0 0
 99 0 0 0 22 0 0 0 46 0 6 0 0 308 0 0 0 0 8 0 147 163 0 0 3 57 4 308 0 0 0 0 43 0 0 805 0 8 0 2820 5 0 0 8 0 203 657 0 195 0 0 2 0 0 84 0 0 0 0 0 143 308 0 0 12 0 0 1 0 141 6 1 72 2 0 8 16 0 490 0 19 0 0 0 5 0 957 0 0 6 9 1092 0 130 0 4 0 6 0 193 10 0 34 0 0 0 9 0 1436 97 0 631 3 0 0 0 0 0 0 0 0 11 0 321 28 0 5 257 0 0 3 0 879 0 0 42 0 0 0 54 0 0 0 106 0 0 0 0 248 49
 0 251 0 124 84 0 0 0 0 0 5 59 746 0 66 0 87 0 0 0 848 0 127 0 1363 12 0 0 26 30 0 0 0 91 0 0 14 0 3 0 0 49 3 649 159 0 0 7 386 410 11 17 0 2 900 0 0 0 7 0 0 63 2145 3 8 0 4 3 26 0 0 0 0 5 0 0 395 298 3 0 0 0 0 2 22 7 0 0 0 0 0 76 0 0 0 2 0 0 0 0 5 135 5 263 0 0 202 52 0 83 7 190 0 0 0 427 2 0 31 0 0 0 265 0 0 0 0 0 36 1 42 13 0 0 0 0 7 18 0 128 19 3 0 0 192 0 0 891 1022 0
 15 466 7 0 0 0 4 0 0 172 0 0 0 0 141 0 17 0 67 3626 0 212 90 0 0 0 0 4 0 2 0 0 33 0 0 0 15 751 0 0 0 0 100 22 0 11 0 0 0 631 0 0 4 23 0 0 3226 509 0 359 0 0 0 11 0 0 0 0 0 0 55 1 2 0 0 0 41 6 0 131 0 0 85 18 0 279 0 0 23 0 1 0 92 501 0 0 0 0 0 4 0 0 14 0 0 290 30 53 472 0 166 0 0 0 0 1669 792 81 8147 697 27 0 792 65 778 0 0 0 21 0 2 392 0 778 0 190 66 0 0 2 0 0 0 0 107 0 12 0 0 0
 448 0 0 654 7 0 0 0 0 37 110 0 0 0 3 0 14 0 0 0 0 0 16 0 0 6 0 90 0 784 74 0 0 0 0 36 0 75 3038 0 189 14 0 362 0 0 0 0 0 2 0 0 0 0 0 0 20 0 860 980 94 0 168 0 0 24 1 0 0 0 3 13 1 1353 0 0 0 0 27 0 0 1 154 0 0 13 34 0 415 37 0 23 16 3 15 33 0 0 7 0 0 9 35 0 0 0 0 25 13 0 0 500 465 2071 0 95 35 0 0 33 928 0 360 0 5 0 0 0 0 0 77 0 0 20 546 0 385 0 22 548 0 0 2 6 0 1092 0 0 11 0
 1 0 0 0 0 0 0 0 0 4 79 0 0 0 0 0 1 297 5 44 0 40 0 47 0 195 0 308 923 0 0 37 333 1652 0 0 0 0 0 11 0 0 0 0 148 7 3 0 13 0 0 18 317 0 556 0 0 6 0 0 0 57 323 85 0 0 0 0 0 1 7 1044 0 0 10 621 18 2 21 27 0 0 0 0 1 0 0 0 0 78 32 0 0 0 0 3 0 0 16 66 1 0 0 0 0 0 0 7 0 1309 0 0 0 0 0 169 0 0 984 34 25 0 0 0 0 1 0 0 0 281 17 0 0 0 0 36 0 0 0 28 88 0 213 0 4 0 0 754 0 67
 0 447 0 0 10 0 71 33 0 0 243 0 22 63 5 1 0 0 0 11 402 0 0 7 0 1317 6 0 0 221 0 919 235 0 4 552 104 0 18 0 81 194 0 0 0 36 0 0 1 0 0 0 1 0 0 0 1706 0 2 0 71 1044 9 7 0 0 0 21 1 0 14 33 803 10668 0 0 697 25 1031 0 0 213 1 16 1 34 0 17 0 10 0 29 0 8051 0 0 68 47 3 0 906 0 0 291 0 0 147 0 0 0 0 0 0 0 19 0 0 0 0 0 0 4 20 38 35 0 0 148 0 0 0 21 0 0 0 2 0 36 0 0 19 0 0 4 6 0 480 0 0 28
 0 0 37 19 0 0 1 0 546 925 4 0 0 20 12 4 0 0 0 225 729 103 19 120 0 913 0 28 9 58 0 0 68 539 8 122 0 0 1 4 1 0 0 701 0 0 0 0 590 14 52 4 0 3 0 8 0 0 0 0 0 0 0 0 1 0 30 151 359 0 0 0 0 0 0 0 0 0 20 0 1601 0 0 0 40 0 33 0 0 137 38 0 203 0 1 42 0 14 0 5 64 310 4 10 0 0 0 1 8 0 0 130 0 0 24 692 0 108 35 0 168 4 297 0 0 29 1324 26 33 0 22 243 0 9 45 0 0 0 84 0 0 0 0 0 16 0 0 0 0 22
 53 0 5 0 0 2396 92 0 0 3 0 0 37 0 0 33 0 0 314 0 38 0 0 0 0 753 24 3 3 13 1 5 0 0 0 0 0 0 0 0 72 0 0 0 352 10 17 0 0 0 6 0 0 0 0 0 75 0 0 0 396 0 28 15 12 0 254 0 0 83 6 0 0 0 1043 0 0 0 0 27 0 0 53 97 0 310 13 8140 118 0 77 450 4 81 0 0 0 746 6 255 60 0 0 3 0 0 2 0 0 20 0 51 79 61 0 1011 108 0 124 0 0 0 0 163 0 69 68 47 0 26 75 0 130 1 11 0 258 0 3 0 0 0 0 37 0 16 1 75 0 0
 60 0 85 28 37 10 0 0 38 0 0 0 0 46 25 0 0 298 168 0 0 9829 28 10 0 0 0 34 0 0 10 9 10669 37 0 0 0 1 0 0 0 0 39 27 0 0 37 14 0 0 649 0 93 0 339 0 0 0 0 0 0 0 0 0 29 15 31 0 2 39 0 192 0 0 53 0 0 151 0 5 0 0 36 63 53 1 0 1471 0 0 193 0 5 0 4 0 36 0 0 0 391 0 58 0 2 0 19 0 0 1 11 0 0 0 0 0 0 0 0 0 885 0 0 0 89 0 2 0 0 32 3 8 0 19 2 5 0 0 0 0 0 0 108 22 60 125 218 0 15 5
 0 18 25 1340 0 17 0 2007 0 0 0 1275 0 0 0 64 26 0 0 0 0 20 0 58 0 0 29 3 48 22 40 0 0 0 0 0 0 83 0 0 0 0 0 0 0 2608 0 16 109 183 0 0 170 0 79 0 10 0 0 42 0 45 0 243 124 60 0 3 0 313 0 0 972 0 0 0 20 3971 0 72 0 6 0 0 47 95 0 0 0 557 65 0 0 127 0 0 0 0 0 0 1 6 0 59 0 16 43 0 0 256 8 0 0 1 72 0 0 0 0 177 31 88 0 0 0 675 0 0 681 0 26 292 0 276 873 0 0 0 18 23 0 0 7 0 1 2 95 0 0 7
 0 7 150 0 0 0 0 0 93 1 0 26 0 0 0 0 0 35 0 0 10 6 5 0 2 0 19 0 0 0 15 0 0 0 0 15 0 0 12 648 0 0 21 1 0 0 0 2 0 0 11 0 0 0 3 8 0 0 385 0 0 27 0 0 0 18 27 300 7 18 0 0 70 0 0 0 1 1 203 411 11 0 0 4 65 0 0 4 0 0 51 105 0 275 0 3 24 0 643 11 0 1 0 22 90 42 0 0 429 0 9 0 0 28 0 175 0 9 0 3 0 0 24 0 0 836 66 9 0 0 0 6 0 0 29 3 0 33 2 169 3 233 17 0 0 0 0 4 176 25
 396 0 0 0 0 8 23 0 32 74 5 0 69 0 0 0 2 0 0 104 0 0 236 0 13 0 0 0 27 71 0 96 36 247 211 34 0 0 4 2 7 2 0 0 14 0 11 0 10 2 0 2 2 0 4 36 0 0 121 7 0 0 185 21 0 7 756 14 0 5 0 0 0 155 0 0 0 0 0 0 5 429 97 0 4 0 66 93 647 0 0 0 0 0 0 48 37 0 65 0 192 132 32 0 33 0 0 0 56 0 0 0 4 0 0 2001 0 0 0 457 0 0 0 108 0 4 0 0 0 2 0 0 117 0 899 0 0 0 0 15 100 1 62 0 1561 0 8 0 0 1
 0 379 89 15 0 73 0 0 0 0 138 226 0 27 107 548 0 0 0 10387 77 103 0 0 0 0 5 0 2 0 167 48 16 26 0 0 0 0 0 0 0 2477 10 0 1 6 0 134 357 0 117 9 0 0 0 9 0 0 0 0 1 0 120 0 124 0 9 0 0 0 33 0 0 137 0 0 0 74 0 6 29 234 0 0 2009 0 0 12 84 169 36 42 0 2 0 172 0 0 0 511 0 0 316 37 2 29 89 245 0 0 2 0 0 0 0 441 59 25 36 3 8 868 0 0 0 30 0 25 9 0 0 164 0 0 244 592 1 0 172 0 101 0 128 630 322 65 0 839 0 3
 0 0 32 0 0 876 0 10 0 0 0 302 4 0 69 14 0 783 0 18 633 99 0 0 0 56 0 263 38 11 0 0 0 0 0 0 19 0 2 0 26 0 2 12 0 18 9 0 0 0 1388 0 0 0 587 0 14 13 3 0 0 13 0 0 17 6 0 0 0 0 3 0 8 6691 0 43 650 0 0 9 0 0 0 50 142 0 0 19 0 0 0 53 54 38 1 127 579 0 60 0 0 0 0 0 147 44 0 0 0 0 0 0 0 3 439 0 0 0 0 0 210 0 27 19 8 0 5 0 48 0 0 0 0 0 0 154 9 5 50 163 0 319 0 0 0 0 4 0 32 0
 194 0 0 3 1 0 616 0 10 152 15 0 421 1001 149 5 0 290 0 2 0 0 22 373 0 16 0 0 0 0 0 184 0 0 0 0 15 0 0 0 13 1 133 50 0 1082 0 20 40 1 0 0 0 0 0 54 22 0 36 1031 0 0 3 0 0 129 0 0 0 70 0 0 13 0 49 34 169 0 2 0 24 0 0 0 327 0 0 219 20 0 5 107 235 0 0 5 44 864 53 26 0 0 1 0 0 0 118 0 30 0 0 0 0 0 124 217 0 301 0 0 9 0 1608 0 0 0 0 0 0 0 12 23 0 0 0 261 0 278 43 4039 2 2758 17 0 0 0 22 8 14 201
 0 0 0 74 33 347 0 0 0 0 0 175 0 2 0 0 225 113 55 0 227 0 63 0 0 0 212 0 9 0 0 0 0 0 18 5 48 113 0 0 0 56 0 0 254 37 6684 62 56 0 38 264 0 0 2 0 1471 33 0 7 45 26 0 0 0 354 4 9 10 0 0 2066 0 11 5 7 0 33 0 0 688 230 0 277 0 11 13 1149 0 223 0 0 0 0 1 9 0 1 0 0 0 72 0 0 17 0 3 99 17 1812 32 0 29 0 0 4 10 421 0 0 0 19 0 0 14 0 1309 0 240 0 0 0 3 0 0 0 624 0 81 0 32 0 0 0 58 1584 0 0 0 68
 1 0 0 0 0 0 0 0 280 0 9 17 0 0 0 0 4 1309 51 107 0 0 18 0 325 0 10 0 4 5 0 18 0 71 0 5 0 75 5 0 79 3 14 0 922 3 0 9 79 23 0 0 0 0 0 1336 0 0 36 318 0 377 0 21 0 0 766 1008 0 0 990 625 0 0 0 0 0 0 6 55 29 37 4 32 2 0 0 0 0 0 0 2 0 0 0 0 81 0 0 0 39 40 893 0 144 277 0 20 12 0 0 0 0 0 0 2 0 0 1 0 0 165 27 35 0 9407 0 0 0 455 3 10 0 0 0 0 0 0 0 72 0 1 76 1 739 0 233 0 0 0
 0 0 0 63 0 7 0 8 48 0 139 0 0 18 1 2009 0 976 36 3 327 29 0 10 0 421 0 0 0 47 0 0 2498 1096 0 90 1184 876 22 132 0 0 0 94 46 0 0 0 0 0 40 0 19 0 26 263 265 893 0 0 0 0 104 0 0 76 345 0 0 250 0 0 250 0 26 0 0 80 441 76 195 0 0 10 73 44 0 261 0 121 4 0 2 0 0 0 2 0 10 1 56 0 0 65 4 0 0 0 10 0 28 0 250 0 0 6 77 0 18 0 61 0 79 4 0 30 1 0 0 15 68 20 4 50 0 4 0 608 0 0 0 0 18 0 0 1 8 31 0 0
 0 0 0 30 2 0 0 0 0 158 31 0 284 0 0 16 5 78 0 0 41 84 0 44 637 325 207 48 74 9 11 0 0 5 0 29 1 18 0 2 19 411 0 649 4 1 96 675 1077 70 6 24 0 93 0 375 0 0 28 0 0 0 0 31 0 20 6524 0 0 68 0 204 0 21 24 0 0 0 0 0 0 0 0 10 0 1 699 0 38 0 0 0 0 5 17 0 2009 5 0 0 0 527 37 9 5 7 0 76 0 2 52 0 225 0 0 4 16 481 0 806 11 0 0 337 107 3 0 171 0 0 80 0 249 0 0 5 0 1 0 0 0 0 52 38 31 210 0 3 5 0
 1 1 32 3 0 0 0 0 0 0 0 0 2 32 0 0 2 0 0 212 0 0 3 0 0 0 0 9 0 0 0 0 2 0 0 142 0 4 8 0 4 78 1953 2 0 108 0 3 0 0 0 0 105 0 0 0 8 0 0 0 59 32 0 15 0 9431 18 246 6 56 0 0 52 0 0 33 0 0 6 3 74 0 0 5 0 0 180 10 0 0 655 6 0 0 11 19 575 0 133 0 0 0 96 0 2063 5 0 0 0 0 72 22 0 57 0 0 12 0 0 43 2009 0 0 0 0 355 0 7763 0 79 4037 22 26 12 12 0 35 36 0 19 66 0 48 1296 546 0 0 0 0 0
 3 63 230 0 1086 0 10 371 0 0 0 0 0 0 0 0 0 89 0 0 0 0 1 0 0 14 0 0 0 144 0 0 0 0 0 128 11 0 0 5 0 0 0 0 0 37 0 0 0 0 0 0 352 17 0 0 0 7 230 0 0 0 0 22 0 0 24 0 0 55 11 1 0 0 37 29 0 0 0 0 18 301 18 34 229 0 0 0 26 0 4 0 0 15 0 105 187 0 0 598 14 9 79 240 695 2 3 4 2 1 0 148 0 0 0 0 0 0 0 0 51 282 0 0 0 0 40 2 30 0 5 2 70 74 0 1 67 0 21 0 0 0 0 0 12 0 0 11 11 1252
 1146 0 0 0 0 0 1 120 0 21 0 0 0 0 0 8 0 0 0 7054 0 305 3 0 0 0 0 0 0 3 124 0 0 0 0 244 62 49 5 0 0 25 4 131 0 0 0 0 0 43 22 0 0 0 0 94 32 0 0 0 0 19 0 0 335 0 0 0 15 44 1 0 0 1 0 31 0 65 3 0 0 0 0 0 0 0 0 28 6 5 10 0 161 57 0 5 61 2 0 82 23 562 0 9 267 29 0 0 0 0 2428 0 29 0 1 2621 0 0 2 0 0 0 4 33 4 0 2920 91 0 1 0 0 0 74 0 45 0 0 0 7 0 0 135 0 5 13 4 0 43 0
 24 479 0 0 147 0 0 0 428 0 320 0 0 0 94 0 0 0 0 2 52 59 0 682 0 39 0 0 0 0 0 0 0 0 421 11 1180 4 0 0 0 0 0 32 56 0 0 168 46 0 2008 0 270 0 0 0 2730 0 10 0 0 0 224 0 2 429 0 36 37 250 0 0 0 25 0 8 3 0 1061 4 0 334 0 2 1 0 0 0 0 0 0 18 0 2 0 103 3 24 0 116 0 0 23 12 0 475 5 13 18 0 0 0 6 929 74 63 0 12 0 0 0 0 2510 0 17 8138 131 0 0 20 0 1 0 42 0 42 60 27 0 408 0 0 0 0 0 0 4 29 0 3
 109 865 0 557 2 0 0 33 0 2 69 7 0 0 4 0 0 0 122 1 380 0 285 640 769 0 0 240 59 0 0 36 0 0 2 21 11 247 11 0 4 145 0 0 0 0 152 0 0 87 0 30 0 11 300 0 0 0 1 66 1125 0 0 8 68 52 0 0 0 31 2505 0 596 7 0 0 0 0 0 86 0 37 0 20 3505 0 0 0 542 0 0 58 5 77 59 127 0 0 8 60 0 1 156 19 0 0 34 3 1 20 0 5 0 0 0 248 0 1 0 0 4 0 18 0 0 0 293 0 0 12 304 998 0 3 0 9 0 0 552 113 15 19 977 35 366 0 0 0 22 0
 0 0 42 0 0 0 0 1911 0 0 0 0 0 0 0 0 50 0 0 27 114 268 631 970 0 902 0 0 0 0 0 0 0 7051 45 81 0 0 0 0 0 0 0 0 1303 0 0 0 25 0 0 36 1 0 0 0 0 0 1 327 316 0 0 0 0 0 0 0 0 0 7 0 0 0 670 0 103 0 10 34 23 413 0 0 0 13 0 0 177 248 76 332 0 0 0 0 15 0 0 18 37 0 0 0 74 0 0 0 0 0 12601 178 0 0 0 0 0 0 0 0 1 0 265 0 0 26 79 20 0 0 40 0 0 21 0 0 6 36 0 40 0 0 120 0 272 27 17 19 472 0
 0 0 28 163 0 0 72 11 204 3487 0 401 361 399 0 0 0 0 857 1 0 0 0 34 0 0 0 0 0 13 26 13 12 0 0 1127 253 73 0 84 0 334 0 73 0 0 0 4 0 0 58 0 0 1 0 0 32 53 21 325 16 0 14 0 0 18 0 0 395 160 17 7 0 0 0 0 129 5 0 0 0 13 3247 0 1 0 80 0 198 3 21 328 0 0 0 1 465 10 0 10 18 1 10 0 1 75 0 65 0 0 0 0 0 26 115 42 0 0 0 0 920 1479 0 284 0 0 0 2 31 0 68 0 0 0 0 65 79 205 0 0 20 5 327 0 5 0 15 0 0 0
 33 0 13 2 0 0 0 97 506 253 0 0 0 10 50 1 0 16 0 0 0 0 960 0 0 1393 0 0 0 11 537 16 24 0 0 0 0 0 308 7 233 0 0 0 333 1 405 58 3 0 0 272 0 25 0 32 64 0 115 0 0 0 0 0 2265 620 0 0 72 0 0 0 0 47 4 2 9 276 0 5 633 0 84 0 0 0 108 4 535 0 0 114 9 0 32 10 655 0 69 22 19 0 0 0 3 0 0 304 0 0 10 25 628 0 0 20 0 0 0 1 0 7 8 0 0 647 0 2 0 0 0 0 0 0 0 0 0 4 7 0 154 0 0 0 31 6 39 0 0 0
 0 0 0 12 4 4 0 371 14 16 0 0 5 47 0 0 1 0 0 0 84 526 0 0 0 0 0 27 4 0 0 5386 0 0 0 0 2 0 52 48 0 4 0 3 0 0 0 0 0 254 483 0 0 378 145 0 36 0 0 0 0 1 0 0 0 0 0 0 1 313 0 240 0 0 0 240 12 0 0 89 61 0 132 0 0 0 0 0 0 5 11 478 0 0 0 0 24 0 0 3 283 177 64 0 85 12 8 0 0 0 161 23 0 24 769 24 2 56 0 25 65 1 0 5 0 0 0 28 50 0 0 102 0 0 0 0 4 34 0 0 0 0 23 0 9 0 0 0 2 0
 0 112 0 581 0 0 0 0 1 0 0 0 183 0 58 0 0 130 12 0 0 0 0 0 0 0 20 31 0 0 0 0 102 0 631 0 5 5 0 2813 0 0 9 0 250 2 46 4 3 1 0 0 13 0 0 66 0 107 0 239 0 0 35 59 355 0 0 0 29 5 0 0 57 30 151 0 0 1 0 168 56 0 70 197 47 43 0 7 0 8161 507 13 1 0 0 0 6 16 0 22 0 0 0 0 94 12 11 133 144 0 0 3707 65 23 311 0 172 0 0 9 3247 0 119 267 0 0 0 997 2 548 1008 0 0 0 4 0 0 0 0 0 3 7 0 31 275 53 0 94 235 0
 0 5 0 304 59 3 0 778 0 6 190 0 0 0 0 0 94 132 326 3 7 0 0 177 0 0 0 0 55 406 0 0 8 3 8 211 0 90 0 0 160 0 0 0 1858 0 0 1 0 0 41 63 550 7 0 0 0 3 0 156 0 0 85 206 109 3 0 7941 0 0 0 0 0 0 0 0 0 0 81 0 5 15 0 0 10663 14 58 0 0 297 40 42 51 0 0 0 1363 0 102 0 0 30 3 0 0 0 0 83 0 0 0 0 0 1 0 0 0 3 0 0 11 0 4034 0 0 0 0 355 5 68 0 0 0 132 27 0 33 10 268 0 19 415 9 0 0 122 25 0 0 23
 0 1 54 44 45 0 249 1 0 0 38 44 1197 6 0 0 0 11 0 21 11 0 7 0 0 0 447 1 0 0 0 0 235 126 0 0 0 149 0 0 0 0 0 0 0 0 0 3 0 531 0 0 0 0 34 119 0 516 10 9 0 0 0 2 0 0 0 8 2065 18 1375 0 0 1 18 605 1 0 0 0 323 0 31 0 199 0 13 96 20 952 1382 0 26 0 304 21 0 0 7 2 0 30 32 0 294 17 0 0 5 47 44 0 29 97 87 34 0 0 0 1 130 165 0 0 0 0 0 6 55 0 0 5 0 1 933 0 0 0 0 0 0 0 84 0 23 0 0 20 60 0
 5 30 0 329 95 15 123 0 35 213 0 0 44 2 0 0 0 0 0 732 0 0 0 0 0 1023 12 12 3 11 4 92 0 0 0 0 0 0 0 1359 0 34 0 0 0 0 52 52 47 100 0 9 0 0 0 12 0 77 356 0 0 18 0 6 1204 15 123 331 89 1 0 0 60 0 0 59 0 0 8 37 316 15 154 236 0 0 39 0 0 0 1333 359 0 0 0 1 0 0 0 2999 278 0 206 0 0 0 4 0 0 0 543 40 0 0 0 0 12 0 38 0 0 3 22 0 0 670 18 0 0 0 0 0 16 0 0 3 13 1 0 80 0 23 126 111 56 1 611 0 0 3
 42 0 0 0 0 0 12 54 58 7 34 0 177 0 0 84 0 0 161 0 9 2301 0 0 141 0 8 0 0 10 236 18 8 0 0 53 0 0 0 0 0 6648 10 0 0 17 15 0 0 58 0 0 319 2 256 0 66 7 2 5 0 0 0 122 7 132 66 41 0 717 1 0 1 0 0 574 2 7 78 165 0 188 10 86 0 0 90 23 0 0 3 0 14 0 41 862 0 5 0 109 442 36 0 14 0 194 26 0 0 0 1440 18 0 52 169 6 0 1584 0 0 15 1329 36 0 14 2 0 0 0 0 0 1 407 0 151 260 621 19 0 0 6 4 0 0 0 0 0 0 0 23
 625 0 0 1165 0 2 10 0 48 15 0 32 0 0 61 1 98 116 7 0 0 0 12 2 0 1008 0 0 0 0 152 0 54 0 0 95 0 45 13 0 20 0 10 0 0 0 33 0 0 0 12 11 0 0 112 0 0 0 117 2 904 109 204 9 0 0 0 0 0 0 22 0 0 25 0 1077 7 99 3 0 30 446 5 68 3 8 213 0 245 18 0 0 208 0 0 50 0 0 1422 0 4 1596 270 3 0 9 0 86 9 0 0 0 0 0 369 0 53 328 155 188 78 915 0 0 0 134 0 0 0 658 0 41 311 0 1 108 11 0 639 4 0 0 11 0 10 0 176 0 0 379
 117 24 0 0 0 81 0 278 7 0 1 390 70 0 20 139 0 0 248 259 5 32 0 46 3 0 0 5 0 1 0 126 0 0 0 80 75 0 251 0 10 45 0 0 0 6 0 58 1365 0 69 0 0 373 0 0 6 894 0 36 0 309 0 0 32 0 0 0 16 0 0 683 6 106 0 201 0 0 0 79 41 0 0 0 3 0 0 0 28 53 247 7046 11 2230 15 0 26 0 0 78 0 0 0 0 20 13 12 0 0 0 0 0 31 0 11 0 28 0 16 10 310 0 0 0 0 0 197 18 0 5 1 0 3 38 0 0 0 8 0 514 35 0 0 0 0 0 2 25 1 0
 292 0 4292 0 0 0 0 68 171 0 73 0 150 0 0 62 0 188 0 0 0 0 0 0 0 286 176 0 0 7 1425 0 1 16 0 0 67 0 4283 0 0 1 60 0 4 7 12 0 15 0 0 0 0 89 477 0 0 0 0 13 0 217 56 0 0 0 0 0 0 13 4 29 0 50 73 3 0 0 0 0 0 21 6 0 0 0 84 0 0 0 0 0 0 34 769 6 1 0 0 0 169 0 34 0 0 472 0 1 0 5 4 0 0 0 0 0 0 8 22 18 1 16 0 37471 2 0 20 2 29 0 1465 0 0 0 0 0 0 57 40 0 0 1 0 60 15 17 9 0 1409 164
 0 0 0 0 0 17 0 3 0 0 16 0 0 0 0 163 0 0 3 0 654 0 0 0 4 0 0 0 0 0 5 0 49 0 0 5472 0 0 92 0 152 2739 0 32 0 645 27 0 22 9 0 0 0 163 0 0 0 0 0 656 28 0 0 128 12 0 0 18 0 0 181 0 21 0 0 0 37 0 298 0 45 12 111 35 4 31 0 71 18 0 15 0 0 0 0 33 0 0 0 45 1 0 12 0 445 302 0 0 27 0 0 0 0 318 42 0 0 0 0 0 0 0 816 14 68 0 0 17 0 337 0 0 182 0 5 969 0 0 0 4 0 3 4290 0 0 21 16 0 0 7
 0 0 18 304 393 0 51 12 0 25 8 0 0 0 3 1 36 0 0 0 0 0 27 15 312 10 0 1 9 1 59 325 0 0 170 54 0 3 13 0 131 0 0 0 0 1 30 0 0 0 23 0 0 0 79 0 2419 0 256 0 0 0 5 0 0 0 15 0 11 0 0 28 0 0 0 93 0 689 0 0 0 0 0 0 0 0 0 47 1704 0 12 36 0 0 1584 26 274 0 13 176 0 9 10 0 0 29 0 2 22 1 1 0 7 12 450 0 0 729 0 0 0 0 111 4 16 25 0 88 649 0 0 12 0 152 0 150 4 8 1 130 117 0 5 22 0 0 0 16 11 1
 0 12 37476 0 0 5 251 12 0 21 0 0 7 0 0 2 70 0 1 2420 36 51 0 94 0 0 282 15 0 145 11 150 37 1355 243 16 0 0 0 0 0 0 295 0 0 0 47 0 40 5 0 370 586 0 0 0 0 0 0 0 2213 11 19 2 0 11 0 0 0 0 0 22 21 0 74 21 73 9 1888 18 0 0 0 98 0 0 0 9 513 0 0 5 0 11 0 0 113 62 0 0 5 129 0 0 23 38 8 0 0 1 0 11 0 0 0 12 54 48 65 0 0 59 240 1854 0 0 30 0 0 38 12 18 72 0 5 424 844 0 0 6 1388 51 0 4 78 61 1 2 0 3
 7 160 84 862 0 544 81 117 0 37 18 14 0 38 19 0 19 124 0 0 0 0 0 0 0 0 4 211 62 3 0 0 0 0 0 0 194 672 0 0 0 24 157 54 34 0 1245 0 184 1090 0 0 0 0 33 1 0 0 53 0 0 0 18 92 90 566 52 0 0 0 769 18 4 26 0 0 17 0 0 0 27 10 3 0 18 0 0 0 0 0 0 0 0 0 0 0 92 0 0 0 0 72 32 16 0 0 714 0 0 0 0 0 660 292 0 0 0 7 4 0 6 22 2 1294 1 0 0 51 56 0 0 9 14 1 32 0 0 0 0 0 0 0 0 63 0 101 0 0 16 736
 11 3492 129 0 0 12 149 0 254 0 79 450 9 159 15 0 6 0 0 327 26 90 0 1 0 0 150 238 0 0 0 0 18 0 549 0 7 0 505 6 0 0 0 0 0 6 250 0 34 0 0 0 0 11 137 16 28 2 0 0 1336 12 507 10 80 0 219 125 0 0 0 100 1652 0 0 0 0 88 20 92 0 0 0 0 255 5 0 252 0 0 229 472 0 0 128 0 0 0 11 0 0 0 0 0 6 0 1 0 0 3 0 0 69 0 0 0 1187 0 0 29 101 0 510 0 0 2 139 0 0 0 0 0 0 0 0 1 0 0 0 0 1204 2 33 1 0 6 150 0 6 0
 0 0 0 1 5 0 0 767 0 0 502 0 0 19 155 0 7 0 0 0 4 2 30 0 0 0 0 0 0 58 86 2 167 0 0 0 12 0 0 4 0 0 0 1 0 54 41 43 0 0 1065 0 0 0 13 80 68 0 0 0 633 2 44 0 0 12 65 19 0 0 3 902 100 5 25 0 33 3 0 2 25 176 0 355 13 0 6 0 22 0 0 0 6 16 468 455 0 0 0 1 132 102 0 117 88 83 0 89 0 0 0 0 6 4337 2 8 376 4 0 103 12599 103 0 0 0 0 0 0 8 0 0 1029 15 20 0 35 361 4 369 0 144 19 0 2 0 0 0 0 223 0
 0 109 2 13 53 20 0 18 7 0 0 177 3 0 29 0 9 445 7 228 0 37 0 205 345 382 292 73 0 329 42 1 3 33 76 7 0 50 135 0 0 13 2 115 9 56 90 0 0 75 0 0 0 4 324 0 2 17 1335 8 116 0 34 0 36 42 132 0 0 0 77 86 27 0 0 0 0 0 0 1 1 0 0 3 4 0 21 68 0 0 0 26 229 0 0 8 312 0 0 0 0 18 14 0 0 1 206 0 0 33 0 0 0 0 0 0 138 0 20 26 0 0 7 36 2050 0 58 143 0 51 0 2179 0 0 5 0 0 0 35 587 0 9 0 45 0 0 0 70 0 0
 2 11 0 62 0 56 0 4 35 0 0 19 0 2 0 143 0 5 0 108 4 0 0 46 0 0 0 0 0 3 0 36 97 0 0 245 77 2004 8 3 0 70 0 12 0 699 35 21 5 0 0 8 927 0 12 0 367 0 65 0 25 0 497 13 0 0 350 0 0 0 1287 121 0 119 0 18 7 37 137 5 0 0 0 0 0 105 0 282 4048 1 0 38 91 194 0 2 0 0 0 0 0 0 0 0 98 39 3 617 79 0 0 12 75 1177 72 4 5 0 0 0 0 0 61 0 0 30 729 0 15 0 0 94 37 0 30 0 0 2 0 0 0 496 0 0 13 0 0 0 0 1
 0 0 0 3 0 85 0 4 0 0 546 52 1 7 361 0 2 0 25 0 5510 259 68 117 0 0 0 0 4 0 0 0 333 0 66 9 0 5 28 0 6 0 0 847 0 0 40 0 21 0 0 0 20 0 20 77 2485 0 0 0 367 21 28 1858 0 0 72 0 375 15 0 0 556 0 0 0 17 0 0 0 77 0 4 692 0 134 3400 70 0 43 0 0 16 0 62 0 0 29 28 0 64 0 13 0 0 0 27 0 0 0 15 0 0 0 0 24 0 390 9 313 46 303 0 0 0 116 12 0 0 0 533 0 0 4 3488 81 0 0 0 0 0 0 0 200 144 987 0 0 0 227
 0 0 706 12 18 0 0 8 0 0 0 4 16 43 0 111 0 9 0 0 26 0 12602 6 0 0 0 7 0 43 5 173 0 208 0 4 4 79 0 0 0 1 0 0 0 0 0 2220 27 14 8 0 951 156 0 0 0 0 0 15 677 447 0 20 0 0 8 4 0 24 2 53 39 7 0 37 0 48 0 9 0 0 5 103 15 0 24 165 24 128 0 0 0 0 0 48 105 0 0 81 0 21 0 0 0 9 0 6 41 679 0 0 808 0 106 0 0 4 0 129 0 12 0 0 0 2821 2 70 0 0 311 9 0 60 18 89 0 0 0 0 0 24 33 68 14 2 0 0 0 273
 61 29 0 0 0 0 35 12 34 0 0 182 71 0 186 0 99 0 0 7 0 0 0 0 77 0 1 0 0 0 149 32 0 15 0 0 79 4 0 0 38 0 0 0 0 0 69 0 0 420 1 132 418 0 6 0 7055 19 873 8 293 0 6 7 0 0 0 18 0 0 3 555 0 105 13 38 2 0 0 11 0 17 0 0 175 0 0 0 170 23 0 0 0 11 34 29 0 28 23 47 228 0 13 17 0 0 20 34 0 0 0 40 1049 0 11 0 0 0 0 1858 0 1 0 0 189 0 0 4 0 81 0 0 0 423 0 0 110 23 94 1097 0 0 74 407 59 0 0 0 14 0
 0 0 12 0 16 212 3501 0 0 0 0 0 133 85 0 10 0 0 39 764 0 0 0 57 0 0 0 145 0 0 17 0 2510 3 939 19 0 0 19 0 0 202 5 115 66 47 0 19 0 105 108 4 0 0 0 100 0 0 0 120 3 0 0 0 0 0 12 121 1 337 6 7 0 0 112 0 0 9 0 0 56 0 0 0 0 0 0 223 0 7763 3 2 6 259 0 82 138 0 0 0 0 0 4055 0 0 0 0 251 1 585 0 0 2741 8 0 0 7 0 3 26 0 106 0 33 0 596 0 0 0 210 26 250 0 0 13 3 333 0 25 253 1653 78 0 29 0 0 874 8 0 0
 8 0 3 3 0 13 0 90 159 0 0 0 0 25 0 0 53 0 0 0 133 0 34 122 2 2 1 0 0 0 0 332 0 0 0 27 11 0 85 181 64 7 3 0 0 978 778 1017 0 0 19 36 26 189 37 2 2 0 31 0 21 0 0 0 2 112 17 0 0 0 0 0 125 104 3 109 429 7 12 0 5 0 0 0 511 0 0 0 0 0 135 0 0 0 0 0 65 9 65 0 0 0 0 978 0 0 1 0 209 0 0 33 0 0 0 0 1039 102 25 2 25 64 0 197 0 0 660 0 0 0 34 30 26 0 5 86 2 0 0 0 0 0 6 30 0 0 0 0 0 0
 0 0 0 0 293 0 0 5 0 50 0 0 0 0 0 150 3 0 0 848 0 175 0 1 0 4 1 6 0 0 18 28 0 0 2 0 4 0 25 0 0 123 0 0 0 87 0 182 0 0 79 0 1 0 0 0 1 0 1 0 0 125 31 0 0 0 0 0 45 0 0 2 0 19 0 9 115 9 0 0 0 0 60 1231 0 0 51 0 0 2707 3 12 0 4292 0 0 0 1 5 6 1959 0 0 0 3 0 0 33 64 7 0 19 28 233 0 16 0 0 0 0 0 1 30 0 221 0 1087 557 0 0 56 0 0 9 769 158 0 11 0 6 2 18 9 0 13 1 9 0 1 0
 0 0 0 466 5 0 0 7 7 0 0 224 0 0 0 0 3401 43 12602 1 127 0 69 0 0 169 2 0 197 0 0 85 0 0 7 0 0 88 3 0 0 0 0 22 0 4299 0 0 61 29 0 0 0 367 0 0 30 0 1 0 2229 0 0 10 60 29 0 0 189 0 0 132 0 18 124 0 0 24 248 0 0 0 48 0 0 0 83 132 115 0 0 0 0 32 174 2 38 1 45 3502 10 0 0 38 0 0 21 0 1 278 24 0 1 26 0 1 0 7 5 0 0 34 0 0 18 0 0 0 0 0 15 0 0 0 0 1 0 306 0 0 0 94 0 68 0 0 3 17 0 0
 60 1 7 0 978 74 0 53 1428 0 0 0 0 0 32 0 69 0 0 0 1320 8 102 17 0 0 0 96 36 0 15 434 0 0 0 30 608 66 38 0 0 74 95 0 0 105 2 7 0 1603 40 0 0 0 2 9 10 0 180 16 35 2 0 1 0 0 65 0 68 0 0 0 0 493 315 0 0 0 0 0 0 303 283 0 11 0 6 15 0 2 4 134 12568 37 0 0 225 306 6 0 0 0 0 0 0 0 0 0 0 0 0 63 0 333 0 0 0 41 0 0 0 0 0 0 0 9 0 0 0 322 73 0 3 5 0 0 0 0 2 0 0 8 1471 0 0 0 0 0 20 1236
 0 0 0 654 0 0 0 0 0 0 0 0 27 0 0 2 0 0 431 64 9 127 468 2980 0 0 158 0 73 0 14 3 0 0 5 74 3 9427 2 16 4 2 0 128 0 268 0 0 0 38 0 6 0 0 0 0 6 98 0 188 0 6 51 0 0 1305 0 0 48 12 348 439 0 0 20 0 18 527 0 7 0 6 508 0 224 0 0 2 0 218 0 0 0 1578 0 0 0 31 0 0 23 5 150 0 2 36 9 0 78 0 0 1 27 363 0 271 76 3 5 0 122 8 0 14 245 2 0 35 0 0 0 0 0 0 4 0 0 0 0 0 1141 0 1177 38 10 0 0 0 8 115
 20 0 30 0 0 0 6 0 78 2 96 239 37 0 0 0 7 3 420 132 0 53 0 15 0 0 0 0 0 0 12 0 8 0 543 0 20 439 0 0 53 0 0 388 0 0 147 354 0 0 0 97 0 0 0 22 0 0 0 33 0 59 0 1342 1 808 28 7 457 0 41 2 292 126 10 0 0 0 0 468 179 0 1998 0 0 97 0 0 0 8 5 2 0 0 42 0 0 0 2 0 0 19 0 0 1 515 0 0 80 0 0 0 0 48 0 0 0 0 0 0 28 0 0 0 0 0 0 6 36 0 0 175 9 181 0 0 0 0 690 617 0 2 2 0 33 98 24 3 0 0
 2 0 0 883 77 0 0 146 0 0 0 32 159 0 223 55 2073 9 0 0 0 0 2 55 0 0 4 97 95 0 0 0 0 19 402 2 292 0 0 0 0 0 0 0 0 0 24 209 0 0 0 0 0 0 117 0 0 251 9 4 0 3 0 0 118 39 0 92 0 0 37 0 2 0 606 0 0 0 0 2 0 0 0 79 0 0 0 0 0 0 3 0 0 322 0 619 18 110 0 0 0 242 3 0 3 169 0 131 0 0 0 554 0 63 9 0 567 0 123 0 0 1987 0 1309 304 68 0 0 0 0 0 0 192 10 88 0 0 4 7 68 0 0 233 6 0 256 0 0 0 10
 1 0 0 0 0 20 0 33 14 0 16 0 17 0 223 1 18 125 930 0 1 4 0 35 4 18 857 0 0 0 17 0 2 0 342 0 0 0 1002 47 169 0 0 15 0 1307 7 17 19 23 0 90 5 0 0 0 300 0 22 0 34 0 1471 0 0 0 0 17 68 110 19 38 0 0 0 0 471 5457 85 1 31 0 8 0 0 21 1 0 0 5 0 12 74 0 3 1 0 1903 0 0 0 1023 0 63 0 0 38 0 0 0 1168 246 0 0 0 0 0 0 6 899 0 2208 0 31 0 0 0 0 16 0 20 0 147 118 323 5 1 75 0 333 0 0 11 0 0 4 18 0 6 0
 0 40 0 111 0 80 0 0 349 802 0 0 0 49 0 0 0 42 0 0 36 0 0 0 240 0 0 0 0 0 13 30 65 3 0 10 0 0 91 456 117 0 244 0 24 13 89 67 2 175 379 0 0 0 6 36 8 0 13 0 12 0 14 102 0 0 363 0 0 1531 0 0 50 2 0 0 1069 5783 38 0 0 209 0 64 0 93 93 14 0 0 22 9 0 37 31 0 155 25 0 114 0 0 0 0 34 0 9 0 0 0 11 0 22 0 332 0 4 9 17 0 235 0 8028 198 0 0 9 0 0 0 5 343 6 0 2 0 90 278 0 148 0 0 2 39 0 2 0 148 0 0
 0 0 4 0 0 7 0 0 0 0 0 28 0 20 0 0 0 0 0 0 0 0 0 0 2 0 0 0 27 0 0 14 0 133 1 0 243 0 0 0 0 0 3 126 17 118 0 833 5 0 23 0 0 0 29 167 0 1 0 0 0 23 511 0 49 75 4 1926 0 0 0 0 103 0 41 1 0 0 0 151 26 4 110 0 0 26 0 0 0 172 5 0 0 10 0 9 0 32 261 0 7 0 5 37 0 0 29 2 928 0 62 0 0 0 0 0 1101 28 0 0 44 0 0 697 9 0 0 1087 0 210 0 0 0 265 30 654 179 0 150 430 0 2 0 0 674 3 0 109 22 0
 0 0 0 0 0 0 0 31 18 0 0 233 47 0 0 14 3502 8 34 6 6 9 0 6 0 6691 11 5 13 58 0 0 0 259 15 0 1476 0 30 0 0 4 0 0 8 0 6 72 0 6 0 1600 18 0 0 37235 0 0 2 0 0 5 45 10 0 10 51 189 29 0 20 0 0 18 0 0 102 0 0 0 0 3 499 0 13 9 33 0 5 0 1 0 18 141 4 0 0 0 898 0 0 0 0 0 7 0 0 21 4 5 24 0 160 0 5 5 95 170 178 12 0 11 0 0 0 10 0 0 0 0 0 364 21 7 0 0 0 16 38 16 68 30 0 0 207 0 110 36 2787 1
