75
 8490 0 42 0 0 0 0 0 0 0 0 0 0 48318 84 22 3 4 0 0 1 0 0 0 0 7 0 0 0 0 0 0 0 0 5 0 0 0 0 0 0 0 0 3 0 0 2 0 1 0 0 0 0 0 0 0 0 0 0 0 0 0 0 0 0 0 0 531 0 73 0 0 0 0 0
 14593 2871 66 0 0 0 0 3 0 0 0 0 0 25900 759 0 18 0 0 0 1 0 0 0 0 54 119 0 0 0 0 0 0 0 6 0 3 0 0 0 0 0 0 2 0 0 1 0 0 0 0 0 0 0 0 0 1 0 11 0 0 0 0 0 0 0 0 1182 0 1114 143 1716 1 0 0
 0 0 281 0 0 0 0 0 0 0 0 0 0 1361 1 0 343 0 4601 3 7 42 0 0 0 3 21 0 0 0 0 0 0 0 0 10 0 0 0 0 0 1 1 1 0 0 0 0 0 0 1 0 0 0 0 0 0 0 7 0 0 0 0 0 0 0 0 1069 0 0 4 14 0 0 0
 2639 3667 1206 304 0 1 11 1 0 2 1025 1849 1 0 2 0 1 0 110 0 1 0 0 0 0 13 2 0 0 0 0 0 1 1 0 1 0 0 0 0 0 0 0 0 0 0 0 1 0 0 3 2 0 0 0 0 0 0 0 0 0 0 0 378 1859 69 0 0 0 0 214 0 0 0 0
 0 0 0 0 184 0 0 0 0 0 0 0 2 1 0 0 0 0 0 0 0 1 1 0 72 6 2 0 0 0 0 3 2405 14 0 7 0 22 0 1 0 0 3 1 0 0 0 0 1 4 0 1 8 0 0 0 0 1 0 0 0 0 0 0 0 0 0 0 0 0 0 0 0 0 0
 0 0 0 0 21 240 0 0 0 0 0 0 0 1 0 0 0 0 0 0 0 4 0 0 378 26 8 0 0 0 0 0 0 1710 1 26 0 0 0 0 0 0 2 1 0 0 0 0 0 0 1 3 32 2 1 0 5 2 1 0 0 0 0 0 0 0 0 0 0 0 0 0 0 0 0
 17 4 0 0 11 13 4458 8 16 2 0 0 12 163 0 7 0 4 0 1 7 322 6 0 0 136 26 0 0 1 1 224 2351 0 0 10 0 0 0 4 0 0 3 1 0 0 4 0 9 0 7 6 0 58 8 2 0 10 0 0 0 0 10832 0 0 0 0 38 0 7 0 1219 299 0 0
 0 0 0 0 0 0 0 5725 50 0 0 0 0 6 7 8 0 3 1 0 0 14 0 0 9624 1143 111 99352 235 0 0 40 0 2 40 0 1 0 0 1 0 0 0 3 0 0 1 0 0 0 0 6 0 0 0 0 0 10 0 0 0 0 31302 0 0 0 0 0 0 0 0 0 6 0 0
 2 236 3 5 15 3 0 0 189 7 1917 1697 0 18 0 2 0 1 1 0 0 193 0 0 198 17 32 204 0 0 0 1982 105 6 0 0 0 0 0 0 0 0 0 1 0 0 0 0 2 0 3 3 0 0 1 0 1 1 30 0 0 0 0 0 0 0 0 0 0 0 0 0 0 0 0
 0 1 0 0 0 0 0 0 0 75 0 0 0 26 0 0 0 0 0 0 0 41 0 0 1563 80 25 2 4 2 0 102 33 0 0 0 0 0 0 0 0 0 1 3 0 0 14 0 0 0 0 4 0 0 0 0 3 7 1 0 0 0 0 0 0 0 0 0 0 0 0 0 2 0 0
 0 0 0 0 0 0 0 0 0 0 0 0 0 0 0 0 0 0 0 0 0 0 0 0 0 0 0 0 0 0 0 0 0 0 0 0 0 0 0 0 0 0 0 0 0 0 0 0 0 0 0 0 0 0 0 0 0 0 0 0 0 0 0 0 0 0 0 0 0 0 0 0 0 0 207589
 207 497 355 0 19 9 146 4313 0 15 594 211 67 878 113 0 91 0 0 3 0 0 86 118 0 176 67 0 0 4 11 0 0 0 46 0 101 0 49 23 0 0 24 34 0 0 0 0 0 0 0 196 0 72 148 44 0 45 0 2510 4992 3 13958 0 23647 453 0 493 344 719 1293 512 3399 12 0
 0 0 18 0 0 0 0 0 0 0 23 0 1538 0 0 0 0 0 0 0 0 0 0 0 0 0 0 0 0 0 0 19 0 0 0 4 0 0 0 0 0 0 0 5 0 0 0 0 0 0 0 0 0 0 0 19 0 0 0 0 0 0 0 0 0 0 0 0 0 0 0 0 0 19 9785
 0 0 0 32 0 0 0 0 0 0 10 0 1 53820 0 0 0 0 0 0 34 0 0 0 0 4 0 0 0 453 14 0 0 0 0 7 0 0 1 0 2 0 0 0 0 0 0 3 5 0 5 12 0 0 7 4 35 0 15 0 0 1 0 0 0 0 0 39187 0 559 3985 1133 0 0 119716
 0 0 0 0 0 1 5 0 1 4 0 0 4 0 10645 2036 11333 4386 14 0 964 748 0 27 0 0 0 0 526 0 203 70 0 32 0 5 2 8 1 1 0 0 0 0 3 0 2 4 49 17 7 0 0 29 116 12 360 3 386 0 0 0 0 0 0 158 0 0 0 51 16 0 0 0 0
 0 64 53 34 0 0 0 0 0 0 1892 436 3 9 0 769 42 1041 46 0 420 286 0 43 0 0 0 0 413 0 191 0 0 0 0 4 1 4 2 1 1 1 0 0 107 2 2 6 6 0 4 3 5 315 3 241 260 11 52 0 0 0 0 0 0 0 0 0 0 24 20 0 0 0 2034
 0 0 0 0 0 1 9 14 3 1 38 0 15 6 0 0 9259 0 14 0 54 0 0 0 0 0 0 0 0 0 13 2 8 2 1 6 1 0 4 1 1 0 0 0 1 0 2 5 0 0 36 41 0 7 15 17 29 0 0 0 0 0 0 0 0 324 0 0 0 121 534 0 0 0 22763
 0 28 13 57 0 0 0 0 0 0 87 43 2 64 0 0 666 443 0 0 53 0 0 0 0 0 0 0 0 0 0 0 0 0 0 3 49 0 5 2 3 1 0 0 1 0 3 3 2 1 1 0 8 3355 108 92 0 0 47 0 0 0 0 0 0 564 0 31 0 65 547 113 1 0 2603
 4 5 0 0 4 22 101 0 0 2 20859 2722 31 36 0 0 0 29 14617 174 2765 3477 0 0 0 0 14 0 0 0 33 0 28 89 16 0 0 0 3 24 11 0 0 0 4 0 36 8 97 12 50 21 0 164 41 1135 44 0 482 0 0 0 0 0 0 37 0 0 0 108 0 0 0 0 0
 4 173 0 15 0 0 0 0 0 0 0 0 20 56 0 0 0 0 0 3 12 2 0 0 0 0 0 0 4 0 1 54 4 14 0 28 19 0 0 1 2 4 5 1 6 0 21 10 16 0 21 1 0 6 7 0 0 0 5 0 0 0 0 0 0 0 0 0 0 0 0 0 0 1 0
 0 0 0 0 0 0 0 0 0 0 888 118 4 0 0 0 0 0 0 0 153 0 0 0 0 0 0 0 0 0 0 0 0 0 0 0 0 0 0 0 1 3 0 0 0 0 0 0 28 0 411 21 0 495 40 193 0 0 0 0 0 0 0 0 0 0 0 0 0 0 0 0 0 0 15221
 144 57 0 10 0 0 0 0 0 0 958 130 10 3325 0 0 193 56 0 0 71 12052 7228 10140 0 0 309 0 0 0 46 445 0 0 16 51 98 0 22 4 4 12 0 0 0 0 21 182 324 3 114 207 4 132 21 17 281 556 427 0 0 1 0 0 209 0 5412 240 0 28 1849 0 0 0 0
 0 118 1 101 0 0 0 0 3 0 9 0 39 7076 256 89 251 144 121 34 343 0 780 143 0 117 1051 232 979 10 80 669 0 20 38 189 185 344 36 35 7 7 3 0 85 64 145 129 498 225 200 211 101 139 18 17 227 147 403 0 0 0 0 899 0 50 0 904 0 0 152 2 0 0 0
 15 28 1 9 0 0 4 17 6 0 13 0 56 2035 0 0 77 35 9 2 56 0 0 6089 0 0 196 0 0 0 16 49 0 0 184 55 34 0 13 10 17 14 17 0 25 0 26 57 137 15 379 100 12 67 117 35 96 0 0 0 0 3 0 868 3077 14 3797 0 0 108 8077 0 14 0 0
 110 6647 270 1497 0 0 153 0 0 0 748 24 77 1849 782 567 108 70 806 1 146 1388 67 1163 21439 11351 4247 3908 2749 116 49 1402 1286 0 0 76 131 619 0 9 7 6 102 0 0 0 16 120 147 115 164 1034 423 373 73 67 148 1505 421 0 0 1 0 0 0 0 0 0 0 61 5066 0 128 0 0
 0 0 0 0 0 0 0 0 0 0 0 0 42 0 4616 2922 1714 357 27 4 119 1103 0 8 0 1563 17 0 12698 0 87 222 0 634 0 18 66 97 2 4 3 4 28 0 0 0 90 95 344 176 317 260 110 250 61 166 208 162 651 0 0 0 0 0 0 0 0 0 0 0 0 0 0 0 0
 90 0 0 0 0 0 0 0 0 0 94 0 2 531 65 7 173 2 0 0 0 0 0 0 0 0 3470 26 0 35 17 0 0 0 0 3 0 0 0 0 0 0 0 0 0 0 0 0 0 0 0 0 0 0 0 1 0 0 0 0 0 0 0 0 0 661 0 0 0 0 8352 0 0 0 16704
 1000 6002 318 646 55 47 697 0 0 0 10567 5438 115 1267 269 96 280 49 907 7 466 1717 0 272 0 126 0 10586 676 17 7 690 676 474 0 378 185 192 82 49 59 68 144 73 5 29 172 244 657 87 237 308 95 833 429 314 191 151 320 9286 63 1 11448 6294 0 575 0 38 2107 329 3174 489 626 0 33876
 352 480 3 89 37 48 196 0 25 0 1332 824 187 4395 0 0 310 513 109 0 1627 980 0 433 0 0 1975 0 4529 0 454 0 0 227 20 348 68 889 57 299 293 116 0 33 229 0 460 512 2961 363 2918 2560 455 7550 367 396 1098 1294 902 0 0 0 0 0 0 503 0 1281 16 153 3423 0 3 0 0
 0 0 0 0 0 0 0 0 0 0 0 0 0 0 3 1 260 162 2 0 66 2 0 3 0 0 0 0 7 74 1188 0 0 0 0 0 0 2 0 0 0 0 0 0 0 0 0 0 0 0 0 0 0 0 0 0 1 0 60 0 0 0 0 0 0 0 0 0 0 0 0 0 0 0 0
 55 0 0 4 0 0 0 1 0 0 3 0 0 0 0 0 0 1 0 0 0 0 0 0 0 0 0 0 0 0 474 0 0 0 0 0 0 0 0 0 0 0 0 0 0 0 0 0 2 0 2 0 0 7 2 0 2 1 0 0 0 0 0 0 0 31 0 0 0 23 36 0 0 0 3192
 8 146 0 18 0 12 0 0 0 0 21130 5575 0 4004 0 39 0 10 33 0 238 0 0 0 0 0 554 0 490 4 0 5778 221 0 4 493 31 0 91 21 0 21 148 8 48 58 126 165 373 442 202 952 49 2019 129 515 196 282 99 0 0 0 0 0 0 304 0 170 906 3 336 0 19 0 0
 8 10 0 0 0 12 0 437 0 0 4855 532 552 10 1 3 0 7 0 0 1578 34 78 62 0 10 20 0 508 0 1 0 9272 0 2725 7090 6388 4071 1201 865 1970 765 1076 777 1398 569 1233 886 1607 678 432 438 321 9877 1318 1534 375 70 506 0 0 0 0 0 0 0 0 0 0 0 0 0 0 0 0
 0 0 0 0 0 0 33 0 0 0 3725 854 457 3 0 26 0 3 0 0 305 82 0 33 97 0 34 0 0 0 2 101 625 14133 1546 3684 977 1818 458 109 97 141 0 272 230 217 1082 1255 1695 704 1674 1838 1157 2546 2172 505 632 425 900 0 19 0 0 0 0 0 0 0 0 3 0 0 0 0 0
 0 0 7 0 0 0 0 0 0 0 0 0 0 8849 0 1 0 1 0 0 0 0 0 0 655 86 786 572 0 0 0 0 0 0 405 1 8 0 0 0 0 0 0 1 0 0 0 0 0 0 0 1 1 0 0 0 13 0 1 0 0 0 0 0 0 0 0 0 0 0 0 0 0 0 0
 7 13 0 0 0 0 0 45 13 4 22247 7219 0 0 0 0 0 0 6 0 1 0 0 0 0 0 0 0 0 0 0 0 0 0 0 713 0 0 129 2 243 97 0 124 0 0 42 0 36 0 482 51 15 0 66 1230 0 10 0 0 0 0 0 0 0 0 0 0 0 0 0 0 0 0 0
 29 0 0 1 4 16 244 0 14 7 144 0 120 628 0 0 0 0 335 0 290 0 0 0 0 0 163 0 0 0 17 0 0 0 0 1065 1037 40 272 194 104 84 0 84 232 0 435 363 1582 321 674 951 220 12035 579 222 498 208 117 0 0 0 0 0 0 0 0 285 2826 16 133 23 0 0 0
 139 238 24 40 0 27 104 493 55 3 6757 3179 210 1033 0 0 22 1 937 1 1341 434 0 52 0 0 357 0 0 0 55 184 0 0 125 1350 0 1717 112 113 189 138 0 225 175 0 454 107 1333 271 988 1140 482 3586 525 393 446 214 316 0 0 0 0 0 0 30 0 0 1886 24 206 0 0 0 0
 0 0 18 50 28 28 220 216 57 20 0 0 54 0 0 0 0 0 0 0 3 0 0 0 8 0 0 0 0 0 0 0 0 0 0 0 0 0 1443 869 555 116 0 109 0 0 66 3 6 0 0 0 0 1461 0 971 2 0 4 101 178 0 1327 0 0 0 0 0 32 0 0 0 12 0 0
 385 882 19 75 0 0 0 0 0 0 0 0 0 29 0 0 0 0 0 0 0 0 0 0 0 0 0 0 0 0 0 0 0 0 0 0 0 0 0 356 9 0 0 0 0 0 0 0 0 0 0 0 0 0 0 2 0 0 0 0 0 0 0 0 0 0 106 0 0 4 0 0 37 0 3285
 0 0 0 0 47 61 799 112 140 22 432 1 0 0 0 0 0 0 0 0 0 0 0 0 0 0 0 0 0 0 0 48 0 0 0 0 0 0 0 0 566 9 0 0 0 0 0 0 0 0 0 0 0 0 0 44 0 0 0 0 0 0 0 0 0 0 0 0 0 0 0 0 0 0 5789
 0 0 0 0 17 13 117 0 45 4 1221 451 2 2 31 0 2 0 4 0 0 0 0 0 0 0 0 0 0 0 0 0 0 0 0 0 0 0 0 0 0 345 0 8 0 0 0 0 0 0 0 0 0 0 0 4 0 0 0 0 0 0 0 0 0 0 0 0 0 0 0 0 0 0 1515
 0 0 0 3 0 0 0 29 4 0 57 0 122 46 10 3 11 2 93 0 61 19 0 0 0 0 17 0 55 0 7 0 0 97 49 126 256 138 174 66 123 65 937 159 0 0 170 0 371 68 240 222 101 423 604 112 108 21 32 0 0 0 0 0 0 0 0 0 0 0 0 0 0 0 0
 0 0 0 0 0 0 0 0 0 0 0 0 0 151 153 126 83 15 11 0 11 281 83 296 401 35 9 0 0 0 3 0 0 0 0 0 0 0 0 0 0 0 0 380 0 0 0 0 0 0 0 0 0 0 0 5 0 0 15 0 0 0 0 0 0 0 0 18 0 0 0 0 0 0 3449
 21 28 9 11 37 27 436 333 70 11 1367 158 184 140 0 0 0 0 0 0 88 85 0 0 304 148 139 0 0 0 1 0 0 0 6 221 0 0 202 468 1075 552 75 562 2087 0 603 0 194 6 368 0 107 1133 449 635 4 69 60 176 0 0 0 0 0 0 0 0 0 0 0 0 0 0 0
 57 89 2 9 4 16 116 202 33 5 206 43 155 165 51 0 44 15 120 2 80 88 0 4 68 31 29 0 248 2 13 0 0 0 38 249 977 91 398 207 121 148 219 397 244 1382 310 102 319 52 371 221 0 1816 707 303 182 51 68 0 0 0 0 18 0 0 0 181 692 5 0 0 76 18 0
 0 0 0 0 0 0 0 0 0 0 4047 1811 2 57 0 0 0 0 0 0 1 0 0 0 0 0 3 0 0 0 0 0 0 0 0 0 0 0 0 2 2 2 0 6 0 0 992 0 259 0 8 0 2 1874 0 117 0 0 0 0 0 0 0 0 0 0 0 203 710 29 1 1 0 0 493
 12 13 0 0 5 11 113 334 27 7 2365 773 136 0 0 0 0 0 0 0 45 0 0 0 0 0 10 0 0 0 0 0 0 0 2 239 0 0 0 80 184 243 168 479 641 0 1262 2076 3040 3 661 0 198 294 58 200 367 59 72 0 0 0 8 0 0 0 0 0 94 2 0 0 154 0 0
 0 0 0 0 0 0 0 1 0 0 1052 91 11 0 0 0 37 0 0 0 0 0 0 0 0 0 4 0 0 0 0 0 0 0 0 0 0 0 0 1 3 4 0 0 0 0 0 0 9554 0 292 0 0 0 0 207 0 0 0 0 0 0 0 0 0 169 0 0 0 6 0 0 0 0 35589
 6 6 1 5 0 1 28 31 0 1 5440 1874 12 24 0 0 4 0 0 0 9 0 0 0 0 0 6 0 0 0 1 0 0 0 1 17 0 0 2 32 4 3 0 4 0 0 151 0 513 389 718 0 0 1124 0 262 86 28 48 0 0 0 16 0 0 0 0 7 278 37 315 4 23 0 0
 0 0 0 0 0 0 0 5 0 0 1446 325 1393 0 0 0 0 0 0 0 0 0 0 0 0 0 0 0 0 0 0 0 0 0 0 0 0 0 12 1 3 3 0 10 0 0 0 0 0 0 3314 0 0 699 2260 201 0 0 0 0 1628 2 0 0 0 0 0 0 0 0 0 0 0 0 35141
 0 0 0 0 0 0 0 0 0 0 0 0 526 0 3 0 0 2 0 0 0 0 0 0 0 0 17 0 0 0 0 0 0 0 0 0 0 0 17 1 8 7 0 66 39 0 7 602 6152 117 15314 9168 724 456 1517 22 982 1612 109 0 403 28 0 0 0 378 0 0 0 0 89 0 0 158 0
 94 448 7 49 0 0 6 10 5 0 308 62 12 9 0 0 3 0 10 0 0 0 0 0 0 0 4 0 0 0 0 0 0 0 0 0 0 0 202 87 7 10 0 1 0 15 0 0 34 175 39 0 680 3224 168 79 13 12 8 0 0 0 0 0 0 0 0 0 553 0 545 0 2 0 724
 59 71 4 71 29 0 0 8 41 1 315 0 42 14 0 0 0 0 0 0 0 0 0 0 0 0 0 0 0 0 0 0 0 0 1 38 0 0 0 188 226 3 0 18 0 0 0 0 58 0 0 0 0 48021 2 692 0 0 0 0 145 0 0 0 0 0 0 0 5416 9 0 0 0 0 65608
 0 0 0 7 0 0 0 0 0 0 0 0 2136 0 0 0 0 0 0 0 0 0 0 0 0 0 0 0 0 0 0 0 0 0 0 0 0 0 57 2 14 10 0 21 0 0 11 0 23 1 0 0 0 0 10609 110 0 0 0 753 0 0 0 0 0 0 0 0 0 0 0 0 0 0 19782
 0 0 562 13 1 3 0 0 0 0 4 0 0 0 0 0 0 0 0 0 0 0 0 0 0 0 0 0 0 0 0 0 0 0 0 0 0 0 0 0 0 0 0 0 0 0 0 0 0 0 0 0 0 0 0 952 0 0 0 1054 0 0 0 0 0 0 0 0 0 229 2 0 31 0 12080
 0 0 1 1 0 0 13 36 0 0 1158 446 16 0 0 0 0 0 0 0 6 0 0 0 0 0 46 0 0 0 0 0 0 0 0 27 0 0 0 3 2 3 0 4 0 0 251 0 381 0 111 0 0 326 425 65 447 6 0 0 0 0 0 0 0 0 0 0 0 0 3606 0 0 0 4441
 0 0 1 6 0 0 0 0 0 0 19 0 59 11 0 0 5 0 0 0 3 0 0 578 0 0 12 0 0 0 0 0 0 0 0 0 0 0 9 2 5 4 0 5 0 0 9 0 28 0 190 0 0 21 288 13 0 848 12 0 0 18 0 0 0 442 821 0 0 159 1080 0 0 0 5415
 4 0 0 6 3 0 1 3 0 0 590 125 8 0 0 0 838 0 0 0 24 0 0 33 0 0 21 0 0 0 24 0 0 0 0 19 0 0 0 1 8 5 0 0 0 0 14 0 129 0 14 0 0 33 1 24 19 0 1011 0 0 0 0 0 0 814 0 35 0 99 601 1 7 0 7040
 1313 968 105 472 58 58 127 149 107 24 6625 0 386 6691 296 255 375 21 1034 13 587 2134 706 982 3913 1025 1118 0 485 30 87 3120 1696 1503 293 751 448 133 0 126 204 79 169 191 0 4 318 220 1465 180 888 1144 323 1212 0 0 324 487 522 31372 0 16 636 9073 0 0 0 291 0 691 4550 3559 4 0 0
 207 312 11 13 2 4 26 94 13 2 1401 0 118 671 160 30 442 54 84 2 151 97 31 360 219 68 107 0 55 2 32 137 70 0 12 173 49 143 0 21 83 30 63 80 63 52 77 132 467 20 0 0 28 0 334 75 166 134 134 1359 1999 10 0 9618 3036 913 2406 442 651 434 3949 0 0 0 0
 0 0 0 0 0 0 0 0 0 0 0 0 0 0 0 0 0 0 0 0 0 0 0 0 0 0 0 0 0 0 0 0 0 0 0 8 0 0 0 0 0 0 0 0 0 0 0 0 0 0 0 0 0 0 0 0 0 0 0 0 0 12 0 0 0 0 451 0 0 0 0 0 0 0 135
 796 2382 75 336 405 296 0 0 560 352 1609 0 446 5622 1202 415 694 187 1146 13 513 4069 356 479 6696 1849 809 0 2265 34 60 3777 4182 2793 232 647 557 954 0 59 228 91 328 207 227 98 284 0 1203 0 949 1343 299 1644 955 226 268 265 305 0 604 17 51703 17860 7669 4169 459 4410 1043 1440 8665 0 3385 0 0
 2513 4032 387 0 106 122 935 616 227 47 26087 6853 470 16876 1370 555 2122 665 1523 14 1456 60 0 0 3819 1461 1921 0 564 86 75 1598 2686 2948 296 1932 1237 1310 577 692 1042 313 584 685 1102 0 866 1588 3737 739 3326 3180 627 6620 1384 1374 1110 569 783 0 0 7 0 10189 0 0 0 0 0 0 5289 0 0 0 55459
 3154 12248 215 0 64 123 1063 9982 330 141 3513 0 299 3540 341 152 1127 210 658 18 969 0 200 0 1447 535 1696 418 691 11 166 1021 588 639 166 500 488 743 140 10 156 110 303 235 344 462 204 667 1883 182 4128 1259 329 941 1516 586 549 290 399 3871 0 100 0 44593 138555 4278 0 6112 1050 3460 39894 0 27 0 0
 129 115 16 0 3 7 34 70 49 8 475 0 61 679 0 2 0 0 0 3 105 9 0 0 21 92 0 0 0 15 0 0 112 97 33 245 46 0 26 12 25 17 45 36 66 19 25 124 0 50 524 0 94 117 872 43 50 0 0 139 0 12 0 1791 0 1279 0 413 0 443 1902 0 0 0 8593
 355 1998 154 614 87 107 1082 1449 327 92 46412 2664 947 13250 1409 376 1732 438 1006 26 1767 0 164 0 2594 1500 9400 908 1188 22 321 1644 1155 1063 154 1297 954 1120 185 0 185 11 390 76 65 1042 599 669 3839 298 4170 840 402 3920 3288 283 1258 0 850 4004 0 0 0 77555 24693 2149 39370 3147 0 345 23456 0 179 0 0
 0 0 0 117 4 10 0 425 27 13 190 0 190 0 136 15 245 0 130 5 163 0 0 1039 438 178 473 0 0 3 39 0 122 135 56 218 0 117 44 28 61 39 113 0 204 0 0 185 839 0 647 673 84 183 1167 88 249 290 0 0 0 20 0 2767 0 0 0 278 0 0 3191 0 0 0 46901
 249 297 46 276 37 64 196 239 50 22 950 0 32 731 65 11 75 36 245 3 195 170 74 255 126 132 110 0 0 2 18 0 60 120 24 125 0 0 0 8 20 33 59 26 30 0 0 0 171 0 31 256 0 0 146 41 244 93 61 2328 0 1 0 861 0 467 397 120 429 682 2538 333 0 0 4804
 0 0 0 183 0 0 0 8 2 1 2 0 1 0 0 0 0 0 0 0 22 0 0 0 0 2 4 0 0 0 0 0 1 0 1 11 0 0 2 0 1 2 1 0 8 0 0 0 0 0 8 39 27 0 32 0 33 0 0 0 0 343 0 1052 0 0 0 1154 0 6802 499 0 0 0 8430
 476 0 0 0 5 9 15 58 8 3 10 0 11 0 0 0 0 0 4 3 68 0 0 0 0 52 0 0 0 1 0 0 1 37 12 35 0 0 7 4 4 4 25 8 32 14 0 17 14 0 34 0 0 108 124 0 0 0 0 0 0 5 0 0 0 0 0 0 0 0 6960 0 0 0 139196
 5 0 0 79 3 8 0 23 8 7 236 0 23 0 46 30 289 0 50 2 95 5 0 739 102 30 91 0 52 2 28 86 70 44 5 69 0 60 5 18 19 15 17 36 40 4 0 57 157 0 358 129 2 152 239 11 75 31 0 0 176 2 70 3203 7293 156 2242 143 0 54 2351 618 8 0 0
 0 0 4 25 1 3 0 0 11 0 136 0 9 312 22 11 9 0 11 0 8 67 8 0 0 13 21 0 0 6 0 0 19 17 5 11 7 20 0 0 4 2 1 3 4 0 2 0 20 0 18 22 0 11 16 0 9 2 0 0 63 2 0 294 0 84 0 42 51 24 261 0 3 0 6752
 1 7 4 5 13 74 38 510 14 12 1 0 0 4357 70 275 67 97 14 0 27 1052 11 31 869 123 560 867 864 1 1 282 1079 2722 10 96 6 114 42 72 109 20 117 60 19 0 11 110 253 40 389 0 80 1350 3 13 126 81 902 7008 2577 1 287 1498 2469 72 966 94 130 128 60 845 0 21 0
 19837 3383 3469 8076 1431 968 8781 121691 4345 1072 0 14569 0 0 9261 0 0 0 18466 179 0 14351 8247 2699 18781 7053 0 0 18407 898 0 22721 37304 17096 4814 10116 12202 17465 1873 0 0 0 30 0 4885 7829 0 3728 0 5757 0 9657 0 0 0 0 0 0 0 32175 19281 0 35624 0 91582 0 240617 0 0 0 0 9386 0 33998 0
