75
 30318 108 0 0 0 0 3 0 0 0 0 0 70864 3354 843 0 0 0 0 2 0 0 0 61 0 2 0 0 0 0 0 0 0 11 0 0 0 0 0 0 0 0 5 0 0 0 0 1 0 0 0 0 0 0 0 1 0 7 0 0 0 0 0 0 0 0 0 1713 0 1187 0 1711 1 0 0
 0 281 0 0 0 0 0 0 0 0 0 0 1361 0 1 0 330 4601 3 7 42 0 0 3 0 25 0 0 0 0 0 0 0 0 10 0 0 0 0 0 1 1 1 0 0 0 0 0 0 1 0 0 0 0 0 0 0 7 0 0 0 0 0 0 0 0 0 1069 0 0 4 14 0 0 0
 6306 1206 304 0 1 11 1 0 2 1025 1849 1 0 0 2 0 0 110 0 1 0 0 0 13 0 1 0 0 0 0 0 1 1 0 1 0 0 0 0 0 0 0 0 0 0 0 1 0 0 3 2 0 0 0 0 0 0 0 0 0 0 0 378 0 2110 69 0 0 0 0 214 0 0 0 0
 0 0 0 184 0 0 0 0 0 0 0 2 1 0 0 0 0 0 0 0 1 1 0 6 74 9 0 0 0 0 3 2405 14 0 7 0 22 0 1 0 0 3 1 0 0 1 0 0 4 0 1 8 0 0 0 0 1 0 0 0 0 0 0 0 0 0 0 0 0 0 0 0 0 0 0
 0 0 0 21 240 0 0 0 0 0 0 0 1 0 0 0 0 0 0 0 4 0 0 26 386 20 0 0 0 0 0 0 1710 1 26 0 0 0 0 0 0 2 1 0 0 0 0 0 0 1 3 32 2 1 0 5 2 1 0 0 0 0 0 0 0 0 0 0 0 0 0 0 0 0 0
 21 0 0 11 13 4458 8 16 2 0 0 12 154 9 0 7 0 0 1 7 322 6 0 136 0 1 0 0 1 1 224 2351 0 0 10 0 0 0 4 0 0 3 1 0 0 3 0 6 0 7 6 0 58 8 2 0 10 0 0 0 0 10832 0 0 0 0 0 38 0 7 0 1219 299 0 0
 0 0 0 0 0 0 5725 50 0 0 0 0 6 0 7 8 0 1 0 0 14 0 0 1143 9735 145 99207 235 0 0 40 0 2 40 0 1 0 0 1 0 0 0 3 0 0 0 0 0 0 0 6 0 0 0 0 0 10 0 0 0 0 31302 0 0 0 0 0 0 0 0 0 0 6 0 0
 238 3 5 15 3 0 0 189 7 1917 1697 0 18 0 0 2 0 1 0 0 193 0 0 17 230 37 167 0 0 0 1982 105 6 0 0 0 0 0 0 0 0 0 1 0 0 2 0 0 0 3 3 0 0 1 0 1 1 30 0 0 0 0 0 0 0 0 0 0 0 0 0 0 0 0 0
 1 0 0 0 0 0 0 0 75 0 0 0 26 0 0 0 0 0 0 0 41 0 0 80 1588 8 0 4 2 0 102 33 0 0 0 0 0 0 0 0 0 1 3 0 0 0 7 0 0 0 4 0 0 0 0 3 7 1 0 0 0 0 0 0 0 0 0 0 0 0 0 0 2 0 0
 0 0 0 0 0 0 0 0 0 0 0 0 0 0 0 0 0 0 0 0 0 0 0 0 0 0 0 0 0 0 0 0 0 0 0 0 0 0 0 0 0 0 0 0 0 0 0 0 0 0 0 0 0 0 0 0 0 0 0 0 0 0 0 0 0 0 0 0 0 0 0 0 0 0 207589
 704 355 0 19 9 146 4313 0 15 594 211 67 864 14 113 0 48 0 3 0 0 86 118 176 43 0 0 0 4 11 0 0 0 46 0 101 0 49 23 0 0 24 34 0 0 406 0 0 0 0 196 0 72 148 44 0 45 0 2510 4992 3 13958 0 0 23870 453 0 493 344 719 1293 512 3399 12 0
 0 18 0 0 0 0 0 0 0 23 0 1538 0 0 0 0 0 0 0 0 0 0 0 0 0 0 0 0 0 0 19 0 0 0 4 0 0 0 0 0 0 0 5 0 0 0 0 0 0 0 0 0 0 0 19 0 0 0 0 0 0 0 0 0 0 0 0 0 0 0 0 0 0 19 9785
 0 0 32 0 0 0 0 0 0 10 0 1 50209 4 1 0 0 0 0 34 0 0 0 5 0 216 0 0 453 14 0 0 0 0 7 0 0 1 0 2 0 0 0 0 0 3 0 3 0 5 12 0 0 8 4 38 0 16 0 0 1 0 0 0 0 0 0 39211 0 561 3996 1183 0 0 113089
 0 0 0 0 0 0 0 0 0 0 0 0 0 3607 0 0 0 0 0 0 0 0 0 0 0 0 0 0 0 0 0 0 0 4 0 0 0 0 0 0 0 0 0 0 0 0 0 0 0 0 0 0 0 0 0 0 0 0 0 0 0 0 0 0 0 0 0 0 0 0 0 0 0 0 6627
 0 0 0 0 1 5 0 1 4 0 0 4 0 1 10645 2036 15719 14 0 964 748 0 27 0 0 0 0 526 0 203 70 0 32 0 5 2 8 1 1 0 0 0 0 3 0 7 6 42 17 7 0 0 29 116 12 360 3 386 0 0 0 0 0 0 0 158 0 0 0 51 16 0 0 0 0
 42 53 34 0 0 0 0 0 0 1892 436 3 9 0 0 769 1083 46 0 420 286 0 43 0 0 0 0 413 0 191 0 0 0 0 4 1 4 2 1 1 1 0 0 107 2 4 8 2 0 4 3 5 315 3 241 260 11 52 0 0 0 0 0 0 0 0 0 0 0 24 20 0 0 0 2034
 3 0 56 0 1 5 11 2 1 125 0 17 68 2 0 0 10690 0 0 107 0 0 0 0 0 0 0 0 0 12 0 1 0 0 9 50 0 9 3 4 0 0 0 2 0 3 13 0 0 37 39 5 3362 123 109 29 0 0 0 0 0 0 0 0 0 888 0 0 0 186 1081 0 0 0 25366
 9 0 0 4 22 101 0 0 2 20859 2722 31 33 3 0 0 15 14617 174 2765 3477 0 0 0 0 0 0 0 0 33 0 28 89 16 0 0 0 3 24 11 0 0 0 4 0 23 44 74 12 50 21 0 164 41 1135 44 0 482 0 0 0 0 0 0 0 37 0 0 0 108 0 0 0 0 0
 177 0 15 0 0 0 0 0 0 0 0 20 53 3 0 0 0 0 3 12 2 0 0 0 0 0 0 4 0 1 54 4 14 0 28 19 0 0 1 2 4 5 1 6 0 0 31 16 0 21 1 0 6 7 0 0 0 5 0 0 0 0 0 0 0 0 0 0 0 0 0 0 0 1 0
 0 0 0 0 0 0 0 0 0 888 118 4 0 0 0 0 0 0 0 153 0 0 0 0 0 0 0 0 0 0 0 0 0 0 0 0 0 0 0 1 3 0 0 0 0 0 0 34 0 411 21 0 495 40 193 0 0 0 0 0 0 0 0 0 0 0 0 0 0 0 0 0 0 0 15221
 201 0 10 0 0 0 0 0 0 958 130 10 3086 239 0 0 249 0 0 71 12052 7228 10140 0 0 0 0 0 0 46 445 0 0 16 51 98 0 22 4 4 12 0 0 0 0 266 203 58 3 114 207 4 132 21 17 281 556 427 0 0 1 0 0 484 0 0 5412 240 0 28 1849 0 0 0 0
 118 1 101 0 0 0 0 3 0 9 0 39 6965 111 256 89 395 121 34 343 0 780 143 117 984 42 190 979 10 80 669 0 20 38 189 185 344 36 35 7 7 3 0 85 64 252 274 246 225 200 211 101 139 18 17 227 147 403 0 0 0 0 899 0 0 50 0 904 0 0 152 2 0 0 0
 43 1 9 0 0 4 17 6 0 13 0 56 1840 195 0 0 112 9 2 56 0 0 6089 0 0 38 0 0 0 16 49 0 0 184 55 34 0 13 10 17 14 17 0 25 0 116 83 21 15 379 100 12 67 117 35 96 0 0 0 0 3 0 868 3611 0 14 3797 0 0 108 8077 0 14 0 0
 0 0 0 0 0 0 0 0 0 0 0 42 0 1 4616 2922 2071 27 4 119 1103 0 8 1563 0 557 0 12698 0 87 222 0 634 0 18 66 97 2 4 3 4 28 0 0 0 114 185 230 176 317 260 110 250 61 166 208 162 651 0 0 0 0 0 0 0 0 0 0 0 0 0 0 0 0 0
 6728 249 1495 0 0 127 0 0 0 842 0 79 2339 41 847 574 353 792 1 146 1079 0 967 11334 30122 2474 1460 774 151 66 848 1266 0 0 79 0 262 0 9 7 6 85 0 0 0 68 123 75 109 164 1017 419 373 73 68 102 1493 400 0 0 1 0 0 0 0 640 0 0 0 57 13418 0 107 0 0
 0 0 0 0 0 0 0 0 0 2897 2262 7 0 0 1 4 0 293 0 296 2 0 0 0 0 137 0 7 0 0 5 0 0 0 157 98 263 9 28 22 9 30 0 7 0 82 127 140 41 52 9 25 636 80 179 31 2 132 0 35 0 0 0 0 0 0 0 0 609 0 6 0 0 0 0
 7004 343 647 64 67 698 0 0 6 7670 3176 108 1427 56 268 92 329 614 7 170 1715 0 310 683 0 218 10211 669 17 8 685 695 493 0 221 87 0 73 21 37 59 114 73 0 33 406 289 29 46 185 299 70 197 349 135 160 149 188 9648 28 1 11591 6790 0 110 618 0 120 1498 329 3168 520 626 0 36640
 832 3 89 37 48 196 0 25 0 1332 824 187 3971 424 0 0 823 109 0 1627 980 0 433 0 0 0 0 4529 0 454 0 0 227 20 348 68 889 57 299 293 116 0 33 229 0 2083 972 878 363 2918 2560 455 7550 367 396 1098 1294 902 0 0 0 0 0 0 0 503 0 1281 16 153 3423 0 3 0 0
 0 0 0 0 0 0 0 0 0 0 0 0 0 0 3 1 422 2 0 66 2 0 3 0 0 0 0 7 74 1188 0 0 0 0 0 0 2 0 0 0 0 0 0 0 0 0 0 0 0 0 0 0 0 0 0 1 0 60 0 0 0 0 0 0 0 0 0 0 0 0 0 0 0 0 0
 55 0 4 0 0 0 1 0 0 3 0 0 0 0 0 0 0 0 0 0 0 0 0 0 0 1 0 0 0 474 0 0 0 0 0 0 0 0 0 0 0 0 0 0 0 2 0 0 0 2 0 0 7 2 0 2 1 0 0 0 0 0 0 0 0 31 0 0 0 23 36 0 0 0 3192
 154 0 18 0 12 0 0 0 0 21130 5575 0 4002 2 0 39 8 33 0 238 0 0 0 0 0 0 0 490 4 0 5778 221 0 4 493 31 0 91 21 0 21 148 8 48 58 180 291 193 442 202 952 49 2019 129 515 196 282 99 0 0 0 0 0 0 0 304 0 170 906 3 336 0 19 0 0
 18 0 0 0 12 0 437 0 0 4855 532 552 9 1 1 3 0 0 0 1578 34 78 62 10 0 19 0 508 0 1 0 9272 0 2725 7090 6388 4071 1201 865 1970 765 1076 777 1398 569 461 2119 1146 678 432 438 321 9877 1318 1534 375 70 506 0 0 0 0 0 0 0 0 0 0 0 0 0 0 0 0 0
 0 0 0 0 0 33 0 0 0 3725 854 457 3 0 0 26 1 0 0 305 82 0 33 0 131 19 0 0 0 2 101 625 14133 1546 3684 977 1818 458 109 97 141 0 272 230 217 1113 2337 582 704 1674 1838 1157 2546 2172 505 632 425 900 0 19 0 0 0 0 0 0 0 0 0 3 0 0 0 0 0
 0 7 0 0 0 0 0 0 0 0 0 0 8853 0 0 1 0 0 0 0 0 0 0 86 1441 211 361 0 0 0 0 0 0 405 1 8 0 0 0 0 0 0 1 0 0 0 0 0 0 0 1 1 0 0 0 13 0 1 0 0 0 0 0 0 0 0 0 0 0 0 0 0 0 0 0
 20 0 0 0 0 0 45 13 4 22247 7219 0 0 0 0 0 0 6 0 1 0 0 0 0 0 0 0 0 0 0 0 0 0 0 713 0 0 129 2 243 97 0 124 0 0 33 0 3 0 482 51 15 0 66 1230 0 10 0 0 0 0 0 0 0 0 0 0 0 0 0 0 0 0 0 0
 26 0 1 4 16 244 0 14 7 144 0 120 628 0 0 0 0 335 0 290 0 0 0 0 32 0 0 0 0 17 0 0 0 0 1065 1037 40 272 194 104 84 0 84 232 0 1253 798 329 321 674 951 220 12035 579 222 498 208 117 0 0 0 0 0 0 0 0 0 285 2826 16 133 23 0 0 0
 377 24 40 0 27 104 493 55 3 6757 3179 210 943 90 0 0 23 937 1 1341 434 0 52 0 0 0 71 0 0 55 184 0 0 125 1350 0 1717 112 113 189 138 0 225 175 0 942 561 391 271 988 1140 482 3586 525 393 446 214 316 0 0 0 0 0 0 0 30 0 0 1886 24 206 0 0 0 0
 0 18 50 28 28 220 216 57 20 0 0 54 0 0 0 0 0 0 0 3 0 0 0 0 8 0 0 0 0 0 0 0 0 0 0 0 0 1443 869 555 116 0 109 0 0 2 69 4 0 0 0 0 1461 0 971 2 0 4 101 178 0 1327 0 0 0 0 0 0 32 0 0 0 12 0 0
 1267 19 75 0 0 0 0 0 0 0 0 0 29 0 0 0 0 0 0 0 0 0 0 0 0 0 0 0 0 0 0 0 0 0 0 0 0 0 356 9 0 0 0 0 0 0 0 0 0 0 0 0 0 0 2 0 0 0 0 0 0 0 0 0 28 0 106 0 0 4 0 0 37 0 3285
 0 0 0 47 61 799 112 140 22 432 1 0 0 0 0 0 0 0 0 0 0 0 0 0 0 0 0 0 0 0 48 0 0 0 0 0 0 0 0 566 9 0 0 0 0 0 0 0 0 0 0 0 0 0 44 0 0 0 0 0 0 0 0 0 0 0 0 0 0 0 0 0 0 0 5789
 0 0 0 17 13 117 0 45 4 1221 451 2 1 1 31 0 1 4 0 0 0 0 0 0 0 0 0 0 0 0 0 0 0 0 0 0 0 0 0 0 345 0 8 0 0 0 0 0 0 0 0 0 0 0 4 0 0 0 0 0 0 0 0 0 0 0 0 0 0 0 0 0 0 0 1515
 0 0 3 0 0 0 29 4 0 57 0 122 43 3 10 3 13 93 0 61 19 0 0 0 0 0 0 55 0 7 0 0 97 49 126 256 138 174 66 123 65 937 159 0 0 309 2 62 68 240 222 101 423 604 112 108 21 32 0 0 0 0 0 0 0 0 0 0 0 0 0 0 0 0 0
 0 0 0 0 0 0 0 0 0 0 0 0 151 0 153 126 98 11 0 11 281 83 296 35 410 0 0 0 0 3 0 0 0 0 0 0 0 0 0 0 0 0 380 0 0 0 0 0 0 0 0 0 0 0 5 0 0 15 0 0 0 0 0 0 0 0 0 18 0 0 0 0 0 0 3449
 49 9 11 37 27 436 333 70 11 1367 158 184 119 21 0 0 0 0 0 88 85 0 0 148 443 0 2 0 0 1 0 0 0 6 221 0 0 202 468 1075 552 75 562 2087 0 94 0 100 6 368 0 107 1133 449 635 4 69 60 176 0 0 0 0 0 0 0 0 0 0 0 0 0 0 0 0
 146 2 9 4 16 116 202 33 5 206 43 155 162 3 51 0 59 120 2 80 88 0 4 31 97 4 0 248 2 13 0 0 0 38 249 977 91 398 207 121 148 219 397 244 1382 261 412 58 52 371 221 0 1816 707 303 182 51 68 0 0 0 0 18 0 0 0 0 181 692 5 0 0 76 18 0
 0 0 0 0 0 0 0 0 0 0 0 10 0 1 0 0 0 0 0 6 0 0 0 0 0 0 0 0 0 0 0 0 0 0 0 0 0 0 1 3 4 0 0 0 0 9408 0 6 0 293 0 0 0 0 4 5 0 0 0 0 0 0 0 0 0 0 0 0 0 6 0 0 0 0 29061
 22 0 0 5 11 109 333 27 0 6412 2584 138 54 0 0 0 0 0 0 46 0 0 0 0 0 0 0 0 0 0 0 0 0 2 197 0 0 0 82 186 245 0 485 38 0 2336 4340 963 0 669 0 200 2168 47 317 116 50 58 0 0 0 0 0 0 0 0 0 18 804 31 0 0 152 0 0
 0 0 0 0 0 0 1 0 0 1052 497 1 0 0 0 0 38 0 0 0 0 0 0 0 0 0 0 0 0 0 0 0 0 0 0 0 0 0 0 0 0 0 0 0 0 0 0 140 0 0 0 0 0 1 203 0 0 0 0 0 0 0 0 0 0 580 0 0 0 0 11 0 9 0 6528
 12 1 5 0 1 28 31 0 1 5440 1874 12 24 0 0 0 3 0 0 9 0 0 0 0 0 0 0 0 0 1 0 0 0 1 17 0 0 2 32 4 3 0 4 0 0 251 148 262 389 718 0 0 1124 0 262 86 28 48 0 0 0 16 0 0 0 0 0 7 278 37 315 4 23 0 0
 0 0 0 0 0 0 5 0 0 1446 325 1393 0 0 0 0 0 0 0 0 0 0 0 0 0 0 0 0 0 0 0 0 0 0 0 0 0 12 1 3 3 0 10 0 0 0 0 1 0 3314 0 0 699 2260 201 0 0 0 0 1628 2 0 0 0 0 0 0 0 0 0 0 0 0 0 35141
 0 0 0 0 0 0 0 0 0 0 0 526 0 0 3 0 0 0 0 0 0 0 0 0 0 0 0 0 0 0 0 0 0 0 0 0 0 17 1 8 7 0 66 39 0 6140 609 12 117 15314 9168 724 456 1517 22 982 1612 109 0 403 28 0 0 0 0 378 0 0 0 0 89 0 0 158 0
 542 7 49 0 0 6 10 5 0 308 62 12 9 0 0 0 0 10 0 0 0 0 0 0 0 0 0 0 0 0 0 0 0 0 0 0 0 202 87 7 10 0 1 0 15 30 0 4 175 39 0 680 3224 168 79 13 12 8 0 0 0 0 0 0 0 0 0 0 553 0 545 0 2 0 724
 130 4 71 29 0 0 8 41 1 315 0 42 13 1 0 0 0 0 0 0 0 0 0 0 0 0 0 0 0 0 0 0 0 1 38 0 0 0 188 226 3 0 18 0 0 25 0 33 0 0 0 0 48021 2 692 0 0 0 0 145 0 0 0 0 0 0 0 0 5416 9 0 0 0 0 65608
 0 0 7 0 0 0 0 0 0 0 0 2136 0 1 0 0 0 0 0 0 0 0 0 0 0 0 0 0 0 0 0 0 0 0 0 0 0 57 2 14 10 0 21 0 0 24 0 0 1 0 0 0 0 10609 110 0 0 0 753 0 0 0 0 0 0 0 0 0 0 0 0 0 0 0 19782
 0 562 13 1 3 0 0 0 0 4 0 0 0 0 0 0 0 0 0 0 0 0 0 0 0 0 0 0 0 0 0 0 0 0 0 0 0 0 0 0 0 0 0 0 0 0 0 0 0 0 0 0 0 0 952 0 0 0 1054 0 0 0 0 0 0 0 0 0 0 229 2 0 31 0 12080
 0 1 1 0 0 13 36 0 0 1158 446 16 0 3 0 0 0 0 0 6 0 0 0 0 0 0 0 0 0 0 0 0 0 0 27 0 0 0 3 2 3 0 4 0 0 0 0 386 0 111 0 0 326 425 65 447 6 0 0 0 0 0 0 0 0 0 0 0 0 0 3606 0 0 0 4441
 0 1 6 0 0 0 0 0 0 19 0 59 10 1 0 0 5 0 0 3 0 0 578 0 0 0 0 0 0 0 0 0 0 0 0 0 0 9 2 5 4 0 5 0 0 25 0 3 0 190 0 0 21 288 13 0 848 12 0 0 18 0 0 0 0 442 821 0 0 159 1080 0 0 0 5415
 0 0 6 3 0 1 3 0 0 590 125 8 0 1 0 0 791 0 0 24 0 0 33 0 0 0 0 0 0 24 0 0 0 0 19 0 0 0 1 8 5 0 0 0 0 46 0 83 0 14 0 0 33 1 24 19 0 1011 0 0 0 0 0 2 0 814 0 35 0 99 601 1 7 0 7040
 2281 105 472 58 58 127 149 107 24 6625 0 386 6565 126 296 255 396 1034 13 587 2134 706 982 1025 5031 362 0 485 30 87 3120 1696 1503 293 751 448 133 0 126 204 79 169 191 0 4 1267 538 198 180 888 1144 323 1212 0 0 324 487 522 31372 0 16 636 9073 0 0 0 0 291 0 691 4550 3559 4 0 0
 519 11 13 2 4 26 94 13 2 1401 0 118 659 12 160 30 496 84 2 151 97 31 360 68 326 0 0 55 2 32 137 70 0 12 173 49 143 0 21 83 30 63 80 63 52 427 209 40 20 0 0 28 0 334 75 166 134 134 1359 1999 10 0 9618 4351 0 913 2406 442 651 434 3949 0 0 0 0
 0 0 0 0 0 0 0 0 0 0 0 0 0 0 0 0 0 0 0 0 0 0 0 0 0 0 0 0 0 0 0 0 0 0 8 0 0 0 0 0 0 0 0 0 0 0 0 0 0 0 0 0 0 0 0 0 0 0 0 0 12 0 0 0 0 0 451 0 0 0 0 0 0 0 135
 3178 75 336 405 296 0 0 560 352 1609 0 446 5534 88 1202 415 881 1146 13 513 4069 356 479 1849 7505 143 0 2265 34 60 3777 4182 2793 232 647 557 954 0 59 228 91 328 207 227 98 922 276 281 0 949 1343 299 1644 955 226 268 265 305 0 604 17 51703 17860 2037 5632 4169 459 4410 1043 1440 8665 0 3385 0 0
 6545 387 0 106 122 935 616 227 47 26087 6853 470 16677 199 1370 555 2787 1523 14 1456 60 0 0 1461 5740 496 0 564 86 75 1598 2686 2948 296 1932 1237 1310 577 692 1042 313 584 685 1102 0 2909 2454 828 739 3326 3180 627 6620 1384 1374 1110 569 783 0 0 7 0 10189 0 0 0 0 0 0 0 5289 0 0 0 55459
 2994 76 251 19 53 269 560 102 102 2501 223 118 1874 145 212 81 574 397 12 614 0 64 0 178 1466 80 364 390 7 110 480 315 379 76 297 284 398 88 38 87 44 137 128 153 272 931 455 86 160 484 614 224 635 1058 77 209 134 0 995 0 16 0 9783 65279 5818 280 0 1205 0 641 1811 0 0 0 3470
 12408 139 0 45 70 794 9422 228 39 1012 0 181 1462 59 129 71 763 261 6 355 275 136 534 357 1677 84 0 301 4 56 541 273 260 90 203 204 345 52 0 69 66 166 107 191 190 853 416 13 22 3644 645 105 306 458 509 340 156 401 2876 1315 84 0 34810 0 49610 3998 825 4907 1539 2819 38083 0 42 42 0
 244 16 0 3 7 34 70 49 8 475 0 61 667 12 0 2 0 0 3 105 9 0 0 92 0 43 0 0 15 0 0 112 97 33 245 46 0 26 12 25 17 45 36 66 19 411 149 0 50 524 0 94 117 872 43 50 0 0 139 0 12 0 1791 0 0 1279 0 413 0 443 1902 0 0 0 8593
 2353 154 614 87 107 1082 1449 327 92 46412 2664 947 11982 1268 1409 376 2170 1006 26 1767 0 164 0 1500 11994 384 524 1188 22 321 1644 1155 1063 154 1297 954 1120 185 0 185 11 390 76 65 1042 3039 1268 800 298 4170 840 402 3920 3288 283 1258 0 850 4004 0 0 0 77555 25518 0 2149 39370 3147 0 345 23456 0 179 0 0
 0 0 117 4 10 0 425 27 13 190 0 190 0 24 136 15 214 130 5 163 0 0 1039 178 911 82 0 0 3 39 0 122 135 56 218 0 117 44 28 61 39 113 0 204 0 769 0 70 0 647 673 84 183 1167 88 249 290 0 0 0 20 0 2767 0 0 0 0 278 0 0 3191 0 0 0 46901
 546 46 276 37 64 196 239 50 22 950 0 32 692 39 65 11 111 245 3 195 170 74 255 132 236 0 0 0 2 18 0 60 120 24 125 0 0 0 8 20 33 59 26 30 0 146 0 25 0 31 256 0 0 146 41 244 93 61 2328 0 1 0 861 489 0 467 397 120 429 682 2538 333 0 0 4804
 0 0 183 0 0 0 8 2 1 2 0 1 0 2 0 0 0 0 0 22 0 0 0 2 0 0 0 0 0 0 0 1 0 1 11 0 0 2 0 1 2 1 0 8 0 0 0 0 0 8 39 27 0 32 0 33 0 0 0 0 343 0 1052 0 0 0 0 1154 0 6802 499 0 0 0 8430
 333 0 0 5 9 15 58 8 3 10 0 11 0 11 0 0 0 4 3 68 0 0 0 52 0 0 0 0 1 0 0 1 37 12 35 0 0 7 4 4 4 25 8 32 14 25 16 0 0 34 0 0 108 124 0 0 0 0 0 0 5 0 0 0 0 0 0 0 0 0 6960 0 0 0 139196
 0 0 79 3 8 0 23 8 7 236 0 23 0 50 46 30 176 50 2 95 5 0 739 30 193 31 0 52 2 28 86 70 44 5 69 0 60 5 18 19 15 17 36 40 4 108 56 49 0 358 129 2 152 239 11 75 31 0 0 176 2 70 3203 7080 213 156 2242 143 0 54 2351 618 8 0 0
 0 4 25 1 3 0 0 11 0 136 0 9 307 5 22 11 8 11 0 8 67 8 0 13 0 0 0 0 6 0 0 19 17 5 11 7 20 0 0 4 2 1 3 4 0 29 0 0 0 18 22 0 11 16 0 9 2 0 0 63 2 0 294 15 0 84 0 42 51 24 261 0 3 0 6752
 8 4 5 13 74 38 510 14 12 1 0 0 4352 5 70 275 164 14 0 27 1052 11 31 123 1429 67 800 864 1 1 282 1079 2722 10 96 6 114 42 72 109 20 117 60 19 0 198 121 55 40 389 0 80 1350 3 13 126 81 902 7008 2577 1 287 1498 2511 0 72 966 94 130 128 60 845 0 21 0
 23220 3469 8076 1431 968 8781 121691 4345 1072 0 14569 0 0 0 9261 0 0 18466 179 0 14351 8247 2699 7053 2077 2764 0 18407 898 0 22721 37304 17096 4814 10116 12202 17465 1873 0 0 0 30 0 4885 7829 0 3235 0 5757 0 9657 0 0 0 0 0 0 0 32175 19281 0 35624 0 0 95052 0 240617 0 0 0 0 9386 0 33998 0
