75
 30318 108 0 0 0 0 3 0 0 0 0 0 70864 3354 843 0 21 0 0 0 0 2 0 0 0 29 2 0 0 0 0 0 0 0 0 11 0 0 0 0 0 0 0 0 5 0 0 0 3 0 1 0 0 0 0 0 0 0 1 0 7 0 0 0 0 0 0 0 1713 1187 0 1711 1 0 0
 0 281 0 0 0 0 0 0 0 0 0 0 1361 0 1 0 343 0 4601 3 3 4 41 0 0 21 25 0 0 0 0 1 0 0 0 0 10 0 0 0 0 0 1 1 1 0 0 0 0 0 0 0 1 0 0 0 0 0 0 0 7 0 0 0 0 0 0 0 1069 0 4 14 0 0 0
 6306 1206 304 0 1 11 1 0 2 1025 1849 1 0 0 2 0 1 0 110 0 1 0 0 0 0 2 1 0 0 0 0 0 0 1 1 0 1 0 0 0 0 0 0 0 0 0 0 0 0 1 0 0 3 2 0 0 0 0 0 0 0 0 0 0 0 2237 0 0 0 0 214 0 0 0 0
 0 0 0 184 0 0 0 0 0 0 0 2 1 0 0 0 0 0 0 0 0 0 2 0 72 2 9 0 0 0 0 0 3 2405 14 0 7 0 22 0 1 0 0 3 1 0 0 1 0 0 0 4 0 1 8 0 0 0 0 1 0 0 0 0 0 0 0 0 0 0 0 0 0 0 0
 0 0 0 21 240 0 0 0 0 0 0 0 1 0 0 0 0 0 0 0 0 0 4 0 378 8 20 0 0 0 0 4 0 0 1710 1 26 0 0 0 0 0 0 2 1 0 0 0 0 0 0 0 1 3 32 2 1 0 5 2 1 0 0 0 0 0 0 0 0 0 0 0 0 0 0
 21 0 0 11 13 4458 8 16 2 0 0 12 154 9 0 7 0 4 0 1 6 1 328 0 0 26 1 0 0 1 1 2 222 2351 0 0 10 0 0 0 4 0 0 3 1 0 0 3 4 0 6 0 7 6 0 58 8 2 0 10 0 0 0 0 10832 0 0 0 38 7 0 1219 299 0 0
 0 0 0 0 0 0 5725 50 0 0 0 0 6 0 7 8 0 3 1 0 0 0 14 0 9624 111 145 99207 1378 0 0 0 45 0 2 40 0 1 0 0 1 0 0 0 3 0 0 0 1 0 0 0 0 6 0 0 0 0 0 10 0 0 0 0 31302 0 0 0 0 0 0 0 6 0 0
 238 3 5 15 3 0 0 189 7 1917 1697 0 18 0 0 2 0 1 1 0 0 0 190 0 198 32 37 167 0 0 0 280 1702 105 6 0 0 0 0 0 0 0 0 0 1 0 0 2 0 0 0 0 3 3 0 0 1 0 1 1 30 0 0 0 0 0 0 0 0 0 0 0 0 0 0
 1 0 0 0 0 0 0 0 75 0 0 0 26 0 0 0 0 0 0 0 0 0 41 0 1563 25 8 0 84 2 0 6 96 33 0 0 0 0 0 0 0 0 0 1 3 0 0 0 14 0 0 0 0 4 0 0 0 0 3 7 1 0 0 0 0 0 0 0 0 0 0 0 2 0 0
 0 0 0 0 0 0 0 0 0 0 0 0 0 0 0 0 0 0 0 0 0 0 0 0 0 0 0 0 0 0 0 0 0 0 0 0 0 0 0 0 0 0 0 0 0 0 0 0 0 0 0 0 0 0 0 0 0 0 0 0 0 0 0 0 0 0 0 0 0 0 0 0 0 0 207589
 704 355 0 19 9 146 4313 0 15 594 211 67 864 14 113 0 91 0 0 3 19 0 0 118 0 67 0 0 0 4 11 0 0 0 0 46 0 101 0 49 23 0 0 24 34 0 0 406 0 0 0 0 0 196 0 72 148 44 0 45 0 2510 4992 3 13958 16794 797 0 493 719 1293 512 3399 12 0
 0 18 0 0 0 0 0 0 0 23 0 1538 0 0 0 0 0 0 0 0 0 0 0 0 0 0 0 0 0 0 0 0 26 0 0 0 4 0 0 0 0 0 0 0 5 0 0 0 0 0 0 0 0 0 0 0 0 19 0 0 0 0 0 0 0 0 0 0 0 0 0 0 0 19 9785
 0 0 32 0 0 0 0 0 0 10 0 1 50209 4 1 0 0 0 0 0 29 5 0 0 0 0 216 0 0 453 14 0 0 0 0 0 7 0 0 1 0 2 0 0 0 0 0 3 0 3 3 0 5 12 0 0 8 4 38 0 16 0 0 1 0 0 0 0 39211 561 3996 1183 0 0 113089
 0 0 0 0 0 0 0 0 0 0 0 0 0 3607 0 0 0 0 0 0 0 0 0 0 0 0 0 0 0 0 0 0 0 0 0 4 0 0 0 0 0 0 0 0 0 0 0 0 0 0 0 0 0 0 0 0 0 0 0 0 0 0 0 0 0 0 0 0 0 0 0 0 0 0 6627
 0 0 0 0 1 5 0 1 4 0 0 4 0 1 10645 2036 11333 4386 14 0 932 32 492 27 0 0 0 0 0 0 203 0 195 0 32 0 5 2 8 1 1 0 0 0 0 3 0 7 2 4 42 17 7 0 0 29 116 12 360 3 386 0 0 0 0 0 93 0 0 51 16 0 0 0 0
 42 53 34 0 0 0 0 0 0 1892 436 3 9 0 0 769 42 1041 46 0 200 220 197 43 0 0 0 0 0 0 191 0 0 0 0 0 4 1 4 2 1 1 1 0 0 107 2 4 2 6 2 0 4 3 5 315 3 241 260 11 52 0 0 0 0 0 0 0 0 24 20 0 0 0 2034
 0 0 0 0 1 9 14 3 1 38 0 15 4 2 0 0 9259 0 14 0 44 10 0 0 0 0 0 0 0 0 13 3 0 8 2 1 6 1 0 4 1 1 0 0 0 1 0 4 2 5 0 0 36 41 0 7 15 17 29 0 0 0 0 0 0 0 249 0 0 121 534 0 0 0 22763
 24 13 57 0 0 0 0 0 0 87 43 2 64 0 0 0 666 443 0 0 49 4 0 0 0 0 0 0 0 0 0 0 0 0 0 0 3 49 0 5 2 3 1 0 0 1 0 0 3 3 3 1 1 0 8 3355 108 92 0 0 47 0 0 0 0 0 528 0 31 65 547 113 1 0 2603
 9 0 0 4 22 101 0 0 2 20859 2722 31 33 3 0 0 0 29 14617 174 1862 903 3356 0 0 14 0 0 0 0 33 74 0 28 89 16 0 0 0 3 24 11 0 0 0 4 0 23 36 8 74 12 50 21 0 164 41 1135 44 0 482 0 0 0 0 0 0 0 0 108 0 0 0 0 0
 177 0 15 0 0 0 0 0 0 0 0 20 53 3 0 0 0 0 0 3 8 4 0 0 0 0 0 0 0 0 1 56 0 4 14 0 28 19 0 0 1 2 4 5 1 6 0 0 21 10 16 0 21 1 0 6 7 0 0 0 5 0 0 0 0 0 0 0 0 0 0 0 0 1 0
 0 0 0 0 0 0 0 0 0 105 0 3 0 0 0 0 0 0 0 0 32 2 0 0 0 0 0 0 0 0 0 0 0 0 0 0 0 0 0 0 0 0 0 0 0 0 0 4 0 1 0 0 414 30 0 0 16 92 0 0 0 0 0 0 0 0 0 0 0 0 0 0 0 0 8889
 0 0 0 0 0 0 0 0 0 783 137 1 0 0 0 0 0 0 0 0 0 119 0 0 0 0 0 0 0 0 0 0 0 0 0 0 0 0 0 0 0 1 3 0 0 0 0 0 0 0 34 0 0 0 0 496 24 101 0 0 0 0 0 0 0 0 0 0 0 0 0 0 0 0 6332
 319 0 111 0 0 0 0 0 0 967 44 49 10051 350 0 0 444 200 0 32 204 210 22184 10283 0 1360 40 0 0 8 126 530 584 0 0 54 240 283 0 58 39 11 19 0 0 0 0 518 166 311 304 228 314 418 105 271 39 34 508 703 830 0 0 1 0 848 0 5248 1144 28 2001 0 0 0 0
 43 1 9 0 0 4 17 6 0 13 0 56 1840 195 0 0 77 35 9 2 33 23 0 6089 0 196 38 0 0 0 16 28 21 0 0 184 55 34 0 13 10 17 14 17 0 25 0 116 26 57 21 15 379 100 12 67 117 35 96 0 0 0 0 3 0 3945 0 3797 0 108 8077 0 14 0 0
 6757 270 1497 0 0 153 0 0 0 748 24 77 1822 27 782 567 108 70 806 1 50 96 1455 1163 21439 4247 2511 1397 14100 116 49 657 745 1286 0 0 76 131 619 0 9 7 6 102 0 0 0 72 16 120 75 115 164 1034 423 373 73 67 148 1505 421 0 0 1 0 0 0 0 0 61 5066 0 128 0 0
 0 0 0 0 0 0 0 0 0 94 0 2 517 14 65 7 173 2 0 0 0 0 0 0 0 3470 0 63 0 35 17 0 10 0 0 0 3 0 0 0 0 0 0 0 0 0 0 0 0 0 0 0 0 0 0 0 0 1 0 0 0 0 0 0 0 0 551 0 0 0 8352 0 0 0 16704
 0 0 0 0 0 0 0 0 0 2897 2262 7 0 0 1 4 0 0 293 0 166 130 0 0 0 37 137 0 0 0 0 15 0 0 0 0 157 98 263 9 28 22 9 30 0 7 0 82 58 69 140 41 52 9 25 636 80 179 31 2 132 0 35 0 0 0 566 0 0 0 6 0 0 0 0
 7004 343 647 64 67 698 0 0 6 7670 3176 108 1427 56 268 92 280 49 614 7 96 74 1525 310 0 0 218 10211 1352 17 8 156 529 695 493 0 221 87 0 73 21 37 59 114 73 0 33 406 114 175 29 46 185 299 70 197 349 135 160 149 188 9648 28 1 11591 6536 2116 0 120 329 3168 520 626 0 36640
 771 0 76 31 22 60 0 8 0 1332 648 229 3966 425 4090 2509 2024 870 136 0 1044 702 987 441 0 1992 550 0 20566 0 541 0 243 0 861 0 366 134 986 59 303 296 120 0 0 81 0 2197 550 607 1108 539 3235 2820 565 7800 428 562 1306 1456 1553 0 0 0 0 0 295 0 1103 151 3371 0 0 0 0
 0 0 0 0 0 0 0 0 0 0 0 0 0 0 3 1 260 162 2 0 61 5 0 3 0 0 0 0 7 74 1188 0 0 0 0 0 0 0 2 0 0 0 0 0 0 0 0 0 0 0 0 0 0 0 0 0 0 0 1 0 60 0 0 0 0 0 0 0 0 0 0 0 0 0 0
 55 0 4 0 0 0 1 0 0 3 0 0 0 0 0 0 0 1 0 0 0 0 0 0 0 0 1 0 0 0 474 4 0 0 0 0 0 0 0 0 0 0 0 0 0 0 0 2 0 0 0 0 2 0 0 7 2 0 2 1 0 0 0 0 0 0 13 0 0 23 36 0 0 0 3192
 8 0 2 0 0 0 5 0 0 288 149 7 3939 0 125 33 0 5 0 0 89 24 0 0 0 564 0 0 511 0 0 1118 0 0 0 1 413 9 47 4 2 2 3 0 0 0 0 38 19 5 94 435 100 519 20 1605 14 184 115 217 22 0 0 0 0 0 478 0 157 0 306 0 0 0 0
 146 1 16 0 16 0 0 0 0 20842 5426 0 63 2 0 6 1 5 107 2 73 52 0 0 0 0 10 0 0 4 4 95 4489 233 0 3 80 22 0 87 19 0 18 191 56 54 121 142 107 160 99 7 102 433 29 414 115 331 81 65 77 0 0 0 0 0 732 0 13 4 30 0 24 0 0
 18 0 0 0 12 0 437 0 0 4855 532 552 9 1 1 3 0 7 0 0 300 1278 112 62 0 20 19 0 518 0 1 12 0 9272 0 2725 7090 6388 4071 1201 865 1970 765 1076 777 1398 569 461 1233 886 1146 678 432 438 321 9877 1318 1534 375 70 506 0 0 0 0 0 0 0 0 0 0 0 0 0 0
 0 0 0 0 0 33 0 0 0 3725 854 457 3 0 0 26 0 3 0 0 110 195 62 33 97 34 19 0 0 0 2 27 74 625 14133 1546 3684 977 1818 458 109 97 141 0 272 230 217 1113 1082 1255 582 704 1674 1838 1157 2546 2172 505 632 425 900 0 19 0 0 0 0 0 0 3 0 0 0 0 0
 0 7 0 0 0 0 0 0 0 0 0 0 8853 0 0 1 0 1 0 0 0 0 0 0 655 786 211 361 66 0 0 0 0 0 0 405 1 8 0 0 0 0 0 0 1 0 0 0 0 0 0 0 0 1 1 0 0 0 13 0 1 0 0 0 0 0 0 0 0 0 0 0 0 0 0
 20 0 0 0 0 0 45 13 4 22247 7219 0 0 0 0 0 0 0 6 0 0 1 0 0 0 0 0 0 0 0 0 0 0 0 0 0 713 0 0 129 2 243 97 0 124 0 0 33 42 0 3 0 482 51 15 0 66 1230 0 10 0 0 0 0 0 0 0 0 0 0 0 0 0 0 0
 26 0 1 4 16 244 0 14 7 144 0 120 628 0 0 0 0 0 335 0 87 203 0 0 0 163 0 0 0 0 17 0 0 0 0 0 1065 1037 40 272 194 104 84 0 84 232 0 1253 435 363 329 321 674 951 220 12035 579 222 498 208 117 0 0 0 0 0 2780 0 285 16 133 23 0 0 0
 377 24 40 0 27 104 493 55 3 6757 3179 210 943 90 0 0 22 1 937 1 812 529 90 52 0 357 0 71 0 0 55 0 231 0 0 125 1350 0 1717 112 113 189 138 0 225 175 0 942 454 107 391 271 988 1140 482 3586 525 393 446 214 316 0 0 0 0 0 1916 0 0 24 206 0 0 0 0
 0 18 50 28 28 220 216 57 20 0 0 54 0 0 0 0 0 0 0 0 1 2 0 0 8 0 0 0 0 0 0 0 0 0 0 0 0 0 0 1443 869 555 116 0 109 0 0 2 66 3 4 0 0 0 0 1461 0 971 2 0 4 101 178 0 1327 0 6 0 0 0 0 0 12 0 0
 1267 19 75 0 0 0 0 0 0 0 0 0 29 0 0 0 0 0 0 0 0 0 0 0 0 0 0 0 0 0 0 0 0 0 0 0 0 0 0 0 356 9 0 0 0 0 0 0 0 0 0 0 0 0 0 0 0 2 0 0 0 0 0 0 0 0 0 106 0 4 0 0 37 0 3285
 0 0 0 47 61 799 112 140 22 432 1 0 0 0 0 0 0 0 0 0 0 0 0 0 0 0 0 0 0 0 0 0 50 0 0 0 0 0 0 0 0 566 9 0 0 0 0 0 0 0 0 0 0 0 0 0 0 44 0 0 0 0 0 0 0 0 0 0 0 0 0 0 0 0 5789
 0 0 0 17 13 117 0 45 4 1221 451 2 1 1 31 0 2 0 4 0 0 0 0 0 0 0 0 0 0 0 0 0 0 0 0 0 0 0 0 0 0 0 345 0 8 0 0 0 0 0 0 0 0 0 0 0 0 4 0 0 0 0 0 0 0 0 0 0 0 0 0 0 0 0 1515
 0 0 3 0 0 0 29 4 0 57 0 122 43 3 10 3 11 2 93 0 14 47 16 0 0 17 0 0 27 0 7 43 0 0 97 49 126 256 138 174 66 123 65 937 159 0 0 309 170 0 62 68 240 222 101 423 604 112 108 21 32 0 0 0 0 0 0 0 0 0 0 0 0 0 0
 0 0 0 0 0 0 0 0 0 0 0 0 151 0 153 126 83 15 11 0 10 1 364 296 401 9 0 0 2 0 3 48 0 0 0 0 0 0 0 0 0 0 0 0 380 0 0 0 0 0 0 0 0 0 0 0 0 5 0 0 15 0 0 0 0 0 0 0 18 0 0 0 0 0 3449
 49 9 11 37 27 436 333 70 11 1367 158 184 119 21 0 0 0 0 0 0 13 75 0 0 304 139 0 2 0 0 1 6 0 0 0 6 221 0 0 202 468 1075 552 75 562 2087 0 94 603 0 100 6 368 0 107 1133 449 635 4 69 60 176 0 0 0 0 0 0 0 0 0 0 0 0 0
 146 2 9 4 16 116 202 33 5 206 43 155 162 3 51 0 44 15 120 2 29 51 24 4 68 29 4 0 279 2 13 63 0 0 0 38 249 977 91 398 207 121 148 219 397 244 1382 261 310 102 58 52 371 221 0 1816 707 303 182 51 68 0 0 0 0 0 673 0 181 5 0 0 76 18 0
 0 0 0 0 0 0 0 0 0 0 0 10 0 1 0 0 0 1 0 0 0 10 0 0 0 4 0 0 0 0 0 0 0 0 0 0 0 0 0 0 1 3 4 0 0 0 0 9408 0 0 6 0 293 0 0 0 0 4 5 0 0 0 0 0 0 0 0 0 0 6 0 0 0 0 29061
 0 0 0 0 0 0 0 0 0 4047 1811 2 57 0 0 0 0 0 0 0 0 1 0 0 0 3 0 0 0 0 0 0 0 0 0 0 0 0 0 0 2 2 2 0 6 0 0 0 992 0 259 0 8 0 2 1874 0 117 0 0 0 0 0 0 0 0 685 0 203 29 1 1 0 0 493
 25 0 0 5 11 113 334 27 7 2365 773 136 0 0 0 0 0 0 0 0 0 46 0 0 0 10 0 0 0 0 0 0 0 0 0 2 239 0 0 0 80 184 243 168 479 641 0 2336 1262 2076 704 3 661 0 198 294 58 200 367 59 72 0 0 0 8 0 0 0 0 2 0 0 154 0 0
 0 0 0 0 0 0 1 0 0 1052 497 1 0 0 0 0 41 0 0 0 0 0 0 0 0 0 0 0 0 0 0 0 0 0 0 0 0 0 0 0 0 0 0 0 0 0 0 0 0 0 140 0 0 0 0 0 1 203 0 0 0 0 0 0 0 0 555 0 0 0 11 0 9 0 6528
 12 1 5 0 1 28 31 0 1 5440 1874 12 24 0 0 0 4 0 0 0 3 6 0 0 0 6 0 0 0 0 1 0 0 0 0 1 17 0 0 2 32 4 3 0 4 0 0 251 151 0 262 389 718 0 0 1124 0 262 86 28 48 0 0 0 16 0 228 0 7 37 315 4 23 0 0
 0 0 0 0 0 0 5 0 0 1446 325 1393 0 0 0 0 0 0 0 0 0 3 0 0 0 0 0 0 0 0 0 0 0 0 0 0 0 0 0 12 1 3 3 0 10 0 0 0 0 0 1 0 3314 0 0 699 2260 201 0 0 0 0 1628 2 0 0 0 0 0 0 0 0 0 0 35141
 0 0 0 0 0 0 0 0 0 0 0 526 0 0 3 0 0 2 0 0 0 9 0 0 0 17 0 0 0 0 0 0 0 0 0 0 0 0 0 17 1 8 7 0 66 39 0 6140 7 602 12 117 15314 9168 724 456 1517 22 982 1612 109 0 403 28 0 0 122 0 0 0 89 0 0 158 0
 542 7 49 0 0 6 10 5 0 308 62 12 9 0 0 0 3 0 10 0 0 0 0 0 0 4 0 0 0 0 0 0 0 0 0 0 0 0 0 202 87 7 10 0 1 0 15 30 0 0 4 175 39 0 680 3224 168 79 13 12 8 0 0 0 0 0 459 0 0 0 545 0 2 0 724
 130 4 71 29 0 0 8 41 1 315 0 42 13 1 0 0 0 0 0 0 1 0 0 0 0 0 0 0 0 0 0 0 0 0 0 1 38 0 0 0 188 226 3 0 18 0 0 25 0 0 33 0 0 0 0 48021 2 692 0 0 0 0 145 0 0 0 5299 0 0 9 0 0 0 0 65608
 0 0 7 0 0 0 0 0 0 0 0 2136 0 1 0 0 0 0 0 0 0 0 0 0 0 0 0 0 0 0 0 0 0 0 0 0 0 0 0 57 2 14 10 0 21 0 0 24 11 0 0 1 0 0 0 0 10609 110 0 0 0 753 0 0 0 0 0 0 0 0 0 0 0 0 19782
 0 562 13 1 3 0 0 0 0 4 0 0 0 0 0 0 0 0 0 0 0 0 0 0 0 0 0 0 0 0 0 0 0 0 0 0 0 0 0 0 0 0 0 0 0 0 0 0 0 0 0 0 0 0 0 0 0 952 0 0 0 1054 0 0 0 0 0 0 0 229 2 0 31 0 12080
 0 1 1 0 0 13 36 0 0 1158 446 16 0 3 0 0 0 0 0 0 1 5 0 0 0 46 0 0 0 0 0 0 0 0 0 0 27 0 0 0 3 2 3 0 4 0 0 0 251 0 386 0 111 0 0 326 425 65 447 6 0 0 0 0 0 0 0 0 0 0 3606 0 0 0 4441
 0 1 6 0 0 0 0 0 0 19 0 59 10 1 0 0 5 0 0 0 1 2 0 578 0 12 0 0 0 0 0 0 0 0 0 0 0 0 0 9 2 5 4 0 5 0 0 25 9 0 3 0 190 0 0 21 288 13 0 848 12 0 0 18 0 0 349 821 0 159 1080 0 0 0 5415
 0 0 6 3 0 1 3 0 0 590 125 8 0 1 0 0 838 0 0 0 22 2 0 33 0 21 0 0 0 0 24 0 0 0 0 0 19 0 0 0 1 8 5 0 0 0 0 46 14 0 83 0 14 0 0 33 1 24 19 0 1011 0 0 0 0 0 753 0 35 99 601 1 7 0 7040
 2281 105 472 58 58 127 149 107 24 6625 0 386 6565 126 296 255 375 21 1034 13 317 270 2840 982 3913 1118 362 0 1510 30 87 430 2690 1696 1503 293 751 448 133 0 126 204 79 169 191 0 4 1267 318 220 198 180 888 1144 323 1212 0 0 324 487 522 31372 0 16 636 5202 0 0 291 691 4550 3559 4 0 0
 519 11 13 2 4 26 94 13 2 1401 0 118 659 12 160 30 442 54 84 2 87 64 128 360 219 107 0 0 123 2 32 39 98 70 0 12 173 49 143 0 21 83 30 63 80 63 52 427 77 132 40 20 0 0 28 0 334 75 166 134 134 1359 1999 10 0 12654 1564 2406 442 434 3949 0 0 0 0
 0 0 0 0 0 0 0 0 0 0 0 0 0 0 0 0 0 0 0 0 0 0 0 0 0 0 0 0 0 0 0 0 0 0 0 0 8 0 0 0 0 0 0 0 0 0 0 0 0 0 0 0 0 0 0 0 0 0 0 0 0 0 0 12 0 0 0 451 0 0 0 0 0 0 135
 3178 75 336 405 296 0 0 560 352 1609 0 446 5534 88 1202 415 694 187 1146 13 237 276 4425 479 6696 809 143 0 4114 34 60 1274 2503 4182 2793 232 647 557 954 0 59 228 91 328 207 227 98 922 284 0 281 0 949 1343 299 1644 955 226 268 265 305 0 604 17 51703 25529 5212 459 4410 1440 8665 0 3385 0 0
 21947 602 0 170 245 1998 10598 557 188 29600 0 769 20013 403 1711 707 3249 875 2181 32 1327 1098 0 0 5266 3617 660 0 3251 97 241 806 1813 3274 3587 462 2432 1725 2053 717 702 1198 423 887 920 1446 444 4693 1070 2255 927 921 7454 4439 956 7561 2900 1960 1659 859 1182 0 0 107 0 198643 2676 0 3345 2408 45183 0 0 0 0
 790 62 207 40 71 230 309 99 30 1425 0 93 1359 51 0 13 0 0 208 6 157 143 203 241 147 0 0 0 0 17 0 0 0 172 217 57 370 0 0 0 20 45 50 104 62 96 0 557 0 30 0 0 555 0 0 0 1018 84 294 0 0 2467 0 13 0 0 2615 0 533 1125 4440 177 0 0 13397
 2353 154 614 87 107 1082 1449 327 92 46412 2664 947 11982 1268 1409 376 1732 438 1006 26 842 925 0 0 2594 9400 384 524 2688 22 321 394 1250 1155 1063 154 1297 954 1120 185 0 185 11 390 76 65 1042 3039 599 669 800 298 4170 840 402 3920 3288 283 1258 0 850 4004 0 0 0 102248 1752 39370 3147 345 23456 0 179 0 0
 0 0 117 4 10 0 425 27 13 190 0 190 0 24 136 15 245 0 130 5 87 76 0 1039 438 473 82 0 0 3 39 0 0 122 135 56 218 0 117 44 28 61 39 113 0 204 0 769 0 185 70 0 647 673 84 183 1167 88 249 290 0 0 0 20 0 0 0 0 278 0 3191 0 0 0 46901
 0 0 183 0 0 0 8 2 1 2 0 1 0 2 0 0 0 0 0 0 16 6 0 0 0 4 0 0 0 0 0 1 0 1 0 1 11 0 0 2 0 1 2 1 0 8 0 0 0 0 0 0 8 39 27 0 32 0 33 0 0 0 0 343 0 0 0 0 1154 6802 499 0 0 0 8430
 333 0 0 5 9 15 58 8 3 10 0 11 0 11 0 0 0 0 4 3 43 25 0 0 0 0 0 0 0 1 0 0 0 1 37 12 35 0 0 7 4 4 4 25 8 32 14 25 0 17 0 0 34 0 0 108 124 0 0 0 0 0 0 5 0 0 0 0 0 0 6960 0 0 0 139196
 0 0 79 3 8 0 23 8 7 236 0 23 0 50 46 30 289 0 50 2 45 50 3 739 102 91 31 0 82 2 28 27 59 70 44 5 69 0 60 5 18 19 15 17 36 40 4 108 0 57 49 0 358 129 2 152 239 11 75 31 0 0 176 2 70 10496 0 2242 143 54 2351 618 8 0 0
 0 4 25 1 3 0 0 11 0 136 0 9 307 5 22 11 9 0 11 0 5 3 75 0 0 21 0 0 10 6 0 5 0 19 17 5 11 7 20 0 0 4 2 1 3 4 0 29 2 0 0 0 18 22 0 11 16 0 9 2 0 0 63 2 0 267 135 0 42 24 261 0 3 0 6752
 8 4 5 13 74 38 510 14 12 1 0 0 4352 5 70 275 67 97 14 0 20 7 1063 31 869 560 67 800 987 1 1 177 105 1079 2722 10 96 6 114 42 72 109 20 117 60 19 0 198 11 110 55 40 389 0 80 1350 3 13 126 81 902 7008 2577 1 287 3967 202 966 94 128 60 845 0 21 0
 23220 3469 8076 1431 968 8781 121691 4345 1072 0 14569 0 0 0 9261 0 0 0 18466 179 0 0 22598 2699 18781 0 2764 0 25460 898 0 5295 17426 37304 17096 4814 10116 12202 17465 1873 0 0 0 30 0 4885 7829 0 0 3728 0 5757 0 9657 0 0 0 0 0 0 0 32175 19281 0 35624 36123 0 240617 0 0 0 9386 0 33998 0
