75
 8490 0 42 0 0 0 0 0 0 0 0 0 0 48318 84 22 3 4 0 0 0 1 0 0 0 7 0 0 0 0 0 0 0 0 0 5 0 0 0 0 0 0 0 0 3 0 0 0 2 0 1 0 0 0 0 0 0 0 0 0 0 0 0 0 0 0 0 531 0 73 0 0 0 0 0
 14593 2871 66 0 0 0 0 3 0 0 0 0 0 25900 759 0 18 0 0 0 0 1 0 0 0 54 0 0 0 0 0 0 0 0 0 6 0 3 0 0 0 0 0 0 2 0 0 0 1 0 0 0 0 0 0 0 1 0 11 0 0 0 0 0 0 0 0 1182 0 1114 143 1716 1 0 0
 0 0 281 0 0 0 0 0 0 0 0 0 0 1361 1 0 343 0 4601 3 3 4 42 0 0 3 0 0 0 0 0 1 0 0 0 0 10 0 0 0 0 0 1 1 1 0 0 0 0 0 0 0 1 0 0 0 0 0 7 0 0 0 0 0 0 0 0 1069 0 0 4 14 0 0 0
 2639 3667 1206 304 0 1 11 1 0 2 1025 1849 1 0 2 0 1 0 110 0 1 0 0 0 0 13 0 0 0 0 0 0 0 1 1 0 1 0 0 0 0 0 0 0 0 0 0 0 0 1 0 0 3 0 0 0 0 0 0 0 0 0 378 0 2110 69 0 0 0 0 214 0 0 0 0
 0 0 0 0 184 0 0 0 0 0 0 0 2 1 0 0 0 0 0 0 0 0 1 1 0 6 74 0 0 0 0 0 3 2405 14 0 7 0 22 0 1 0 0 3 1 0 0 1 0 0 0 4 0 9 0 0 0 1 0 0 0 0 0 0 0 0 0 0 0 0 0 0 0 0 0
 0 0 0 0 21 240 0 0 0 0 0 0 0 1 0 0 0 0 0 0 0 0 4 0 0 26 386 0 0 0 0 4 0 0 1710 1 26 0 0 0 0 0 0 2 1 0 0 0 0 0 0 0 1 35 0 1 5 2 1 0 0 0 0 0 0 0 0 0 0 0 0 0 0 0 0
 17 4 0 0 11 13 4458 8 16 2 0 0 12 163 0 7 0 4 0 1 6 1 322 6 0 136 0 0 0 1 1 2 222 2351 0 0 10 0 0 0 4 0 0 3 1 0 0 3 4 0 6 0 7 0 60 8 0 10 0 0 0 10832 0 0 0 0 0 38 0 7 0 1219 299 0 0
 0 0 0 0 0 0 0 5725 50 0 0 0 0 6 7 8 0 3 1 0 0 0 14 0 0 1143 9735 99352 235 0 0 0 45 0 2 40 0 1 0 0 1 0 0 0 3 0 0 0 1 0 0 0 0 0 0 0 0 10 0 0 0 31302 0 0 0 0 0 0 0 0 0 0 6 0 0
 2 236 3 5 15 3 0 0 189 7 1917 1697 0 18 0 2 0 1 1 0 0 0 193 0 0 17 230 204 0 0 0 280 1702 105 6 0 0 0 0 0 0 0 0 0 1 0 0 2 0 0 0 0 3 0 0 1 1 1 30 0 0 0 0 0 0 0 0 0 0 0 0 0 0 0 0
 0 1 0 0 0 0 0 0 0 75 0 0 0 26 0 0 0 0 0 0 0 0 41 0 0 80 1588 2 4 2 0 6 96 33 0 0 0 0 0 0 0 0 0 1 3 0 0 0 14 0 0 0 0 4 0 0 3 7 1 0 0 0 0 0 0 0 0 0 0 0 0 0 2 0 0
 0 0 0 0 0 0 0 0 0 0 0 0 0 0 0 0 0 0 0 0 0 0 0 0 0 0 0 0 0 0 0 0 0 0 0 0 0 0 0 0 0 0 0 0 0 0 0 0 0 0 0 0 0 0 0 0 0 0 0 0 0 0 0 0 0 0 0 0 0 0 0 0 0 0 207589
 207 497 355 0 19 9 146 4313 0 15 594 211 67 878 113 0 91 0 0 3 19 0 0 86 118 176 43 0 0 4 11 0 0 0 0 46 0 101 0 49 23 0 0 24 34 0 0 406 0 0 0 0 0 134 116 148 0 45 0 2510 4995 13958 0 0 23870 453 0 493 344 719 1293 512 3399 12 0
 0 0 18 0 0 0 0 0 0 0 23 0 1538 0 0 0 0 0 0 0 0 0 0 0 0 0 0 0 0 0 0 0 26 0 0 0 4 0 0 0 0 0 0 0 5 0 0 0 0 0 0 0 0 0 0 0 0 0 0 0 0 0 0 0 0 0 0 0 0 0 0 0 0 19 9785
 0 0 0 32 0 0 0 0 0 0 10 0 1 53820 0 0 0 0 0 0 29 5 0 0 0 4 0 0 0 453 14 0 0 0 0 0 7 0 0 1 0 2 0 0 0 0 0 2 0 3 3 0 5 3 0 7 35 0 15 0 0 0 0 0 0 0 0 39187 0 559 3985 1133 0 0 119716
 0 0 0 0 0 1 5 0 1 4 0 0 4 0 10645 2036 11333 4386 14 0 932 32 748 0 27 0 0 0 526 0 203 0 195 0 32 0 5 2 8 1 1 0 0 0 0 3 0 7 2 4 42 17 7 0 41 116 360 3 386 0 0 0 0 0 0 158 0 0 0 51 16 0 0 0 0
 0 64 53 34 0 0 0 0 0 0 1892 436 3 9 0 769 42 1041 46 0 200 220 286 0 43 0 0 0 413 0 191 0 0 0 0 0 4 1 4 2 1 1 1 0 0 107 2 4 2 6 2 0 4 8 556 3 260 11 52 0 0 0 0 0 0 0 0 0 0 24 20 0 0 0 2034
 0 0 0 0 0 1 9 14 3 1 38 0 15 6 0 0 9259 0 14 0 44 10 0 0 0 0 0 0 0 0 13 3 0 8 2 1 6 1 0 4 1 1 0 0 0 1 0 4 2 5 0 0 36 38 24 15 29 0 0 0 0 0 0 0 0 324 0 0 0 121 534 0 0 0 22763
 0 28 13 57 0 0 0 0 0 0 87 43 2 64 0 0 666 443 0 0 49 4 0 0 0 0 0 0 0 0 0 0 0 0 0 0 3 49 0 5 2 3 1 0 0 1 0 0 3 3 3 1 1 6 3447 108 0 0 47 0 0 0 0 0 0 564 0 31 0 65 547 113 1 0 2603
 4 5 0 0 4 22 101 0 0 2 20859 2722 31 36 0 0 0 29 14617 174 1862 903 3477 0 0 0 0 0 0 0 33 74 0 28 89 16 0 0 0 3 24 11 0 0 0 4 0 23 36 8 74 12 50 11 1299 41 44 0 482 0 0 0 0 0 0 37 0 0 0 108 0 0 0 0 0
 4 173 0 15 0 0 0 0 0 0 0 0 20 56 0 0 0 0 0 3 8 4 2 0 0 0 0 0 4 0 1 56 0 4 14 0 28 19 0 0 1 2 4 5 1 6 0 0 21 10 16 0 21 1 6 7 0 0 5 0 0 0 0 0 0 0 0 0 0 0 0 0 0 1 0
 0 0 0 0 0 0 0 0 0 0 105 0 3 0 0 0 0 0 0 0 32 2 0 0 0 0 0 0 0 0 0 0 0 0 0 0 0 0 0 0 0 0 0 0 0 0 0 4 0 1 0 0 414 30 91 16 0 0 0 0 0 0 0 0 0 0 0 0 0 0 0 0 0 0 8889
 0 0 0 0 0 0 0 0 0 0 783 137 1 0 0 0 0 0 0 0 0 119 0 0 0 0 0 0 0 0 0 0 0 0 0 0 0 0 0 0 0 1 3 0 0 0 0 0 0 0 34 0 0 0 597 24 0 0 0 0 0 0 0 0 0 0 0 0 0 0 0 0 0 0 6332
 144 57 0 10 0 0 0 0 0 0 958 130 10 3325 0 0 193 56 0 0 40 31 12052 7228 10140 0 0 0 0 0 46 22 423 0 0 16 51 98 0 22 4 4 12 0 0 0 0 266 21 182 58 3 114 211 149 21 281 556 427 0 0 0 0 484 0 0 5412 240 0 28 1849 0 0 0 0
 0 118 1 101 0 0 0 0 3 0 9 0 39 7076 256 89 251 144 121 34 164 179 0 780 143 117 984 232 979 10 80 508 161 0 20 38 189 185 344 36 35 7 7 3 0 85 64 252 145 129 246 225 200 312 156 18 227 147 403 0 0 0 899 0 0 50 0 904 0 0 152 2 0 0 0
 15 28 1 9 0 0 4 17 6 0 13 0 56 2035 0 0 77 35 9 2 33 23 0 0 6089 0 0 0 0 0 16 28 21 0 0 184 55 34 0 13 10 17 14 17 0 25 0 116 26 57 21 15 379 112 102 117 96 0 0 0 0 0 868 3611 0 14 3797 0 0 108 8077 0 14 0 0
 0 0 0 0 0 0 0 0 0 0 0 0 42 0 4616 2922 1714 357 27 4 88 31 1103 0 8 1563 0 0 12698 0 87 0 244 0 634 0 18 66 97 2 4 3 4 28 0 0 0 114 90 95 230 176 317 370 416 61 208 162 651 0 0 0 0 0 0 0 0 0 0 0 0 0 0 0 0
 200 6528 249 1495 0 0 127 0 0 0 842 0 79 2380 847 574 281 72 792 1 50 96 1079 0 967 11334 30122 3934 774 151 66 93 755 1266 0 0 79 0 262 0 9 7 6 85 0 0 0 68 13 110 75 109 164 1436 441 73 102 1493 400 0 0 0 0 0 0 640 0 0 0 57 13418 0 107 0 0
 1000 6002 318 646 55 47 697 0 0 0 10567 5438 115 1267 269 96 280 49 907 7 262 204 1717 0 272 126 0 10586 676 17 7 171 519 676 474 0 378 185 192 82 49 59 68 144 73 5 29 488 172 244 169 87 237 403 1147 429 191 151 320 9286 64 11448 6294 0 26 575 0 38 2107 329 3174 489 626 0 33876
 352 480 3 89 37 48 196 0 25 0 1332 824 187 4395 0 0 310 513 109 0 956 671 980 0 433 0 0 0 4529 0 454 0 0 0 227 20 348 68 889 57 299 293 116 0 33 229 0 2083 460 512 878 363 2918 3015 7946 367 1098 1294 902 0 0 0 0 0 0 503 0 1281 16 153 3423 0 3 0 0
 0 0 0 0 0 0 0 0 0 0 0 0 0 0 3 1 260 162 2 0 61 5 2 0 3 0 0 0 7 74 1188 0 0 0 0 0 0 0 2 0 0 0 0 0 0 0 0 0 0 0 0 0 0 0 0 0 1 0 60 0 0 0 0 0 0 0 0 0 0 0 0 0 0 0 0
 55 0 0 4 0 0 0 1 0 0 3 0 0 0 0 0 0 1 0 0 0 0 0 0 0 0 0 0 0 0 474 4 0 0 0 0 0 0 0 0 0 0 0 0 0 0 0 2 0 0 0 0 2 0 7 2 2 1 0 0 0 0 0 0 0 31 0 0 0 23 36 0 0 0 3192
 8 0 0 2 0 0 0 5 0 0 288 149 7 3939 125 33 0 5 0 0 89 24 0 0 0 22 0 0 489 0 0 1118 0 0 0 1 413 9 47 4 2 2 3 0 0 0 0 38 19 5 94 435 100 539 1789 14 115 217 22 0 0 0 0 0 0 163 0 157 315 0 306 0 0 0 0
 0 146 1 16 0 16 0 0 0 0 20842 5426 0 65 0 6 1 5 107 2 73 52 0 0 0 0 0 0 1 4 4 95 4489 233 0 3 80 22 0 87 19 0 18 191 56 54 121 142 107 160 99 7 102 462 745 115 81 65 77 0 0 0 0 0 0 141 0 13 591 4 30 0 24 0 0
 8 10 0 0 0 12 0 437 0 0 4855 532 552 10 1 3 0 7 0 0 300 1278 34 78 62 10 0 0 508 0 1 12 0 9272 0 2725 7090 6388 4071 1201 865 1970 765 1076 777 1398 569 461 1233 886 1146 678 432 759 11411 1318 375 70 506 0 0 0 0 0 0 0 0 0 0 0 0 0 0 0 0
 0 0 0 0 0 0 33 0 0 0 3725 854 457 3 0 26 0 3 0 0 110 195 82 0 33 0 131 0 0 0 2 27 74 625 14133 1546 3684 977 1818 458 109 97 141 0 272 230 217 1113 1082 1255 582 704 1674 2995 3051 2172 632 425 900 0 19 0 0 0 0 0 0 0 0 3 0 0 0 0 0
 0 0 7 0 0 0 0 0 0 0 0 0 0 8849 0 1 0 1 0 0 0 0 0 0 0 86 1441 572 0 0 0 0 0 0 0 405 1 8 0 0 0 0 0 0 1 0 0 0 0 0 0 0 0 2 0 0 13 0 1 0 0 0 0 0 0 0 0 0 0 0 0 0 0 0 0
 7 13 0 0 0 0 0 45 13 4 22247 7219 0 0 0 0 0 0 6 0 0 1 0 0 0 0 0 0 0 0 0 0 0 0 0 0 713 0 0 129 2 243 97 0 124 0 0 33 42 0 3 0 482 66 1192 66 0 10 0 0 0 0 0 0 0 0 0 0 0 0 0 0 0 0 0
 29 0 0 1 4 16 244 0 14 7 144 0 120 628 0 0 0 0 335 0 87 203 0 0 0 0 32 0 0 0 17 0 0 0 0 0 1065 1037 40 272 194 104 84 0 84 232 0 1253 435 363 329 321 674 1171 12257 579 498 208 117 0 0 0 0 0 0 0 0 285 2826 16 133 23 0 0 0
 139 238 24 40 0 27 104 493 55 3 6757 3179 210 1033 0 0 22 1 937 1 812 529 434 0 52 0 0 0 0 0 55 0 231 0 0 125 1350 0 1717 112 113 189 138 0 225 175 0 942 454 107 391 271 988 1622 3979 525 446 214 316 0 0 0 0 0 0 30 0 0 1886 24 206 0 0 0 0
 0 0 18 50 28 28 220 216 57 20 0 0 54 0 0 0 0 0 0 0 1 2 0 0 0 0 8 0 0 0 0 0 0 0 0 0 0 0 0 1443 869 555 116 0 109 0 0 2 66 3 4 0 0 0 2432 0 2 0 4 101 178 1327 0 0 0 0 0 0 32 0 0 0 12 0 0
 385 882 19 75 0 0 0 0 0 0 0 0 0 29 0 0 0 0 0 0 0 0 0 0 0 0 0 0 0 0 0 0 0 0 0 0 0 0 0 0 356 9 0 0 0 0 0 0 0 0 0 0 0 0 0 0 0 0 0 0 0 0 0 0 28 0 106 0 0 4 0 0 37 0 3285
 0 0 0 0 47 61 799 112 140 22 432 1 0 0 0 0 0 0 0 0 0 0 0 0 0 0 0 0 0 0 0 0 50 0 0 0 0 0 0 0 0 566 9 0 0 0 0 0 0 0 0 0 0 0 0 0 0 0 0 0 0 0 0 0 0 0 0 0 0 0 0 0 0 0 5789
 0 0 0 0 17 13 117 0 45 4 1221 451 2 2 31 0 2 0 4 0 0 0 0 0 0 0 0 0 0 0 0 0 0 0 0 0 0 0 0 0 0 0 345 0 8 0 0 0 0 0 0 0 0 0 1 0 0 0 0 0 0 0 0 0 0 0 0 0 0 0 0 0 0 0 1515
 0 0 0 3 0 0 0 29 4 0 57 0 122 46 10 3 11 2 93 0 14 47 19 0 0 0 0 0 55 0 7 43 0 0 97 49 126 256 138 174 66 123 65 937 159 0 0 309 170 0 62 68 240 323 535 604 108 21 32 0 0 0 0 0 0 0 0 0 0 0 0 0 0 0 0
 0 0 0 0 0 0 0 0 0 0 0 0 0 151 153 126 83 15 11 0 10 1 281 83 296 35 410 0 0 0 3 48 0 0 0 0 0 0 0 0 0 0 0 0 380 0 0 0 0 0 0 0 0 0 0 0 0 0 15 0 0 0 0 0 0 0 0 18 0 0 0 0 0 0 3449
 21 28 9 11 37 27 436 333 70 11 1367 158 184 140 0 0 0 0 0 0 13 75 85 0 0 148 443 0 0 0 1 6 0 0 0 6 221 0 0 202 468 1075 552 75 562 2087 0 94 603 0 100 6 368 68 1768 449 4 69 60 176 0 0 0 0 0 0 0 0 0 0 0 0 0 0 0
 57 89 2 9 4 16 116 202 33 5 206 43 155 165 51 0 44 15 120 2 29 51 88 0 4 31 97 0 248 2 13 63 0 0 0 38 249 977 91 398 207 121 148 219 397 244 1382 261 310 102 58 52 371 206 2119 707 182 51 68 0 0 0 18 0 0 0 0 181 692 5 0 0 76 18 0
 0 0 0 0 0 0 0 0 0 0 0 0 10 0 0 0 0 1 0 0 0 10 0 0 0 0 0 0 0 0 0 0 0 0 0 0 0 0 0 0 1 3 4 0 0 0 0 9408 0 0 6 0 293 0 0 0 5 0 0 0 0 0 0 0 0 0 0 0 0 6 0 0 0 0 29061
 0 0 0 0 0 0 0 0 0 0 4047 1811 2 57 0 0 0 0 0 0 0 1 0 0 0 0 0 0 0 0 0 0 0 0 0 0 0 0 0 0 2 2 2 0 6 0 0 0 992 0 259 0 8 0 1991 0 0 0 0 0 0 0 0 0 0 0 0 203 710 29 1 1 0 0 493
 12 13 0 0 5 11 113 334 27 7 2365 773 136 0 0 0 0 0 0 0 0 46 0 0 0 0 0 0 0 0 0 0 0 0 0 2 239 0 0 0 80 184 243 168 479 641 0 2336 1262 2076 704 3 661 0 494 58 367 59 72 0 0 8 0 0 0 0 0 0 94 2 0 0 154 0 0
 0 0 0 0 0 0 0 1 0 0 1052 497 1 0 0 0 41 0 0 0 0 0 0 0 0 0 0 0 0 0 0 0 0 0 0 0 0 0 0 0 0 0 0 0 0 0 0 0 0 0 140 0 0 0 170 1 0 0 0 0 0 0 0 0 0 580 0 0 0 0 11 0 9 0 6528
 6 6 1 5 0 1 28 31 0 1 5440 1874 12 24 0 0 4 0 0 0 3 6 0 0 0 0 0 0 0 0 1 0 0 0 0 1 17 0 0 2 32 4 3 0 4 0 0 251 151 0 262 389 718 0 1386 0 86 28 48 0 0 16 0 0 0 0 0 7 278 37 315 4 23 0 0
 0 0 0 0 0 0 0 5 0 0 1446 325 1393 0 0 0 0 0 0 0 0 3 0 0 0 0 0 0 0 0 0 0 0 0 0 0 0 0 0 12 1 3 3 0 10 0 0 0 0 0 1 0 3314 0 900 2260 0 0 0 0 1630 0 0 0 0 0 0 0 0 0 0 0 0 0 35141
 94 448 7 47 0 0 0 4 2 0 308 0 538 0 3 0 0 0 0 0 0 9 0 0 0 0 0 0 0 0 0 0 0 0 0 0 0 0 0 219 88 15 17 0 67 0 0 6170 5 404 16 292 15353 10610 3781 1685 995 1624 117 0 403 0 0 0 0 284 0 0 297 0 634 0 0 78 0
 59 71 566 84 30 1 0 8 41 1 319 0 23 10 0 0 0 0 0 0 0 0 0 0 0 0 0 0 0 0 0 0 0 0 0 1 0 0 0 0 186 182 0 0 13 0 0 21 0 0 0 0 0 0 49759 0 0 0 0 0 70 0 0 0 0 0 0 0 5375 238 0 0 20 0 77688
 0 0 0 7 0 0 0 0 0 0 0 0 2136 0 0 0 0 0 0 0 0 0 0 0 0 0 0 0 0 0 0 0 0 0 0 0 0 0 0 57 2 14 10 0 21 0 0 24 11 0 0 1 0 0 108 10609 0 0 0 753 0 0 0 0 0 0 0 0 0 0 0 0 0 0 19782
 0 0 1 1 0 0 13 36 0 0 1158 446 16 0 0 0 0 0 0 0 1 5 0 0 0 0 0 0 0 0 0 0 0 0 0 0 27 0 0 0 3 2 3 0 4 0 0 0 251 0 386 0 111 0 391 425 447 6 0 0 0 0 0 0 0 0 0 0 0 0 3606 0 0 0 4441
 0 0 1 6 0 0 0 0 0 0 19 0 59 11 0 0 5 0 0 0 1 2 0 0 578 0 0 0 0 0 0 0 0 0 0 0 0 0 0 9 2 5 4 0 5 0 0 25 9 0 3 0 190 0 34 288 0 848 12 0 0 0 0 0 0 442 821 0 0 159 1080 0 0 0 5415
 4 0 0 6 3 0 1 3 0 0 590 125 8 0 0 0 838 0 0 0 22 2 0 0 33 0 0 0 0 0 24 0 0 0 0 0 19 0 0 0 1 8 5 0 0 0 0 46 14 0 83 0 14 0 57 1 19 0 1011 0 0 0 0 2 0 814 0 35 0 99 601 1 7 0 7040
 1313 968 105 472 58 58 127 149 107 24 6625 0 386 6691 296 255 375 21 1034 13 317 270 2134 706 982 1025 5031 0 485 30 87 430 2690 1696 1503 293 751 448 133 0 126 204 79 169 191 0 4 1267 318 220 198 180 888 1467 158 0 324 487 522 31372 0 636 9073 0 0 0 0 291 0 691 4550 3559 4 0 0
 207 312 11 13 2 4 26 94 13 2 1401 0 118 670 160 30 442 54 84 2 87 64 96 31 357 68 325 0 55 2 32 39 98 70 0 12 181 49 143 0 21 83 30 63 80 63 52 427 77 132 40 20 0 0 0 334 166 116 134 1343 2021 0 9611 4335 0 901 2857 422 650 91 3944 0 0 0 0
 796 2382 75 336 405 296 0 0 560 352 1609 0 446 5622 1202 415 694 187 1146 13 237 276 4069 356 479 1849 7505 0 2265 34 60 1274 2503 4182 2793 232 647 557 954 0 59 228 91 328 207 227 98 922 284 0 281 0 949 1642 1870 955 268 265 305 0 621 51703 17860 2037 5632 4169 459 4410 1043 1440 8665 0 3385 0 0
 2513 4032 387 0 106 122 935 616 227 47 26087 6853 470 16876 1370 555 2122 665 1523 14 830 626 60 0 0 1461 5740 0 564 86 75 499 1099 2686 2948 296 1932 1237 1310 577 692 1042 313 584 685 1102 0 2909 866 1588 828 739 3326 3807 7994 1384 1110 569 783 0 0 0 10189 0 0 0 0 0 0 0 5289 0 0 0 55459
 1478 1516 76 251 19 53 269 560 102 102 2501 223 118 2019 212 81 550 24 397 12 318 296 0 64 0 178 1466 444 390 7 110 105 375 315 379 76 297 284 398 88 38 87 44 137 128 153 272 931 92 363 86 160 484 838 712 1058 209 134 0 995 0 0 9783 65279 5818 280 0 1205 0 641 1811 0 0 0 3470
 1676 10732 139 0 45 70 794 9422 228 39 1012 0 181 1521 129 71 577 186 261 6 179 176 275 136 534 357 1677 0 301 4 56 202 339 273 260 90 203 204 345 52 0 69 66 166 107 191 190 853 112 304 13 22 3644 750 815 458 340 156 401 2876 1399 0 34810 0 49610 3998 825 4907 1539 2819 38083 0 42 42 0
 129 115 16 0 3 7 34 70 49 8 475 0 61 679 0 2 0 0 0 3 57 48 9 0 0 92 0 0 0 15 0 0 0 112 97 33 245 46 0 26 12 25 17 45 36 66 19 411 25 124 0 50 524 0 160 872 50 0 0 139 0 0 1791 0 0 1279 0 413 0 443 1902 0 0 0 8593
 355 1998 154 614 87 107 1082 1449 327 92 46412 2664 947 13250 1409 376 1732 438 1006 26 842 925 0 164 0 1500 11994 908 1188 22 321 394 1250 1155 1063 154 1297 954 1120 185 0 185 11 390 76 65 1042 3039 599 669 800 298 4170 1242 4203 3288 1258 0 850 4004 0 0 77555 25518 0 2149 39370 3147 0 345 23456 0 179 0 0
 0 0 0 117 4 10 0 425 27 13 190 0 190 0 136 15 245 0 130 5 87 76 0 0 1039 178 911 0 0 3 39 0 0 122 135 56 218 0 117 44 28 61 39 113 0 204 0 769 0 185 70 0 647 757 271 1167 249 290 0 0 0 0 2767 0 0 0 0 278 0 0 3191 0 0 0 46901
 249 297 46 276 37 64 196 239 50 22 950 0 32 731 65 11 75 36 245 3 100 95 170 74 255 132 236 0 0 2 18 0 0 60 120 24 125 0 0 0 8 20 33 59 26 30 0 146 0 0 25 0 31 0 0 146 244 93 61 2328 0 0 861 489 0 467 397 120 429 682 2538 333 0 0 4804
 0 0 0 183 0 0 0 8 2 1 2 0 1 0 0 0 0 0 0 0 16 6 0 0 0 2 0 0 0 0 0 1 0 1 0 1 11 0 0 2 0 1 2 1 0 8 0 0 0 0 0 0 8 66 0 32 33 0 0 0 0 0 1052 0 0 0 0 1154 0 6802 499 0 0 0 8430
 476 0 0 0 5 9 15 58 8 3 10 0 11 0 0 0 0 0 4 3 43 25 0 0 0 52 0 0 0 1 0 0 0 1 37 12 35 0 0 7 4 4 4 25 8 32 14 25 0 17 0 0 34 0 106 124 0 0 0 0 0 0 0 0 0 0 0 0 0 0 6960 0 0 0 139196
 5 0 0 79 3 8 0 23 8 7 236 0 23 0 46 30 289 0 50 2 45 50 5 0 739 30 193 0 52 2 28 27 59 70 44 5 69 0 60 5 18 19 15 17 36 40 4 108 0 57 49 0 358 131 163 239 75 31 0 0 178 70 3203 7080 213 156 2242 143 0 54 2351 618 8 0 0
 0 0 4 25 1 3 0 0 11 0 136 0 9 312 22 11 9 0 11 0 5 3 67 8 0 13 0 0 0 6 0 5 0 19 17 5 11 7 20 0 0 4 2 1 3 4 0 29 2 0 0 0 18 20 0 16 9 2 0 0 65 0 294 15 0 84 0 42 51 24 261 0 3 0 6752
 1 7 4 5 13 74 38 510 14 12 1 0 0 4357 70 275 67 97 14 0 20 7 1052 11 31 123 1429 867 864 1 1 177 105 1079 2722 10 96 6 114 42 72 109 20 117 60 19 0 198 11 110 55 40 389 0 1363 3 126 81 902 7008 2578 287 1498 2511 0 72 966 94 130 128 60 845 0 21 0
 19837 3383 3469 8076 1431 968 8781 121691 4345 1072 0 14569 0 0 9261 0 0 0 18466 179 0 0 14351 8247 2699 7053 2077 0 18407 898 0 5295 17426 37304 17096 4814 10116 12202 17465 1873 0 0 0 30 0 4885 7829 0 0 3728 0 5757 0 8933 0 0 0 0 0 32175 19146 35624 0 0 95052 0 240617 0 0 0 0 9386 0 33998 0
