75
 8490 0 42 0 0 0 0 0 0 0 0 0 0 48318 0 84 22 3 4 0 0 0 1 0 0 0 0 7 0 0 0 0 0 0 0 0 0 0 0 0 0 0 0 0 0 3 0 0 2 0 1 0 0 0 0 0 0 0 0 0 0 0 0 0 0 0 0 0 531 0 73 0 0 0 0
 14593 2871 66 0 0 0 0 3 0 0 0 0 0 22546 3354 759 0 18 0 0 0 0 1 0 0 0 0 54 119 2 0 0 0 0 0 0 0 0 3 0 0 0 0 0 0 2 0 0 1 0 0 0 0 0 0 0 0 1 11 0 0 0 0 0 0 0 0 0 1182 0 1114 143 1717 0 0
 0 0 281 0 0 0 0 0 0 0 0 0 0 1361 0 1 0 343 0 4601 3 3 4 42 0 0 0 3 21 25 0 0 0 0 0 0 0 3 0 0 0 0 0 1 1 1 0 0 0 0 0 0 1 0 0 0 0 0 7 0 0 0 0 0 0 0 0 0 1069 0 0 4 10 0 0
 2639 3667 1206 304 0 1 11 1 0 2 1025 1849 1 0 0 2 0 1 0 110 0 1 0 0 0 0 0 13 2 1 0 0 0 0 0 1 1 1 0 0 0 0 0 0 0 0 0 0 0 1 0 0 3 0 0 0 0 0 0 0 0 0 0 378 0 2110 69 0 0 0 0 214 0 0 0
 0 0 0 0 184 0 0 0 0 0 0 0 2 1 0 0 0 0 0 0 0 0 0 1 1 0 72 6 2 9 0 0 0 0 3 2405 14 7 0 22 0 1 0 0 3 1 0 0 0 0 1 4 0 9 0 0 0 1 0 0 0 0 0 0 0 0 0 0 0 0 0 0 0 0 0
 0 0 0 0 21 240 0 0 0 0 0 0 0 1 0 0 0 0 0 0 0 0 0 4 0 0 378 26 8 20 0 0 0 0 0 0 1710 27 0 0 0 0 0 0 2 1 0 0 0 0 0 0 1 35 2 1 0 7 1 0 0 0 0 0 0 0 0 0 0 0 0 0 0 0 0
 17 4 0 0 11 13 4458 8 16 2 0 0 12 154 9 0 7 0 4 0 1 6 1 322 6 0 0 136 26 1 0 0 1 1 224 2351 0 10 0 0 0 4 0 0 3 1 0 0 4 0 9 0 7 0 58 8 2 0 0 0 0 0 10832 0 0 0 0 0 38 0 7 0 1518 0 0
 0 0 0 0 0 0 0 5725 50 0 0 0 0 6 0 7 8 0 3 1 0 0 0 14 0 0 9624 1143 111 145 99207 235 0 0 40 0 2 0 1 0 0 1 0 0 0 3 0 0 1 0 0 0 0 0 0 0 0 0 0 0 0 0 31302 0 0 0 0 0 0 0 0 0 0 0 0
 2 236 3 5 15 3 0 0 189 7 1917 1697 0 18 0 0 2 0 1 1 0 0 0 193 0 0 198 17 32 37 167 0 0 0 1982 105 6 0 0 0 0 0 0 0 0 1 0 0 0 0 2 0 3 0 0 1 0 2 30 0 0 0 0 0 0 0 0 0 0 0 0 0 0 0 0
 0 1 0 0 0 0 0 0 0 75 0 0 0 26 0 0 0 0 0 0 0 0 0 41 0 0 1563 80 25 8 0 4 2 0 102 33 0 0 0 0 0 0 0 0 1 3 0 0 14 0 0 0 0 4 0 0 0 10 1 0 0 0 0 0 0 0 0 0 0 0 0 0 0 0 0
 0 0 0 0 0 0 0 0 0 0 0 0 0 0 0 0 0 0 0 0 0 0 0 0 0 0 0 0 0 0 0 0 0 0 0 0 0 0 0 0 0 0 0 0 0 0 0 0 0 0 0 0 0 0 0 0 0 0 0 0 0 0 0 0 0 0 0 0 0 0 0 0 0 0 207589
 207 497 355 0 19 9 146 4313 0 15 594 211 67 864 14 113 0 91 0 0 3 19 0 0 86 118 0 176 67 0 0 0 4 11 0 0 0 0 101 0 49 23 0 0 24 34 0 0 0 0 0 0 0 134 72 148 44 0 0 2510 4992 3 13958 0 0 23870 453 0 493 344 719 1293 3911 12 0
 0 0 18 0 0 0 0 0 0 0 23 0 1538 0 0 0 0 0 0 0 0 0 0 0 0 0 0 0 0 0 0 0 0 0 19 0 0 4 0 0 0 0 0 0 0 5 0 0 0 0 0 0 0 0 0 0 19 0 0 0 0 0 0 0 0 0 0 0 0 0 0 0 0 19 9785
 0 0 0 32 0 0 0 0 0 0 10 0 1 50209 4 1 0 0 0 0 0 29 5 0 0 0 0 5 0 216 0 0 453 14 0 0 0 0 0 0 1 0 2 0 0 0 0 0 0 3 6 0 5 3 0 8 4 28 16 0 0 1 0 0 0 0 0 0 39211 0 561 3996 876 0 113089
 0 0 0 0 0 0 0 0 0 0 0 0 0 0 3607 0 0 0 0 0 0 0 0 0 0 0 0 0 0 0 0 0 0 0 0 0 0 4 0 0 0 0 0 0 0 0 0 0 0 0 0 0 0 0 0 0 0 0 0 0 0 0 0 0 0 0 0 0 0 0 0 0 0 0 6627
 0 0 0 0 0 1 5 0 1 4 0 0 4 0 1 10645 2036 11333 4386 14 0 932 32 748 0 27 0 0 0 0 0 526 0 203 70 0 32 5 2 8 1 1 0 0 0 0 3 0 2 4 49 17 7 0 29 116 12 363 386 0 0 0 0 0 0 0 158 0 0 0 51 16 0 0 0
 0 64 53 34 0 0 0 0 0 0 1892 436 3 9 0 0 769 42 1041 46 0 200 220 286 0 43 0 0 0 0 0 413 0 191 0 0 0 3 1 4 2 1 1 1 0 0 107 2 2 6 6 0 4 8 315 3 241 271 52 0 0 0 0 0 0 0 0 0 0 0 24 20 0 0 2034
 0 0 0 0 0 1 9 14 3 1 38 0 15 4 2 0 0 9259 0 14 0 44 10 0 0 0 0 0 0 0 0 0 0 13 2 8 2 7 1 0 4 1 1 0 0 0 1 0 2 5 0 0 36 38 7 15 17 24 0 0 0 0 0 0 0 0 324 0 0 0 121 534 0 0 22763
 0 28 13 57 0 0 0 0 0 0 87 43 2 64 0 0 0 666 443 0 0 49 4 0 0 0 0 0 0 0 0 0 0 0 0 0 0 2 49 0 5 2 3 1 0 0 1 0 3 3 2 1 1 6 3355 108 92 0 47 0 0 0 0 0 0 0 564 0 31 0 65 547 114 0 2603
 4 5 0 0 4 22 101 0 0 2 20859 2722 31 33 3 0 0 0 29 14617 174 1862 903 3477 0 0 0 0 14 0 0 0 0 33 0 28 89 10 0 0 3 24 11 0 0 0 4 0 36 8 97 12 50 11 164 41 1135 44 482 0 0 0 0 0 0 0 37 0 0 0 108 0 0 0 0
 4 173 0 15 0 0 0 0 0 0 0 0 20 53 3 0 0 0 0 0 3 8 4 2 0 0 0 0 0 0 0 4 0 1 54 4 14 28 19 0 0 1 2 4 5 1 6 0 21 10 16 0 21 1 6 7 0 0 5 0 0 0 0 0 0 0 0 0 0 0 0 0 0 1 0
 0 0 0 0 0 0 0 0 0 0 105 0 3 0 0 0 0 0 0 0 0 32 2 0 0 0 0 0 0 0 0 0 0 0 0 0 0 0 0 0 0 0 0 0 0 0 0 0 0 1 4 0 414 30 0 16 92 0 0 0 0 0 0 0 0 0 0 0 0 0 0 0 0 0 8889
 0 0 0 0 0 0 0 0 0 0 783 137 1 0 0 0 0 0 0 0 0 0 119 0 0 0 0 0 0 0 0 0 0 0 0 0 0 0 0 0 0 0 1 3 0 0 0 0 0 0 24 0 0 0 496 24 101 0 0 0 0 0 0 0 0 0 0 0 0 0 0 0 0 0 6332
 144 57 0 10 0 0 0 0 0 0 958 130 10 3086 239 0 0 193 56 0 0 40 31 12052 7228 10140 0 0 309 0 0 0 0 46 445 0 0 67 98 0 22 4 4 12 0 0 0 0 21 182 324 3 114 211 132 21 17 837 427 0 0 1 0 0 484 0 0 5412 240 0 28 1849 0 0 0
 0 118 1 101 0 0 0 0 3 0 9 0 39 6965 111 256 89 251 144 121 34 164 179 0 780 143 0 117 1051 42 190 979 10 80 669 0 20 227 185 344 36 35 7 7 3 0 85 64 145 129 498 225 200 312 139 18 17 374 403 0 0 0 0 899 0 0 50 0 904 0 0 152 0 0 0
 15 28 1 9 0 0 4 17 6 0 13 0 56 1840 195 0 0 77 35 9 2 33 23 0 0 6089 0 0 196 38 0 0 0 16 49 0 0 239 34 0 13 10 17 14 17 0 25 0 26 57 137 15 379 112 67 117 35 0 0 0 0 3 0 868 3611 0 14 3797 0 0 108 8077 0 0 0
 110 6647 270 1497 0 0 153 0 0 0 748 24 77 1822 27 782 567 108 70 806 1 50 96 1388 67 1163 21439 11351 4247 2511 1397 2749 116 49 1402 1286 0 0 131 619 0 9 7 6 102 0 0 0 16 120 147 115 164 1457 373 73 67 1653 421 0 0 1 0 0 0 0 0 0 0 0 61 5066 26 0 0
 0 0 0 0 0 0 0 0 0 0 0 0 42 0 1 4616 2922 1714 357 27 4 88 31 1103 0 8 0 1563 17 557 0 12698 0 87 222 0 634 0 66 97 2 4 3 4 28 0 0 0 90 95 344 176 317 370 250 61 166 370 651 0 0 0 0 0 0 0 0 0 0 0 0 0 0 0 0
 90 0 0 0 0 0 0 0 0 0 94 0 2 517 14 65 7 173 2 0 0 0 0 0 0 0 0 0 3470 0 63 0 35 17 0 0 0 0 0 0 0 0 0 0 0 0 0 0 0 0 0 0 0 0 0 0 1 0 0 0 0 0 0 0 0 0 661 0 0 0 0 8352 0 0 16704
 0 0 0 0 0 0 0 0 0 0 2897 2262 7 0 0 1 4 0 0 293 0 166 130 2 0 0 0 0 37 137 0 7 0 0 5 0 0 0 98 263 9 28 22 9 30 0 7 0 58 69 222 41 52 34 636 80 179 33 132 0 35 0 0 0 0 0 0 0 0 609 0 6 0 0 0
 1000 6004 343 647 64 67 698 0 0 6 7670 3176 108 1427 56 268 92 280 49 614 7 96 74 1715 0 310 0 683 0 218 10211 669 17 8 685 695 493 0 87 0 73 21 37 59 114 73 0 33 114 175 435 46 185 369 197 349 135 309 188 9648 28 1 11591 6790 0 110 618 0 120 1498 329 3168 1146 0 36640
 352 480 3 89 37 48 196 0 25 0 1332 824 187 3971 424 0 0 310 513 109 0 956 671 980 0 433 0 0 1975 0 0 4529 0 454 0 0 227 368 68 889 57 299 293 116 0 33 229 0 460 512 2961 363 2918 3015 7550 367 396 2392 902 0 0 0 0 0 0 0 503 0 1281 16 153 3423 0 0 0
 0 0 0 0 0 0 0 0 0 0 0 0 0 0 0 3 1 260 162 2 0 61 5 2 0 3 0 0 0 0 0 7 74 1188 0 0 0 0 0 2 0 0 0 0 0 0 0 0 0 0 0 0 0 0 0 0 0 1 60 0 0 0 0 0 0 0 0 0 0 0 0 0 0 0 0
 55 0 0 4 0 0 0 1 0 0 3 0 0 0 0 0 0 0 1 0 0 0 0 0 0 0 0 0 0 1 0 0 0 474 0 0 0 0 0 0 0 0 0 0 0 0 0 0 0 0 2 0 2 0 7 2 0 3 0 0 0 0 0 0 0 0 31 0 0 0 23 36 0 0 3192
 8 146 0 18 0 12 0 0 0 0 21130 5575 0 4002 2 0 39 0 10 33 0 162 76 0 0 0 0 0 554 0 0 490 4 0 5778 221 0 497 31 0 91 21 0 21 148 8 48 58 126 165 373 442 202 1001 2019 129 515 478 99 0 0 0 0 0 0 0 304 0 170 906 3 336 0 0 0
 8 10 0 0 0 12 0 437 0 0 4855 532 552 9 1 1 3 0 7 0 0 300 1278 34 78 62 0 10 20 19 0 508 0 1 0 9272 0 9815 6388 4071 1201 865 1970 765 1076 777 1398 569 1233 886 1607 678 432 759 9877 1318 1534 445 506 0 0 0 0 0 0 0 0 0 0 0 0 0 0 0 0
 0 0 0 0 0 0 33 0 0 0 3725 854 457 3 0 0 26 0 3 0 0 110 195 82 0 33 97 0 34 19 0 0 0 2 101 625 14133 5230 977 1818 458 109 97 141 0 272 230 217 1082 1255 1695 704 1674 2995 2546 2172 505 1057 900 0 19 0 0 0 0 0 0 0 0 0 3 0 0 0 0
 2 7 0 0 0 0 0 5 13 4 22247 7173 0 8846 0 0 0 0 0 0 0 0 1 0 0 0 579 68 783 54 140 0 0 0 0 0 0 1119 0 0 129 2 243 97 0 125 0 0 42 0 36 0 482 68 0 66 1230 0 0 0 0 0 0 0 0 0 0 0 0 0 0 0 0 0 0
 29 0 0 1 4 16 244 0 14 7 144 0 120 628 0 0 0 0 0 335 0 87 203 0 0 0 0 0 163 0 0 0 0 17 0 0 0 1057 1037 40 272 194 104 84 0 84 232 0 435 363 1582 321 674 1171 12035 579 222 706 117 0 0 0 0 0 0 0 0 0 285 2826 16 133 16 0 0
 139 238 24 40 0 27 104 493 55 3 6757 3179 210 943 90 0 0 22 1 937 1 812 529 434 0 52 0 0 357 0 71 0 0 55 184 0 0 1475 0 1717 112 113 189 138 0 225 175 0 454 107 1333 271 988 1622 3586 525 393 660 316 0 0 0 0 0 0 0 30 0 0 1886 24 206 0 0 0
 0 0 18 50 28 28 220 216 57 20 0 0 54 0 0 0 0 0 0 0 0 1 2 0 0 0 8 0 0 0 0 0 0 0 0 0 0 0 0 0 1443 869 555 116 0 109 0 0 66 3 6 0 0 0 1461 0 971 0 4 101 178 0 1327 0 0 0 0 0 0 32 0 0 7 0 0
 385 882 19 75 0 0 0 0 0 0 0 0 0 29 0 0 0 0 0 0 0 0 0 0 0 0 0 0 0 0 0 0 0 0 0 0 0 0 0 0 0 356 9 0 0 0 0 0 0 0 0 0 0 0 0 0 2 0 0 0 0 0 0 0 0 28 0 106 0 0 4 0 19 0 3285
 0 0 0 0 47 61 799 112 140 22 432 1 0 0 0 0 0 0 0 0 0 0 0 0 0 0 0 0 0 0 0 0 0 0 48 0 0 0 0 0 0 0 566 9 0 0 0 0 0 0 0 0 0 0 0 0 44 0 0 0 0 0 0 0 0 0 0 0 0 0 0 0 0 0 5789
 0 0 0 0 17 13 117 0 45 4 1221 451 2 1 1 31 0 2 0 4 0 0 0 0 0 0 0 0 0 0 0 0 0 0 0 0 0 0 0 0 0 0 0 345 0 8 0 0 0 0 0 0 0 0 0 0 4 0 0 0 0 0 0 0 0 0 0 0 0 0 0 0 0 0 1515
 0 0 0 3 0 0 0 29 4 0 57 0 122 43 3 10 3 11 2 93 0 14 47 19 0 0 0 0 17 0 0 55 0 7 0 0 97 175 256 138 174 66 123 65 937 159 0 0 170 0 371 68 240 323 423 604 112 129 32 0 0 0 0 0 0 0 0 0 0 0 0 0 0 0 0
 0 0 0 0 0 0 0 0 0 0 0 0 0 151 0 153 126 83 15 11 0 10 1 281 83 296 401 35 9 0 0 0 0 3 0 0 0 0 0 0 0 0 0 0 0 380 0 0 0 0 0 0 0 0 0 0 5 0 15 0 0 0 0 0 0 0 0 0 18 0 0 0 0 0 3449
 21 28 9 11 37 27 436 333 70 11 1367 158 184 119 21 0 0 0 0 0 0 13 75 85 0 0 304 148 139 0 2 0 0 1 0 0 0 227 0 0 202 468 1075 552 75 562 2087 0 603 0 194 6 368 68 1133 449 635 73 60 176 0 0 0 0 0 0 0 0 0 0 0 0 0 0 0
 57 89 2 9 4 16 116 202 33 5 206 43 155 162 3 51 0 44 15 120 2 29 51 88 0 4 68 31 29 4 0 248 2 13 0 0 0 287 977 91 398 207 121 148 219 397 244 1382 310 102 319 52 371 206 1816 707 303 233 68 0 0 0 0 18 0 0 0 0 181 692 5 0 72 18 0
 0 0 0 0 0 0 0 0 0 0 4047 1811 2 57 0 0 0 0 0 0 0 0 1 0 0 0 0 0 3 0 0 0 0 0 0 0 0 0 0 0 0 2 2 2 0 6 0 0 992 0 259 0 8 0 1874 0 117 0 0 0 0 0 0 0 0 0 0 0 203 710 29 1 0 0 493
 12 13 0 0 5 11 113 334 27 7 2365 773 136 0 0 0 0 0 0 0 0 0 46 0 0 0 0 0 10 0 0 0 0 0 0 0 0 241 0 0 0 80 184 243 168 479 641 0 1262 2076 3040 3 661 0 294 58 200 426 72 0 0 0 8 0 0 0 0 0 0 94 2 0 97 0 0
 0 0 0 0 0 0 0 1 0 0 1052 91 11 0 1 0 0 37 0 0 0 0 0 0 0 0 0 0 4 0 0 0 0 0 0 0 0 0 0 0 0 1 3 4 0 0 0 0 0 0 9554 0 292 0 0 0 207 0 0 0 0 0 0 0 0 0 169 0 0 0 6 0 0 0 35589
 6 6 1 5 0 1 28 31 0 1 5440 1874 12 24 0 0 0 4 0 0 0 3 6 0 0 0 0 0 6 0 0 0 0 1 0 0 0 18 0 0 2 32 4 3 0 4 0 0 151 0 513 389 718 0 1124 0 262 114 48 0 0 0 16 0 0 0 0 0 7 278 37 315 27 0 0
 0 0 0 0 0 0 0 5 0 0 1446 325 1393 0 0 0 0 0 0 0 0 0 3 0 0 0 0 0 0 0 0 0 0 0 0 0 0 0 0 0 12 1 3 3 0 10 0 0 0 0 0 0 3314 0 699 2260 201 0 0 0 1628 2 0 0 0 0 0 0 0 0 0 0 0 0 35141
 94 448 7 47 0 0 0 4 2 0 308 0 538 0 0 3 0 0 0 0 0 0 9 0 0 0 0 0 21 0 0 0 0 0 0 0 0 0 0 0 219 88 15 17 0 67 0 0 5 404 6186 292 15353 10610 3680 1685 101 2619 117 0 375 28 0 0 0 0 284 0 0 297 0 634 0 78 0
 59 71 4 71 29 0 0 8 41 1 315 0 42 13 1 0 0 0 0 0 0 1 0 0 0 0 0 0 0 0 0 0 0 0 0 0 0 39 0 0 0 188 226 3 0 18 0 0 0 0 58 0 0 0 48021 2 692 0 0 0 145 0 0 0 0 0 0 0 0 5416 9 0 0 0 65608
 0 0 0 7 0 0 0 0 0 0 0 0 2136 0 1 0 0 0 0 0 0 0 0 0 0 0 0 0 0 0 0 0 0 0 0 0 0 0 0 0 57 2 14 10 0 21 0 0 11 0 23 1 0 0 0 10609 110 0 0 753 0 0 0 0 0 0 0 0 0 0 0 0 0 0 19782
 0 0 562 13 1 3 0 0 0 0 4 0 0 0 0 0 0 0 0 0 0 0 0 0 0 0 0 0 0 0 0 0 0 0 0 0 0 0 0 0 0 0 0 0 0 0 0 0 0 0 0 0 0 0 0 0 952 0 0 1054 0 0 0 0 0 0 0 0 0 0 229 2 20 0 12080
 0 0 2 7 0 0 3 26 0 0 1177 401 75 0 4 0 0 0 0 0 0 2 7 0 0 482 0 0 58 0 0 0 0 0 0 0 0 4 0 0 7 5 7 7 0 9 0 0 260 0 409 0 301 0 347 713 78 1357 0 0 0 18 0 0 0 0 392 0 0 0 126 4686 0 0 9856
 4 0 0 6 3 0 1 3 0 0 590 125 8 0 1 0 0 838 0 0 0 22 2 0 0 33 0 0 21 0 0 0 0 24 0 0 0 18 0 0 0 1 8 5 0 0 0 0 14 0 129 0 14 0 33 1 24 7 1011 0 0 0 0 0 2 0 814 0 35 0 99 601 8 0 7040
 1313 968 105 472 58 58 127 149 107 24 6625 0 386 6565 126 296 255 375 21 1034 13 317 270 2134 706 982 3913 1025 1118 362 0 485 30 87 3120 1696 1503 1044 448 133 0 126 204 79 169 191 0 4 318 220 1465 180 888 1467 1212 0 0 811 522 31372 0 16 636 9073 0 0 0 0 291 0 691 4550 3563 0 0
 207 312 11 13 2 4 26 94 13 2 1401 0 118 659 12 160 30 442 54 84 2 87 64 97 31 360 219 68 107 0 0 55 2 32 137 70 0 185 49 143 0 21 83 30 63 80 63 52 77 132 467 20 0 0 0 334 75 300 134 1359 1999 10 0 9618 4351 0 913 2406 442 651 434 3949 0 0 0
 0 0 0 0 0 0 0 0 0 0 0 0 0 0 0 0 0 0 0 0 0 0 0 0 0 0 0 0 0 0 0 0 0 0 0 0 0 8 0 0 0 0 0 0 0 0 0 0 0 0 0 0 0 0 0 0 0 0 0 0 0 12 0 0 0 0 0 451 0 0 0 0 0 0 135
 796 2382 75 336 405 296 0 0 560 352 1609 0 446 5534 88 1202 415 694 187 1146 13 237 276 4069 356 479 6696 1849 809 143 0 2265 34 60 3777 4182 2793 879 557 954 0 59 228 91 328 207 227 98 284 0 1203 0 949 1642 1644 955 226 533 305 0 604 17 51703 17860 2037 5632 4169 459 4410 1043 1440 8665 3315 0 0
 2513 4032 387 0 106 122 935 616 227 47 26087 6853 470 16677 199 1370 555 2122 665 1523 14 830 626 60 0 0 3819 1461 1921 496 0 564 86 75 1598 2686 2948 2228 1237 1310 577 692 1042 313 584 685 1102 0 866 1588 3737 739 3326 3807 6620 1384 1374 1679 783 0 0 7 0 10189 0 0 0 0 0 0 0 5289 0 0 55459
 1478 1516 76 251 19 53 269 560 102 102 2501 223 118 1874 145 212 81 550 24 397 12 318 296 0 64 0 925 178 541 80 364 390 7 110 480 315 379 373 284 398 88 38 87 44 137 128 153 272 92 363 1017 160 484 838 635 1058 77 343 0 995 0 16 0 9783 65279 5818 280 0 1205 0 641 1811 0 0 3470
 1676 10732 139 0 45 70 794 9422 228 39 1012 0 181 1462 59 129 71 577 186 261 6 179 176 275 136 534 522 357 1155 84 0 301 4 56 541 273 260 293 204 345 52 0 69 66 166 107 191 190 112 304 866 22 3644 750 306 458 509 496 401 2876 1315 84 0 34810 0 49610 3998 825 4907 1539 2819 38083 0 42 0
 129 115 16 0 3 7 34 70 49 8 475 0 61 667 12 0 2 0 0 0 3 57 48 9 0 0 21 92 0 43 0 0 15 0 0 112 97 278 46 0 26 12 25 17 45 36 66 19 25 124 0 50 524 0 117 872 43 0 0 139 0 12 0 1791 0 0 1279 0 413 0 443 1902 0 0 8593
 355 1998 154 614 87 107 1082 1449 327 92 46412 2664 947 11982 1268 1409 376 1732 438 1006 26 842 925 0 164 0 2594 1500 9400 384 524 1188 22 321 1644 1155 1063 1451 954 1120 185 0 185 11 390 76 65 1042 599 669 3839 298 4170 1242 3920 3288 283 437 850 4004 0 0 0 77555 25518 0 2149 39370 3147 0 345 23456 0 0 0
 0 0 0 117 4 10 0 425 27 13 190 0 190 0 24 136 15 245 0 130 5 87 76 0 0 1039 438 178 473 82 0 0 3 39 0 122 135 274 0 117 44 28 61 39 113 0 204 0 0 185 839 0 647 757 183 1167 88 539 0 0 0 20 0 2767 0 0 0 0 278 0 0 3191 0 0 46901
 249 297 46 276 37 64 196 239 50 22 950 0 32 692 39 65 11 75 36 245 3 100 95 170 74 255 126 132 110 0 0 0 2 18 0 60 120 149 0 0 0 8 20 33 59 26 30 0 0 0 171 0 31 0 0 146 41 337 61 2328 0 1 0 861 489 0 467 397 120 429 682 2538 282 0 4804
 0 0 0 183 0 0 0 8 2 1 2 0 1 0 2 0 0 0 0 0 0 16 6 0 0 0 0 2 4 0 0 0 0 0 0 1 0 12 0 0 2 0 1 2 1 0 8 0 0 0 0 0 8 66 0 32 0 0 0 0 0 343 0 1052 0 0 0 0 1154 0 6802 499 0 0 8430
 476 0 0 0 5 9 15 58 8 3 10 0 11 0 11 0 0 0 0 4 3 43 25 0 0 0 0 52 0 0 0 0 1 0 0 1 37 47 0 0 7 4 4 4 25 8 32 14 0 17 14 0 34 0 108 124 0 0 0 0 0 5 0 0 0 0 0 0 0 0 0 6960 0 0 139196
 5 0 0 104 4 11 0 17 19 5 372 0 32 0 55 68 41 298 0 61 2 50 53 72 6 725 0 43 112 31 0 49 8 28 67 89 61 90 0 80 0 0 23 17 18 39 44 0 1 0 177 0 376 151 163 255 0 117 0 0 239 4 0 3497 7095 171 240 2063 185 0 78 2612 691 0 0
 1 7 4 5 13 74 38 510 14 12 1 0 0 4352 5 70 275 67 97 14 0 20 7 1052 11 31 869 123 560 67 800 864 1 1 282 1079 2722 106 6 114 42 72 109 20 117 60 19 0 11 110 253 40 389 0 1350 3 13 207 902 7008 2577 1 287 1498 2511 0 72 966 94 130 128 60 845 21 0
 19837 3383 3469 8076 1431 968 8781 121691 4345 1072 0 14569 0 0 0 9261 0 0 0 18466 179 0 0 14351 8247 2699 18781 7053 0 2764 0 18407 898 0 22721 37304 17096 14930 12202 17465 1873 0 0 0 30 0 4885 7829 0 3728 0 5757 0 8933 0 0 0 0 0 32175 19281 0 35624 0 0 95052 0 240617 0 0 0 0 2634 33998 0
