75
 8490 0 42 0 0 0 0 0 0 0 0 48318 0 84 22 3 4 0 0 0 1 0 0 0 0 0 0 0 0 0 0 0 0 0 5 0 0 0 0 0 0 0 0 3 0 0 0 0 1 0 0 0 0 0 0 0 0 0 0 0 0 0 0 0 0 0 0 0 604 0 0 0 0 0 0
 14593 2871 66 0 0 0 3 0 0 0 0 22546 3354 759 0 18 0 0 0 0 1 0 0 0 0 119 0 0 0 0 0 0 0 0 6 0 3 0 0 0 0 0 0 2 0 0 0 0 0 0 0 0 0 0 0 0 1 0 11 0 0 0 0 0 0 0 0 0 2296 0 143 1716 1 0 0
 0 0 281 0 0 0 0 0 0 0 0 1361 0 1 0 343 0 4601 3 3 4 42 0 0 0 21 0 0 0 0 1 0 0 0 0 10 0 0 0 0 0 1 1 1 0 0 0 0 0 0 1 0 0 0 0 0 0 0 7 0 0 0 0 0 0 0 0 0 1069 0 4 14 0 0 0
 0 0 0 184 0 0 0 0 0 0 2 1 0 0 0 0 0 0 0 0 0 1 1 0 72 2 0 0 0 0 0 3 2405 14 0 7 0 22 0 1 0 0 3 1 0 0 1 0 0 4 0 1 8 0 0 0 0 1 0 0 0 0 0 0 0 0 0 0 0 0 0 0 0 0 0
 0 0 0 21 240 0 0 0 0 0 0 1 0 0 0 0 0 0 0 0 0 4 0 0 378 8 0 0 0 0 4 0 0 1710 1 26 0 0 0 0 0 0 2 1 0 0 0 0 0 0 1 3 32 2 1 0 5 2 1 0 0 0 0 0 0 0 0 0 0 0 0 0 0 0 0
 17 4 0 11 13 4458 8 16 2 0 12 154 9 0 7 0 4 0 1 6 1 322 6 0 0 26 0 0 1 1 2 222 2351 0 0 10 0 0 0 4 0 0 3 1 0 0 3 0 6 0 7 6 0 58 8 2 0 10 0 0 0 0 10832 0 0 0 0 0 45 0 0 1219 299 0 0
 0 0 0 0 0 0 5725 50 0 0 0 6 0 7 8 0 3 1 0 0 0 14 0 0 9624 111 99352 1378 0 0 0 45 0 2 40 0 1 0 0 1 0 0 0 3 0 0 0 0 0 0 0 6 0 0 0 0 0 10 0 0 0 0 31302 0 0 0 0 0 0 0 0 0 6 0 0
 2 236 3 15 3 0 0 189 7 3614 0 18 0 0 2 0 1 1 0 0 0 193 0 0 198 32 204 0 0 0 280 1702 105 6 0 0 0 0 0 0 0 0 0 1 0 0 2 0 0 0 3 3 0 0 1 0 1 1 30 0 0 0 0 0 0 0 0 0 0 0 0 0 0 0 0
 0 1 0 0 0 0 0 0 75 0 0 26 0 0 0 0 0 0 0 0 0 41 0 0 1563 25 2 84 2 0 6 96 33 0 0 0 0 0 0 0 0 0 1 3 0 0 0 7 0 0 0 4 0 0 0 0 3 7 1 0 0 0 0 0 0 0 0 0 0 0 0 0 2 0 0
 207 497 355 19 9 146 4313 0 15 805 44 854 14 113 0 53 0 0 3 0 0 0 77 105 0 0 0 0 4 8 0 0 0 0 46 0 0 0 49 23 0 0 0 34 0 0 406 0 0 0 0 196 0 0 148 40 0 26 0 0 3591 3 12349 0 0 22858 0 0 1020 0 1283 276 3263 11 193020
 0 0 18 0 0 0 0 0 0 0 1538 0 0 0 0 0 0 0 0 0 0 0 0 0 0 0 0 0 0 0 0 26 0 0 0 4 0 0 0 0 0 0 0 5 0 0 0 0 0 0 0 0 0 0 0 19 0 0 0 0 0 0 0 0 0 0 0 0 0 0 0 0 0 19 9785
 0 0 0 0 0 0 0 0 0 0 1 50209 4 1 0 0 0 0 0 29 5 0 0 0 0 0 0 0 453 14 0 0 0 0 0 7 0 0 1 0 2 0 0 0 0 0 3 0 3 0 5 12 0 0 8 4 38 0 16 0 0 1 0 0 0 0 0 0 39772 0 3996 1183 0 0 113089
 0 0 0 0 0 0 0 0 0 0 0 0 3607 0 0 0 0 0 0 0 0 0 0 0 0 0 0 0 0 0 0 0 0 0 4 0 0 0 0 0 0 0 0 0 0 0 0 0 0 0 0 0 0 0 0 0 0 0 0 0 0 0 0 0 0 0 0 0 0 0 0 0 0 0 6627
 0 0 0 0 1 5 0 1 4 0 4 0 1 10645 2036 11333 4386 14 0 932 32 748 0 27 0 0 0 0 0 203 0 195 0 32 0 5 2 8 1 1 0 0 0 0 3 0 7 6 42 17 7 0 0 29 116 12 360 3 386 0 0 0 0 0 0 0 158 0 0 0 16 0 0 0 0
 0 64 53 0 0 0 0 0 0 2328 3 9 0 0 769 42 1041 46 0 200 220 286 0 43 0 0 0 0 0 191 0 0 0 0 0 4 1 4 2 1 1 1 0 0 107 2 4 8 2 0 4 3 5 315 3 241 260 11 52 0 0 0 0 0 0 0 0 0 9 0 20 0 0 0 2034
 0 0 0 0 1 9 14 3 1 0 15 4 2 0 0 9259 0 14 0 44 10 0 0 0 0 0 0 0 0 13 3 0 8 2 1 6 1 0 4 1 1 0 0 0 1 0 4 7 0 0 36 41 0 7 15 17 29 0 0 0 0 0 0 0 0 0 324 0 0 0 534 0 0 0 22763
 0 28 13 0 0 0 0 0 0 130 2 64 0 0 0 666 443 0 0 49 4 0 0 0 0 0 0 0 0 0 0 0 0 0 0 3 49 0 5 2 3 1 0 0 1 0 0 6 3 1 1 0 8 3355 108 92 0 0 47 0 0 0 0 0 0 0 564 0 96 0 547 113 1 0 2603
 4 5 0 4 22 101 0 0 2 23581 31 33 3 0 0 0 29 14617 174 1862 903 3477 0 0 0 14 0 0 0 33 74 0 28 89 16 0 0 0 3 24 11 0 0 0 4 0 23 44 74 12 50 21 0 164 41 1135 44 0 482 0 0 0 0 0 0 0 37 0 0 0 0 0 0 0 0
 4 173 0 0 0 0 0 0 0 0 20 53 3 0 0 0 0 0 3 8 4 2 0 0 0 0 0 0 0 1 56 0 4 14 0 28 19 0 0 1 2 4 5 1 6 0 0 31 16 0 21 1 0 6 7 0 0 0 5 0 0 0 0 0 0 0 0 0 0 0 0 0 0 1 0
 0 0 0 0 0 0 0 0 0 86 3 0 0 0 0 0 0 0 0 32 2 0 0 0 0 0 0 0 0 0 0 0 0 0 0 0 0 0 0 0 0 0 0 0 0 0 4 1 0 0 414 30 0 0 16 92 0 0 0 0 0 0 0 0 0 0 0 0 0 0 0 0 0 0 8889
 0 0 0 0 0 0 0 0 0 920 1 0 0 0 0 0 0 0 0 0 119 0 0 0 0 0 0 0 0 0 0 0 0 0 0 0 0 0 0 0 1 3 0 0 0 0 0 0 34 0 0 0 0 496 24 101 0 0 0 0 0 0 0 0 0 0 0 0 0 0 0 0 0 0 6332
 144 57 0 0 0 0 0 0 0 1088 10 3086 239 0 0 193 56 0 0 40 31 12052 7228 10140 0 309 0 0 0 46 22 423 0 0 16 51 98 0 22 4 4 12 0 0 0 0 266 203 58 3 114 207 4 132 21 17 281 556 427 0 0 1 0 0 484 0 0 5422 268 0 1849 0 0 0 0
 0 118 1 0 0 0 0 3 0 0 39 6965 111 256 89 251 144 121 34 164 179 0 780 143 0 1051 232 1096 10 80 508 161 0 20 38 189 185 344 36 35 7 7 3 0 85 64 252 274 246 225 200 211 101 139 18 17 227 147 403 0 0 0 0 899 0 0 50 0 904 0 152 2 0 0 0
 15 28 1 0 0 4 17 6 0 0 56 1840 195 0 0 77 35 9 2 33 23 0 0 6089 0 196 0 0 0 16 28 21 0 0 184 55 34 0 13 10 17 14 17 0 25 0 116 83 21 15 379 100 12 67 117 35 96 0 0 0 0 3 0 868 3611 0 14 3806 0 0 8077 0 14 0 0
 110 6647 270 0 0 153 0 0 0 772 77 1822 27 782 567 108 70 806 1 50 96 1388 67 1163 21439 4247 3908 14100 116 49 657 745 1286 0 0 76 131 619 0 9 7 6 102 0 0 0 72 136 75 115 164 1034 423 373 73 67 148 1505 421 0 0 1 0 0 0 0 0 0 0 0 5066 0 128 0 0
 90 0 0 0 0 0 0 0 0 27 2 517 14 65 7 173 2 0 0 0 0 0 0 0 0 3470 26 0 35 17 0 10 0 0 0 3 0 0 0 0 0 0 0 0 0 0 0 0 0 0 0 0 0 0 0 1 0 0 0 0 0 0 0 0 0 0 661 0 0 0 8352 0 0 0 16704
 1000 6002 318 55 47 697 0 0 0 16005 115 1211 56 269 96 280 49 907 7 262 204 1717 0 272 0 0 10586 802 17 7 171 519 676 474 0 378 185 192 82 49 59 68 144 73 5 29 488 416 169 87 237 308 95 833 429 314 191 151 320 9286 63 1 11448 6294 0 26 575 0 367 2107 3174 489 626 0 33876
 345 426 0 31 22 60 0 8 0 1980 229 3966 425 4090 2509 2024 870 136 0 1044 702 2083 0 441 0 1992 0 20566 0 541 0 243 0 861 0 366 134 986 59 303 296 120 0 0 81 0 2197 1157 1108 539 3235 2820 565 7800 428 562 1306 1456 1553 0 0 0 0 0 0 0 411 0 1254 0 3371 0 0 0 0
 0 0 0 0 0 0 0 0 0 0 0 0 0 3 1 260 162 2 0 61 5 2 0 3 0 0 0 7 74 1188 0 0 0 0 0 0 0 2 0 0 0 0 0 0 0 0 0 0 0 0 0 0 0 0 0 0 1 0 60 0 0 0 0 0 0 0 0 0 0 0 0 0 0 0 0
 55 0 0 0 0 0 1 0 0 0 0 0 0 0 0 0 1 0 0 0 0 0 0 0 0 0 0 0 0 474 4 0 0 0 0 0 0 0 0 0 0 0 0 0 0 0 2 0 0 0 2 0 0 7 2 0 2 1 0 0 0 0 0 0 0 0 31 0 0 0 36 0 0 0 3192
 8 0 0 0 0 0 5 0 0 437 7 3939 0 125 33 0 5 0 0 89 24 0 0 0 0 564 0 511 0 0 1118 0 0 0 1 413 9 47 4 2 2 3 0 0 0 0 38 24 94 435 100 519 20 1605 14 184 115 217 22 0 0 0 0 0 0 0 163 0 156 315 306 0 0 0 0
 0 146 1 0 16 0 0 0 0 26268 0 63 2 0 6 1 5 107 2 73 52 0 0 0 0 0 0 0 4 4 95 4489 233 0 3 80 22 0 87 19 0 18 191 56 54 121 142 267 99 7 102 433 29 414 115 331 81 65 77 0 0 0 0 0 0 0 141 0 17 591 30 0 24 0 0
 8 10 0 0 12 0 437 0 0 5387 552 9 1 1 3 0 7 0 0 300 1278 34 78 62 0 20 0 518 0 1 12 0 9272 0 2725 7090 6388 4071 1201 865 1970 765 1076 777 1398 569 461 2119 1146 678 432 438 321 9877 1318 1534 375 70 506 0 0 0 0 0 0 0 0 0 0 0 0 0 0 0 0
 0 0 0 0 0 33 0 0 0 4579 457 3 0 0 26 0 3 0 0 110 195 82 0 33 97 34 0 0 0 2 27 74 625 14133 1546 3684 977 1818 458 109 97 141 0 272 230 217 1113 2337 582 704 1674 1838 1157 2546 2172 505 632 425 900 0 19 0 0 0 0 0 0 0 0 0 0 0 0 0 0
 0 0 7 0 0 0 0 0 0 0 0 8853 0 0 1 0 1 0 0 0 0 0 0 0 655 786 572 66 0 0 0 0 0 0 405 1 8 0 0 0 0 0 0 1 0 0 0 0 0 0 0 1 1 0 0 0 13 0 1 0 0 0 0 0 0 0 0 0 0 0 0 0 0 0 0
 7 13 0 0 0 0 45 13 4 29466 0 0 0 0 0 0 0 6 0 0 1 0 0 0 0 0 0 0 0 0 0 0 0 0 0 713 0 0 129 2 243 97 0 124 0 0 33 0 3 0 482 51 15 0 66 1230 0 10 0 0 0 0 0 0 0 0 0 0 0 0 0 0 0 0 0
 29 0 0 4 16 244 0 14 7 43 120 628 0 0 0 0 0 335 0 87 203 0 0 0 0 163 0 0 0 17 0 0 0 0 0 1065 1037 40 272 194 104 84 0 84 232 0 1253 798 329 321 674 951 220 12035 579 222 498 208 117 0 0 0 0 0 0 0 0 0 301 2826 133 23 0 0 0
 139 238 24 0 27 104 493 55 3 9936 210 943 90 0 0 22 1 937 1 812 529 434 0 52 0 357 0 0 0 55 0 231 0 0 125 1350 0 1717 112 113 189 138 0 225 175 0 942 561 391 271 988 1140 482 3586 525 393 446 214 316 0 0 0 0 0 0 0 30 0 0 1886 206 0 0 0 0
 0 0 18 28 28 220 216 57 20 0 54 0 0 0 0 0 0 0 0 1 2 0 0 0 8 0 0 0 0 0 0 0 0 0 0 0 0 0 1443 869 555 116 0 109 0 0 2 69 4 0 0 0 0 1461 0 971 2 0 4 101 178 0 1327 0 0 0 0 0 0 32 0 0 12 0 0
 385 882 19 0 0 0 0 0 0 0 0 29 0 0 0 0 0 0 0 0 0 0 0 0 0 0 0 0 0 0 0 0 0 0 0 0 0 0 0 356 9 0 0 0 0 0 0 0 0 0 0 0 0 0 0 2 0 0 0 0 0 0 0 0 0 28 0 181 0 0 0 0 37 0 3285
 0 0 0 47 61 799 112 140 22 433 0 0 0 0 0 0 0 0 0 0 0 0 0 0 0 0 0 0 0 0 0 50 0 0 0 0 0 0 0 0 566 9 0 0 0 0 0 0 0 0 0 0 0 0 0 44 0 0 0 0 0 0 0 0 0 0 0 0 0 0 0 0 0 0 5789
 0 0 0 17 13 117 0 45 4 1672 2 1 1 31 0 2 0 4 0 0 0 0 0 0 0 0 0 0 0 0 0 0 0 0 0 0 0 0 0 0 0 345 0 8 0 0 0 0 0 0 0 0 0 0 0 4 0 0 0 0 0 0 0 0 0 0 0 0 0 0 0 0 0 0 1515
 0 0 0 0 0 0 29 4 0 33 122 43 3 10 3 11 2 93 0 14 47 19 0 0 0 17 0 27 0 7 43 0 0 97 49 126 256 138 174 66 123 65 937 159 0 0 309 2 62 68 240 222 101 423 604 112 108 21 32 0 0 0 0 0 0 0 0 0 0 0 0 0 0 0 0
 0 0 0 0 0 0 0 0 0 0 0 151 0 153 126 83 15 11 0 10 1 281 83 296 401 9 0 2 0 3 48 0 0 0 0 0 0 0 0 0 0 0 0 380 0 0 0 0 0 0 0 0 0 0 0 5 0 0 15 0 0 0 0 0 0 0 0 0 18 0 0 0 0 0 3449
 21 28 9 37 27 436 333 70 11 1525 184 119 21 0 0 0 0 0 0 13 75 85 0 0 304 139 0 0 0 1 6 0 0 0 6 221 0 0 202 468 1075 552 75 562 2087 0 94 0 100 6 368 0 107 1133 449 635 4 69 60 176 0 0 0 0 0 0 0 0 0 0 0 0 0 0 0
 57 89 2 4 16 116 202 33 5 249 155 162 3 51 0 44 15 120 2 29 51 88 0 4 68 29 0 279 2 13 63 0 0 0 38 249 977 91 398 207 121 148 219 397 244 1382 261 412 58 52 371 221 0 1816 707 303 182 51 68 0 0 0 0 18 0 0 0 0 186 692 0 0 76 18 0
 0 0 0 0 0 0 0 0 0 0 10 0 1 0 0 0 1 0 0 0 10 0 0 0 0 4 0 0 0 0 0 0 0 0 0 0 0 0 0 1 3 4 0 0 0 0 9408 0 6 0 293 0 0 0 0 4 5 0 0 0 0 0 0 0 0 0 0 0 0 0 0 0 0 0 29061
 10 12 0 5 11 109 333 27 0 8996 138 54 0 0 0 0 0 0 0 0 47 0 0 0 0 13 0 0 0 0 0 0 0 0 2 197 0 0 0 82 186 245 0 485 38 0 2336 4340 963 0 669 0 200 2168 47 317 116 50 58 0 0 0 0 0 0 0 0 0 49 804 0 0 152 0 0
 0 0 0 0 0 0 1 0 0 1549 1 0 0 0 0 41 0 0 0 0 0 0 0 0 0 0 0 0 0 0 0 0 0 0 0 0 0 0 0 0 0 0 0 0 0 0 0 0 140 0 0 0 0 0 1 203 0 0 0 0 0 0 0 0 0 0 580 0 0 0 11 0 9 0 6528
 6 6 1 0 1 28 31 0 1 7314 12 24 0 0 0 4 0 0 0 3 6 0 0 0 0 6 0 0 0 1 0 0 0 0 1 17 0 0 2 32 4 3 0 4 0 0 251 148 262 389 718 0 0 1124 0 262 86 28 48 0 0 0 16 0 0 0 0 0 44 278 315 4 23 0 0
 0 0 0 0 0 0 5 0 0 1771 1393 0 0 0 0 0 0 0 0 0 3 0 0 0 0 0 0 0 0 0 0 0 0 0 0 0 0 0 12 1 3 3 0 10 0 0 0 0 1 0 3314 0 0 699 2260 201 0 0 0 0 1628 2 0 0 0 0 0 0 0 0 0 0 0 0 35141
 0 0 0 0 0 0 0 0 0 0 526 0 0 3 0 0 2 0 0 0 9 0 0 0 0 17 0 0 0 0 0 0 0 0 0 0 0 0 17 1 8 7 0 66 39 0 6140 609 12 117 15314 9168 724 456 1517 22 982 1612 109 0 403 28 0 0 0 0 378 0 0 0 89 0 0 158 0
 94 448 7 0 0 6 10 5 0 370 12 9 0 0 0 3 0 10 0 0 0 0 0 0 0 4 0 0 0 0 0 0 0 0 0 0 0 0 202 87 7 10 0 1 0 15 30 0 4 175 39 0 680 3224 168 79 13 12 8 0 0 0 0 0 0 0 0 0 0 553 545 0 2 0 724
 59 71 4 29 0 0 8 41 1 243 42 13 1 0 0 0 0 0 0 1 0 0 0 0 0 0 0 0 0 0 0 0 0 0 1 38 0 0 0 188 226 3 0 18 0 0 25 0 33 0 0 0 0 48021 2 692 0 0 0 0 145 0 0 0 0 0 0 0 0 5416 0 0 0 0 65608
 0 0 0 0 0 0 0 0 0 0 2136 0 1 0 0 0 0 0 0 0 0 0 0 0 0 0 0 0 0 0 0 0 0 0 0 0 0 0 57 2 14 10 0 21 0 0 24 0 0 1 0 0 0 0 10609 110 0 0 0 753 0 0 0 0 0 0 0 0 0 0 0 0 0 0 19782
 0 0 562 1 3 0 0 0 0 0 0 0 0 0 0 0 0 0 0 0 0 0 0 0 0 0 0 0 0 0 0 0 0 0 0 0 0 0 0 0 0 0 0 0 0 0 0 0 0 0 0 0 0 0 0 952 0 0 0 1054 0 0 0 0 0 0 0 0 141 0 2 0 31 0 12080
 0 0 1 0 0 13 36 0 0 1604 16 0 3 0 0 0 0 0 0 1 5 0 0 0 0 46 0 0 0 0 0 0 0 0 0 27 0 0 0 3 2 3 0 4 0 0 0 0 386 0 111 0 0 326 425 65 447 6 0 0 0 0 0 0 0 0 0 0 0 0 3606 0 0 0 4441
 0 0 1 0 0 0 0 0 0 0 59 10 1 0 0 5 0 0 0 1 2 0 0 578 0 12 0 0 0 0 0 0 0 0 0 0 0 0 9 2 5 4 0 5 0 0 25 0 3 0 190 0 0 21 288 13 0 848 12 0 0 18 0 0 0 0 442 827 0 0 1080 0 0 0 5415
 4 0 0 3 0 1 3 0 0 715 8 0 1 0 0 838 0 0 0 22 2 0 0 33 0 21 0 0 0 24 0 0 0 0 0 19 0 0 0 1 8 5 0 0 0 0 46 0 83 0 14 0 0 33 1 24 19 0 1011 0 0 0 0 0 2 0 814 0 134 0 601 1 7 0 7040
 1313 968 105 58 58 127 149 107 24 4115 386 6565 126 296 255 375 21 1034 13 317 270 2134 706 982 3913 1118 0 1510 30 87 430 2690 1696 1503 293 751 448 133 0 126 204 79 169 191 0 4 1267 538 198 180 888 1144 323 1212 0 0 324 487 522 31372 0 16 636 9073 0 0 0 0 982 0 4550 3559 4 0 0
 207 312 11 2 4 26 94 13 2 0 118 659 12 160 30 442 54 84 2 87 64 97 31 360 219 107 0 123 2 32 39 98 70 0 12 173 49 143 0 21 83 30 63 80 63 52 427 209 40 20 0 0 28 0 334 75 166 134 134 1359 1999 10 0 9618 4351 0 913 2419 876 651 3949 0 0 0 0
 0 0 0 0 0 0 0 0 0 0 0 0 0 0 0 0 0 0 0 0 0 0 0 0 0 0 0 0 0 0 0 0 0 0 0 8 0 0 0 0 0 0 0 0 0 0 0 0 0 0 0 0 0 0 0 0 0 0 0 0 0 12 0 0 0 0 0 451 0 0 0 0 0 0 135
 796 2382 75 405 296 0 0 560 352 0 446 5534 88 1202 415 694 187 1146 13 237 276 4069 356 479 6696 809 0 4114 34 60 1274 2503 4182 2793 232 647 557 954 0 59 228 91 328 207 227 98 922 276 281 0 949 1343 299 1644 955 226 268 265 305 0 604 17 51703 17860 2037 5632 4169 795 5850 1043 8665 0 3385 0 0
 2513 4032 387 106 122 935 616 227 47 32940 470 16677 199 1370 555 2122 665 1523 14 830 626 60 0 0 3819 1921 0 2025 86 75 499 1099 2686 2948 296 1932 1237 1310 577 692 1042 313 584 685 1102 0 2909 2454 828 739 3326 3180 627 6620 1384 1374 1110 569 783 0 0 7 0 10189 0 0 0 0 0 0 5289 0 0 0 55459
 1478 1516 76 19 53 269 560 102 102 2724 118 1874 145 212 81 550 24 397 12 318 296 0 64 0 925 541 444 568 7 110 105 375 315 379 76 297 284 398 88 38 87 44 137 128 153 272 931 455 86 160 484 614 224 635 1058 77 209 134 0 995 0 16 0 9783 65279 5818 280 0 1846 0 1811 0 0 0 3470
 1676 10732 139 45 70 794 9422 228 39 0 181 1462 59 129 71 577 186 261 6 179 176 275 136 534 522 1155 0 658 4 56 202 339 273 260 90 203 204 345 52 0 69 66 166 107 191 190 853 416 13 22 3644 645 105 306 458 509 340 156 401 2876 1315 84 0 34810 0 49610 3998 0 7726 1539 38083 0 42 42 0
 129 115 16 3 7 34 70 49 8 22 61 667 12 0 2 0 0 0 3 57 48 9 0 0 21 0 0 0 15 0 0 0 112 97 33 245 46 0 26 12 25 17 45 36 66 19 411 149 0 50 524 0 94 117 872 43 50 0 0 139 0 12 0 1791 0 0 1279 0 856 0 1902 0 0 0 8593
 2994 5665 1360 87 108 1093 1450 322 94 51950 948 11950 1268 1411 342 1733 381 1116 11 843 925 0 63 0 1097 9402 262 2612 22 317 392 1234 1156 1064 154 1298 953 1080 135 0 185 11 387 76 54 1033 3039 1269 800 293 4173 842 353 3849 3281 270 1257 0 844 3532 0 0 0 77933 25267 1285 2218 40334 3192 0 23670 0 154 0 0
 0 0 0 4 10 0 433 29 14 0 191 0 26 85 0 124 0 22 5 103 82 0 0 931 377 477 0 0 3 16 0 0 123 132 57 229 0 93 46 24 62 41 114 0 212 0 763 0 70 0 655 712 111 174 1199 0 282 131 0 0 0 363 0 3819 0 0 0 0 9338 0 3690 0 0 0 55331
 249 297 46 37 64 196 239 50 22 606 32 692 39 65 11 75 36 245 3 100 95 170 74 255 126 110 0 116 2 18 0 0 60 120 24 125 0 0 0 8 20 33 59 26 30 0 146 0 25 0 31 256 0 0 146 41 244 93 61 2328 0 1 0 861 489 0 467 673 802 429 2538 333 0 0 4804
 476 0 0 5 9 15 58 8 3 0 11 0 11 0 0 0 0 4 3 43 25 0 0 0 0 0 0 0 1 0 0 0 1 37 12 35 0 0 7 4 4 4 25 8 32 14 25 16 0 0 34 0 0 108 124 0 0 0 0 0 0 5 0 0 0 0 0 0 0 0 6960 0 0 0 139196
 5 0 0 3 8 0 23 8 7 0 23 0 50 46 30 289 0 50 2 45 50 5 0 739 102 91 0 82 2 28 27 59 70 44 5 69 0 60 5 18 19 15 17 36 40 4 108 56 49 0 358 129 2 152 239 11 75 31 0 0 176 2 70 3203 7080 213 156 2321 197 0 2351 618 8 0 0
 0 0 4 1 3 0 0 11 0 0 9 307 5 22 11 9 0 11 0 5 3 67 8 0 0 21 0 10 6 0 5 0 19 17 5 11 7 20 0 0 4 2 1 3 4 0 29 0 0 0 18 22 0 11 16 0 9 2 0 0 63 2 0 294 15 0 84 0 66 51 261 0 3 0 6752
 1 7 4 13 74 38 510 14 12 0 0 4352 5 70 275 67 97 14 0 20 7 1052 11 31 869 560 867 987 1 1 177 105 1079 2722 10 96 6 114 42 72 109 20 117 60 19 0 198 121 55 40 389 0 80 1350 3 13 126 81 902 7008 2577 1 287 1498 2511 0 72 971 222 130 60 845 0 21 0
 19837 3383 3469 1431 968 8781 121691 4345 1072 0 0 0 0 9261 0 0 0 18466 179 0 0 14351 8247 2699 18781 0 0 25460 898 0 5295 17426 37304 17096 4814 10116 12202 17465 1873 0 0 0 30 0 4885 7829 0 3235 0 5757 0 9657 0 0 0 0 0 0 0 32175 19281 0 35624 0 0 95052 0 248693 0 0 0 9386 0 33998 0
