75
 8490 0 42 0 0 0 0 0 0 0 0 0 0 48318 0 84 22 7 0 0 1 0 0 0 7 0 0 0 0 0 0 0 0 0 0 5 0 0 0 0 0 0 0 0 3 0 0 0 2 0 1 0 0 0 0 0 0 0 0 0 0 0 0 0 0 0 0 0 531 73 0 0 0 0 0
 14593 2871 66 0 0 0 0 3 0 0 0 0 0 22546 3354 759 0 0 0 0 1 0 0 0 54 119 2 0 0 0 0 0 0 0 0 6 0 3 0 0 0 0 0 0 2 0 0 0 1 0 0 0 0 0 0 0 0 1 11 0 0 0 0 0 0 0 0 0 1182 1114 143 1716 1 0 0
 0 0 281 0 0 0 0 0 0 0 0 0 0 1361 0 1 0 330 4601 3 7 41 0 0 3 21 25 0 0 0 0 1 0 0 0 0 10 0 0 0 0 0 1 1 1 0 0 0 0 0 0 0 1 0 0 0 0 0 7 0 0 0 0 0 0 0 0 0 1069 0 4 14 0 0 0
 2639 3667 1206 304 0 1 11 1 0 2 1025 1849 1 0 0 2 0 0 110 0 1 0 0 0 13 2 1 0 0 0 0 0 0 1 1 0 1 0 0 0 0 0 0 0 0 0 0 0 0 1 0 0 3 0 0 0 0 0 0 0 0 0 0 378 0 2110 0 0 0 0 214 0 0 0 0
 0 0 0 0 184 0 0 0 0 0 0 0 2 1 0 0 0 0 0 0 0 2 0 72 6 2 9 0 0 0 0 0 3 2405 14 0 7 0 22 0 1 0 0 3 1 0 0 1 0 0 0 4 0 9 0 0 0 1 0 0 0 0 0 0 0 0 0 0 0 0 0 0 0 0 0
 0 0 0 0 21 240 0 0 0 0 0 0 0 1 0 0 0 0 0 0 0 4 0 378 26 8 20 0 0 0 0 4 0 0 1710 1 26 0 0 0 0 0 0 2 1 0 0 0 0 0 0 0 1 35 2 1 0 7 1 0 0 0 0 0 0 0 0 0 0 0 0 0 0 0 0
 17 4 0 0 11 13 4458 8 16 2 0 0 12 154 9 0 7 0 0 1 7 328 0 0 136 26 1 0 0 1 1 2 222 2351 0 0 10 0 0 0 4 0 0 3 1 0 0 3 4 0 6 0 7 0 58 8 2 0 0 0 0 0 10832 0 0 0 0 0 38 7 0 1219 299 0 0
 0 0 0 0 0 0 0 5725 50 0 0 0 0 6 0 7 8 0 1 0 0 14 0 9624 1143 111 145 99207 235 0 0 0 45 0 2 40 0 1 0 0 1 0 0 0 3 0 0 0 1 0 0 0 0 0 0 0 0 0 0 0 0 0 31302 0 0 0 0 0 0 0 0 0 6 0 0
 2 236 3 5 15 3 0 0 189 7 1917 1697 0 18 0 0 2 0 1 0 0 190 0 198 17 32 37 167 0 0 0 280 1702 105 6 0 0 0 0 0 0 0 0 0 1 0 0 2 0 0 0 0 3 0 0 1 0 2 30 0 0 0 0 0 0 0 0 0 0 0 0 0 0 0 0
 0 1 0 0 0 0 0 0 0 75 0 0 0 26 0 0 0 0 0 0 0 41 0 1563 80 25 8 0 4 2 0 6 96 33 0 0 0 0 0 0 0 0 0 1 3 0 0 0 14 0 0 0 0 4 0 0 0 10 1 0 0 0 0 0 0 0 0 0 0 0 0 0 2 0 0
 0 0 0 0 0 0 0 0 0 0 0 0 0 0 0 0 0 0 0 0 0 0 0 0 0 0 0 0 0 0 0 0 0 0 0 0 0 0 0 0 0 0 0 0 0 0 0 0 0 0 0 0 0 0 0 0 0 0 0 0 0 0 0 0 0 0 0 0 0 0 0 0 0 0 207589
 207 497 355 0 19 9 146 4313 0 15 594 211 67 864 14 113 0 48 0 3 0 0 118 0 176 67 0 0 0 4 11 0 0 0 0 46 0 101 0 49 23 0 0 24 34 0 0 406 0 0 0 0 0 134 72 148 44 0 0 2510 4992 3 13958 0 0 23870 797 0 493 719 1293 512 3399 12 0
 0 0 18 0 0 0 0 0 0 0 23 0 1538 0 0 0 0 0 0 0 0 0 0 0 0 0 0 0 0 0 0 0 26 0 0 0 4 0 0 0 0 0 0 0 5 0 0 0 0 0 0 0 0 0 0 0 19 0 0 0 0 0 0 0 0 0 0 0 0 0 0 0 0 19 9785
 0 0 0 32 0 0 0 0 0 0 10 0 1 50209 4 1 0 0 0 0 34 0 0 0 5 0 216 0 0 453 14 0 0 0 0 0 7 0 0 1 0 2 0 0 0 0 0 3 0 3 3 0 5 3 0 8 4 28 16 0 0 1 0 0 0 0 0 0 39211 561 3996 1183 0 0 113089
 0 0 0 0 0 0 0 0 0 0 0 0 0 0 3607 0 0 0 0 0 0 0 0 0 0 0 0 0 0 0 0 0 0 0 0 4 0 0 0 0 0 0 0 0 0 0 0 0 0 0 0 0 0 0 0 0 0 0 0 0 0 0 0 0 0 0 0 0 0 0 0 0 0 0 6627
 0 0 0 0 0 1 5 0 1 4 0 0 4 0 1 10645 2036 15719 14 0 964 492 27 0 0 0 0 0 526 0 203 0 195 0 32 0 5 2 8 1 1 0 0 0 0 3 0 7 2 4 42 17 7 0 29 116 12 363 386 0 0 0 0 0 0 0 93 0 0 51 16 0 0 0 0
 0 64 53 34 0 0 0 0 0 0 1892 436 3 9 0 0 769 1083 46 0 420 197 43 0 0 0 0 0 413 0 191 0 0 0 0 0 4 1 4 2 1 1 1 0 0 107 2 4 2 6 2 0 4 8 315 3 241 271 52 0 0 0 0 0 0 0 0 0 0 24 20 0 0 0 2034
 0 10 0 56 0 1 5 11 2 1 125 0 17 68 2 0 0 10690 0 0 107 0 0 0 0 0 0 0 0 0 12 0 0 1 0 0 9 50 0 9 3 4 0 0 0 2 0 3 5 8 0 0 37 44 3362 123 109 24 0 0 0 0 0 0 0 0 777 0 0 186 1081 0 0 0 25366
 4 5 0 0 4 22 101 0 0 2 20859 2722 31 33 3 0 0 15 14617 174 2765 3356 0 0 0 14 0 0 0 0 33 74 0 28 89 16 0 0 0 3 24 11 0 0 0 4 0 23 36 8 74 12 50 11 164 41 1135 44 482 0 0 0 0 0 0 0 0 0 0 108 0 0 0 0 0
 4 173 0 15 0 0 0 0 0 0 0 0 20 53 3 0 0 0 0 3 12 0 0 0 0 0 0 0 4 0 1 56 0 4 14 0 28 19 0 0 1 2 4 5 1 6 0 0 21 10 16 0 21 1 6 7 0 0 5 0 0 0 0 0 0 0 0 0 0 0 0 0 0 1 0
 0 0 0 0 0 0 0 0 0 0 888 118 4 0 0 0 0 0 0 0 153 0 0 0 0 0 0 0 0 0 0 0 0 0 0 0 0 0 0 0 0 1 3 0 0 0 0 0 0 0 34 0 411 21 495 40 193 0 0 0 0 0 0 0 0 0 0 0 0 0 0 0 0 0 15221
 144 175 0 111 0 0 0 0 0 0 967 44 49 10051 350 0 0 644 0 32 414 22184 10283 0 0 1360 40 0 0 8 126 530 584 0 0 54 240 283 0 58 39 11 19 0 0 0 0 518 166 311 304 228 314 523 271 39 34 1211 830 0 0 1 0 839 420 0 0 5248 1144 28 2001 0 0 0 0
 15 28 1 9 0 0 4 17 6 0 13 0 56 1840 195 0 0 112 9 2 56 0 6089 0 0 196 38 0 0 0 16 28 21 0 0 184 55 34 0 13 10 17 14 17 0 25 0 116 26 57 21 15 379 112 67 117 35 0 0 0 0 3 0 868 3611 0 0 3797 0 108 8077 0 14 0 0
 110 6647 270 1497 0 0 153 0 0 0 748 24 77 1822 27 782 567 178 806 1 146 1455 1163 21439 11351 4247 2511 1397 2749 116 49 657 745 1286 0 0 76 131 619 0 9 7 6 102 0 0 0 72 16 120 75 115 164 1457 373 73 67 1653 421 0 0 1 0 0 0 0 0 0 0 61 5066 0 128 0 0
 0 0 0 0 0 0 0 0 0 0 0 0 42 0 1 4616 2922 2071 27 4 119 986 8 0 1563 17 557 0 12698 0 87 0 244 0 634 0 18 66 97 2 4 3 4 28 0 0 0 114 90 95 230 176 317 370 250 61 166 370 651 0 0 0 0 0 0 0 0 0 0 0 0 0 0 0 0
 90 0 0 0 0 0 0 0 0 0 94 0 2 517 14 65 7 175 0 0 0 0 0 0 0 3470 0 63 0 35 17 0 10 0 0 0 3 0 0 0 0 0 0 0 0 0 0 0 0 0 0 0 0 0 0 0 1 0 0 0 0 0 0 0 0 0 551 0 0 0 8352 0 0 0 16704
 0 0 0 0 0 0 0 0 0 0 2897 2262 7 0 0 1 4 0 293 0 296 0 0 0 0 37 137 0 7 0 0 15 0 0 0 0 157 98 263 9 28 22 9 30 0 7 0 82 58 69 140 41 52 34 636 80 179 33 132 0 35 0 0 0 0 0 566 0 0 0 6 0 0 0 0
 1000 6004 343 647 64 67 698 0 0 6 7670 3176 108 1427 56 268 92 329 614 7 170 1525 310 0 683 0 218 10211 669 17 8 156 529 695 493 0 221 87 0 73 21 37 59 114 73 0 33 406 114 175 29 46 185 369 197 349 135 309 188 9648 28 1 11591 6790 0 110 2116 0 120 329 3168 520 626 0 36640
 352 480 3 89 37 48 196 0 25 0 1332 824 187 3971 424 0 0 823 109 0 1627 1 433 0 0 1975 0 0 4529 0 454 0 0 0 227 20 348 68 889 57 299 293 116 0 33 229 0 2083 460 512 878 363 2918 3015 7550 367 396 2392 902 0 0 0 0 0 0 0 519 0 1281 153 3423 0 3 0 0
 0 0 0 0 0 0 0 0 0 0 0 0 0 0 0 3 1 422 2 0 66 0 3 0 0 0 0 0 7 74 1188 0 0 0 0 0 0 0 2 0 0 0 0 0 0 0 0 0 0 0 0 0 0 0 0 0 0 1 60 0 0 0 0 0 0 0 0 0 0 0 0 0 0 0 0
 55 0 0 4 0 0 0 1 0 0 3 0 0 0 0 0 0 0 0 0 0 0 0 0 0 0 1 0 0 0 474 4 0 0 0 0 0 0 0 0 0 0 0 0 0 0 0 2 0 0 0 0 2 0 7 2 0 3 0 0 0 0 0 0 0 0 13 0 0 23 36 0 0 0 3192
 8 0 0 2 0 0 0 5 0 0 288 149 7 3939 0 125 33 2 0 0 113 0 0 0 22 564 0 0 489 0 0 1118 0 0 0 1 413 9 47 4 2 2 3 0 0 0 0 38 19 5 94 435 100 539 1605 14 184 332 22 0 0 0 0 0 0 0 478 0 157 0 306 0 0 0 0
 0 146 1 16 0 16 0 0 0 0 20842 5426 0 63 2 0 6 6 107 2 125 0 0 0 0 0 10 0 1 4 4 95 4489 233 0 3 80 22 0 87 19 0 18 191 56 54 121 142 107 160 99 7 102 462 414 115 331 146 77 0 0 0 0 0 0 0 732 0 13 4 30 0 24 0 0
 8 10 0 0 0 12 0 437 0 0 4855 532 552 9 1 1 3 0 0 0 1578 112 62 0 10 20 19 0 508 0 1 12 0 9272 0 2725 7090 6388 4071 1201 865 1970 765 1076 777 1398 569 461 1233 886 1146 678 432 759 9877 1318 1534 445 506 0 0 0 0 0 0 0 0 0 0 0 0 0 0 0 0
 0 0 0 0 0 0 33 0 0 0 3725 854 457 3 0 0 26 1 0 0 305 62 33 97 0 34 19 0 0 0 2 27 74 625 14133 1546 3684 977 1818 458 109 97 141 0 272 230 217 1113 1082 1255 582 704 1674 2995 2546 2172 505 1057 900 0 19 0 0 0 0 0 0 0 0 3 0 0 0 0 0
 0 0 7 0 0 0 0 0 0 0 0 0 0 8853 0 0 1 0 0 0 0 0 0 655 86 786 211 361 0 0 0 0 0 0 0 405 1 8 0 0 0 0 0 0 1 0 0 0 0 0 0 0 0 2 0 0 0 13 1 0 0 0 0 0 0 0 0 0 0 0 0 0 0 0 0
 7 13 0 0 0 0 0 45 13 4 22247 7219 0 0 0 0 0 0 6 0 1 0 0 0 0 0 0 0 0 0 0 0 0 0 0 0 713 0 0 129 2 243 97 0 124 0 0 33 42 0 3 0 482 66 0 66 1230 0 0 0 0 0 0 0 0 0 0 0 0 0 0 0 0 0 0
 29 0 0 1 4 16 244 0 14 7 144 0 120 628 0 0 0 0 335 0 290 0 0 0 0 163 0 0 0 0 17 0 0 0 0 0 1065 1037 40 272 194 104 84 0 84 232 0 1253 435 363 329 321 674 1171 12035 579 222 706 117 0 0 0 0 0 0 0 2780 0 285 16 133 23 0 0 0
 139 238 24 40 0 27 104 493 55 3 6757 3179 210 943 90 0 0 23 937 1 1341 90 52 0 0 357 0 71 0 0 55 0 231 0 0 125 1350 0 1717 112 113 189 138 0 225 175 0 942 454 107 391 271 988 1622 3586 525 393 660 316 0 0 0 0 0 0 0 1916 0 0 24 206 0 0 0 0
 0 0 18 50 28 28 220 216 57 20 0 0 54 0 0 0 0 0 0 0 3 0 0 8 0 0 0 0 0 0 0 0 0 0 0 0 0 0 0 1443 869 555 116 0 109 0 0 2 66 3 4 0 0 0 1461 0 971 0 4 101 178 0 1327 0 0 0 6 0 0 0 0 0 12 0 0
 385 882 19 75 0 0 0 0 0 0 0 0 0 29 0 0 0 0 0 0 0 0 0 0 0 0 0 0 0 0 0 0 0 0 0 0 0 0 0 0 356 9 0 0 0 0 0 0 0 0 0 0 0 0 0 0 2 0 0 0 0 0 0 0 0 28 0 106 0 4 0 0 37 0 3285
 0 0 0 0 47 61 799 112 140 22 432 1 0 0 0 0 0 0 0 0 0 0 0 0 0 0 0 0 0 0 0 0 50 0 0 0 0 0 0 0 0 566 9 0 0 0 0 0 0 0 0 0 0 0 0 0 44 0 0 0 0 0 0 0 0 0 0 0 0 0 0 0 0 0 5789
 0 0 0 0 17 13 117 0 45 4 1221 451 2 1 1 31 0 1 4 0 0 0 0 0 0 0 0 0 0 0 0 0 0 0 0 0 0 0 0 0 0 0 345 0 8 0 0 0 0 0 0 0 0 0 0 0 4 0 0 0 0 0 0 0 0 0 0 0 0 0 0 0 0 0 1515
 0 0 0 3 0 0 0 29 4 0 57 0 122 43 3 10 3 13 93 0 61 16 0 0 0 17 0 0 55 0 7 43 0 0 97 49 126 256 138 174 66 123 65 937 159 0 0 309 170 0 62 68 240 323 423 604 112 129 32 0 0 0 0 0 0 0 0 0 0 0 0 0 0 0 0
 0 0 0 0 0 0 0 0 0 0 0 0 0 151 0 153 126 98 11 0 11 364 296 401 35 9 0 0 0 0 3 48 0 0 0 0 0 0 0 0 0 0 0 0 380 0 0 0 0 0 0 0 0 0 0 0 5 0 15 0 0 0 0 0 0 0 0 0 18 0 0 0 0 0 3449
 21 28 9 11 37 27 436 333 70 11 1367 158 184 119 21 0 0 0 0 0 88 0 0 304 148 139 0 2 0 0 1 6 0 0 0 6 221 0 0 202 468 1075 552 75 562 2087 0 94 603 0 100 6 368 68 1133 449 635 73 60 176 0 0 0 0 0 0 0 0 0 0 0 0 0 0 0
 57 89 2 9 4 16 116 202 33 5 206 43 155 162 3 51 0 59 120 2 80 24 4 68 31 29 4 0 248 2 13 63 0 0 0 38 249 977 91 398 207 121 148 219 397 244 1382 261 310 102 58 52 371 206 1816 707 303 233 68 0 0 0 0 18 0 0 673 0 181 5 0 0 76 18 0
 0 0 0 0 0 0 0 0 0 0 0 0 10 0 1 0 0 0 0 0 6 0 0 0 0 4 0 0 0 0 0 0 0 0 0 0 0 0 0 0 1 3 4 0 0 0 0 9408 0 0 6 0 293 0 0 0 4 0 0 0 0 0 0 0 0 0 0 0 0 6 0 0 0 0 29061
 0 0 0 0 0 0 0 0 0 0 4047 1811 2 57 0 0 0 0 0 0 1 0 0 0 0 3 0 0 0 0 0 0 0 0 0 0 0 0 0 0 2 2 2 0 6 0 0 0 992 0 259 0 8 0 1874 0 117 0 0 0 0 0 0 0 0 0 685 0 203 29 1 1 0 0 493
 12 13 0 0 5 11 113 334 27 7 2365 773 136 0 0 0 0 0 0 0 45 0 0 0 0 10 0 0 0 0 0 0 0 0 0 2 239 0 0 0 80 184 243 168 479 641 0 2336 1262 2076 704 3 661 0 294 58 200 426 72 0 0 0 8 0 0 0 0 0 0 2 0 0 154 0 0
 0 0 0 0 0 0 0 1 0 0 1052 497 1 0 0 0 0 38 0 0 0 0 0 0 0 0 0 0 0 0 0 0 0 0 0 0 0 0 0 0 0 0 0 0 0 0 0 0 0 0 140 0 0 0 0 1 203 0 0 0 0 0 0 0 0 0 555 0 0 0 11 0 9 0 6528
 6 6 1 5 0 1 28 31 0 1 5440 1874 12 24 0 0 0 3 0 0 9 0 0 0 0 6 0 0 0 0 1 0 0 0 0 1 17 0 0 2 32 4 3 0 4 0 0 251 151 0 262 389 718 0 1124 0 262 114 48 0 0 0 16 0 0 0 228 0 7 37 315 4 23 0 0
 0 0 0 0 0 0 0 5 0 0 1446 325 1393 0 0 0 0 0 0 0 0 0 0 0 0 0 0 0 0 0 0 0 0 0 0 0 0 0 0 12 1 3 3 0 10 0 0 0 0 0 1 0 3314 0 699 2260 201 0 0 0 1628 2 0 0 0 0 0 0 0 0 0 0 0 0 35141
 94 448 7 47 0 0 0 4 2 0 308 0 538 0 0 3 0 0 0 0 0 0 0 0 0 21 0 0 0 0 0 0 0 0 0 0 0 0 0 219 88 15 17 0 67 0 0 6170 5 404 16 292 15353 10610 3680 1685 101 2619 117 0 375 28 0 0 0 0 581 0 0 0 634 0 0 78 0
 59 71 4 71 29 0 0 8 41 1 315 0 42 13 1 0 0 0 0 0 0 0 0 0 0 0 0 0 0 0 0 0 0 0 0 1 38 0 0 0 188 226 3 0 18 0 0 25 0 0 33 0 0 0 48021 2 692 0 0 0 145 0 0 0 0 0 5299 0 0 9 0 0 0 0 65608
 0 0 0 7 0 0 0 0 0 0 0 0 2136 0 1 0 0 0 0 0 0 0 0 0 0 0 0 0 0 0 0 0 0 0 0 0 0 0 0 57 2 14 10 0 21 0 0 24 11 0 0 1 0 0 0 10609 110 0 0 753 0 0 0 0 0 0 0 0 0 0 0 0 0 0 19782
 0 0 562 13 1 3 0 0 0 0 4 0 0 0 0 0 0 0 0 0 0 0 0 0 0 0 0 0 0 0 0 0 0 0 0 0 0 0 0 0 0 0 0 0 0 0 0 0 0 0 0 0 0 0 0 0 952 0 0 1054 0 0 0 0 0 0 0 0 0 229 2 0 31 0 12080
 0 0 2 7 0 0 3 26 0 0 1177 401 75 0 4 0 0 0 0 0 9 0 482 0 0 58 0 0 0 0 0 0 0 0 0 0 17 0 0 7 5 7 7 0 9 0 0 20 260 0 389 0 301 0 347 713 78 1357 0 0 0 18 0 0 0 0 55 0 0 126 4686 0 0 0 9856
 4 0 0 6 3 0 1 3 0 0 590 125 8 0 1 0 0 791 0 0 24 0 33 0 0 21 0 0 0 0 24 0 0 0 0 0 19 0 0 0 1 8 5 0 0 0 0 46 14 0 83 0 14 0 33 1 24 7 1011 0 0 0 0 0 2 0 753 0 35 99 601 1 7 0 7040
 1313 968 105 472 58 58 127 149 107 24 6625 0 386 6565 126 296 255 396 1034 13 587 2840 982 3913 1025 1118 362 0 485 30 87 430 2690 1696 1503 293 751 448 133 0 126 204 79 169 191 0 4 1267 318 220 198 180 888 1467 1212 0 0 811 522 31372 0 16 636 9073 0 0 0 0 291 691 4550 3559 4 0 0
 207 312 11 13 2 4 26 94 13 2 1401 0 118 659 12 160 30 496 84 2 151 128 360 219 68 107 0 0 55 2 32 39 98 70 0 12 173 49 143 0 21 83 30 63 80 63 52 427 77 132 40 20 0 0 0 334 75 300 134 1359 1999 10 0 9618 4351 0 1564 2406 442 434 3949 0 0 0 0
 0 0 0 0 0 0 0 0 0 0 0 0 0 0 0 0 0 0 0 0 0 0 0 0 0 0 0 0 0 0 0 0 0 0 0 0 8 0 0 0 0 0 0 0 0 0 0 0 0 0 0 0 0 0 0 0 0 0 0 0 0 12 0 0 0 0 0 451 0 0 0 0 0 0 135
 796 2382 75 336 405 296 0 0 560 352 1609 0 446 5534 88 1202 415 881 1146 13 513 4425 479 6696 1849 809 143 0 2265 34 60 1274 2503 4182 2793 232 647 557 954 0 59 228 91 328 207 227 98 922 284 0 281 0 949 1642 1644 955 226 533 305 0 604 17 51703 17860 2037 5632 5212 459 4410 1440 8665 0 3385 0 0
 2513 4032 387 0 106 122 935 616 227 47 26087 6853 470 16677 199 1370 555 2787 1523 14 1456 0 0 3819 1461 1921 496 0 564 86 75 499 1099 2686 2948 296 1932 1237 1310 577 692 1042 313 584 685 1102 0 2909 866 1588 828 739 3326 3807 6620 1384 1374 1679 783 0 0 7 0 10189 0 0 0 0 0 0 5289 0 0 0 55459
 1478 1516 76 251 19 53 269 560 102 102 2501 223 118 1874 145 212 81 574 397 12 614 0 0 925 178 541 80 364 390 7 110 105 375 315 379 76 297 284 398 88 38 87 44 137 128 153 272 931 92 363 86 160 484 838 635 1058 77 343 0 995 0 16 0 9783 65279 5818 0 0 1205 641 1811 0 0 0 3470
 1676 10732 139 0 45 70 794 9422 228 39 1012 0 181 1462 59 129 71 763 261 6 355 411 534 522 357 1155 84 0 301 4 56 202 339 273 260 90 203 204 345 52 0 69 66 166 107 191 190 853 112 304 13 22 3644 750 306 458 509 496 401 2876 1315 84 0 34810 0 49610 5537 825 4907 2819 38083 0 42 42 0
 378 412 62 207 40 71 230 309 99 30 1425 0 93 1359 51 0 13 0 208 6 300 203 241 147 224 0 0 0 0 17 0 0 0 172 217 57 370 0 0 0 20 45 50 104 62 96 0 557 0 30 0 0 555 0 0 1018 84 0 0 2467 0 13 0 2652 209 0 2615 0 533 1125 4440 177 0 0 13397
 355 1998 154 614 87 107 1082 1449 327 92 46412 2664 947 11982 1268 1409 376 2170 1006 26 1767 0 0 2594 1500 9400 384 524 1188 22 321 394 1250 1155 1063 154 1297 954 1120 185 0 185 11 390 76 65 1042 3039 599 669 800 298 4170 1242 3920 3288 283 437 850 4004 0 0 0 77555 25518 0 1752 39370 3147 345 23456 0 179 0 0
 0 0 0 117 4 10 0 425 27 13 190 0 190 0 24 136 15 214 130 5 163 0 1039 438 178 473 82 0 0 3 39 0 0 122 135 56 218 0 117 44 28 61 39 113 0 204 0 769 0 185 70 0 647 757 183 1167 88 539 0 0 0 20 0 2767 0 0 0 0 278 0 3191 0 0 0 46901
 0 0 0 183 0 0 0 8 2 1 2 0 1 0 2 0 0 0 0 0 22 0 0 0 2 4 0 0 0 0 0 1 0 1 0 1 11 0 0 2 0 1 2 1 0 8 0 0 0 0 0 0 8 66 0 32 0 0 0 0 0 343 0 1052 0 0 0 0 1154 6802 499 0 0 0 8430
 476 0 0 0 5 9 15 58 8 3 10 0 11 0 11 0 0 0 4 3 68 0 0 0 52 0 0 0 0 1 0 0 0 1 37 12 35 0 0 7 4 4 4 25 8 32 14 25 0 17 0 0 34 0 108 124 0 0 0 0 0 5 0 0 0 0 0 0 0 0 6960 0 0 0 139196
 5 0 0 79 3 8 0 23 8 7 236 0 23 0 50 46 30 176 50 2 95 3 739 102 30 91 31 0 52 2 28 27 59 70 44 5 69 0 60 5 18 19 15 17 36 40 4 108 0 57 49 0 358 131 152 239 11 106 0 0 176 2 70 3203 7080 213 0 2242 143 54 2351 618 8 0 0
 0 0 4 25 1 3 0 0 11 0 136 0 9 307 5 22 11 8 11 0 8 75 0 0 13 21 0 0 0 6 0 5 0 19 17 5 11 7 20 0 0 4 2 1 3 4 0 29 2 0 0 0 18 20 11 16 0 11 0 0 63 2 0 294 15 0 135 0 42 24 261 0 3 0 6752
 1 7 4 5 13 74 38 510 14 12 1 0 0 4352 5 70 275 164 14 0 27 1063 31 869 123 560 67 800 864 1 1 177 105 1079 2722 10 96 6 114 42 72 109 20 117 60 19 0 198 11 110 55 40 389 0 1350 3 13 207 902 7008 2577 1 287 1498 2511 0 202 966 94 128 60 845 0 21 0
 19837 3383 3469 8076 1431 968 8781 121691 4345 1072 0 14569 0 0 0 9261 0 0 18466 179 0 22598 2699 18781 7053 0 2764 0 18407 898 0 5295 17426 37304 17096 4814 10116 12202 17465 1873 0 0 0 30 0 4885 7829 0 0 3728 0 5757 0 8933 0 0 0 0 0 32175 19281 0 35624 0 0 95052 0 240617 0 0 0 9386 0 33998 0
