75
 30318 108 0 0 0 0 3 0 0 0 0 70864 3354 801 21 0 0 0 2 0 0 0 0 61 29 2 0 0 0 0 0 0 0 0 11 0 0 0 0 0 0 0 0 5 0 0 0 3 0 1 0 0 0 0 0 0 1 0 7 0 0 0 0 0 0 0 0 0 1713 1187 0 1711 1 0 0
 0 281 0 0 0 0 0 0 0 0 0 1361 0 0 343 0 4604 3 4 42 0 0 0 3 21 25 0 0 0 0 1 0 0 0 0 10 0 0 0 0 0 1 1 1 0 0 0 0 0 0 0 1 0 0 0 0 0 0 7 0 0 0 0 0 0 0 0 0 1069 0 4 14 0 0 0
 6306 1206 304 0 1 11 1 0 1025 1849 1 0 0 0 1 0 95 1 0 0 0 0 0 13 2 1 0 0 0 0 0 0 1 1 0 1 0 0 0 0 0 0 0 0 0 0 0 0 1 0 0 3 0 0 0 0 0 0 0 0 0 0 0 378 0 2110 0 0 0 0 214 0 0 0 0
 0 0 0 184 0 0 0 0 0 0 2 1 0 0 0 0 0 0 0 1 1 0 72 6 2 9 0 0 0 0 0 3 2405 14 0 7 0 22 0 1 0 0 3 1 0 0 1 0 0 0 4 0 9 0 0 0 0 1 0 0 0 0 0 0 0 0 0 0 0 0 0 0 0 0 0
 0 0 0 21 240 0 0 0 0 0 0 1 0 0 0 0 0 0 0 4 0 0 378 26 8 20 0 0 0 0 4 0 0 1710 1 26 0 0 0 0 0 0 2 1 0 0 0 0 0 0 0 1 35 2 1 0 5 2 1 0 0 0 0 0 0 0 0 0 0 0 0 0 0 0 0
 21 0 0 11 13 4458 8 18 0 0 12 154 9 2 0 4 0 6 1 322 6 0 0 136 26 1 0 0 1 1 2 222 2351 0 0 10 0 0 0 4 0 0 3 1 0 0 3 4 0 6 0 7 0 58 8 2 0 10 0 0 0 0 10832 0 0 0 0 0 38 7 0 1219 299 0 0
 0 0 0 0 0 0 5725 50 0 0 0 6 0 15 0 3 1 0 0 14 0 0 9624 1143 111 145 99207 235 0 0 0 45 0 2 40 0 1 0 0 1 0 0 0 3 0 0 0 1 0 0 0 0 0 0 0 0 0 10 0 0 0 0 31302 0 0 0 0 0 0 0 0 0 6 0 0
 239 3 3 15 3 0 0 273 1917 1682 0 44 0 0 0 1 0 0 0 234 0 0 1761 97 57 45 161 0 2 0 286 1798 138 6 0 0 0 0 0 0 0 0 0 4 0 0 2 14 0 0 0 3 2 0 1 0 4 8 31 0 0 0 0 0 0 0 0 0 0 0 0 0 0 0 0
 0 0 0 0 0 0 0 0 0 0 0 0 0 0 0 0 0 0 0 0 0 0 0 0 0 0 0 0 0 0 0 0 0 0 0 0 0 0 0 0 0 0 0 0 0 0 0 0 0 0 0 0 0 0 0 0 0 0 0 0 0 0 0 0 0 0 0 0 0 0 0 0 0 0 207589
 704 355 0 19 9 146 4313 0 594 211 67 864 14 0 91 0 0 19 0 0 86 118 0 176 67 0 0 0 4 11 0 0 0 0 46 0 101 0 49 23 0 0 24 34 0 0 406 0 0 0 0 0 134 72 148 44 0 45 0 2510 4992 3 13958 0 0 23870 797 0 493 719 1293 512 3399 12 0
 0 18 0 0 0 0 0 0 23 0 1538 0 0 0 0 0 0 0 0 0 0 0 0 0 0 0 0 0 0 0 0 26 0 0 0 4 0 0 0 0 0 0 0 5 0 0 0 0 0 0 0 0 0 0 0 19 0 0 0 0 0 0 0 0 0 0 0 0 0 0 0 0 0 19 9785
 0 0 32 0 0 0 0 0 10 0 1 50209 4 0 0 0 0 29 5 0 0 0 0 5 0 216 0 0 453 14 0 0 0 0 0 7 0 0 1 0 2 0 0 0 0 0 3 0 3 3 0 5 3 0 8 4 38 0 16 0 0 1 0 0 0 0 0 0 39211 561 3996 1183 0 0 113089
 0 0 0 0 0 0 0 0 0 0 0 0 3607 0 0 0 0 0 0 0 0 0 0 0 0 0 0 0 0 0 0 0 0 0 4 0 0 0 0 0 0 0 0 0 0 0 0 0 0 0 0 0 0 0 0 0 0 0 0 0 0 0 0 0 0 0 0 0 0 0 0 0 0 0 6627
 0 52 32 0 1 0 0 3 1892 323 7 8 1 13918 11375 5427 60 1132 252 1034 0 70 0 0 0 0 0 939 0 394 0 189 0 6 0 9 3 12 3 2 1 0 0 0 110 0 11 4 10 44 17 11 5 344 119 253 620 14 438 0 0 0 0 0 0 0 80 0 0 75 36 0 0 0 0
 0 0 0 0 1 9 14 4 38 0 15 4 2 0 9259 0 14 44 10 0 0 0 0 0 0 0 0 0 0 13 3 0 8 2 1 6 1 0 4 1 1 0 0 0 1 0 4 2 5 0 0 36 38 7 15 17 29 0 0 0 0 0 0 0 0 0 249 0 0 121 534 0 0 0 22763
 24 13 57 0 0 0 0 0 87 43 2 64 0 0 666 443 0 49 4 0 0 0 0 0 0 0 0 0 0 0 0 0 0 0 0 3 49 0 5 2 3 1 0 0 1 0 0 3 3 3 1 1 6 3355 108 92 0 0 47 0 0 0 0 0 0 0 528 0 31 65 547 113 1 0 2603
 186 0 0 4 22 100 0 1 20859 2719 51 86 6 0 0 29 14800 1870 907 3479 0 0 0 0 14 0 0 0 0 34 130 0 32 103 16 22 0 0 3 25 13 0 0 0 10 0 23 57 18 90 12 71 12 170 48 1135 44 0 487 0 0 0 0 0 0 0 0 0 0 108 0 0 0 0 0
 0 0 0 0 0 0 0 0 105 0 3 0 0 0 0 0 0 32 2 0 0 0 0 0 0 0 0 0 0 0 0 0 0 0 0 0 0 0 0 0 0 0 0 0 0 0 4 0 1 0 0 414 30 0 16 92 0 0 0 0 0 0 0 0 0 0 0 0 0 0 0 0 0 0 8889
 0 0 0 0 0 0 0 0 783 137 1 0 0 0 0 0 0 0 119 0 0 0 0 0 0 0 0 0 0 0 0 0 0 0 0 0 0 0 0 0 1 3 0 0 0 0 0 0 0 34 0 0 0 496 24 101 0 0 0 0 0 0 0 0 0 0 0 0 0 0 0 0 0 0 6332
 201 0 10 0 0 0 0 0 958 130 10 3086 239 0 193 56 0 40 31 12052 7228 10140 0 0 309 0 0 0 0 46 22 423 0 0 16 51 98 0 22 4 4 12 0 0 0 0 266 21 182 58 3 114 211 132 21 17 281 556 427 0 0 1 0 0 484 0 0 5412 240 28 1849 0 0 0 0
 118 1 101 0 0 0 0 3 9 0 39 6965 111 345 251 144 155 164 179 0 780 143 0 117 1051 42 190 979 10 80 508 161 0 20 38 189 185 344 36 35 7 7 3 0 85 64 252 145 129 246 225 200 312 139 18 17 227 147 403 0 0 0 0 899 0 0 0 0 904 0 152 2 0 0 0
 43 1 9 0 0 4 17 6 13 0 56 1840 195 0 77 35 11 33 23 0 0 6089 0 0 196 38 0 0 0 16 28 21 0 0 184 55 34 0 13 10 17 14 17 0 25 0 116 26 57 21 15 379 112 67 117 35 96 0 0 0 0 3 0 868 3611 0 0 3797 0 108 8077 0 14 0 0
 6757 270 1497 0 0 153 0 0 748 24 77 1822 27 1349 108 70 807 50 96 1388 67 1163 21439 11351 4247 2511 1397 2749 116 49 657 745 1286 0 0 76 131 619 0 9 7 6 102 0 0 0 72 16 120 75 115 164 1457 373 73 67 148 1505 421 0 0 1 0 0 0 0 0 0 0 61 5066 0 128 0 0
 0 0 0 0 0 0 0 0 0 0 42 0 1 7538 1714 357 31 88 31 1103 0 8 0 1563 17 557 0 12698 0 87 0 244 0 634 0 18 66 97 2 4 3 4 28 0 0 0 114 90 95 230 176 317 370 250 61 166 208 162 651 0 0 0 0 0 0 0 0 0 0 0 0 0 0 0 0
 0 0 0 0 0 0 0 0 94 0 2 517 14 72 173 2 0 0 0 0 0 0 0 0 3470 0 63 0 35 17 0 10 0 0 0 3 0 0 0 0 0 0 0 0 0 0 0 0 0 0 0 0 0 0 0 1 0 0 0 0 0 0 0 0 0 0 551 0 0 0 8352 0 0 0 16704
 0 0 0 0 0 0 0 0 2897 2262 7 0 0 5 0 0 293 166 130 2 0 0 0 0 37 137 0 7 0 0 15 0 0 0 0 157 98 263 9 28 22 9 30 0 7 0 82 58 69 140 41 52 34 636 80 179 31 2 132 0 35 0 0 0 0 0 566 0 0 0 6 0 0 0 0
 7004 343 647 64 67 698 0 0 7670 3176 108 1427 56 360 280 49 621 96 74 1715 0 310 0 683 0 218 10211 669 17 8 156 529 695 493 0 221 87 0 73 21 37 59 114 73 0 33 406 114 175 29 46 185 369 197 349 135 160 149 188 9648 28 1 11591 6790 0 110 2116 0 120 329 3168 520 626 0 36640
 832 3 89 37 48 196 0 21 1332 824 187 3971 424 0 310 513 105 956 671 980 0 433 0 0 1975 0 0 4529 0 454 0 0 0 227 20 348 68 889 57 299 293 116 0 33 229 0 2083 460 512 878 363 2918 3015 7550 367 396 1098 1294 902 0 0 0 0 0 0 0 519 0 1281 153 3423 0 3 0 0
 0 0 0 0 0 0 0 0 0 0 0 0 0 4 260 162 2 61 5 2 0 3 0 0 0 0 0 7 74 1188 0 0 0 0 0 0 0 2 0 0 0 0 0 0 0 0 0 0 0 0 0 0 0 0 0 0 1 0 60 0 0 0 0 0 0 0 0 0 0 0 0 0 0 0 0
 55 0 4 0 0 0 1 0 3 0 0 0 0 0 0 1 0 0 0 0 0 0 0 0 0 1 0 0 0 474 4 0 0 0 0 0 0 0 0 0 0 0 0 0 0 0 2 0 0 0 0 2 0 7 2 0 2 1 0 0 0 0 0 0 0 0 13 0 0 23 36 0 0 0 3192
 8 0 2 0 0 0 5 0 288 149 7 3939 0 158 0 5 0 89 24 0 0 0 0 22 564 0 0 489 0 0 1118 0 0 0 1 413 9 47 4 2 2 3 0 0 0 0 38 19 5 94 435 100 539 1605 14 184 115 217 22 0 0 0 0 0 0 0 478 0 157 0 306 0 0 0 0
 146 1 16 0 16 0 0 0 20842 5426 0 63 2 0 1 5 109 73 52 0 0 0 0 0 0 10 0 1 4 4 95 4489 233 0 3 80 22 0 87 19 0 18 191 56 54 121 142 107 160 99 7 102 462 414 115 331 81 65 77 0 0 0 0 0 0 0 732 0 13 4 30 0 24 0 0
 18 0 0 0 12 0 437 0 4855 532 552 9 1 4 0 7 0 300 1278 34 78 62 0 10 20 19 0 508 0 1 12 0 9272 0 2725 7090 6388 4071 1201 865 1970 765 1076 777 1398 569 461 1233 886 1146 678 432 759 9877 1318 1534 375 70 506 0 0 0 0 0 0 0 0 0 0 0 0 0 0 0 0
 0 0 0 0 0 33 0 0 3725 854 457 3 0 0 0 3 0 110 195 82 0 33 97 0 34 19 0 0 0 2 27 74 625 14133 1546 3684 977 1818 458 109 97 141 0 272 230 217 1113 1082 1255 582 704 1674 2995 2546 2172 505 632 425 900 0 19 0 0 0 0 0 0 0 0 3 0 0 0 0 0
 0 7 0 0 0 0 0 0 0 0 0 8853 0 1 0 1 0 0 0 0 0 0 655 86 786 211 361 0 0 0 0 0 0 0 405 1 8 0 0 0 0 0 0 1 0 0 0 0 0 0 0 0 2 0 0 0 13 0 1 0 0 0 0 0 0 0 0 0 0 0 0 0 0 0 0
 20 0 0 0 0 0 45 17 22247 7219 0 0 0 0 0 0 0 0 1 0 0 0 0 0 0 0 0 0 0 0 0 0 0 0 0 713 0 0 129 2 243 97 0 124 0 0 33 42 0 3 0 482 66 0 66 1230 0 10 0 0 0 0 0 0 0 0 0 0 0 0 0 0 0 0 0
 26 0 1 4 16 244 0 21 144 0 120 628 0 0 0 0 316 87 203 0 0 0 0 0 163 0 0 0 0 17 0 0 0 0 0 1065 1037 40 272 194 104 84 0 84 232 0 1253 435 363 329 321 674 1171 12035 579 222 498 208 117 0 0 0 0 0 0 0 2780 0 285 16 133 23 0 0 0
 377 24 40 0 27 104 493 58 6757 3179 210 943 90 0 22 1 938 812 529 434 0 52 0 0 357 0 71 0 0 55 0 231 0 0 125 1350 0 1717 112 113 189 138 0 225 175 0 942 454 107 391 271 988 1622 3586 525 393 446 214 316 0 0 0 0 0 0 0 1916 0 0 24 206 0 0 0 0
 0 18 50 28 28 220 216 77 0 0 54 0 0 0 0 0 0 1 2 0 0 0 8 0 0 0 0 0 0 0 0 0 0 0 0 0 0 0 1443 869 555 116 0 109 0 0 2 66 3 4 0 0 0 1461 0 971 2 0 4 101 178 0 1327 0 0 0 6 0 0 0 0 0 12 0 0
 1267 19 75 0 0 0 0 0 0 0 0 29 0 0 0 0 0 0 0 0 0 0 0 0 0 0 0 0 0 0 0 0 0 0 0 0 0 0 0 356 9 0 0 0 0 0 0 0 0 0 0 0 0 0 0 2 0 0 0 0 0 0 0 0 0 28 0 106 0 4 0 0 37 0 3285
 0 0 0 47 61 799 112 162 432 1 0 0 0 0 0 0 0 0 0 0 0 0 0 0 0 0 0 0 0 0 0 50 0 0 0 0 0 0 0 0 566 9 0 0 0 0 0 0 0 0 0 0 0 0 0 44 0 0 0 0 0 0 0 0 0 0 0 0 0 0 0 0 0 0 5789
 0 0 0 17 13 117 0 49 1221 451 2 1 1 30 2 0 0 0 0 0 0 0 0 0 0 0 0 0 0 0 0 0 0 0 0 0 0 0 0 0 0 345 0 8 0 0 0 0 0 0 0 0 0 0 0 4 0 0 0 0 0 0 0 0 0 0 0 0 0 0 0 0 0 0 1515
 0 0 3 0 0 0 29 3 57 0 122 43 3 13 11 2 88 14 47 19 0 0 0 0 17 0 0 55 0 7 43 0 0 97 49 126 256 138 174 66 123 65 937 159 0 0 309 170 0 62 68 240 323 423 604 112 108 21 32 0 0 0 0 0 0 0 0 0 0 0 0 0 0 0 0
 0 0 0 0 0 0 0 0 0 0 0 151 0 279 83 15 10 10 1 281 83 296 401 35 9 0 0 0 0 3 48 0 0 0 0 0 0 0 0 0 0 0 0 380 0 0 0 0 0 0 0 0 0 0 0 5 0 0 15 0 0 0 0 0 0 0 0 0 18 0 0 0 0 0 3449
 49 9 11 37 27 436 333 81 1367 158 184 119 21 0 0 0 0 13 75 85 0 0 304 148 139 0 2 0 0 1 6 0 0 0 6 221 0 0 202 468 1075 552 75 562 2087 0 94 603 0 100 6 368 68 1133 449 635 4 69 60 176 0 0 0 0 0 0 0 0 0 0 0 0 0 0 0
 146 2 9 4 16 116 202 38 206 43 155 162 3 49 44 15 122 29 51 88 0 4 68 31 29 4 0 248 2 13 63 0 0 0 38 249 977 91 398 207 121 148 219 397 244 1382 261 310 102 58 52 371 206 1816 707 303 182 51 68 0 0 0 0 18 0 0 673 0 181 5 0 0 76 18 0
 0 0 0 0 0 0 0 0 0 0 10 0 1 0 0 1 0 0 10 0 0 0 0 0 4 0 0 0 0 0 0 0 0 0 0 0 0 0 0 1 3 4 0 0 0 0 9408 0 0 6 0 293 0 0 0 4 5 0 0 0 0 0 0 0 0 0 0 0 0 6 0 0 0 0 29061
 0 0 0 0 0 0 0 0 4047 1811 2 57 0 0 0 0 0 0 1 0 0 0 0 0 3 0 0 0 0 0 0 0 0 0 0 0 0 0 0 2 2 2 0 6 0 0 0 992 0 259 0 8 0 1874 0 117 0 0 0 0 0 0 0 0 0 0 685 0 203 29 1 1 0 0 493
 25 0 0 5 11 113 334 34 2365 773 136 0 0 0 0 0 0 0 46 0 0 0 0 0 10 0 0 0 0 0 0 0 0 0 2 239 0 0 0 80 184 243 168 479 641 0 2336 1262 2076 704 3 661 0 294 58 200 367 59 72 0 0 0 8 0 0 0 0 0 0 2 0 0 154 0 0
 0 0 0 0 0 0 1 0 1052 497 1 0 0 0 41 0 0 0 0 0 0 0 0 0 0 0 0 0 0 0 0 0 0 0 0 0 0 0 0 0 0 0 0 0 0 0 0 0 0 140 0 0 0 0 1 203 0 0 0 0 0 0 0 0 0 0 555 0 0 0 11 0 9 0 6528
 12 1 5 0 1 28 31 1 5440 1874 12 24 0 0 4 0 0 3 6 0 0 0 0 0 6 0 0 0 0 1 0 0 0 0 1 17 0 0 2 32 4 3 0 4 0 0 251 151 0 262 389 718 0 1124 0 262 86 28 48 0 0 0 16 0 0 0 228 0 7 37 315 4 23 0 0
 0 0 0 0 0 0 5 0 1446 325 1393 0 0 0 0 0 0 0 3 0 0 0 0 0 0 0 0 0 0 0 0 0 0 0 0 0 0 0 12 1 3 3 0 10 0 0 0 0 0 1 0 3314 0 699 2260 201 0 0 0 0 1628 2 0 0 0 0 0 0 0 0 0 0 0 0 35141
 542 7 47 0 0 0 4 0 308 0 538 0 0 0 0 0 0 0 9 0 0 0 0 0 21 0 0 0 0 0 0 0 0 0 0 0 0 0 219 88 15 17 0 67 0 0 6170 5 404 16 292 15353 10610 3680 1685 101 995 1624 117 0 375 28 0 0 0 0 581 0 0 0 634 0 0 78 0
 130 4 71 29 0 0 8 42 315 0 42 13 1 0 0 0 0 1 0 0 0 0 0 0 0 0 0 0 0 0 0 0 0 0 1 38 0 0 0 188 226 3 0 18 0 0 25 0 0 33 0 0 0 48021 2 692 0 0 0 0 145 0 0 0 0 0 5299 0 0 9 0 0 0 0 65608
 0 0 7 0 0 0 0 0 0 0 2136 0 1 0 0 0 0 0 0 0 0 0 0 0 0 0 0 0 0 0 0 0 0 0 0 0 0 0 57 2 14 10 0 21 0 0 24 11 0 0 1 0 0 0 10609 110 0 0 0 753 0 0 0 0 0 0 0 0 0 0 0 0 0 0 19782
 0 562 13 1 3 0 0 0 4 0 0 0 0 0 0 0 0 0 0 0 0 0 0 0 0 0 0 0 0 0 0 0 0 0 0 0 0 0 0 0 0 0 0 0 0 0 0 0 0 0 0 0 0 0 0 952 0 0 0 1054 0 0 0 0 0 0 0 0 0 229 2 0 31 0 12080
 0 1 1 0 0 13 36 0 1158 446 16 0 3 0 0 0 0 1 5 0 0 0 0 0 46 0 0 0 0 0 0 0 0 0 0 27 0 0 0 3 2 3 0 4 0 0 0 251 0 386 0 111 0 326 425 65 447 6 0 0 0 0 0 0 0 0 0 0 0 0 3606 0 0 0 4441
 0 1 6 0 0 0 0 0 19 0 59 10 1 0 5 0 0 1 2 0 0 578 0 0 12 0 0 0 0 0 0 0 0 0 0 0 0 0 9 2 5 4 0 5 0 0 25 9 0 3 0 190 0 21 288 13 0 848 12 0 0 18 0 0 0 0 349 821 0 159 1080 0 0 0 5415
 0 0 6 3 0 1 3 0 590 125 8 0 1 0 838 0 0 22 2 0 0 33 0 0 21 0 0 0 0 24 0 0 0 0 0 19 0 0 0 1 8 5 0 0 0 0 46 14 0 83 0 14 0 33 1 24 19 0 1011 0 0 0 0 0 2 0 753 0 35 99 601 1 7 0 7040
 2281 105 472 58 58 127 149 131 6625 0 386 6565 126 551 375 21 1047 317 270 2134 706 982 3913 1025 1118 362 0 485 30 87 430 2690 1696 1503 293 751 448 133 0 126 204 79 169 191 0 4 1267 318 220 198 180 888 1467 1212 0 0 324 487 522 31372 0 16 636 9073 0 0 0 0 291 691 4550 3559 4 0 0
 519 11 13 2 4 26 94 15 1401 0 118 659 12 190 442 54 86 87 64 97 31 360 219 68 107 0 0 55 2 32 39 98 70 0 12 173 49 143 0 21 83 30 63 80 63 52 427 77 132 40 20 0 0 0 334 75 166 134 134 1359 1999 10 0 9618 4351 0 1564 2406 442 434 3949 0 0 0 0
 0 0 0 0 0 0 0 0 0 0 0 0 0 0 0 0 0 0 0 0 0 0 0 0 0 0 0 0 0 0 0 0 0 0 0 8 0 0 0 0 0 0 0 0 0 0 0 0 0 0 0 0 0 0 0 0 0 0 0 0 0 12 0 0 0 0 0 451 0 0 0 0 0 0 135
 3178 75 336 405 296 0 0 912 1609 0 446 5534 88 1617 694 187 1159 237 276 4069 356 479 6696 1849 809 143 0 2265 34 60 1274 2503 4182 2793 232 647 557 954 0 59 228 91 328 207 227 98 922 284 0 281 0 949 1642 1644 955 226 268 265 305 0 604 17 51703 17860 2037 5632 5212 459 4410 1440 8665 0 3385 0 0
 6545 387 0 106 122 935 616 274 26087 6853 470 16677 199 1925 2122 665 1537 830 626 60 0 0 3819 1461 1921 496 0 564 86 75 499 1099 2686 2948 296 1932 1237 1310 577 692 1042 313 584 685 1102 0 2909 866 1588 828 739 3326 3807 6620 1384 1374 1110 569 783 0 0 7 0 10189 0 0 0 0 0 0 5289 0 0 0 55459
 2994 76 251 19 53 269 560 204 2501 223 118 1874 145 293 550 24 409 318 296 0 64 0 925 178 541 80 364 390 7 110 105 375 315 379 76 297 284 398 88 38 87 44 137 128 153 272 931 92 363 86 160 484 838 635 1058 77 209 134 0 995 0 16 0 9783 65279 5818 0 0 1205 641 1811 0 0 0 3470
 12408 139 0 45 70 794 9422 267 1012 0 181 1462 59 200 577 186 267 179 176 275 136 534 522 357 1155 84 0 301 4 56 202 339 273 260 90 203 204 345 52 0 69 66 166 107 191 190 853 112 304 13 22 3644 750 306 458 509 340 156 401 2876 1315 84 0 34810 0 49610 5537 825 4907 2819 38083 0 42 42 0
 790 62 207 40 71 230 309 129 1425 0 93 1359 51 0 0 0 214 157 143 179 24 241 147 224 0 0 0 0 17 0 0 0 172 217 57 370 0 0 0 20 45 50 104 62 96 0 557 0 30 0 0 555 0 0 1018 84 294 0 0 2467 0 13 0 2652 209 0 2615 0 533 1125 4440 177 0 0 13397
 2353 154 614 87 107 1082 1449 419 46412 2664 947 11982 1268 1785 1732 438 1032 842 925 0 164 0 2594 1500 9400 384 524 1188 22 321 394 1250 1155 1063 154 1297 954 1120 185 0 185 11 390 76 65 1042 3039 599 669 800 298 4170 1242 3920 3288 283 1258 0 850 4004 0 0 0 77555 25518 0 1752 39370 3147 345 23456 0 179 0 0
 0 0 117 4 10 0 425 40 190 0 190 0 24 151 245 0 135 87 76 0 0 1039 438 178 473 82 0 0 3 39 0 0 122 135 56 218 0 117 44 28 61 39 113 0 204 0 769 0 185 70 0 647 757 183 1167 88 249 290 0 0 0 20 0 2767 0 0 0 0 278 0 3191 0 0 0 46901
 0 0 183 0 0 0 8 3 2 0 1 0 2 0 0 0 0 16 6 0 0 0 0 2 4 0 0 0 0 0 1 0 1 0 1 11 0 0 2 0 1 2 1 0 8 0 0 0 0 0 0 8 66 0 32 0 33 0 0 0 0 343 0 1052 0 0 0 0 1154 6802 499 0 0 0 8430
 333 0 0 5 9 15 58 11 10 0 11 0 11 0 0 0 7 43 25 0 0 0 0 52 0 0 0 0 1 0 0 0 1 37 12 35 0 0 7 4 4 4 25 8 32 14 25 0 17 0 0 34 0 108 124 0 0 0 0 0 0 5 0 0 0 0 0 0 0 0 6960 0 0 0 139196
 0 0 79 3 8 0 23 15 236 0 23 0 50 76 289 0 52 45 50 5 0 739 102 30 91 31 0 52 2 28 27 59 70 44 5 69 0 60 5 18 19 15 17 36 40 4 108 0 57 49 0 358 131 152 239 11 75 31 0 0 176 2 70 3203 7080 213 0 2242 143 54 2351 618 8 0 0
 0 4 25 1 3 0 0 9 136 0 9 307 5 33 9 0 11 5 3 67 8 0 0 13 21 0 0 0 6 0 5 0 19 17 5 11 7 20 0 0 4 2 1 3 4 0 29 2 0 0 0 18 20 11 16 0 9 2 0 0 63 2 0 294 15 0 135 0 42 24 261 0 3 0 6752
 8 4 5 13 74 38 510 26 1 0 0 4352 5 345 67 97 13 20 7 1052 11 31 869 123 560 67 800 864 1 1 177 105 1079 2722 10 96 6 114 42 72 109 20 117 60 19 0 198 11 110 55 40 389 0 1350 3 13 126 81 902 7008 2577 1 287 1498 2511 0 202 966 94 128 60 845 0 21 0
 23220 3469 8076 1431 968 8781 121691 5417 0 14569 0 0 0 7227 0 0 18645 0 0 14351 8247 2699 18781 7053 0 2764 0 18407 898 0 5295 17426 37304 17096 4814 10116 12202 17465 1873 0 0 0 30 0 4885 7829 0 0 3728 0 5757 0 8933 0 0 0 0 0 0 32175 19281 0 35624 0 0 95052 0 240617 0 0 0 9386 0 33998 0
