75
 8490 0 42 0 0 0 0 0 0 0 0 0 0 48318 0 84 22 7 0 0 1 0 0 0 0 7 0 0 0 0 0 0 0 0 0 5 0 0 0 0 0 0 0 3 0 0 0 2 0 1 0 0 0 0 0 0 0 0 0 0 0 0 0 0 0 0 0 531 0 73 0 0 0 0 0
 14593 2871 66 0 0 0 0 3 0 0 0 0 0 22546 3354 759 0 0 0 0 1 0 0 0 0 54 119 2 0 0 0 0 0 0 0 6 0 3 0 0 0 0 0 2 0 0 0 1 0 0 0 0 0 0 0 0 1 0 11 0 0 0 0 0 0 0 0 1182 0 1114 143 1716 1 0 0
 0 0 281 0 0 0 0 0 0 0 0 0 0 1361 0 1 0 330 4601 3 7 42 0 0 0 3 21 25 0 0 0 1 0 0 0 0 10 0 0 0 0 0 1 2 0 0 0 0 0 0 0 1 0 0 0 0 0 0 7 0 0 0 0 0 0 0 0 1069 0 0 4 14 0 0 0
 2639 3667 1206 304 0 1 11 1 0 2 1025 1849 1 0 0 2 0 0 110 0 1 0 0 0 0 13 2 1 0 0 0 0 0 1 1 0 1 0 0 0 0 0 0 0 0 0 0 0 1 0 0 3 0 0 0 0 0 0 0 0 0 0 0 378 1859 69 0 0 0 0 214 0 0 0 0
 0 0 0 0 184 0 0 0 0 0 0 0 2 1 0 0 0 0 0 0 0 1 1 0 72 6 2 9 0 0 0 0 3 2405 14 0 7 0 22 0 1 0 0 4 0 0 1 0 0 0 4 0 9 0 0 0 0 1 0 0 0 0 0 0 0 0 0 0 0 0 0 0 0 0 0
 0 0 0 0 21 240 0 0 0 0 0 0 0 1 0 0 0 0 0 0 0 4 0 0 378 26 8 20 0 0 0 4 0 0 1710 1 26 0 0 0 0 0 0 3 0 0 0 0 0 0 0 1 35 2 1 0 5 2 1 0 0 0 0 0 0 0 0 0 0 0 0 0 0 0 0
 17 4 0 0 11 13 4458 8 16 2 0 0 12 154 9 0 7 0 0 1 7 322 6 0 0 136 26 1 0 0 2 2 222 2351 0 0 10 0 0 0 4 0 0 4 0 0 3 4 0 6 0 7 0 58 8 2 0 10 0 0 0 0 10832 0 0 0 0 38 0 7 0 1219 299 0 0
 0 0 0 0 0 0 0 5725 50 0 0 0 0 6 0 7 8 0 1 0 0 14 0 0 9624 1143 111 145 99207 235 0 0 45 0 2 40 0 1 0 0 1 0 0 0 0 0 0 1 0 0 0 0 0 0 0 0 0 10 0 0 0 0 31302 0 0 0 0 0 0 0 0 0 6 0 0
 2 236 3 5 15 3 0 0 189 7 1917 1697 0 18 0 0 2 0 1 0 0 193 0 0 198 17 32 37 167 0 0 280 1702 105 6 0 0 0 0 0 0 0 0 0 0 0 2 0 0 0 0 3 0 0 1 0 1 1 30 0 0 0 0 0 0 0 0 0 0 0 0 0 0 0 0
 0 1 0 0 0 0 0 0 0 75 0 0 0 26 0 0 0 0 0 0 0 41 0 0 1563 80 25 8 0 4 2 6 96 33 0 0 0 0 0 0 0 0 0 4 0 0 0 14 0 0 0 0 4 0 0 0 3 7 1 0 0 0 0 0 0 0 0 0 0 0 0 0 2 0 0
 0 0 0 0 0 0 0 0 0 0 0 0 0 0 0 0 0 0 0 0 0 0 0 0 0 0 0 0 0 0 0 0 0 0 0 0 0 0 0 0 0 0 0 0 0 0 0 0 0 0 0 0 0 0 0 0 0 0 0 0 0 0 0 0 0 0 0 0 0 0 0 0 0 0 207589
 207 497 355 0 19 9 146 4313 0 15 594 211 67 864 14 113 0 48 0 3 0 0 86 118 0 176 67 0 0 0 15 0 0 0 0 46 0 101 0 49 23 0 0 58 0 0 406 0 0 0 0 0 134 72 148 44 0 45 0 2510 4992 3 13958 0 23647 453 0 493 344 719 1293 512 3399 12 0
 0 0 18 0 0 0 0 0 0 0 23 0 1538 0 0 0 0 0 0 0 0 0 0 0 0 0 0 0 0 0 0 0 26 0 0 0 4 0 0 0 0 0 0 0 0 0 0 0 0 0 0 0 0 0 0 19 0 0 0 0 0 0 0 0 0 0 0 0 0 0 0 0 0 19 9785
 0 0 0 32 0 0 0 0 0 0 10 0 1 50209 4 1 0 0 0 0 34 0 0 0 0 5 0 216 0 0 467 0 0 0 0 0 7 0 0 1 0 2 0 0 0 0 3 0 3 3 0 5 3 0 8 4 38 0 16 0 0 1 0 0 0 0 0 39211 0 561 3996 1183 0 0 113089
 0 0 0 0 0 0 0 0 0 0 0 0 0 0 3607 0 0 0 0 0 0 0 0 0 0 0 0 0 0 0 0 0 0 0 0 4 0 0 0 0 0 0 0 0 0 0 0 0 0 0 0 0 0 0 0 0 0 0 0 0 0 0 0 0 0 0 0 0 0 0 0 0 0 0 6627
 0 0 0 0 0 1 5 0 1 4 0 0 4 0 1 10645 2036 15719 14 0 964 748 0 27 0 0 0 0 0 526 200 0 195 0 32 0 5 2 8 1 1 0 0 0 3 0 7 2 4 42 17 7 0 29 116 12 360 3 386 0 0 0 0 0 0 158 0 0 0 51 16 0 0 0 0
 0 64 53 34 0 0 0 0 0 0 1892 436 3 9 0 0 769 1083 46 0 420 286 0 43 0 0 0 0 0 413 190 0 0 0 0 0 4 1 4 2 1 1 1 0 107 2 4 2 6 2 0 4 8 315 3 241 260 11 52 0 0 0 0 0 0 0 0 0 0 24 20 0 0 0 2034
 0 10 0 56 0 1 5 11 2 1 125 0 17 68 2 0 0 10690 0 0 107 0 0 0 0 0 0 0 0 0 0 0 0 1 0 0 9 50 0 9 3 4 0 0 2 0 3 5 8 0 0 37 44 3362 123 109 29 0 0 0 0 0 0 0 0 888 0 0 0 186 1081 0 0 0 25366
 4 5 0 0 4 22 101 0 0 2 20859 2722 31 33 3 0 0 15 14617 174 2765 3477 0 0 0 0 14 0 0 0 31 74 0 28 89 16 0 0 0 3 24 11 0 0 4 0 23 36 8 74 12 50 11 164 41 1135 44 0 482 0 0 0 0 0 0 37 0 0 0 108 0 0 0 0 0
 4 173 0 15 0 0 0 0 0 0 0 0 20 53 3 0 0 0 0 3 12 2 0 0 0 0 0 0 0 4 1 56 0 4 14 0 28 19 0 0 1 2 4 6 6 0 0 21 10 16 0 21 1 6 7 0 0 0 5 0 0 0 0 0 0 0 0 0 0 0 0 0 0 1 0
 0 0 0 0 0 0 0 0 0 0 888 118 4 0 0 0 0 0 0 0 153 0 0 0 0 0 0 0 0 0 0 0 0 0 0 0 0 0 0 0 0 1 3 0 0 0 0 0 0 34 0 411 21 495 40 193 0 0 0 0 0 0 0 0 0 0 0 0 0 0 0 0 0 0 15221
 144 57 0 10 0 0 0 0 0 0 958 130 10 3086 239 0 0 249 0 0 71 12052 7228 10140 0 0 309 0 0 0 44 22 423 0 0 16 51 98 0 22 4 4 12 0 0 0 266 21 182 58 3 114 211 132 21 17 281 556 427 0 0 1 0 0 209 0 5412 240 0 28 1849 0 0 0 0
 0 118 1 101 0 0 0 0 3 0 9 0 39 6965 111 256 89 395 121 34 343 0 780 143 0 117 1051 42 190 979 90 508 161 0 20 38 189 185 344 36 35 7 7 0 85 64 252 145 129 246 225 200 312 139 18 17 227 147 403 0 0 0 0 899 0 50 0 904 0 0 152 2 0 0 0
 15 28 1 9 0 0 4 17 6 0 13 0 56 1840 195 0 0 112 9 2 56 0 0 6089 0 0 196 38 0 0 13 28 21 0 0 184 55 34 0 13 10 17 14 0 25 0 116 26 57 21 15 379 112 67 117 35 96 0 0 0 0 3 0 868 3077 14 3797 0 0 108 8077 0 14 0 0
 110 6647 270 1497 0 0 153 0 0 0 748 24 77 1822 27 782 567 178 806 1 146 1388 67 1163 21439 11351 4247 2511 1397 2749 165 657 745 1286 0 0 76 131 619 0 9 7 6 0 0 0 72 16 120 75 115 164 1457 373 73 67 148 1505 421 0 0 1 0 0 0 0 0 0 0 61 5066 0 128 0 0
 0 0 0 0 0 0 0 0 0 0 0 0 42 0 1 4616 2922 2071 27 4 119 1103 0 8 0 1563 17 557 0 12698 87 0 244 0 634 0 18 66 97 2 4 3 4 0 0 0 114 90 95 230 176 317 370 250 61 166 208 162 651 0 0 0 0 0 0 0 0 0 0 0 0 0 0 0 0
 90 0 0 0 0 0 0 0 0 0 94 0 2 517 14 65 7 175 0 0 0 0 0 0 0 0 3470 0 63 0 52 0 10 0 0 0 3 0 0 0 0 0 0 0 0 0 0 0 0 0 0 0 0 0 0 1 0 0 0 0 0 0 0 0 0 661 0 0 0 0 8352 0 0 0 16704
 0 0 0 0 0 0 0 0 0 0 2897 2262 7 0 0 1 4 0 293 0 296 2 0 0 0 0 37 137 0 7 0 15 0 0 0 0 157 98 263 9 28 22 9 30 7 0 82 58 69 140 41 52 34 636 80 179 31 2 132 0 35 0 0 0 0 0 0 0 609 0 6 0 0 0 0
 1000 6004 343 647 64 67 698 0 0 6 7670 3176 108 1427 56 268 92 329 614 7 170 1715 0 310 0 683 0 218 10211 669 25 156 529 695 493 0 221 87 0 73 21 37 59 187 0 33 406 114 175 29 46 185 369 197 349 135 160 149 188 9648 28 1 11591 6790 0 618 0 120 1498 329 3168 520 626 0 36640
 352 480 3 89 37 48 196 0 25 0 1332 824 187 3971 424 0 0 823 109 0 1627 980 0 433 0 0 1975 0 0 4529 447 0 0 0 227 20 348 68 889 57 299 293 116 0 229 0 2083 460 512 878 363 2918 3015 7550 367 396 1098 1294 902 0 0 0 0 0 0 503 0 1281 16 153 3423 0 3 0 0
 55 0 0 4 0 0 0 1 0 0 3 0 0 0 0 0 0 410 0 0 66 0 0 0 0 0 0 1 0 0 1736 4 0 0 0 0 0 0 0 0 0 0 0 0 0 0 2 0 0 0 0 2 0 7 2 0 3 1 36 0 0 0 0 0 0 16 0 0 0 23 35 0 0 0 2294
 8 0 0 2 0 0 0 5 0 0 288 149 7 3939 0 125 33 2 0 0 113 0 0 0 0 22 564 0 0 489 0 1118 0 0 0 1 413 9 47 4 2 2 3 0 0 0 38 19 5 94 435 100 539 1605 14 184 115 217 22 0 0 0 0 0 0 163 0 157 315 0 306 0 0 0 0
 0 146 1 16 0 16 0 0 0 0 20842 5426 0 63 2 0 6 6 107 2 125 0 0 0 0 0 0 10 0 1 8 95 4489 233 0 3 80 22 0 87 19 0 18 247 54 121 142 107 160 99 7 102 462 414 115 331 81 65 77 0 0 0 0 0 0 141 0 13 591 4 30 0 24 0 0
 8 10 0 0 0 12 0 437 0 0 4855 532 552 9 1 1 3 0 0 0 1578 34 78 62 0 10 20 19 0 508 1 12 0 9272 0 2725 7090 6388 4071 1201 865 1970 765 1853 1398 569 461 1233 886 1146 678 432 759 9877 1318 1534 375 70 506 0 0 0 0 0 0 0 0 0 0 0 0 0 0 0 0
 0 0 0 0 0 0 33 0 0 0 3725 854 457 3 0 0 26 1 0 0 305 82 0 33 97 0 34 19 0 0 2 27 74 625 14133 1546 3684 977 1818 458 109 97 141 175 230 217 1113 1082 1255 582 704 1674 2995 2546 2172 505 632 425 900 0 19 0 0 0 0 0 0 0 0 3 0 0 0 0 0
 0 0 7 0 0 0 0 0 0 0 0 0 0 8853 0 0 1 0 0 0 0 0 0 0 655 86 786 211 361 0 0 0 0 0 0 405 1 8 0 0 0 0 0 0 0 0 0 0 0 0 0 0 2 0 0 0 13 0 1 0 0 0 0 0 0 0 0 0 0 0 0 0 0 0 0
 7 13 0 0 0 0 0 45 13 4 22247 7219 0 0 0 0 0 0 6 0 1 0 0 0 0 0 0 0 0 0 0 0 0 0 0 0 713 0 0 129 2 243 97 0 0 0 33 42 0 3 0 482 66 0 66 1230 0 10 0 0 0 0 0 0 0 0 0 0 0 0 0 0 0 0 0
 29 0 0 1 4 16 244 0 14 7 144 0 120 628 0 0 0 0 335 0 290 0 0 0 0 0 163 0 0 0 17 0 0 0 0 0 1065 1037 40 272 194 104 84 0 232 0 1253 435 363 329 321 674 1171 12035 579 222 498 208 117 0 0 0 0 0 0 0 0 285 2826 16 133 23 0 0 0
 139 238 24 40 0 27 104 493 55 3 6757 3179 210 943 90 0 0 23 937 1 1341 434 0 52 0 0 357 0 71 0 53 0 231 0 0 125 1350 0 1717 112 113 189 138 87 175 0 942 454 107 391 271 988 1622 3586 525 393 446 214 316 0 0 0 0 0 0 30 0 0 1886 24 206 0 0 0 0
 0 0 18 50 28 28 220 216 57 20 0 0 54 0 0 0 0 0 0 0 3 0 0 0 8 0 0 0 0 0 0 0 0 0 0 0 0 0 0 1443 869 555 116 0 0 0 2 66 3 4 0 0 0 1461 0 971 2 0 4 101 178 0 1327 0 0 0 0 0 32 0 0 0 12 0 0
 385 882 19 75 0 0 0 0 0 0 0 0 0 29 0 0 0 0 0 0 0 0 0 0 0 0 0 0 0 0 0 0 0 0 0 0 0 0 0 0 356 9 0 0 0 0 0 0 0 0 0 0 0 0 0 2 0 0 0 0 0 0 0 0 0 0 106 0 0 4 0 0 37 0 3285
 0 0 0 0 47 61 799 112 140 22 432 1 0 0 0 0 0 0 0 0 0 0 0 0 0 0 0 0 0 0 0 0 50 0 0 0 0 0 0 0 0 566 9 0 0 0 0 0 0 0 0 0 0 0 0 44 0 0 0 0 0 0 0 0 0 0 0 0 0 0 0 0 0 0 5789
 0 0 0 0 17 13 117 0 45 4 1221 451 2 1 1 31 0 1 4 0 0 0 0 0 0 0 0 0 0 0 0 0 0 0 0 0 0 0 0 0 0 0 345 0 0 0 0 0 0 0 0 0 0 0 0 4 0 0 0 0 0 0 0 0 0 0 0 0 0 0 0 0 0 0 1515
 0 0 0 3 0 0 0 26 3 0 57 0 117 194 3 163 129 111 104 0 72 300 80 279 299 7 26 0 0 22 10 91 0 0 0 48 2 172 0 65 66 123 57 1484 0 0 309 164 0 62 64 230 256 405 583 117 104 16 47 0 0 0 0 0 0 0 0 0 0 0 0 0 0 0 3419
 21 28 9 11 37 27 436 333 70 11 1367 158 184 119 21 0 0 0 0 0 88 85 0 0 304 148 139 0 2 0 1 6 0 0 0 6 221 0 0 202 468 1075 552 637 2087 0 94 603 0 100 6 368 68 1133 449 635 4 69 60 176 0 0 0 0 0 0 0 0 0 0 0 0 0 0 0
 57 89 2 9 4 16 116 202 33 5 206 43 155 162 3 51 0 59 120 2 80 88 0 4 68 31 29 4 0 248 15 63 0 0 0 38 249 977 91 398 207 121 148 616 244 1382 261 310 102 58 52 371 206 1816 707 303 182 51 68 0 0 0 0 18 0 0 0 181 692 5 0 0 76 18 0
 0 0 0 0 0 0 0 0 0 0 0 0 10 0 1 0 0 0 0 0 6 0 0 0 0 0 4 0 0 0 0 0 0 0 0 0 0 0 0 0 1 3 4 0 0 0 9408 0 0 6 0 293 0 0 0 4 5 0 0 0 0 0 0 0 0 0 0 0 0 6 0 0 0 0 29061
 0 0 0 0 0 0 0 0 0 0 4047 1811 2 57 0 0 0 0 0 0 1 0 0 0 0 0 3 0 0 0 0 0 0 0 0 0 0 0 0 0 2 2 2 0 0 0 0 992 0 259 0 8 0 1874 0 117 0 0 0 0 0 0 0 0 0 0 0 203 710 29 1 1 0 0 493
 12 13 0 0 5 11 113 334 27 7 2365 773 136 0 0 0 0 0 0 0 45 0 0 0 0 0 10 0 0 0 0 0 0 0 0 2 239 0 0 0 80 184 243 647 641 0 2336 1262 2076 704 3 661 0 294 58 200 367 59 72 0 0 0 8 0 0 0 0 0 94 2 0 0 154 0 0
 0 0 0 0 0 0 0 1 0 0 1052 497 1 0 0 0 0 38 0 0 0 0 0 0 0 0 0 0 0 0 0 0 0 0 0 0 0 0 0 0 0 0 0 0 0 0 0 0 0 140 0 0 0 0 1 203 0 0 0 0 0 0 0 0 0 580 0 0 0 0 11 0 9 0 6528
 6 6 1 5 0 1 28 31 0 1 5440 1874 12 24 0 0 0 3 0 0 9 0 0 0 0 0 6 0 0 0 1 0 0 0 0 1 17 0 0 2 32 4 3 0 0 0 251 151 0 262 389 718 0 1124 0 262 86 28 48 0 0 0 16 0 0 0 0 7 278 37 315 4 23 0 0
 0 0 0 0 0 0 0 5 0 0 1446 325 1393 0 0 0 0 0 0 0 0 0 0 0 0 0 0 0 0 0 0 0 0 0 0 0 0 0 0 12 1 3 3 0 0 0 0 0 0 1 0 3314 0 699 2260 201 0 0 0 0 1628 2 0 0 0 0 0 0 0 0 0 0 0 0 35141
 94 448 7 47 0 0 0 4 2 0 308 0 538 0 0 3 0 0 0 0 0 0 0 0 0 0 21 0 0 0 0 0 0 0 0 0 0 0 0 219 88 15 17 0 0 0 6170 5 404 16 292 15353 10610 3680 1685 101 995 1624 117 0 375 28 0 0 0 284 0 0 297 0 634 0 0 78 0
 59 71 4 71 29 0 0 8 41 1 315 0 42 13 1 0 0 0 0 0 0 0 0 0 0 0 0 0 0 0 0 0 0 0 0 1 38 0 0 0 188 226 3 0 0 0 25 0 0 33 0 0 0 48021 2 692 0 0 0 0 145 0 0 0 0 0 0 0 5416 9 0 0 0 0 65608
 0 0 0 7 0 0 0 0 0 0 0 0 2136 0 1 0 0 0 0 0 0 0 0 0 0 0 0 0 0 0 0 0 0 0 0 0 0 0 0 57 2 14 10 0 0 0 24 11 0 0 1 0 0 0 10609 110 0 0 0 753 0 0 0 0 0 0 0 0 0 0 0 0 0 0 19782
 0 0 562 13 1 3 0 0 0 0 4 0 0 0 0 0 0 0 0 0 0 0 0 0 0 0 0 0 0 0 0 0 0 0 0 0 0 0 0 0 0 0 0 0 0 0 0 0 0 0 0 0 0 0 0 952 0 0 0 1054 0 0 0 0 0 0 0 0 0 229 2 0 31 0 12080
 0 0 1 1 0 0 13 36 0 0 1158 446 16 0 3 0 0 0 0 0 6 0 0 0 0 0 46 0 0 0 0 0 0 0 0 0 27 0 0 0 3 2 3 0 0 0 0 251 0 386 0 111 0 326 425 65 447 6 0 0 0 0 0 0 0 0 0 0 0 0 3606 0 0 0 4441
 0 0 1 6 0 0 0 0 0 0 19 0 59 10 1 0 0 5 0 0 3 0 0 578 0 0 12 0 0 0 0 0 0 0 0 0 0 0 0 9 2 5 4 0 0 0 25 9 0 3 0 190 0 21 288 13 0 848 12 0 0 18 0 0 0 442 821 0 0 159 1080 0 0 0 5415
 4 0 0 6 3 0 1 3 0 0 590 125 8 0 1 0 0 791 0 0 24 0 0 33 0 0 21 0 0 0 0 0 0 0 0 0 19 0 0 0 1 8 5 0 0 0 46 14 0 83 0 14 0 33 1 24 19 0 1011 0 0 0 0 0 0 814 0 35 0 99 601 1 7 0 7040
 1313 968 105 472 58 58 127 149 107 24 6625 0 386 6565 126 296 255 396 1034 13 587 2134 706 982 3913 1025 1118 362 0 485 117 430 2690 1696 1503 293 751 448 133 0 126 204 79 360 0 4 1267 318 220 198 180 888 1467 1212 0 0 324 487 522 31372 0 16 636 9073 0 0 0 291 0 691 4550 3559 4 0 0
 207 312 11 13 2 4 26 94 13 2 1401 0 118 659 12 160 30 496 84 2 151 97 31 360 219 68 107 0 0 55 34 39 98 70 0 12 173 49 143 0 21 83 30 143 63 52 427 77 132 40 20 0 0 0 334 75 166 134 134 1359 1999 10 0 9618 3036 913 2406 442 651 434 3949 0 0 0 0
 0 0 0 0 0 0 0 0 0 0 0 0 0 0 0 0 0 0 0 0 0 0 0 0 0 0 0 0 0 0 0 0 0 0 0 0 8 0 0 0 0 0 0 0 0 0 0 0 0 0 0 0 0 0 0 0 0 0 0 0 0 12 0 0 0 0 451 0 0 0 0 0 0 0 135
 796 2382 75 336 405 296 0 0 560 352 1609 0 446 5534 88 1202 415 881 1146 13 513 4069 356 479 6696 1849 809 143 0 2265 94 1274 2503 4182 2793 232 647 557 954 0 59 228 91 535 227 98 922 284 0 281 0 949 1642 1644 955 226 268 265 305 0 604 17 51703 17860 7669 4169 459 4410 1043 1440 8665 0 3385 0 0
 2513 4032 387 0 106 122 935 616 227 47 26087 6853 470 16677 199 1370 555 2787 1523 14 1456 60 0 0 3819 1461 1921 496 0 564 161 499 1099 2686 2948 296 1932 1237 1310 577 692 1042 313 1269 1102 0 2909 866 1588 828 739 3326 3807 6620 1384 1374 1110 569 783 0 0 7 0 10189 0 0 0 0 0 0 5289 0 0 0 55459
 3154 12248 215 0 64 123 1063 9982 330 141 3513 0 299 3336 204 341 152 1337 658 18 969 0 200 0 1447 535 1696 164 254 691 177 307 714 588 639 166 500 488 743 140 10 156 110 538 344 462 1784 204 667 99 182 4128 1588 941 1516 586 549 290 399 3871 0 100 0 44593 138555 4278 0 6112 1050 3460 39894 0 27 0 0
 129 115 16 0 3 7 34 70 49 8 475 0 61 667 12 0 2 0 0 3 105 9 0 0 21 92 0 43 0 0 0 0 0 112 97 33 245 46 0 26 12 25 17 81 66 19 411 25 124 0 50 524 0 117 872 43 50 0 0 139 0 12 0 1791 0 1279 0 413 0 443 1902 0 0 0 8593
 355 1998 154 614 87 107 1082 1449 327 92 46412 2664 947 11982 1268 1409 376 2170 1006 26 1767 0 164 0 2594 1500 9400 384 524 1188 343 394 1250 1155 1063 154 1297 954 1120 185 0 185 11 466 65 1042 3039 599 669 800 298 4170 1242 3920 3288 283 1258 0 850 4004 0 0 0 77555 24693 2149 39370 3147 0 345 23456 0 179 0 0
 0 0 0 117 4 10 0 425 27 13 190 0 190 0 24 136 15 214 130 5 163 0 0 1039 438 178 473 82 0 0 42 0 0 122 135 56 218 0 117 44 28 61 39 95 204 0 769 0 185 70 0 647 757 183 1167 88 249 290 0 0 0 20 0 2767 0 0 0 278 0 0 3191 0 0 0 46901
 249 297 46 276 37 64 196 239 50 22 950 0 32 692 39 65 11 111 245 3 195 170 74 255 126 132 110 0 0 0 20 0 0 60 120 24 125 0 0 0 8 20 33 85 30 0 146 0 0 25 0 31 0 0 146 41 244 93 61 2328 0 1 0 861 0 467 397 120 429 682 2538 333 0 0 4804
 0 0 0 183 0 0 0 8 2 1 2 0 1 0 2 0 0 0 0 0 22 0 0 0 0 2 4 0 0 0 0 1 0 1 0 1 11 0 0 2 0 1 2 1 8 0 0 0 0 0 0 8 66 0 32 0 33 0 0 0 0 343 0 1052 0 0 0 1154 0 6802 499 0 0 0 8430
 476 0 0 0 5 9 15 58 8 3 10 0 11 0 11 0 0 0 4 3 68 0 0 0 0 52 0 0 0 0 0 0 0 1 37 12 35 0 0 7 4 4 4 33 32 14 25 0 17 0 0 34 0 108 124 0 0 0 0 0 0 5 0 0 0 0 0 0 0 0 6960 0 0 0 139196
 5 0 0 79 3 8 0 23 8 7 236 0 23 0 50 46 30 176 50 2 95 5 0 739 102 30 91 31 0 52 30 27 59 70 44 5 69 0 60 5 18 19 15 53 40 4 108 0 57 49 0 358 131 152 239 11 75 31 0 0 176 2 70 3203 7293 156 2242 143 0 54 2351 618 8 0 0
 0 0 4 25 1 3 0 0 11 0 136 0 9 307 5 22 11 8 11 0 8 67 8 0 0 13 21 0 0 0 6 5 0 19 17 5 11 7 20 0 0 4 2 4 4 0 29 2 0 0 0 18 20 11 16 0 9 2 0 0 63 2 0 294 0 84 0 42 51 24 261 0 3 0 6752
 1 7 4 5 13 74 38 510 14 12 1 0 0 4352 5 70 275 164 14 0 27 1052 11 31 869 123 560 67 800 864 2 177 105 1079 2722 10 96 6 114 42 72 109 20 177 19 0 198 11 110 55 40 389 0 1350 3 13 126 81 902 7008 2577 1 287 1498 2469 72 966 94 130 128 60 845 0 21 0
 19837 3383 3469 8076 1431 968 8781 121691 4345 1072 0 14569 0 0 0 9261 0 0 18466 179 0 14351 8247 2699 18781 7053 0 2764 0 18407 0 5295 17426 37304 17096 4814 10116 12202 17465 1873 0 0 0 0 4885 7829 0 0 3728 0 5757 0 8933 0 0 0 0 0 0 32175 19281 0 35624 0 91582 0 240617 0 0 0 0 9386 0 33998 0
