75
 30318 108 0 0 0 3 0 0 0 0 0 70864 3354 801 21 0 0 0 0 2 0 0 0 61 29 2 0 0 0 0 0 0 0 0 0 0 0 0 0 0 0 0 5 0 0 0 3 0 1 0 0 0 0 0 0 0 1 0 7 0 0 0 0 0 0 0 0 1713 0 1187 0 1711 1 0 0
 0 281 0 0 0 0 0 0 0 0 0 1361 0 0 343 0 4601 3 3 4 41 0 0 3 21 25 0 0 0 0 1 0 0 0 3 0 0 0 0 0 1 1 1 0 0 0 0 0 0 0 1 0 0 0 0 0 0 0 7 0 0 0 0 0 0 0 0 1069 0 0 4 14 0 0 0
 0 0 184 0 0 0 0 0 0 0 2 1 0 0 0 0 0 0 0 0 2 0 72 6 2 9 0 0 0 0 0 3 2405 14 7 0 22 0 1 0 0 3 1 0 0 1 0 0 0 4 0 1 8 0 0 0 0 1 0 0 0 0 0 0 0 0 0 0 0 0 0 0 0 0 0
 0 0 21 240 0 0 0 0 0 0 0 1 0 0 0 0 0 0 0 0 4 0 378 26 8 20 0 0 0 0 4 0 0 1710 27 0 0 0 0 0 0 2 1 0 0 0 0 0 0 0 1 3 32 2 1 0 5 2 1 0 0 0 0 0 0 0 0 0 0 0 0 0 0 0 0
 21 0 11 13 4458 8 16 2 0 0 12 154 9 2 0 4 0 1 6 1 328 0 0 136 26 1 0 0 1 1 2 222 2351 0 10 0 0 0 4 0 0 3 1 0 0 3 4 0 6 0 7 6 0 58 8 2 0 10 0 0 0 0 10832 0 0 0 0 38 0 7 0 1219 299 0 0
 0 0 0 0 0 5725 50 0 0 0 0 6 0 15 0 3 1 0 0 0 14 0 9624 1143 111 145 99207 235 0 0 0 45 0 2 0 1 0 0 1 0 0 0 3 0 0 0 1 0 0 0 0 6 0 0 0 0 0 10 0 0 0 0 31302 0 0 0 0 0 0 0 0 0 6 0 0
 238 3 15 3 0 0 189 7 1917 1697 0 18 0 1 0 1 1 0 0 0 190 0 198 17 32 37 167 0 0 0 280 1702 105 6 0 0 0 0 0 0 0 0 1 0 0 2 0 0 0 0 3 3 0 0 1 0 1 1 30 0 0 0 0 0 0 0 0 0 0 0 0 0 0 0 0
 1 0 0 0 0 0 0 75 0 0 0 26 0 0 0 0 0 0 0 0 41 0 1563 80 25 8 0 4 2 0 6 96 33 0 0 0 0 0 0 0 0 1 3 0 0 0 14 0 0 0 0 4 0 0 0 0 3 7 1 0 0 0 0 0 0 0 0 0 0 0 0 0 2 0 0
 0 0 0 0 0 0 0 0 0 0 0 0 0 0 0 0 0 0 0 0 0 0 0 0 0 0 0 0 0 0 0 0 0 0 0 0 0 0 0 0 0 0 0 0 0 0 0 0 0 0 0 0 0 0 0 0 0 0 0 0 0 0 0 0 0 0 0 0 0 0 0 0 0 0 207589
 704 355 19 9 146 4313 0 15 594 211 67 864 14 0 91 0 0 3 19 0 0 118 0 176 67 0 0 0 4 11 0 0 0 0 0 101 0 49 23 0 0 24 34 0 0 406 0 0 0 0 0 196 0 72 148 44 0 45 0 2510 4992 3 13958 0 23647 453 0 493 344 719 1293 512 3399 12 0
 0 18 0 0 0 0 0 0 23 0 1538 0 0 0 0 0 0 0 0 0 0 0 0 0 0 0 0 0 0 0 0 26 0 0 4 0 0 0 0 0 0 0 5 0 0 0 0 0 0 0 0 0 0 0 0 19 0 0 0 0 0 0 0 0 0 0 0 0 0 0 0 0 0 19 9785
 0 0 0 0 0 0 0 0 10 0 1 50209 4 0 0 0 0 0 29 5 0 0 0 5 0 216 0 0 453 14 0 0 0 0 0 0 0 1 0 2 0 0 0 0 0 3 0 3 3 0 5 12 0 0 8 4 38 0 16 0 0 1 0 0 0 0 0 39211 0 561 3996 1183 0 0 113089
 0 0 0 0 0 0 0 0 0 0 0 0 3607 0 0 0 0 0 0 0 0 0 0 0 0 0 0 0 0 0 0 0 0 0 4 0 0 0 0 0 0 0 0 0 0 0 0 0 0 0 0 0 0 0 0 0 0 0 0 0 0 0 0 0 0 0 0 0 0 0 0 0 0 0 6627
 0 52 0 1 0 0 0 4 1892 323 7 8 1 13918 11375 5427 60 0 1132 252 689 70 0 0 0 0 0 939 0 394 0 189 0 6 8 3 12 3 2 1 0 0 0 110 0 11 4 10 44 17 11 0 5 344 119 253 620 14 438 0 0 0 0 0 0 156 0 0 0 75 36 0 0 0 0
 0 0 0 1 9 14 3 1 38 0 15 4 2 0 9259 0 14 0 44 10 0 0 0 0 0 0 0 0 0 13 3 0 8 2 7 1 0 4 1 1 0 0 0 1 0 4 2 5 0 0 36 41 0 7 15 17 29 0 0 0 0 0 0 0 0 324 0 0 0 121 534 0 0 0 22763
 24 13 0 0 0 0 0 0 87 43 2 64 0 0 666 443 0 0 49 4 0 0 0 0 0 0 0 0 0 0 0 0 0 0 2 49 0 5 2 3 1 0 0 1 0 0 3 3 3 1 1 0 8 3355 108 92 0 0 47 0 0 0 0 0 0 564 0 31 0 65 547 113 1 0 2603
 9 0 4 22 101 0 0 2 20859 2722 31 33 3 0 0 29 14617 174 1862 903 3356 0 0 0 14 0 0 0 0 33 74 0 28 89 10 0 0 3 24 11 0 0 0 4 0 23 36 8 74 12 50 21 0 164 41 1135 44 0 482 0 0 0 0 0 0 37 0 0 0 108 0 0 0 0 0
 177 0 0 0 0 0 0 0 0 0 20 53 3 0 0 0 0 3 8 4 0 0 0 0 0 0 0 4 0 1 56 0 4 14 28 19 0 0 1 2 4 5 1 6 0 0 21 10 16 0 21 1 0 6 7 0 0 0 5 0 0 0 0 0 0 0 0 0 0 0 0 0 0 1 0
 0 0 0 0 0 0 0 0 105 0 3 0 0 0 0 0 0 0 32 2 0 0 0 0 0 0 0 0 0 0 0 0 0 0 0 0 0 0 0 0 0 0 0 0 0 4 0 1 0 0 414 30 0 0 16 92 0 0 0 0 0 0 0 0 0 0 0 0 0 0 0 0 0 0 8889
 0 0 0 0 0 0 0 0 783 137 1 0 0 0 0 0 0 0 0 119 0 0 0 0 0 0 0 0 0 0 0 0 0 0 0 0 0 0 0 1 3 0 0 0 0 0 0 0 34 0 0 0 0 496 24 101 0 0 0 0 0 0 0 0 0 0 0 0 0 0 0 0 0 0 6332
 319 0 0 0 0 0 0 0 967 44 49 10051 350 0 444 200 0 32 204 210 22184 10283 0 0 1360 40 0 0 8 126 530 584 0 0 294 283 0 58 39 11 19 0 0 0 0 518 166 311 304 228 314 418 105 271 39 34 508 703 830 0 0 1 0 839 9 41 5359 1144 0 28 2001 0 0 0 0
 43 1 0 0 4 17 6 0 13 0 56 1840 195 0 77 35 9 2 33 23 0 6089 0 0 196 38 0 0 0 16 28 21 0 0 239 34 0 13 10 17 14 17 0 25 0 116 26 57 21 15 379 100 12 67 117 35 96 0 0 0 0 3 0 868 3077 14 3806 0 0 108 8077 0 14 0 0
 6757 270 0 0 153 0 0 0 748 24 77 1822 27 1349 108 70 806 1 50 96 1455 1163 21439 11351 4247 2511 1397 2749 116 49 657 745 1286 0 0 131 619 0 9 7 6 102 0 0 0 72 16 120 75 115 164 1034 423 373 73 67 148 1505 421 0 0 1 0 0 0 0 0 0 0 61 5066 0 128 0 0
 0 0 0 0 0 0 0 0 0 0 42 0 1 7538 1714 357 27 4 88 31 986 8 0 1563 17 557 0 12698 0 87 0 244 0 634 0 66 97 2 4 3 4 28 0 0 0 114 90 95 230 176 317 260 110 250 61 166 208 162 651 0 0 0 0 0 0 0 0 0 0 0 0 0 0 0 0
 0 0 0 0 0 0 0 0 94 0 2 517 14 72 173 2 0 0 0 0 0 0 0 0 3470 0 63 0 35 17 0 10 0 0 0 0 0 0 0 0 0 0 0 0 0 0 0 0 0 0 0 0 0 0 0 1 0 0 0 0 0 0 0 0 0 661 0 0 0 0 8352 0 0 0 16704
 0 0 0 0 0 0 0 0 2897 2262 7 0 0 5 0 0 293 0 166 130 0 0 0 0 37 137 0 7 0 0 15 0 0 0 0 98 263 9 28 22 9 30 0 7 0 82 58 69 140 41 52 9 25 636 80 179 31 2 132 0 35 0 0 0 0 0 0 0 609 0 6 0 0 0 0
 7004 343 64 67 698 0 0 6 7670 3176 108 1427 56 360 280 49 614 7 96 74 1525 310 0 683 0 218 10211 669 17 8 156 529 695 493 0 87 0 73 21 37 59 114 73 0 33 406 114 175 29 46 185 299 70 197 349 135 160 149 188 9648 28 1 11591 6790 0 618 123 120 1498 329 3168 520 626 0 36640
 832 3 37 48 196 0 25 0 1332 824 187 3971 424 0 310 513 109 0 956 671 1 433 0 0 1975 0 0 4529 0 454 0 0 0 227 368 68 889 57 299 293 116 0 33 229 0 2083 460 512 878 363 2918 2560 455 7550 367 396 1098 1294 902 0 0 0 0 0 0 503 0 1281 16 153 3423 0 3 0 0
 0 0 0 0 0 0 0 0 0 0 0 0 0 4 260 162 2 0 61 5 0 3 0 0 0 0 0 7 74 1188 0 0 0 0 0 0 2 0 0 0 0 0 0 0 0 0 0 0 0 0 0 0 0 0 0 0 1 0 60 0 0 0 0 0 0 0 0 0 0 0 0 0 0 0 0
 55 0 0 0 0 1 0 0 3 0 0 0 0 0 0 1 0 0 0 0 0 0 0 0 0 1 0 0 0 474 4 0 0 0 0 0 0 0 0 0 0 0 0 0 0 2 0 0 0 0 2 0 0 7 2 0 2 1 0 0 0 0 0 0 0 31 0 0 0 23 36 0 0 0 3192
 8 0 0 0 0 5 0 0 288 149 7 3939 0 158 0 5 0 0 89 24 0 0 0 22 564 0 0 489 0 0 1118 0 0 0 414 9 47 4 2 2 3 0 0 0 0 38 19 5 94 435 100 519 20 1605 14 184 115 217 22 0 0 0 0 0 0 163 0 157 315 0 306 0 0 0 0
 146 1 0 16 0 0 0 0 20842 5426 0 63 2 0 1 5 107 2 73 52 0 0 0 0 0 10 0 1 4 4 95 4489 233 0 83 22 0 87 19 0 18 191 56 54 121 142 107 160 99 7 102 433 29 414 115 331 81 65 77 0 0 0 0 0 0 141 0 13 591 4 30 0 24 0 0
 18 0 0 12 0 437 0 0 4855 532 552 9 1 4 0 7 0 0 300 1278 112 62 0 10 20 19 0 508 0 1 12 0 9272 0 9815 6388 4071 1201 865 1970 765 1076 777 1398 569 461 1233 886 1146 678 432 438 321 9877 1318 1534 375 70 506 0 0 0 0 0 0 0 0 0 0 0 0 0 0 0 0
 0 0 0 0 33 0 0 0 3725 854 457 3 0 0 0 3 0 0 110 195 62 33 97 0 34 19 0 0 0 2 27 74 625 14133 5230 977 1818 458 109 97 141 0 272 230 217 1113 1082 1255 582 704 1674 1838 1157 2546 2172 505 632 425 900 0 19 0 0 0 0 0 0 0 0 3 0 0 0 0 0
 9 0 0 0 0 5 13 4 22247 7173 0 8846 0 0 0 0 0 0 0 1 0 0 579 68 783 54 140 0 0 0 0 0 0 0 1119 0 0 129 2 243 97 0 125 0 0 33 42 0 3 0 482 52 16 0 66 1230 0 10 0 0 0 0 0 0 0 0 0 0 0 0 0 0 0 0 0
 26 0 4 16 244 0 14 7 144 0 120 628 0 0 0 0 335 0 87 203 0 0 0 0 163 0 0 0 0 17 0 0 0 0 1057 1037 40 272 194 104 84 0 84 232 0 1253 435 363 329 321 674 951 220 12035 579 222 498 208 117 0 0 0 0 0 0 0 0 285 2826 16 133 23 0 0 0
 377 24 0 27 104 493 55 3 6757 3179 210 943 90 0 22 1 937 1 812 529 90 52 0 0 357 0 71 0 0 55 0 231 0 0 1475 0 1717 112 113 189 138 0 225 175 0 942 454 107 391 271 988 1140 482 3586 525 393 446 214 316 0 0 0 0 0 0 30 0 0 1886 24 206 0 0 0 0
 0 18 28 28 220 216 57 20 0 0 54 0 0 0 0 0 0 0 1 2 0 0 8 0 0 0 0 0 0 0 0 0 0 0 0 0 0 1443 869 555 116 0 109 0 0 2 66 3 4 0 0 0 0 1461 0 971 2 0 4 101 178 0 1327 0 0 0 0 0 32 0 0 0 12 0 0
 1267 19 0 0 0 0 0 0 0 0 0 29 0 0 0 0 0 0 0 0 0 0 0 0 0 0 0 0 0 0 0 0 0 0 0 0 0 0 356 9 0 0 0 0 0 0 0 0 0 0 0 0 0 0 0 2 0 0 0 0 0 0 0 0 0 0 181 0 0 4 0 0 37 0 3285
 0 0 47 61 799 112 140 22 432 1 0 0 0 0 0 0 0 0 0 0 0 0 0 0 0 0 0 0 0 0 0 50 0 0 0 0 0 0 0 566 9 0 0 0 0 0 0 0 0 0 0 0 0 0 0 44 0 0 0 0 0 0 0 0 0 0 0 0 0 0 0 0 0 0 5789
 0 0 17 13 117 0 45 4 1221 451 2 1 1 30 2 0 4 0 0 0 0 0 0 0 0 0 0 0 0 0 0 0 0 0 0 0 0 0 0 0 345 0 8 0 0 0 0 0 0 0 0 0 0 0 0 4 0 0 0 0 0 0 0 0 0 0 0 0 0 0 0 0 0 0 1515
 0 0 0 0 0 29 4 0 57 0 122 43 3 13 11 2 93 0 14 47 16 0 0 0 17 0 0 55 0 7 43 0 0 97 175 256 138 174 66 123 65 937 159 0 0 309 170 0 62 68 240 222 101 423 604 112 108 21 32 0 0 0 0 0 0 0 0 0 0 0 0 0 0 0 0
 0 0 0 0 0 0 0 0 0 0 0 151 0 279 83 15 11 0 10 1 364 296 401 35 9 0 0 0 0 3 48 0 0 0 0 0 0 0 0 0 0 0 380 0 0 0 0 0 0 0 0 0 0 0 0 5 0 0 15 0 0 0 0 0 0 0 0 18 0 0 0 0 0 0 3449
 49 9 37 27 436 333 70 11 1367 158 184 119 21 0 0 0 0 0 13 75 0 0 304 148 139 0 2 0 0 1 6 0 0 0 227 0 0 202 468 1075 552 75 562 2087 0 94 603 0 100 6 368 0 107 1133 449 635 4 69 60 176 0 0 0 0 0 0 0 0 0 0 0 0 0 0 0
 146 2 4 16 116 202 33 5 206 43 155 162 3 49 44 15 120 2 29 51 24 4 68 31 29 4 0 248 2 13 63 0 0 0 287 977 91 398 207 121 148 219 397 244 1382 261 310 102 58 52 371 221 0 1816 707 303 182 51 68 0 0 0 0 18 0 0 0 181 692 5 0 0 76 18 0
 0 0 0 0 0 0 0 0 0 0 10 0 1 0 0 1 0 0 0 10 0 0 0 0 4 0 0 0 0 0 0 0 0 0 0 0 0 0 1 3 4 0 0 0 0 9408 0 0 6 0 293 0 0 0 0 4 5 0 0 0 0 0 0 0 0 0 0 0 0 6 0 0 0 0 29061
 0 0 0 0 0 0 0 0 4047 1811 2 57 0 0 0 0 0 0 0 1 0 0 0 0 3 0 0 0 0 0 0 0 0 0 0 0 0 0 2 2 2 0 6 0 0 0 992 0 259 0 8 0 2 1874 0 117 0 0 0 0 0 0 0 0 0 0 0 203 710 29 1 1 0 0 493
 25 0 5 11 113 334 27 7 2365 773 136 0 0 0 0 0 0 0 0 46 0 0 0 0 10 0 0 0 0 0 0 0 0 0 241 0 0 0 80 184 243 168 479 641 0 2336 1262 2076 704 3 661 0 198 294 58 200 367 59 72 0 0 0 8 0 0 0 0 0 94 2 0 0 154 0 0
 0 0 0 0 0 1 0 0 1052 497 1 0 0 0 41 0 0 0 0 0 0 0 0 0 0 0 0 0 0 0 0 0 0 0 0 0 0 0 0 0 0 0 0 0 0 0 0 0 140 0 0 0 0 0 1 203 0 0 0 0 0 0 0 0 0 580 0 0 0 0 11 0 9 0 6528
 12 1 0 1 28 31 0 1 5440 1874 12 24 0 0 4 0 0 0 3 6 0 0 0 0 6 0 0 0 0 1 0 0 0 0 18 0 0 2 32 4 3 0 4 0 0 251 151 0 262 389 718 0 0 1124 0 262 86 28 48 0 0 0 16 0 0 0 0 7 278 37 315 4 23 0 0
 0 0 0 0 0 5 0 0 1446 325 1393 0 0 0 0 0 0 0 0 3 0 0 0 0 0 0 0 0 0 0 0 0 0 0 0 0 0 12 1 3 3 0 10 0 0 0 0 0 1 0 3314 0 0 699 2260 201 0 0 0 0 1628 2 0 0 0 0 0 0 0 0 0 0 0 0 35141
 0 0 0 0 0 0 0 0 0 0 526 0 0 0 0 2 0 0 0 9 0 0 0 0 17 0 0 0 0 0 0 0 0 0 0 0 0 17 1 8 7 0 66 39 0 6140 7 602 12 117 15314 9168 724 456 1517 22 982 1612 109 0 403 28 0 0 0 378 0 0 0 0 89 0 0 158 0
 542 7 0 0 6 10 5 0 308 62 12 9 0 0 3 0 10 0 0 0 0 0 0 0 4 0 0 0 0 0 0 0 0 0 0 0 0 202 87 7 10 0 1 0 15 30 0 0 4 175 39 0 680 3224 168 79 13 12 8 0 0 0 0 0 0 0 0 0 553 0 545 0 2 0 724
 130 4 29 0 0 8 41 1 315 0 42 13 1 0 0 0 0 0 1 0 0 0 0 0 0 0 0 0 0 0 0 0 0 0 39 0 0 0 188 226 3 0 18 0 0 25 0 0 33 0 0 0 0 48021 2 692 0 0 0 0 145 0 0 0 0 0 0 0 5416 9 0 0 0 0 65608
 0 0 0 0 0 0 0 0 0 0 2136 0 1 0 0 0 0 0 0 0 0 0 0 0 0 0 0 0 0 0 0 0 0 0 0 0 0 57 2 14 10 0 21 0 0 24 11 0 0 1 0 0 0 0 10609 110 0 0 0 753 0 0 0 0 0 0 0 0 0 0 0 0 0 0 19782
 0 562 1 3 0 0 0 0 4 0 0 0 0 0 0 0 0 0 0 0 0 0 0 0 0 0 0 0 0 0 0 0 0 0 0 0 0 0 0 0 0 0 0 0 0 0 0 0 0 0 0 0 0 0 0 952 0 0 0 1054 0 0 0 0 0 0 0 0 0 229 2 0 31 0 12080
 0 1 0 0 13 36 0 0 1158 446 16 0 3 0 0 0 0 0 1 5 0 0 0 0 46 0 0 0 0 0 0 0 0 0 14 0 0 0 3 2 3 0 4 0 0 0 251 0 386 0 111 0 0 326 425 65 447 6 0 0 0 0 0 0 0 0 0 0 0 0 3606 0 0 0 4441
 0 1 0 0 0 0 0 0 19 0 59 10 1 0 5 0 0 0 1 2 0 578 0 0 12 0 0 0 0 0 0 0 0 0 0 0 0 9 2 5 4 0 5 0 0 25 9 0 3 0 190 0 0 21 288 13 0 848 12 0 0 18 0 0 0 442 827 0 0 159 1080 0 0 0 5415
 0 0 3 0 1 3 0 0 590 125 8 0 1 0 838 0 0 0 22 2 0 33 0 0 21 0 0 0 0 24 0 0 0 0 18 0 0 0 1 8 5 0 0 0 0 46 14 0 83 0 14 0 0 33 1 24 19 0 1011 0 0 0 0 0 0 814 0 35 0 99 601 1 7 0 7040
 2281 105 58 58 127 149 107 24 6625 0 386 6565 126 551 375 21 1034 13 317 270 2840 982 3913 1025 1118 362 0 485 30 87 430 2690 1696 1503 1044 448 133 0 126 204 79 169 191 0 4 1267 318 220 198 180 888 1144 323 1212 0 0 324 487 522 31372 0 16 636 9073 0 0 0 291 0 691 4550 3559 4 0 0
 519 11 2 4 26 94 13 2 1401 0 118 659 12 190 442 54 84 2 87 64 128 360 219 68 107 0 0 55 2 32 39 98 70 0 185 49 143 0 21 83 30 63 80 63 52 427 77 132 40 20 0 0 28 0 334 75 166 134 134 1359 1999 10 0 9618 3036 913 2419 442 651 434 3949 0 0 0 0
 0 0 0 0 0 0 0 0 0 0 0 0 0 0 0 0 0 0 0 0 0 0 0 0 0 0 0 0 0 0 0 0 0 0 8 0 0 0 0 0 0 0 0 0 0 0 0 0 0 0 0 0 0 0 0 0 0 0 0 0 0 12 0 0 0 0 451 0 0 0 0 0 0 0 135
 3178 75 405 296 0 0 560 352 1609 0 446 5534 88 1617 694 187 1146 13 237 276 4425 479 6696 1849 809 143 0 2265 34 60 1274 2503 4182 2793 879 557 954 0 59 228 91 328 207 227 98 922 284 0 281 0 949 1343 299 1644 955 226 268 265 305 0 604 17 51703 17860 7669 4169 795 4410 1043 1440 8665 0 3385 0 0
 6545 387 106 122 935 616 227 47 26087 6853 470 16677 199 1925 2122 665 1523 14 830 626 0 0 3819 1461 1921 496 0 564 86 75 499 1099 2686 2948 2228 1237 1310 577 692 1042 313 584 685 1102 0 2909 866 1588 828 739 3326 3180 627 6620 1384 1374 1110 569 783 0 0 7 0 10189 0 0 0 0 0 0 5289 0 0 0 55459
 15402 215 64 123 1063 9982 330 141 3513 0 299 3336 204 493 1127 210 658 18 497 472 0 0 1447 535 1696 164 254 691 11 166 307 714 588 639 666 488 743 140 10 156 110 303 235 344 462 1784 204 667 99 182 4128 1259 329 941 1516 586 549 290 399 3871 0 100 0 44593 138555 4278 0 6112 1050 3460 39894 0 27 0 0
 244 16 3 7 34 70 49 8 475 0 61 667 12 0 0 0 0 3 57 48 0 0 21 92 0 43 0 0 15 0 0 0 112 97 278 46 0 26 12 25 17 45 36 66 19 411 25 124 0 50 524 0 94 117 872 43 50 0 0 139 0 12 0 1791 0 1279 0 413 0 443 1902 0 0 0 8593
 8659 1360 87 108 1093 1450 322 94 47437 4513 948 11950 1268 1753 1733 381 1116 11 843 925 0 0 1097 1513 9402 385 0 1099 22 317 392 1234 1156 1064 1452 953 1080 135 0 185 11 387 76 54 1033 3039 599 670 800 293 4173 842 353 3849 3281 270 1257 0 844 3532 0 0 0 77933 26552 2218 40334 3030 0 162 23670 0 154 0 0
 0 0 4 10 0 425 27 13 190 0 190 0 24 151 245 0 130 5 87 76 0 1039 438 178 473 82 0 0 3 39 0 0 122 135 274 0 117 44 28 61 39 113 0 204 0 769 0 185 70 0 647 673 84 183 1167 88 249 290 0 0 0 20 0 2767 0 0 0 278 0 0 3191 0 0 0 46901
 546 46 37 64 196 239 50 22 950 0 32 692 39 76 75 36 245 3 100 95 244 255 126 132 110 0 0 0 2 18 0 0 60 120 149 0 0 0 8 20 33 59 26 30 0 146 0 0 25 0 31 256 0 0 146 41 244 93 61 2328 0 1 0 861 0 467 673 120 429 682 2538 333 0 0 4804
 0 0 0 0 0 8 2 1 2 0 1 0 2 0 0 0 0 0 16 6 0 0 0 2 4 0 0 0 0 0 1 0 1 0 12 0 0 2 0 1 2 1 0 8 0 0 0 0 0 0 8 39 27 0 32 0 33 0 0 0 0 343 0 1052 0 0 0 1154 0 6802 499 0 0 0 8430
 333 0 5 9 15 58 8 3 10 0 11 0 11 0 0 0 4 3 43 25 0 0 0 52 0 0 0 0 1 0 0 0 1 37 47 0 0 7 4 4 4 25 8 32 14 25 0 17 0 0 34 0 0 108 124 0 0 0 0 0 0 5 0 0 0 0 0 0 0 0 6960 0 0 0 139196
 0 0 3 8 0 23 8 7 236 0 23 0 50 76 289 0 50 2 45 50 3 739 102 30 91 31 0 52 2 28 27 59 70 44 74 0 60 5 18 19 15 17 36 40 4 108 0 57 49 0 358 129 2 152 239 11 75 31 0 0 176 2 70 3203 7293 156 2321 143 0 54 2351 618 8 0 0
 0 4 1 3 0 0 11 0 136 0 9 307 5 33 9 0 11 0 5 3 75 0 0 13 21 0 0 0 6 0 5 0 19 17 16 7 20 0 0 4 2 1 3 4 0 29 2 0 0 0 18 22 0 11 16 0 9 2 0 0 63 2 0 294 0 84 0 42 51 24 261 0 3 0 6752
 8 4 13 74 38 510 14 12 1 0 0 4352 5 345 67 97 14 0 20 7 1063 31 869 123 560 67 800 864 1 1 177 105 1079 2722 106 6 114 42 72 109 20 117 60 19 0 198 11 110 55 40 389 0 80 1350 3 13 126 81 902 7008 2577 1 287 1498 2469 72 971 94 130 128 60 845 0 21 0
 23220 3469 1431 968 8781 121691 4345 1072 0 14569 0 0 0 7227 0 0 18466 179 0 0 22598 2699 18781 7053 0 2764 0 18407 898 0 5295 17426 37304 17096 14930 12202 17465 1873 0 0 0 30 0 4885 7829 0 0 3728 0 5757 0 9657 0 0 0 0 0 0 0 32175 19281 0 35624 0 91582 0 248693 0 0 0 0 9386 0 33998 0
