75
 30707 0 0 0 0 3 0 0 0 0 0 72225 3354 844 0 364 0 4592 0 9 0 0 0 0 64 50 27 0 0 0 0 0 0 0 0 4 0 0 0 0 0 1 1 6 0 0 0 3 0 1 0 1 0 0 0 0 0 0 0 14 0 0 0 0 0 0 0 0 2782 0 1187 0 1722 0 0
 7512 304 0 1 11 1 0 2 1025 1849 1 0 0 2 0 1 0 110 0 1 0 0 0 0 13 2 1 0 0 0 0 0 0 1 1 0 1 0 0 0 0 0 0 0 0 0 0 0 1 0 0 3 2 0 0 0 0 0 0 0 0 0 0 378 0 2110 69 0 0 0 0 214 0 0 0
 0 0 184 0 0 0 0 0 0 0 2 1 0 0 0 0 0 0 0 0 1 1 0 72 6 2 9 0 0 0 0 0 3 2405 14 0 7 0 22 1 0 0 3 1 0 0 1 0 0 0 4 0 1 8 0 0 0 0 1 0 0 0 0 0 0 0 0 0 0 0 0 0 0 0 0
 0 0 21 240 0 0 0 0 0 0 0 1 0 0 0 0 0 0 0 0 4 0 0 378 26 8 20 0 0 0 0 4 0 0 1710 1 26 0 0 0 0 0 2 1 0 0 0 0 0 0 0 1 3 32 2 1 0 5 2 1 0 0 0 0 0 0 0 0 0 0 0 0 0 0 0
 21 0 11 13 4458 8 16 2 0 0 12 154 9 0 7 0 4 0 1 7 322 6 0 0 136 26 1 0 0 1 1 2 222 2351 0 0 10 0 0 4 0 0 3 1 0 0 3 4 0 6 0 7 6 0 58 8 2 0 10 0 0 0 10832 0 0 0 0 0 38 0 7 0 1518 0 0
 0 0 0 0 0 5725 50 0 0 0 0 6 0 7 8 0 3 1 0 0 14 0 0 9624 1143 111 145 99207 235 0 0 0 45 0 2 40 0 1 0 1 0 0 0 3 0 0 0 1 0 0 0 0 6 0 0 0 0 0 10 0 0 0 31302 0 0 0 0 0 0 0 0 0 0 0 0
 241 5 15 3 0 0 189 7 1917 1697 0 18 0 0 2 0 1 1 0 0 193 0 0 198 17 32 37 167 0 0 0 280 1702 105 6 0 0 0 0 0 0 0 0 1 0 0 2 0 0 0 0 3 3 0 0 1 0 1 1 30 0 0 0 0 0 0 0 0 0 0 0 0 0 0 0
 1 0 0 0 0 0 0 75 0 0 0 26 0 0 0 0 0 0 0 0 41 0 0 1563 80 25 8 0 4 2 0 6 96 33 0 0 0 0 0 0 0 0 1 3 0 0 0 14 0 0 0 0 4 0 0 0 0 3 7 1 0 0 0 0 0 0 0 0 0 0 0 0 0 0 0
 0 0 0 0 0 0 0 0 0 0 0 0 0 0 0 0 0 0 0 0 0 0 0 0 0 0 0 0 0 0 0 0 0 0 0 0 0 0 0 0 0 0 0 0 0 0 0 0 0 0 0 0 0 0 0 0 0 0 0 0 0 0 0 0 0 0 0 0 0 0 0 0 0 0 207589
 1059 0 19 9 146 4313 0 15 594 211 67 864 14 113 0 91 0 0 3 0 0 86 118 0 176 67 0 0 0 4 11 0 0 0 0 46 0 101 0 23 0 0 24 34 0 6 406 0 0 0 0 0 196 0 72 148 44 0 45 0 2510 4995 13958 0 0 23870 453 0 493 344 719 1293 3911 12 0
 18 0 0 0 0 0 0 0 23 0 1538 0 0 0 0 0 0 0 0 0 0 0 0 0 0 0 0 0 0 0 0 0 26 0 0 0 4 0 0 0 0 0 0 5 0 0 0 0 0 0 0 0 0 0 0 0 19 0 0 0 0 0 0 0 0 0 0 0 0 0 0 0 0 19 9785
 0 32 0 0 0 0 0 0 10 0 1 50209 4 1 0 0 0 0 0 34 0 0 0 0 5 0 216 0 0 453 14 0 0 0 0 0 7 0 0 0 2 0 0 0 0 0 3 0 3 3 0 5 12 0 0 8 4 38 0 16 0 0 0 0 0 0 0 0 39211 0 561 3996 876 0 113089
 0 0 0 0 0 0 0 0 0 0 0 0 3607 0 0 0 0 0 0 0 0 0 0 0 0 0 0 0 0 0 0 0 0 0 0 4 0 0 0 0 0 0 0 0 0 0 0 0 0 0 0 0 0 0 0 0 0 0 0 0 0 0 0 0 0 0 0 0 0 0 0 0 0 0 6627
 0 0 0 1 5 0 1 4 0 0 4 0 1 10645 2036 11333 4386 14 0 964 748 0 27 0 0 0 0 0 526 0 203 0 195 0 32 0 5 2 8 1 0 0 0 0 3 0 7 2 4 42 17 7 0 0 29 116 12 360 3 386 0 0 0 0 0 0 158 0 0 0 51 16 0 0 0
 95 34 0 0 0 0 0 0 1892 436 3 9 0 0 769 42 1041 46 0 420 286 0 43 0 0 0 0 0 413 0 191 0 0 0 0 0 4 1 4 1 1 1 0 0 107 4 4 2 6 2 0 4 3 5 315 3 241 260 11 52 0 0 0 0 0 0 0 0 0 0 24 20 0 0 2034
 0 0 0 1 9 14 3 1 38 0 15 4 2 0 0 9259 0 14 0 54 0 0 0 0 0 0 0 0 0 0 13 3 0 8 2 1 6 1 0 1 1 0 0 0 1 0 4 2 5 0 0 36 41 0 7 15 17 29 0 0 0 0 0 0 0 0 324 0 0 0 121 534 0 0 22763
 37 57 0 0 0 0 0 0 87 43 2 64 0 0 0 666 443 0 0 53 0 0 0 0 0 0 0 0 0 0 0 0 0 0 0 0 3 49 0 2 3 1 0 0 1 0 0 3 3 3 1 1 0 8 3355 108 92 0 0 47 0 0 0 0 0 0 564 0 31 0 65 547 114 0 2603
 0 0 4 22 101 0 0 2 20859 2722 31 33 3 0 0 0 29 14617 174 2765 3477 0 0 0 0 14 0 0 0 0 33 74 0 28 89 16 0 0 0 24 11 0 0 0 4 0 23 36 8 74 12 50 21 0 164 41 1135 44 0 482 0 0 0 0 0 0 37 0 0 0 108 0 0 0 0
 174 15 0 0 0 0 0 0 0 0 20 53 3 0 0 0 0 0 3 12 2 0 0 0 0 0 0 0 4 0 1 56 0 4 14 0 28 19 0 1 2 4 5 1 6 0 0 21 10 16 0 21 1 0 6 7 0 0 0 5 0 0 0 0 0 0 0 0 0 0 0 0 0 1 0
 0 0 0 0 0 0 0 0 888 118 4 0 0 0 0 0 0 0 0 153 0 0 0 0 0 0 0 0 0 0 0 0 0 0 0 0 0 0 0 0 1 3 0 0 0 0 0 0 0 34 0 411 21 0 495 40 193 0 0 0 0 0 0 0 0 0 0 0 0 0 0 0 0 0 15221
 159 10 0 0 0 0 0 0 958 130 10 3086 239 0 0 193 56 0 0 71 12052 7228 10140 0 0 309 0 0 0 0 46 22 423 0 0 16 51 98 0 4 4 12 0 0 0 0 266 21 182 58 3 114 207 4 132 21 17 281 556 427 0 0 0 0 484 0 0 5412 240 0 28 1849 0 0 0
 119 101 0 0 0 0 3 0 9 0 39 6965 111 256 89 251 144 121 34 343 0 780 143 0 117 1051 42 190 979 10 80 508 161 0 20 38 189 185 344 35 7 7 3 0 85 100 252 145 129 246 225 200 211 101 139 18 17 227 147 403 0 0 0 899 0 0 50 0 904 0 0 152 0 0 0
 44 9 0 0 4 17 6 0 13 0 56 1840 195 0 0 77 35 9 2 56 0 0 6089 0 0 196 38 0 0 0 16 28 21 0 0 184 55 34 0 10 17 14 17 0 25 9 116 26 57 21 15 379 100 12 67 117 35 96 0 0 0 0 0 868 3611 0 14 3797 0 0 108 8077 0 0 0
 7027 1497 0 0 153 0 0 0 748 24 77 1822 27 782 567 108 70 806 1 146 1388 67 1163 21439 11351 4247 2511 1397 2749 116 49 657 745 1286 0 0 76 131 619 9 7 6 102 0 0 0 72 16 120 75 115 164 1034 423 373 73 67 148 1505 421 0 0 0 0 0 0 0 0 0 0 61 5066 26 0 0
 0 0 0 0 0 0 0 0 0 0 42 0 1 4616 2922 1714 357 27 4 119 1103 0 8 0 1563 17 557 0 12698 0 87 0 244 0 634 0 18 66 97 4 3 4 28 0 0 0 114 90 95 230 176 317 260 110 250 61 166 208 162 651 0 0 0 0 0 0 0 0 0 0 0 0 0 0 0
 0 0 0 0 0 0 0 0 94 0 2 517 14 65 7 173 2 0 0 0 0 0 0 0 0 3470 0 63 0 35 17 0 10 0 0 0 3 0 0 0 0 0 0 0 0 0 0 0 0 0 0 0 0 0 0 0 1 0 0 0 0 0 0 0 0 0 661 0 0 0 0 8352 0 0 16704
 0 0 0 0 0 0 0 0 2897 2262 7 0 0 1 4 0 0 293 0 296 2 0 0 0 0 37 137 0 7 0 0 15 0 0 0 0 157 98 263 28 22 9 30 0 7 5 82 58 69 140 41 52 9 25 636 80 179 31 2 132 0 35 0 0 0 0 0 0 0 609 0 6 0 0 0
 7347 647 64 67 698 0 0 6 7670 3176 108 1427 56 268 92 280 49 614 7 170 1715 0 310 0 683 0 218 10211 669 17 8 156 529 695 493 0 221 87 0 21 37 59 114 73 0 106 406 114 175 29 46 185 299 70 197 349 135 160 149 188 9648 29 11591 6790 0 110 618 0 120 1498 329 3168 1146 0 36640
 835 89 37 48 196 0 25 0 1332 824 187 3971 424 0 0 310 513 109 0 1627 980 0 433 0 0 1975 0 0 4529 0 454 0 0 0 227 20 348 68 889 299 293 116 0 33 229 0 2083 460 512 878 363 2918 2560 455 7550 367 396 1098 1294 902 0 0 0 0 0 0 503 0 1281 16 153 3423 0 0 0
 0 0 0 0 0 0 0 0 0 0 0 0 0 3 1 260 162 2 0 66 2 0 3 0 0 0 0 0 7 74 1188 0 0 0 0 0 0 0 2 0 0 0 0 0 0 0 0 0 0 0 0 0 0 0 0 0 0 1 0 60 0 0 0 0 0 0 0 0 0 0 0 0 0 0 0
 55 4 0 0 0 1 0 0 3 0 0 0 0 0 0 0 1 0 0 0 0 0 0 0 0 0 1 0 0 0 474 4 0 0 0 0 0 0 0 0 0 0 0 0 0 0 2 0 0 0 0 2 0 0 7 2 0 2 1 0 0 0 0 0 0 0 31 0 0 0 23 36 0 0 3192
 7 2 0 0 0 5 0 0 288 149 7 3939 0 125 33 0 5 0 0 113 0 0 0 0 22 564 0 0 489 0 0 1118 0 0 0 1 413 9 47 2 2 3 0 0 0 0 38 19 5 94 435 100 519 20 1605 14 184 115 217 22 0 0 0 0 0 0 163 0 157 315 0 306 0 0 0
 147 16 0 16 0 0 0 0 20842 5426 0 63 2 0 6 1 5 107 2 125 0 0 0 0 0 0 10 0 1 4 4 95 4489 233 0 3 80 22 0 19 0 18 191 56 54 208 142 107 160 99 7 102 433 29 414 115 331 81 65 77 0 0 0 0 0 0 141 0 13 591 4 30 0 0 0
 18 0 0 12 0 437 0 0 4855 532 552 9 1 1 3 0 7 0 0 1578 34 78 62 0 10 20 19 0 508 0 1 12 0 9272 0 2725 7090 6388 4071 865 1970 765 1076 777 1398 1770 461 1233 886 1146 678 432 438 321 9877 1318 1534 375 70 506 0 0 0 0 0 0 0 0 0 0 0 0 0 0 0
 0 0 0 0 33 0 0 0 3725 854 457 3 0 0 26 0 3 0 0 305 82 0 33 97 0 34 19 0 0 0 2 27 74 625 14133 1546 3684 977 1818 109 97 141 0 272 230 675 1113 1082 1255 582 704 1674 1838 1157 2546 2172 505 632 425 900 0 19 0 0 0 0 0 0 0 0 3 0 0 0 0
 0 0 0 0 0 0 0 0 0 0 0 8853 0 0 1 0 1 0 0 0 0 0 0 655 86 786 211 361 0 0 0 0 0 0 0 405 1 8 0 0 0 0 0 1 0 0 0 0 0 0 0 0 1 1 0 0 0 13 0 1 0 0 0 0 0 0 0 0 0 0 0 0 0 0 0
 10 0 0 0 0 45 13 4 22247 7219 0 0 0 0 0 0 0 6 0 1 0 0 0 0 0 0 0 0 0 0 0 0 0 0 0 0 713 0 0 2 243 97 0 124 0 0 33 42 0 3 0 482 51 15 0 66 1230 0 10 0 0 0 0 0 0 0 0 0 0 0 0 0 0 0 0
 26 1 4 16 244 0 14 7 144 0 120 628 0 0 0 0 0 335 0 290 0 0 0 0 0 163 0 0 0 0 17 0 0 0 0 0 1065 1037 40 194 104 84 0 84 232 0 1253 435 363 329 321 674 951 220 12035 579 222 498 208 117 0 0 0 0 0 0 0 0 285 2826 16 133 16 0 0
 401 40 0 27 104 493 55 3 6757 3179 210 943 90 0 0 22 1 937 1 1341 434 0 52 0 0 357 0 71 0 0 55 0 231 0 0 125 1350 0 1717 113 189 138 0 225 175 21 942 454 107 391 271 988 1140 482 3586 525 393 446 214 316 0 0 0 0 0 0 30 0 0 1886 24 206 0 0 0
 1286 75 0 0 0 0 0 0 0 0 0 29 0 0 0 0 0 0 0 0 0 0 0 0 0 0 0 0 0 0 0 0 0 0 0 0 0 0 0 356 9 0 0 0 0 0 0 0 0 0 0 0 0 0 0 0 2 0 0 0 0 0 0 0 0 28 0 106 0 0 4 0 19 0 3285
 0 0 47 61 799 112 140 22 432 1 0 0 0 0 0 0 0 0 0 0 0 0 0 0 0 0 0 0 0 0 0 0 50 0 0 0 0 0 0 0 566 9 0 0 0 0 0 0 0 0 0 0 0 0 0 0 44 0 0 0 0 0 0 0 0 0 0 0 0 0 0 0 0 0 5789
 0 0 17 13 117 0 45 4 1221 451 2 1 1 31 0 2 0 4 0 0 0 0 0 0 0 0 0 0 0 0 0 0 0 0 0 0 0 0 0 0 0 345 0 8 0 0 0 0 0 0 0 0 0 0 0 0 4 0 0 0 0 0 0 0 0 0 0 0 0 0 0 0 0 0 1515
 0 3 0 0 0 29 4 0 57 0 122 43 3 10 3 11 2 93 0 61 19 0 0 0 0 17 0 0 55 0 7 43 0 0 97 49 126 256 138 66 123 65 937 159 0 0 309 170 0 62 68 240 222 101 423 604 112 108 21 32 0 0 0 0 0 0 0 0 0 0 0 0 0 0 0
 0 0 0 0 0 0 0 0 0 0 0 151 0 153 126 83 15 11 0 11 281 83 296 401 35 9 0 0 0 0 3 48 0 0 0 0 0 0 0 0 0 0 0 380 0 0 0 0 0 0 0 0 0 0 0 0 5 0 0 15 0 0 0 0 0 0 0 0 18 0 0 0 0 0 3449
 58 11 37 27 436 333 70 11 1367 158 184 119 21 0 0 0 0 0 0 88 85 0 0 304 148 139 0 2 0 0 1 6 0 0 0 6 221 0 0 468 1075 552 75 562 2087 0 94 603 0 100 6 368 0 107 1133 449 635 4 69 60 176 0 0 0 0 0 0 0 0 0 0 0 0 0 0
 166 59 32 44 336 418 90 25 206 0 209 161 3 50 0 40 10 117 2 83 66 0 0 76 29 29 0 0 191 2 13 59 0 0 0 38 120 705 0 1076 676 264 45 506 42 3329 263 376 105 62 50 359 204 0 3277 650 1274 184 42 72 97 126 1229 0 0 0 0 0 137 724 3 0 79 0 0
 0 0 0 0 0 0 0 0 0 0 10 0 1 0 0 0 1 0 0 6 0 0 0 0 0 4 0 0 0 0 0 0 0 0 0 0 0 0 0 1 3 4 0 0 0 0 9408 0 0 6 0 293 0 0 0 0 4 5 0 0 0 0 0 0 0 0 0 0 0 0 6 0 0 0 29061
 0 0 0 0 0 0 0 0 4047 1811 2 57 0 0 0 0 0 0 0 1 0 0 0 0 0 3 0 0 0 0 0 0 0 0 0 0 0 0 0 2 2 2 0 6 0 0 0 992 0 259 0 8 0 2 1874 0 117 0 0 0 0 0 0 0 0 0 0 0 203 710 29 1 0 0 493
 25 0 5 11 113 334 27 7 2365 773 136 0 0 0 0 0 0 0 0 45 0 0 0 0 0 10 0 0 0 0 0 0 0 0 0 2 239 0 0 80 184 243 168 479 641 0 2336 1262 2076 704 3 661 0 198 294 58 200 367 59 72 0 0 8 0 0 0 0 0 0 94 2 0 97 0 0
 0 0 0 0 0 1 0 0 1052 497 1 0 0 0 0 41 0 0 0 0 0 0 0 0 0 0 0 0 0 0 0 0 0 0 0 0 0 0 0 0 0 0 0 0 0 0 0 0 0 140 0 0 0 0 0 1 203 0 0 0 0 0 0 0 0 0 580 0 0 0 0 11 0 0 6528
 13 5 0 1 28 31 0 1 5440 1874 12 24 0 0 0 4 0 0 0 9 0 0 0 0 0 6 0 0 0 0 1 0 0 0 0 1 17 0 0 32 4 3 0 4 0 0 251 151 0 262 389 718 0 0 1124 0 262 86 28 48 0 0 16 0 0 0 0 0 7 278 37 315 27 0 0
 0 0 0 0 0 5 0 0 1446 325 1393 0 0 0 0 0 0 0 0 0 0 0 0 0 0 0 0 0 0 0 0 0 0 0 0 0 0 0 0 1 3 3 0 10 0 0 0 0 0 1 0 3314 0 0 699 2260 201 0 0 0 0 1630 0 0 0 0 0 0 0 0 0 0 0 0 35141
 0 0 0 0 0 0 0 0 0 0 526 0 0 3 0 0 2 0 0 0 0 0 0 0 0 17 0 0 0 0 0 0 0 0 0 0 0 0 0 1 8 7 0 66 39 0 6140 7 602 12 117 15314 9168 724 456 1517 22 982 1612 109 0 431 0 0 0 0 378 0 0 0 0 89 0 158 0
 549 49 0 0 6 10 5 0 308 62 12 9 0 0 0 3 0 10 0 0 0 0 0 0 0 4 0 0 0 0 0 0 0 0 0 0 0 0 0 87 7 10 0 1 0 217 30 0 0 4 175 39 0 680 3224 168 79 13 12 8 0 0 0 0 0 0 0 0 0 553 0 545 0 0 724
 134 71 29 0 0 8 41 1 315 0 42 13 1 0 0 0 0 0 0 0 0 0 0 0 0 0 0 0 0 0 0 0 0 0 0 1 38 0 0 188 226 3 0 18 0 0 25 0 0 33 0 0 0 0 48021 2 692 0 0 0 0 145 0 0 0 0 0 0 0 5416 9 0 0 0 65608
 0 7 0 0 0 0 0 0 0 0 2136 0 1 0 0 0 0 0 0 0 0 0 0 0 0 0 0 0 0 0 0 0 0 0 0 0 0 0 0 2 14 10 0 21 0 0 24 11 0 0 1 0 0 0 0 10609 110 0 0 0 753 0 0 0 0 0 0 0 0 0 0 0 0 0 19782
 562 13 1 3 0 0 0 0 4 0 0 0 0 0 0 0 0 0 0 0 0 0 0 0 0 0 0 0 0 0 0 0 0 0 0 0 0 0 0 0 0 0 0 0 0 0 0 0 0 0 0 0 0 0 0 0 952 0 0 0 1054 0 0 0 0 0 0 0 0 0 229 2 20 0 12080
 0 1 0 0 13 36 0 0 1158 446 16 0 3 0 0 0 0 0 0 6 0 0 0 0 0 46 0 0 0 0 0 0 0 0 0 0 27 0 0 3 2 3 0 4 0 0 0 251 0 386 0 111 0 0 326 425 65 447 6 0 0 0 0 0 0 0 0 0 0 0 0 3606 0 0 4441
 1 6 0 0 0 0 0 0 19 0 59 10 1 0 0 5 0 0 0 3 0 0 578 0 0 12 0 0 0 0 0 0 0 0 0 0 0 0 0 2 5 4 0 5 0 0 25 9 0 3 0 190 0 0 21 288 13 0 848 12 0 0 0 0 0 0 442 821 0 0 159 1080 0 0 5415
 0 6 3 0 1 3 0 0 590 125 8 0 1 0 0 838 0 0 0 24 0 0 33 0 0 21 0 0 0 0 24 0 0 0 0 0 19 0 0 1 8 5 0 0 0 0 46 14 0 83 0 14 0 0 33 1 24 19 0 1011 0 0 0 0 2 0 814 0 35 0 99 601 8 0 7040
 2386 472 58 58 127 149 107 24 6625 0 386 6565 126 296 255 375 21 1034 13 587 2134 706 982 3913 1025 1118 362 0 485 30 87 430 2690 1696 1503 293 751 448 133 126 204 79 169 191 0 0 1267 318 220 198 180 888 1144 323 1212 0 0 324 487 522 31372 0 636 9073 0 0 0 0 291 0 691 4550 3563 0 0
 530 13 2 4 26 94 13 2 1401 0 118 658 12 160 30 442 54 84 2 151 96 31 357 218 68 107 0 0 55 2 32 39 98 70 0 12 181 49 143 21 83 30 63 80 63 0 427 77 132 40 20 0 0 28 0 334 75 166 116 134 1343 2021 0 9611 4335 0 901 2857 422 650 91 3944 0 0 0
 3253 336 405 296 0 0 560 352 1609 0 446 5534 88 1202 415 694 187 1146 13 513 4069 356 479 6696 1849 809 143 0 2265 34 60 1274 2503 4182 2793 232 647 557 954 59 228 91 328 207 227 0 922 284 0 281 0 949 1343 299 1644 955 226 268 265 305 0 621 51703 17860 2037 5632 4169 459 4410 1043 1440 8665 3315 0 0
 6932 0 106 122 935 616 227 47 26087 6853 470 16677 199 1370 555 2122 665 1523 14 1456 60 0 0 3819 1461 1921 496 0 564 86 75 499 1099 2686 2948 296 1932 1237 1310 692 1042 313 584 685 1102 559 2909 866 1588 828 739 3326 3180 627 6620 1384 1374 1110 569 783 0 0 0 10189 0 0 0 0 0 0 0 5289 0 0 55459
 3070 251 19 53 269 560 102 102 2501 223 118 1874 145 212 81 550 24 397 12 614 0 64 0 925 178 541 80 364 390 7 110 105 375 315 379 76 297 284 398 38 87 44 137 128 153 360 931 92 363 86 160 484 614 224 635 1058 77 209 134 0 995 0 0 9783 65279 5818 280 0 1205 0 641 1811 0 0 3470
 12547 0 45 70 794 9422 228 39 1012 0 181 1462 59 129 71 577 186 261 6 355 275 136 534 522 357 1155 84 0 301 4 56 202 339 273 260 90 203 204 345 0 69 66 166 107 191 242 853 112 304 13 22 3644 645 105 306 458 509 340 156 401 2876 1399 0 34810 0 49610 3998 825 4907 1539 2819 38083 0 42 0
 260 0 3 7 34 70 49 8 475 0 61 667 12 0 2 0 0 0 3 105 9 0 0 21 92 0 43 0 0 15 0 0 0 112 97 33 245 46 0 12 25 17 45 36 66 45 411 25 124 0 50 524 0 94 117 872 43 50 0 0 139 0 0 1791 0 0 1279 0 413 0 443 1902 0 0 8593
 2507 614 87 107 1082 1449 327 92 46412 2664 947 11982 1268 1409 376 1732 438 1006 26 1767 0 164 0 2594 1500 9400 384 524 1188 22 321 394 1250 1155 1063 154 1297 954 1120 0 185 11 390 76 65 1227 3039 599 669 800 298 4170 840 402 3920 3288 283 1258 0 850 4004 0 0 77555 25518 0 2149 39370 3147 0 345 23456 0 0 0
 0 117 4 10 0 425 27 13 190 0 190 0 24 136 15 245 0 130 5 163 0 0 1039 438 178 473 82 0 0 3 39 0 0 122 135 56 218 0 117 28 61 39 113 0 204 0 769 0 185 70 0 647 673 84 183 1167 88 249 290 0 0 0 0 2767 0 0 0 0 278 0 0 3191 0 0 46901
 592 276 37 64 196 239 50 22 950 0 32 692 39 65 11 75 36 245 3 195 170 74 255 126 132 110 0 0 0 2 18 0 0 60 120 24 125 0 0 8 20 33 59 26 30 0 146 0 0 25 0 31 256 0 0 146 41 244 93 61 2328 0 0 861 489 0 467 397 120 429 682 2538 282 0 4804
 0 183 0 0 0 8 2 1 2 0 1 0 2 0 0 0 0 0 0 22 0 0 0 0 2 4 0 0 0 0 0 1 0 1 0 1 11 0 0 0 1 2 1 0 8 0 0 0 0 0 0 8 39 27 0 32 0 33 0 0 0 0 0 1052 0 0 0 0 1154 0 6802 499 0 0 8430
 329 0 5 9 15 58 8 3 10 0 11 0 11 0 0 0 0 4 3 68 0 0 0 0 52 0 0 0 0 1 0 0 0 1 37 12 35 0 0 4 4 4 25 8 32 21 25 0 17 0 0 34 0 0 108 124 0 0 0 0 0 0 0 0 0 0 0 0 0 0 0 6960 0 0 139196
 0 104 4 11 0 17 19 5 372 0 32 0 55 68 41 298 0 61 2 103 72 6 725 0 43 112 31 0 49 8 28 32 35 89 61 10 80 0 80 0 23 17 18 39 44 0 137 1 0 40 0 376 151 0 163 255 0 84 33 0 0 243 0 3497 7095 171 240 2063 185 0 78 2612 691 0 0
 12 5 13 74 38 510 14 12 1 0 0 4352 5 70 275 67 97 14 0 27 1052 11 31 869 123 560 67 800 864 1 1 177 105 1079 2722 10 96 6 114 72 109 20 117 60 19 24 198 11 110 55 40 389 0 80 1350 3 13 126 81 902 7008 2578 287 1498 2511 0 72 966 94 130 128 60 845 21 0
 26689 8076 1431 968 8781 121691 4345 1072 0 14569 0 0 0 9261 0 0 0 18466 179 0 14351 8247 2699 18781 7053 0 2764 0 18407 898 0 5295 17426 37304 17096 4814 10116 12202 17465 0 0 0 30 0 4885 9702 0 0 3728 0 5757 0 9657 0 0 0 0 0 0 0 32175 19146 35624 0 0 95052 0 240617 0 0 0 0 2634 33998 0
