75
 8490 0 42 0 0 0 0 0 0 0 0 0 0 48318 106 3 4 0 0 1 0 0 0 0 7 0 0 0 0 0 0 0 0 0 0 5 0 0 0 0 0 0 0 0 3 0 0 0 2 0 1 0 0 0 0 0 0 0 0 0 0 0 0 0 0 0 0 0 604 0 0 0 0 0 0
 14593 2871 66 0 0 0 0 3 0 0 0 0 0 25900 695 18 0 0 0 1 0 0 0 0 54 119 2 0 0 0 0 0 0 0 0 6 0 3 0 0 0 0 0 0 2 0 0 0 1 0 0 0 0 0 0 0 0 0 1 0 11 0 0 0 0 0 0 0 2296 0 143 1716 1 0 0
 0 0 281 0 0 0 0 0 0 0 0 0 0 1361 0 343 0 4601 3 7 42 0 0 0 3 21 25 0 0 0 0 1 0 0 0 0 10 0 0 0 0 0 1 1 1 0 0 0 0 0 0 0 1 0 0 0 0 0 0 0 7 0 0 0 0 0 0 0 1069 0 4 14 0 0 0
 2639 3667 1206 304 0 1 11 1 0 2 1025 1849 1 0 0 1 0 110 0 1 0 0 0 0 13 2 1 0 0 0 0 0 0 1 1 0 1 0 0 0 0 0 0 0 0 0 0 0 0 1 0 0 3 2 0 0 0 0 0 0 0 0 0 0 0 2237 69 0 0 0 214 0 0 0 0
 0 0 0 0 184 0 0 0 0 0 0 0 2 1 0 0 0 0 0 0 1 1 0 72 6 2 9 0 0 0 0 0 3 2405 14 0 7 0 22 0 1 0 0 3 1 0 0 1 0 0 0 4 0 1 8 0 0 0 0 1 0 0 0 0 0 0 0 0 0 0 0 0 0 0 0
 0 0 0 0 21 240 0 0 0 0 0 0 0 1 0 0 0 0 0 0 4 0 0 378 26 8 20 0 0 0 0 4 0 0 1710 1 26 0 0 0 0 0 0 2 1 0 0 0 0 0 0 0 1 3 32 2 1 0 5 2 1 0 0 0 0 0 0 0 0 0 0 0 0 0 0
 17 4 0 0 11 13 4458 8 16 2 0 0 12 163 2 0 4 0 1 7 322 6 0 0 136 26 1 0 0 1 1 2 222 2351 0 0 10 0 0 0 4 0 0 3 1 0 0 3 4 0 6 0 7 6 0 58 8 2 0 10 0 0 0 0 10832 0 0 0 45 0 0 1219 299 0 0
 0 0 0 0 0 0 0 5725 50 0 0 0 0 6 15 0 3 1 0 0 14 0 0 9624 1143 111 145 99207 235 0 0 0 45 0 2 40 0 1 0 0 1 0 0 0 3 0 0 0 1 0 0 0 0 6 0 0 0 0 0 10 0 0 0 0 31302 0 0 0 0 0 0 0 6 0 0
 2 236 3 5 15 3 0 0 189 7 1917 1697 0 18 1 0 1 1 0 0 193 0 0 198 17 32 37 167 0 0 0 280 1702 105 6 0 0 0 0 0 0 0 0 0 1 0 0 2 0 0 0 0 3 3 0 0 1 0 1 1 30 0 0 0 0 0 0 0 0 0 0 0 0 0 0
 0 1 0 0 0 0 0 0 0 75 0 0 0 26 0 0 0 0 0 0 41 0 0 1563 80 25 8 0 4 2 0 6 96 33 0 0 0 0 0 0 0 0 0 1 3 0 0 0 14 0 0 0 0 4 0 0 0 0 3 7 1 0 0 0 0 0 0 0 0 0 0 0 2 0 0
 0 0 0 0 0 0 0 0 0 0 0 0 0 0 0 0 0 0 0 0 0 0 0 0 0 0 0 0 0 0 0 0 0 0 0 0 0 0 0 0 0 0 0 0 0 0 0 0 0 0 0 0 0 0 0 0 0 0 0 0 0 0 0 0 0 0 0 0 0 0 0 0 0 0 207589
 207 497 355 0 19 9 146 4313 0 15 594 211 67 878 0 91 0 0 3 0 0 86 118 0 176 67 0 0 0 4 11 0 0 0 0 46 0 101 0 49 23 0 0 24 34 0 0 406 0 0 0 0 0 196 0 72 148 44 0 45 0 2510 4992 3 13958 16794 453 0 1212 344 1293 512 3399 12 0
 0 0 18 0 0 0 0 0 0 0 23 0 1538 0 0 0 0 0 0 0 0 0 0 0 0 0 0 0 0 0 0 0 26 0 0 0 4 0 0 0 0 0 0 0 5 0 0 0 0 0 0 0 0 0 0 0 0 19 0 0 0 0 0 0 0 0 0 0 0 0 0 0 0 19 9785
 0 0 0 32 0 0 0 0 0 0 10 0 1 53820 0 0 0 0 0 34 0 0 0 0 4 0 216 0 0 453 14 0 0 0 0 0 7 0 0 1 0 2 0 0 0 0 0 2 0 3 3 0 5 12 0 0 7 4 35 0 15 0 0 1 0 0 0 0 39746 0 3985 1133 0 0 119716
 0 0 52 32 0 1 0 0 0 4 1892 323 7 9 13918 11375 5427 60 0 1384 1034 0 70 0 0 0 0 0 939 0 394 0 189 0 6 0 9 3 12 3 2 1 0 0 0 110 0 11 4 10 44 17 11 0 5 344 119 253 620 14 438 0 0 0 0 0 156 0 0 0 36 0 0 0 0
 0 0 0 0 0 1 9 14 3 1 38 0 15 6 0 9259 0 14 0 54 0 0 0 0 0 0 0 0 0 0 13 3 0 8 2 1 6 1 0 4 1 1 0 0 0 1 0 4 2 5 0 0 36 41 0 7 15 17 29 0 0 0 0 0 0 0 324 0 0 0 534 0 0 0 22763
 0 28 13 57 0 0 0 0 0 0 87 43 2 64 0 666 443 0 0 53 0 0 0 0 0 0 0 0 0 0 0 0 0 0 0 0 3 49 0 5 2 3 1 0 0 1 0 0 3 3 3 1 1 0 8 3355 108 92 0 0 47 0 0 0 0 0 564 0 96 0 547 113 1 0 2603
 4 5 0 0 4 22 101 0 0 2 20859 2722 31 36 0 0 29 14617 174 2765 3477 0 0 0 0 14 0 0 0 0 33 74 0 28 89 16 0 0 0 3 24 11 0 0 0 4 0 23 36 8 74 12 50 21 0 164 41 1135 44 0 482 0 0 0 0 0 37 0 0 0 0 0 0 0 0
 4 173 0 15 0 0 0 0 0 0 0 0 20 56 0 0 0 0 3 12 2 0 0 0 0 0 0 0 4 0 1 56 0 4 14 0 28 19 0 0 1 2 4 5 1 6 0 0 21 10 16 0 21 1 0 6 7 0 0 0 5 0 0 0 0 0 0 0 0 0 0 0 0 1 0
 0 0 0 0 0 0 0 0 0 0 888 118 4 0 0 0 0 0 0 153 0 0 0 0 0 0 0 0 0 0 0 0 0 0 0 0 0 0 0 0 0 1 3 0 0 0 0 0 0 0 34 0 411 21 0 495 40 193 0 0 0 0 0 0 0 0 0 0 0 0 0 0 0 0 15221
 144 57 0 10 0 0 0 0 0 0 958 130 10 3325 0 193 56 0 0 71 12052 7228 10140 0 0 309 0 0 0 0 46 22 423 0 0 16 51 98 0 22 4 4 12 0 0 0 0 266 21 182 58 3 114 207 4 132 21 17 281 556 427 0 0 1 0 149 0 5412 268 0 1849 0 0 0 0
 0 118 1 101 0 0 0 0 3 0 9 0 39 7076 345 251 144 121 34 343 0 780 143 0 117 1051 42 190 979 10 80 508 161 0 20 38 189 185 344 36 35 7 7 3 0 85 64 252 145 129 246 225 200 211 101 139 18 17 227 147 403 0 0 0 0 699 50 0 904 0 152 2 0 0 0
 15 28 1 9 0 0 4 17 6 0 13 0 56 2035 0 77 35 9 2 56 0 0 6089 0 0 196 38 0 0 0 16 28 21 0 0 184 55 34 0 13 10 17 14 17 0 25 0 116 26 57 21 15 379 100 12 67 117 35 96 0 0 0 0 3 0 3945 14 3797 0 0 8077 0 14 0 0
 110 6647 270 1497 0 0 153 0 0 0 748 24 77 1849 1349 108 70 806 1 146 1388 67 1163 21439 11351 4247 2511 1397 2749 116 49 657 745 1286 0 0 76 131 619 0 9 7 6 102 0 0 0 72 16 120 75 115 164 1034 423 373 73 67 148 1505 421 0 0 1 0 0 0 0 0 0 5066 0 128 0 0
 0 0 0 0 0 0 0 0 0 0 0 0 42 0 7538 1714 357 27 4 119 1103 0 8 0 1563 17 557 0 12698 0 87 0 244 0 634 0 18 66 97 2 4 3 4 28 0 0 0 114 90 95 230 176 317 260 110 250 61 166 208 162 651 0 0 0 0 0 0 0 0 0 0 0 0 0 0
 90 0 0 0 0 0 0 0 0 0 94 0 2 531 72 173 2 0 0 0 0 0 0 0 0 3470 0 63 0 35 17 0 10 0 0 0 3 0 0 0 0 0 0 0 0 0 0 0 0 0 0 0 0 0 0 0 0 1 0 0 0 0 0 0 0 0 661 0 0 0 8352 0 0 0 16704
 0 0 0 0 0 0 0 0 0 0 2897 2262 7 0 5 0 0 293 0 296 2 0 0 0 0 37 137 0 7 0 0 15 0 0 0 0 157 98 263 9 28 22 9 30 0 7 0 82 58 69 140 41 52 9 25 636 80 179 31 2 132 0 35 0 0 0 0 0 0 609 6 0 0 0 0
 1000 6004 343 647 64 67 698 0 0 6 7670 3176 108 1483 360 280 49 614 7 170 1715 0 310 0 683 0 218 10211 669 17 8 156 529 695 493 0 221 87 0 73 21 37 59 114 73 0 33 406 114 175 29 46 185 299 70 197 349 135 160 149 188 9648 28 1 11591 6536 618 0 449 1498 3168 520 626 0 36640
 352 480 3 89 37 48 196 0 25 0 1332 824 187 4395 0 310 513 109 0 1627 980 0 433 0 0 1975 0 0 4529 0 454 0 0 0 227 20 348 68 889 57 299 293 116 0 33 229 0 2083 460 512 878 363 2918 2560 455 7550 367 396 1098 1294 902 0 0 0 0 0 503 0 1434 16 3423 0 3 0 0
 0 0 0 0 0 0 0 0 0 0 0 0 0 0 4 260 162 2 0 66 2 0 3 0 0 0 0 0 7 74 1188 0 0 0 0 0 0 0 2 0 0 0 0 0 0 0 0 0 0 0 0 0 0 0 0 0 0 0 1 0 60 0 0 0 0 0 0 0 0 0 0 0 0 0 0
 55 0 0 4 0 0 0 1 0 0 3 0 0 0 0 0 1 0 0 0 0 0 0 0 0 0 1 0 0 0 474 4 0 0 0 0 0 0 0 0 0 0 0 0 0 0 0 2 0 0 0 0 2 0 0 7 2 0 2 1 0 0 0 0 0 0 31 0 0 0 36 0 0 0 3192
 8 0 0 2 0 0 0 5 0 0 288 149 7 3939 158 0 5 0 0 113 0 0 0 0 22 564 0 0 489 0 0 1118 0 0 0 1 413 9 47 4 2 2 3 0 0 0 0 38 19 5 94 435 100 519 20 1605 14 184 115 217 22 0 0 0 0 0 163 0 156 315 306 0 0 0 0
 0 146 1 16 0 16 0 0 0 0 20842 5426 0 65 0 1 5 107 2 125 0 0 0 0 0 0 10 0 1 4 4 95 4489 233 0 3 80 22 0 87 19 0 18 191 56 54 121 142 107 160 99 7 102 433 29 414 115 331 81 65 77 0 0 0 0 0 141 0 17 591 30 0 24 0 0
 8 10 0 0 0 12 0 437 0 0 4855 532 552 10 4 0 7 0 0 1578 34 78 62 0 10 20 19 0 508 0 1 12 0 9272 0 2725 7090 6388 4071 1201 865 1970 765 1076 777 1398 569 461 1233 886 1146 678 432 438 321 9877 1318 1534 375 70 506 0 0 0 0 0 0 0 0 0 0 0 0 0 0
 0 0 0 0 0 0 33 0 0 0 3725 854 457 3 0 0 3 0 0 305 82 0 33 97 0 34 19 0 0 0 2 27 74 625 14133 1546 3684 977 1818 458 109 97 141 0 272 230 217 1113 1082 1255 582 704 1674 1838 1157 2546 2172 505 632 425 900 0 19 0 0 0 0 0 0 0 0 0 0 0 0
 0 0 7 0 0 0 0 0 0 0 0 0 0 8849 1 0 1 0 0 0 0 0 0 655 86 786 211 361 0 0 0 0 0 0 0 405 1 8 0 0 0 0 0 0 1 0 0 0 0 0 0 0 0 1 1 0 0 0 13 0 1 0 0 0 0 0 0 0 0 0 0 0 0 0 0
 7 13 0 0 0 0 0 45 13 4 22247 7219 0 0 0 0 0 6 0 1 0 0 0 0 0 0 0 0 0 0 0 0 0 0 0 0 713 0 0 129 2 243 97 0 124 0 0 33 42 0 3 0 482 51 15 0 66 1230 0 10 0 0 0 0 0 0 0 0 0 0 0 0 0 0 0
 29 0 0 1 4 16 244 0 14 7 144 0 120 628 0 0 0 335 0 290 0 0 0 0 0 163 0 0 0 0 17 0 0 0 0 0 1065 1037 40 272 194 104 84 0 84 232 0 1253 435 363 329 321 674 951 220 12035 579 222 498 208 117 0 0 0 0 0 0 0 301 2826 133 23 0 0 0
 139 238 24 40 0 27 104 493 55 3 6757 3179 210 1033 0 22 1 937 1 1341 434 0 52 0 0 357 0 71 0 0 55 0 231 0 0 125 1350 0 1717 112 113 189 138 0 225 175 0 942 454 107 391 271 988 1140 482 3586 525 393 446 214 316 0 0 0 0 0 30 0 0 1886 206 0 0 0 0
 0 0 18 50 28 28 220 216 57 20 0 0 54 0 0 0 0 0 0 3 0 0 0 8 0 0 0 0 0 0 0 0 0 0 0 0 0 0 0 1443 869 555 116 0 109 0 0 2 66 3 4 0 0 0 0 1461 0 971 2 0 4 101 178 0 1327 0 0 0 0 32 0 0 12 0 0
 385 882 19 75 0 0 0 0 0 0 0 0 0 29 0 0 0 0 0 0 0 0 0 0 0 0 0 0 0 0 0 0 0 0 0 0 0 0 0 0 356 9 0 0 0 0 0 0 0 0 0 0 0 0 0 0 0 2 0 0 0 0 0 0 0 0 0 106 0 0 0 0 37 0 3285
 0 0 0 0 47 61 799 112 140 22 432 1 0 0 0 0 0 0 0 0 0 0 0 0 0 0 0 0 0 0 0 0 50 0 0 0 0 0 0 0 0 566 9 0 0 0 0 0 0 0 0 0 0 0 0 0 0 44 0 0 0 0 0 0 0 0 0 0 0 0 0 0 0 0 5789
 0 0 0 0 17 13 117 0 45 4 1221 451 2 2 30 2 0 4 0 0 0 0 0 0 0 0 0 0 0 0 0 0 0 0 0 0 0 0 0 0 0 0 345 0 8 0 0 0 0 0 0 0 0 0 0 0 0 4 0 0 0 0 0 0 0 0 0 0 0 0 0 0 0 0 1515
 0 0 0 3 0 0 0 29 4 0 57 0 122 46 13 11 2 93 0 61 19 0 0 0 0 17 0 0 55 0 7 43 0 0 97 49 126 256 138 174 66 123 65 937 159 0 0 309 170 0 62 68 240 222 101 423 604 112 108 21 32 0 0 0 0 0 0 0 0 0 0 0 0 0 0
 0 0 0 0 0 0 0 0 0 0 0 0 0 151 279 83 15 11 0 11 281 83 296 401 35 9 0 0 0 0 3 48 0 0 0 0 0 0 0 0 0 0 0 0 380 0 0 0 0 0 0 0 0 0 0 0 0 5 0 0 15 0 0 0 0 0 0 0 18 0 0 0 0 0 3449
 21 28 9 11 37 27 436 333 70 11 1367 158 184 140 0 0 0 0 0 88 85 0 0 304 148 139 0 2 0 0 1 6 0 0 0 6 221 0 0 202 468 1075 552 75 562 2087 0 94 603 0 100 6 368 0 107 1133 449 635 4 69 60 176 0 0 0 0 0 0 0 0 0 0 0 0 0
 57 89 2 9 4 16 116 202 33 5 206 43 155 165 49 44 15 120 2 80 88 0 4 68 31 29 4 0 248 2 13 63 0 0 0 38 249 977 91 398 207 121 148 219 397 244 1382 261 310 102 58 52 371 221 0 1816 707 303 182 51 68 0 0 0 0 0 0 0 186 692 0 0 76 18 0
 0 0 0 0 0 0 0 0 0 0 0 0 10 0 0 0 1 0 0 6 0 0 0 0 0 4 0 0 0 0 0 0 0 0 0 0 0 0 0 0 1 3 4 0 0 0 0 9408 0 0 6 0 293 0 0 0 0 4 5 0 0 0 0 0 0 0 0 0 0 0 0 0 0 0 29061
 0 0 0 0 0 0 0 0 0 0 4047 1811 2 57 0 0 0 0 0 1 0 0 0 0 0 3 0 0 0 0 0 0 0 0 0 0 0 0 0 0 2 2 2 0 6 0 0 0 992 0 259 0 8 0 2 1874 0 117 0 0 0 0 0 0 0 0 0 0 232 710 1 1 0 0 493
 12 13 0 0 5 11 113 334 27 7 2365 773 136 0 0 0 0 0 0 45 0 0 0 0 0 10 0 0 0 0 0 0 0 0 0 2 239 0 0 0 80 184 243 168 479 641 0 2336 1262 2076 704 3 661 0 198 294 58 200 367 59 72 0 0 0 8 0 0 0 0 94 0 0 154 0 0
 0 0 0 0 0 0 0 1 0 0 1052 497 1 0 0 41 0 0 0 0 0 0 0 0 0 0 0 0 0 0 0 0 0 0 0 0 0 0 0 0 0 0 0 0 0 0 0 0 0 0 140 0 0 0 0 0 1 203 0 0 0 0 0 0 0 0 580 0 0 0 11 0 9 0 6528
 6 6 1 5 0 1 28 31 0 1 5440 1874 12 24 0 4 0 0 0 9 0 0 0 0 0 6 0 0 0 0 1 0 0 0 0 1 17 0 0 2 32 4 3 0 4 0 0 251 151 0 262 389 718 0 0 1124 0 262 86 28 48 0 0 0 16 0 0 0 44 278 315 4 23 0 0
 0 0 0 0 0 0 0 5 0 0 1446 325 1393 0 0 0 0 0 0 0 0 0 0 0 0 0 0 0 0 0 0 0 0 0 0 0 0 0 0 12 1 3 3 0 10 0 0 0 0 0 1 0 3314 0 0 699 2260 201 0 0 0 0 1628 2 0 0 0 0 0 0 0 0 0 0 35141
 0 0 0 0 0 0 0 0 0 0 0 0 526 0 0 0 2 0 0 0 0 0 0 0 0 17 0 0 0 0 0 0 0 0 0 0 0 0 0 17 1 8 7 0 66 39 0 6140 7 602 12 117 15314 9168 724 456 1517 22 982 1612 109 0 403 28 0 0 378 0 0 0 89 0 0 158 0
 94 448 7 49 0 0 6 10 5 0 308 62 12 9 0 3 0 10 0 0 0 0 0 0 0 4 0 0 0 0 0 0 0 0 0 0 0 0 0 202 87 7 10 0 1 0 15 30 0 0 4 175 39 0 680 3224 168 79 13 12 8 0 0 0 0 0 0 0 0 553 545 0 2 0 724
 59 71 4 71 29 0 0 8 41 1 315 0 42 14 0 0 0 0 0 0 0 0 0 0 0 0 0 0 0 0 0 0 0 0 0 1 38 0 0 0 188 226 3 0 18 0 0 25 0 0 33 0 0 0 0 48021 2 692 0 0 0 0 145 0 0 0 0 0 0 5416 0 0 0 0 65608
 0 0 0 7 0 0 0 0 0 0 0 0 2136 0 0 0 0 0 0 0 0 0 0 0 0 0 0 0 0 0 0 0 0 0 0 0 0 0 0 57 2 14 10 0 21 0 0 24 11 0 0 1 0 0 0 0 10609 110 0 0 0 753 0 0 0 0 0 0 0 0 0 0 0 0 19782
 0 0 562 13 1 3 0 0 0 0 4 0 0 0 0 0 0 0 0 0 0 0 0 0 0 0 0 0 0 0 0 0 0 0 0 0 0 0 0 0 0 0 0 0 0 0 0 0 0 0 0 0 0 0 0 0 0 952 0 0 0 1054 0 0 0 0 0 0 141 0 2 0 31 0 12080
 0 0 1 1 0 0 13 36 0 0 1158 446 16 0 0 0 0 0 0 6 0 0 0 0 0 46 0 0 0 0 0 0 0 0 0 0 27 0 0 0 3 2 3 0 4 0 0 0 251 0 386 0 111 0 0 326 425 65 447 6 0 0 0 0 0 0 0 0 0 0 3606 0 0 0 4441
 0 0 1 6 0 0 0 0 0 0 19 0 59 11 0 5 0 0 0 3 0 0 578 0 0 12 0 0 0 0 0 0 0 0 0 0 0 0 0 9 2 5 4 0 5 0 0 25 9 0 3 0 190 0 0 21 288 13 0 848 12 0 0 18 0 0 442 821 0 0 1080 0 0 0 5415
 4 0 0 6 3 0 1 3 0 0 590 125 8 0 0 838 0 0 0 24 0 0 33 0 0 21 0 0 0 0 24 0 0 0 0 0 19 0 0 0 1 8 5 0 0 0 0 46 14 0 83 0 14 0 0 33 1 24 19 0 1011 0 0 0 0 0 814 0 134 0 601 1 7 0 7040
 1313 968 105 472 58 58 127 149 107 24 6625 0 386 6691 551 375 21 1034 13 587 2134 706 982 3913 1025 1118 362 0 485 30 87 430 2690 1696 1503 293 751 448 133 0 126 204 79 169 191 0 4 1267 318 220 198 180 888 1144 323 1212 0 0 324 487 522 31372 0 16 636 5202 0 0 982 0 4550 3559 4 0 0
 207 312 11 13 2 4 26 94 13 2 1401 0 118 671 190 442 54 84 2 151 97 31 360 219 68 107 0 0 55 2 32 39 98 70 0 12 173 49 143 0 21 83 30 63 80 63 52 427 77 132 40 20 0 0 28 0 334 75 166 134 134 1359 1999 10 0 12654 913 2406 876 651 3949 0 0 0 0
 0 0 0 0 0 0 0 0 0 0 0 0 0 0 0 0 0 0 0 0 0 0 0 0 0 0 0 0 0 0 0 0 0 0 0 0 8 0 0 0 0 0 0 0 0 0 0 0 0 0 0 0 0 0 0 0 0 0 0 0 0 0 0 12 0 0 0 451 0 0 0 0 0 0 135
 796 2382 75 336 405 296 0 0 560 352 1609 0 446 5622 1617 694 187 1146 13 513 4069 356 479 6696 1849 809 143 0 2265 34 60 1274 2503 4182 2793 232 647 557 954 0 59 228 91 328 207 227 98 922 284 0 281 0 949 1343 299 1644 955 226 268 265 305 0 604 17 51703 25529 4169 459 5850 1043 8665 0 3385 0 0
 5667 16280 602 0 170 245 1998 10598 557 188 29600 0 769 20416 2418 3249 875 2181 32 2425 0 0 0 5266 1996 3617 660 0 1255 97 241 806 1813 3274 3587 462 2432 1725 2053 717 702 1198 423 887 920 1446 444 4693 1070 2255 927 921 7454 4439 956 7561 2900 1960 1659 859 1182 0 0 107 0 198643 2487 0 5753 189 45183 0 0 0 0
 129 115 16 0 3 7 34 70 49 8 475 0 61 679 0 0 0 0 3 105 9 0 0 21 92 0 43 0 0 15 0 0 0 112 97 33 245 46 0 26 12 25 17 45 36 66 19 411 25 124 0 50 524 0 94 117 872 43 50 0 0 139 0 12 0 0 1279 0 856 0 1902 0 0 0 8593
 355 1998 154 614 87 107 1082 1449 327 92 46412 2664 947 13250 1785 1732 438 1006 26 1767 0 164 0 2594 1500 9400 384 524 1188 22 321 394 1250 1155 1063 154 1297 954 1120 185 0 185 11 390 76 65 1042 3039 599 669 800 298 4170 840 402 3920 3288 283 1258 0 850 4004 0 0 0 102248 2149 39370 3492 0 23456 0 179 0 0
 0 0 0 300 4 10 0 433 29 14 192 0 191 0 76 124 0 22 5 185 0 0 931 377 180 477 82 0 0 3 16 0 0 123 132 57 229 0 93 46 24 62 41 114 0 212 0 763 0 183 70 0 655 712 111 174 1199 0 282 131 0 0 0 363 0 0 0 0 9338 0 3690 0 0 0 55331
 249 297 46 276 37 64 196 239 50 22 950 0 32 731 76 75 36 245 3 195 170 74 255 126 132 110 0 0 0 2 18 0 0 60 120 24 125 0 0 0 8 20 33 59 26 30 0 146 0 0 25 0 31 256 0 0 146 41 244 93 61 2328 0 1 0 0 467 397 802 429 2538 333 0 0 4804
 476 0 0 0 5 9 15 58 8 3 10 0 11 0 0 0 0 4 3 68 0 0 0 0 52 0 0 0 0 1 0 0 0 1 37 12 35 0 0 7 4 4 4 25 8 32 14 25 0 17 0 0 34 0 0 108 124 0 0 0 0 0 0 5 0 0 0 0 0 0 6960 0 0 0 139196
 5 0 0 79 3 8 0 23 8 7 236 0 23 0 76 289 0 50 2 95 5 0 739 102 30 91 31 0 52 2 28 27 59 70 44 5 69 0 60 5 18 19 15 17 36 40 4 108 0 57 49 0 358 129 2 152 239 11 75 31 0 0 176 2 70 10496 156 2242 197 0 2351 618 8 0 0
 0 0 4 25 1 3 0 0 11 0 136 0 9 312 33 9 0 11 0 8 67 8 0 0 13 21 0 0 0 6 0 5 0 19 17 5 11 7 20 0 0 4 2 1 3 4 0 29 2 0 0 0 18 22 0 11 16 0 9 2 0 0 63 2 0 267 84 0 66 51 261 0 3 0 6752
 1 7 4 5 13 74 38 510 14 12 1 0 0 4357 345 67 97 14 0 27 1052 11 31 869 123 560 67 800 864 1 1 177 105 1079 2722 10 96 6 114 42 72 109 20 117 60 19 0 198 11 110 55 40 389 0 80 1350 3 13 126 81 902 7008 2577 1 287 3967 72 966 222 130 60 845 0 21 0
 19837 3383 3469 8076 1431 968 8781 121691 4345 1072 0 14569 0 0 7227 0 0 18466 179 0 14351 8247 2699 18781 7053 0 2764 0 18407 898 0 5295 17426 37304 17096 4814 10116 12202 17465 1873 0 0 0 30 0 4885 7829 0 0 3728 0 5757 0 9657 0 0 0 0 0 0 0 32175 19281 0 35624 36123 0 240617 0 0 0 9386 0 33998 0
