100
 0 0 0 0 0 0 8 2 0 0 0 0 0 2 2 2 0 0 2 0 0 0 0 6 2 2 0 2 0 0 4 6 0 0 0 10 0 0 0 0 0 0 0 4 8 0 0 0 4 2 0 0 0 0 0 0 0 0 0 0 0 0 0 0 0 0 0 0 0 0 0 2 2 4 0 0 0 0 2 0 0 4 0 0 0 0 0 0 4 2 0 0 6 4 0 0 0 6 0 0
 4 0 0 6 0 0 0 2 0 0 0 0 0 0 0 0 0 0 4 0 0 0 0 4 0 0 2 0 0 0 6 2 0 0 0 4 0 2 0 0 0 0 0 0 0 0 0 0 0 0 0 0 0 0 0 0 0 0 0 0 4 0 0 0 0 0 0 0 0 0 2 0 0 0 0 0 0 0 0 0 0 0 0 4 0 0 0 2 0 0 2 0 6 0 0 0 0 0 0 4
 0 4 0 6 6 2 4 4 10 4 4 4 0 0 8 6 0 0 8 0 8 10 4 8 10 4 6 0 2 8 8 8 2 4 2 6 6 0 0 0 4 0 0 6 14 0 0 2 4 0 8 0 8 0 8 2 4 6 2 0 10 2 4 4 6 2 0 2 0 0 10 10 12 4 12 0 8 6 2 0 10 4 0 2 4 10 8 6 0 0 10 0 4 0 0 4 4 2 0 8
 0 0 0 0 0 0 0 0 2 0 0 0 0 0 0 0 0 0 0 0 4 4 0 0 8 0 0 0 0 0 6 0 0 0 0 0 2 0 0 4 0 0 0 2 6 0 0 0 4 0 0 0 4 0 0 0 0 10 0 0 4 2 0 0 0 0 0 0 0 0 12 4 0 0 2 4 0 4 12 0 2 0 2 4 0 0 4 0 0 0 8 0 4 6 0 0 0 0 0 6
 4 4 0 2 0 0 2 0 0 0 0 0 0 0 0 0 0 0 0 0 0 0 0 0 6 2 4 0 0 0 0 4 0 0 0 2 0 4 0 0 0 4 0 4 4 0 0 0 0 0 0 0 0 0 0 2 2 2 0 0 6 0 0 0 0 0 0 0 0 0 4 2 0 4 2 0 4 0 6 0 0 0 0 0 8 0 2 0 4 0 0 0 2 0 0 0 0 0 0 0
 8 0 0 2 8 0 4 10 0 2 0 6 0 2 0 0 0 0 0 0 0 2 0 6 4 0 0 0 4 0 6 2 6 0 0 4 0 6 0 0 0 6 0 4 12 2 0 4 8 8 0 2 6 0 2 0 2 8 0 0 10 0 2 0 0 8 0 2 0 6 4 6 6 4 0 4 8 4 6 2 0 0 4 6 0 6 6 0 2 0 6 0 8 0 0 0 0 0 0 0
 0 6 0 2 0 0 0 4 0 0 0 0 0 0 0 0 0 4 4 0 0 4 0 0 0 0 2 0 0 0 2 4 0 0 0 2 0 0 0 0 0 0 0 2 8 0 0 0 8 0 0 0 0 0 0 0 0 2 0 0 2 0 0 0 4 0 0 0 0 0 0 8 4 0 2 0 2 0 0 0 4 0 0 0 0 2 6 0 0 0 0 0 8 0 0 0 0 0 0 6
 0 0 0 0 2 0 0 0 0 0 0 0 0 0 0 0 0 0 0 0 0 0 0 6 2 0 2 4 0 0 6 0 0 0 0 0 0 0 0 0 0 0 0 0 6 0 0 0 4 6 2 0 0 0 0 0 4 0 0 0 4 0 0 0 0 0 0 0 0 0 6 0 0 0 0 0 0 0 6 0 0 0 0 0 0 0 0 2 0 0 0 0 8 2 0 0 0 0 0 0
 4 6 0 0 4 0 4 12 0 0 0 0 0 8 0 2 0 0 0 0 2 8 2 4 0 0 2 0 0 0 12 0 2 4 0 4 4 0 0 0 0 2 0 0 4 0 0 0 4 0 4 0 0 0 0 4 0 0 0 0 4 0 0 0 0 0 0 0 0 0 4 12 0 2 8 2 0 0 4 0 8 6 0 4 0 0 6 2 0 0 10 0 2 0 0 2 0 2 4 6
 6 6 0 4 8 0 12 4 8 0 2 2 0 8 8 8 0 2 6 6 8 0 0 4 2 4 0 4 8 0 12 6 6 0 0 10 0 0 0 6 0 0 0 2 12 2 0 0 6 2 8 0 6 0 0 4 0 6 0 2 10 2 6 0 4 0 4 0 0 6 8 6 4 8 10 2 8 0 10 0 6 0 0 2 8 4 10 10 2 0 6 0 8 6 0 2 2 2 0 4
 4 10 0 10 2 12 10 16 0 0 0 14 10 14 6 2 0 4 8 0 4 6 2 16 8 0 10 0 8 0 16 0 10 0 2 14 4 4 0 6 2 6 2 4 12 4 0 2 8 8 2 0 4 6 2 8 2 16 0 0 4 14 0 0 8 0 8 4 0 8 14 10 12 14 16 8 10 8 10 12 4 10 4 12 10 2 12 10 6 0 10 8 10 8 8 0 8 8 10 4
 8 8 0 6 10 0 8 14 6 0 0 0 0 8 6 2 0 0 0 0 2 2 2 14 8 4 2 2 2 0 14 4 10 2 0 8 0 8 0 4 0 0 0 10 12 4 0 0 4 6 2 8 4 4 0 0 4 6 0 0 10 2 0 0 0 0 0 4 2 0 10 8 6 8 4 8 0 0 6 0 2 8 4 4 2 0 0 4 0 4 12 0 8 2 4 0 0 4 0 0
 4 12 4 2 2 4 6 4 2 2 0 2 0 4 0 0 0 2 4 0 8 0 0 10 6 8 2 6 0 8 6 6 8 6 0 14 8 0 0 0 2 8 0 10 14 8 0 2 4 0 8 0 8 6 0 4 0 6 0 0 8 8 0 2 0 4 6 0 2 0 6 6 4 0 0 6 6 2 10 6 18 2 2 0 2 8 10 4 4 2 2 0 10 10 4 2 2 6 6 8
 0 0 2 0 2 0 2 8 0 0 0 0 0 0 0 0 0 0 0 0 0 0 0 10 0 4 0 0 0 0 6 0 0 0 0 0 0 0 0 0 0 0 0 0 12 0 0 0 0 0 0 0 10 0 0 0 0 2 0 0 6 4 0 0 0 4 2 0 0 0 0 0 0 0 0 0 2 0 4 0 0 2 2 0 0 0 2 0 0 0 6 0 6 0 0 0 0 2 0 0
 0 0 0 6 0 2 2 0 0 0 0 0 2 8 0 0 0 8 0 0 0 2 4 16 2 0 6 4 6 0 8 4 6 0 0 8 6 0 0 0 2 2 0 4 2 0 0 0 2 0 0 0 2 0 0 0 0 0 0 0 6 6 0 0 2 0 2 0 0 0 8 8 4 0 4 0 6 10 8 0 2 0 2 0 0 0 6 2 0 0 6 0 4 8 0 0 0 2 8 2
 0 14 0 8 0 0 4 8 0 0 0 0 0 0 6 0 0 0 2 0 6 12 4 2 2 0 8 2 4 0 8 4 4 0 0 6 14 6 0 2 0 6 0 4 14 0 0 0 4 0 0 0 4 0 8 0 2 8 0 0 4 8 6 2 8 6 2 0 0 0 0 14 6 0 10 0 6 8 6 6 0 2 4 6 0 0 10 8 0 0 0 0 14 8 2 0 0 2 0 6
 10 20 8 12 22 6 14 16 8 12 10 4 8 8 14 10 0 10 10 4 12 6 14 18 12 6 14 6 8 16 22 10 12 10 0 10 6 16 2 4 6 14 12 10 26 6 10 0 14 4 6 18 12 4 16 10 14 20 8 0 20 10 6 6 12 12 16 12 12 8 16 14 8 12 16 16 14 8 16 2 18 16 12 10 12 14 14 22 10 8 20 2 18 12 8 12 10 12 8 16
 0 8 0 6 6 6 0 4 0 0 0 4 0 6 0 0 0 0 0 2 2 2 0 10 0 6 8 4 6 0 8 0 4 0 0 4 8 0 0 0 0 6 0 4 14 2 0 6 2 4 10 0 8 0 2 6 2 8 0 0 0 4 0 2 4 0 2 0 0 0 10 2 4 0 4 2 8 2 14 0 2 10 0 0 6 6 10 6 2 0 2 0 6 4 2 0 0 0 0 2
 0 0 0 2 8 0 0 0 2 0 0 0 0 2 2 0 0 2 0 0 6 4 0 0 0 0 4 0 2 0 4 0 2 6 0 6 2 0 0 0 0 0 0 2 6 0 0 0 0 0 0 0 2 0 0 2 0 6 8 0 12 0 0 0 6 0 0 0 0 10 2 10 6 0 0 0 0 2 12 0 0 0 6 4 8 0 8 4 0 0 0 0 4 2 0 0 0 4 0 0
 10 18 10 10 12 6 14 6 8 0 2 2 0 4 12 10 0 0 8 0 6 8 2 8 10 6 4 14 12 4 16 4 2 0 0 12 10 12 0 10 0 6 2 14 16 2 4 6 2 10 6 6 10 0 8 8 4 8 0 0 12 6 4 8 8 6 10 4 6 8 18 10 8 8 12 2 6 8 12 0 10 4 2 14 0 6 10 8 4 0 12 6 20 4 4 0 8 10 0 8
 0 6 0 0 8 0 0 2 0 0 0 0 0 12 4 0 0 0 0 0 0 6 0 4 4 0 0 0 2 0 6 6 0 0 0 4 0 8 0 0 0 2 0 6 16 2 0 0 6 0 0 0 0 0 0 2 0 6 0 0 6 4 2 2 0 2 0 0 0 0 0 12 0 4 10 4 0 6 2 0 0 4 2 0 0 0 0 0 0 0 10 0 10 6 4 0 0 4 0 2
 8 6 0 0 6 0 0 8 0 2 0 0 2 2 0 0 0 0 0 0 0 0 4 6 0 8 12 2 0 0 6 0 4 0 0 8 4 8 0 0 0 0 2 0 0 0 0 0 0 0 0 0 12 0 0 0 6 0 0 0 6 0 0 0 0 0 0 0 0 0 2 6 0 0 2 4 4 0 10 0 10 2 0 2 0 6 4 2 0 0 10 0 2 0 0 0 0 0 0 6
 0 4 0 6 6 2 6 4 0 4 0 0 0 10 0 0 0 6 4 0 0 0 0 8 12 0 4 0 8 0 14 6 0 0 0 10 0 4 0 2 0 8 2 2 2 6 0 2 8 2 0 0 6 0 6 0 2 4 0 0 12 0 2 4 0 6 2 2 2 0 6 10 0 2 4 0 0 0 8 0 8 4 6 2 0 6 4 2 0 0 2 0 6 4 2 0 0 2 0 6
 0 0 0 2 2 0 0 0 0 0 0 0 0 0 0 0 0 0 0 0 0 0 0 0 4 0 0 0 0 0 4 0 0 0 0 0 0 2 0 0 0 0 0 0 0 0 0 0 0 0 0 0 0 0 0 0 0 0 0 0 0 0 0 0 0 0 0 0 0 0 0 0 4 0 2 0 0 0 0 0 0 0 0 0 0 0 0 0 0 0 0 0 4 0 0 0 0 0 0 0
 0 4 0 0 0 0 4 0 0 0 0 0 0 4 0 0 0 0 2 0 0 0 0 0 0 0 6 2 0 0 2 0 0 2 0 2 2 0 0 2 0 0 0 0 2 0 0 0 10 0 0 0 0 0 0 0 0 0 0 0 6 2 0 0 0 4 0 0 0 0 6 2 0 0 6 0 6 2 10 0 0 0 0 0 0 0 2 6 0 0 6 0 6 0 2 0 0 0 0 0
 0 12 0 6 0 2 6 2 2 0 2 0 0 0 0 4 0 0 2 0 8 0 0 4 0 0 0 6 4 0 8 8 4 0 0 12 0 6 0 0 0 0 0 10 10 0 0 0 2 0 0 0 2 0 0 2 0 14 0 0 12 0 2 0 0 2 0 0 0 0 0 0 10 0 4 0 2 0 2 0 4 0 0 0 4 2 2 6 0 0 6 0 10 6 0 0 0 2 0 2
 6 0 0 4 0 0 0 0 0 6 0 0 0 4 0 0 0 0 0 0 2 0 0 2 0 4 0 2 2 0 0 0 6 0 0 6 0 0 0 0 0 0 0 0 2 0 0 0 0 0 2 0 12 0 0 0 0 0 0 0 6 2 0 0 0 2 2 0 0 0 0 2 0 0 2 0 0 0 4 0 4 0 0 4 2 0 8 0 0 0 10 0 2 0 0 0 0 0 0 2
 0 8 4 4 6 0 2 0 0 0 0 0 0 8 0 0 0 0 6 0 0 0 4 6 0 0 0 0 2 0 10 2 0 0 0 10 0 2 0 0 0 0 0 2 2 2 0 0 0 2 0 0 8 0 4 10 2 0 0 0 4 0 0 2 2 2 0 0 2 0 0 4 0 6 0 2 2 0 0 0 6 0 2 0 0 4 2 6 0 0 6 0 4 8 0 0 0 8 0 6
 4 4 0 0 2 0 2 8 6 0 0 0 2 0 0 0 0 0 0 0 0 6 0 2 2 0 0 0 0 0 6 0 0 0 4 0 4 2 0 0 0 0 0 0 4 0 0 0 0 0 0 0 0 0 0 0 0 0 0 0 8 0 0 0 0 0 0 0 0 0 2 0 8 4 12 0 2 8 6 0 0 0 0 0 0 6 0 2 0 0 0 0 0 0 0 0 0 0 0 0
 8 6 0 8 0 0 2 6 2 0 2 6 0 4 2 4 0 2 0 0 6 8 2 16 6 2 14 2 2 0 8 2 0 6 0 6 4 12 0 0 0 4 4 6 6 0 2 2 2 0 0 0 4 0 4 12 2 6 0 0 10 2 2 0 0 0 0 2 0 8 8 12 8 0 10 4 4 10 0 0 6 8 10 8 6 4 10 2 0 0 6 4 6 10 2 0 6 2 0 10
 0 0 0 0 0 0 0 0 0 0 0 0 0 0 0 0 0 0 0 0 0 0 0 0 0 0 0 0 0 0 0 0 0 0 0 0 0 0 0 0 0 0 0 0 0 0 0 0 0 0 0 0 0 0 0 0 0 0 0 0 0 0 0 0 0 0 0 0 0 0 0 0 0 0 0 0 0 0 0 0 0 0 0 0 0 0 0 0 0 0 0 0 0 0 0 0 0 0 0 0
 0 0 0 6 0 0 0 2 0 0 0 0 0 6 0 0 0 0 10 0 0 0 0 2 2 0 2 0 0 0 10 0 0 0 0 6 0 0 0 0 0 0 0 0 2 0 0 0 2 2 0 0 2 0 0 0 0 2 0 0 0 0 0 0 0 2 0 2 0 4 2 6 0 4 2 0 0 4 0 0 0 4 0 0 0 0 0 0 0 0 6 0 6 0 0 0 0 0 0 0
 2 0 0 0 2 0 2 0 0 0 0 0 0 0 0 0 0 0 0 0 0 0 0 4 8 0 0 2 2 0 8 6 0 0 0 4 0 0 0 0 0 0 0 4 2 6 0 0 2 0 2 0 0 0 0 0 0 0 0 0 4 0 0 0 0 0 0 0 0 0 0 2 0 0 0 0 0 0 4 0 4 0 0 0 0 0 2 0 2 0 4 0 6 0 0 0 0 2 0 10
 8 6 0 0 0 10 8 4 0 6 6 0 0 8 4 12 0 6 0 0 4 6 6 10 0 4 12 4 10 0 12 6 4 0 0 8 2 10 4 0 0 2 0 2 8 4 0 4 8 6 6 4 0 0 0 2 2 2 4 0 12 6 0 0 0 0 0 2 0 6 4 14 8 0 0 0 8 2 8 0 10 6 0 12 0 4 8 6 0 6 8 0 6 8 0 0 0 0 0 4
 12 10 0 2 8 8 0 10 4 6 0 0 4 12 4 0 2 0 2 2 4 12 6 8 2 8 12 6 0 0 16 2 8 6 0 10 10 12 0 4 0 4 0 0 12 6 0 8 6 4 10 0 6 0 0 0 0 8 2 0 10 10 0 2 0 6 0 6 0 4 14 6 4 0 6 0 4 0 8 0 12 12 6 14 10 10 8 6 0 0 10 0 4 2 4 2 0 8 10 0
 0 0 0 4 0 0 0 0 0 0 0 0 0 0 0 0 0 0 0 0 0 0 0 8 0 0 0 0 10 0 10 0 0 0 0 0 0 0 0 0 0 0 0 0 6 0 0 0 0 0 0 0 0 0 0 0 0 0 0 0 0 0 0 0 0 0 0 0 0 0 0 0 2 0 0 0 0 0 0 0 0 0 0 0 0 0 2 0 0 0 0 0 4 6 0 0 0 0 0 0
 4 8 0 0 4 2 2 2 0 2 0 2 0 0 0 0 0 0 0 0 4 0 6 6 0 0 0 6 0 0 2 0 4 0 0 8 0 0 0 0 0 0 0 2 10 6 0 0 6 0 2 0 0 0 0 4 0 4 0 0 2 0 0 0 0 4 0 0 0 8 6 0 0 2 0 0 4 4 2 0 4 8 0 0 0 0 2 0 4 0 6 2 10 0 0 0 0 6 0 0
 0 0 4 8 0 0 4 0 2 2 0 0 2 2 0 0 0 4 0 0 0 0 0 0 2 0 12 0 0 0 8 12 0 0 0 10 6 0 0 0 0 0 0 0 8 0 0 0 4 6 0 2 8 0 0 0 0 6 0 0 4 6 0 0 0 0 0 0 0 0 2 10 2 0 4 0 0 0 2 0 4 4 0 0 2 0 4 2 0 0 10 0 4 4 0 0 0 0 0 4
 0 10 12 8 12 6 14 8 4 2 2 0 0 10 6 6 0 4 2 0 10 6 2 12 14 0 0 14 4 4 14 8 12 0 6 6 10 8 0 4 0 4 0 12 12 12 0 6 8 16 0 2 14 2 4 0 0 8 2 2 6 6 6 0 6 2 4 6 8 0 10 6 10 0 14 8 8 4 10 4 8 0 8 6 2 6 8 10 0 0 4 2 8 6 8 4 6 8 0 4
 10 8 0 0 6 2 2 6 4 0 0 0 4 4 2 0 0 0 2 0 0 6 0 4 0 6 6 2 4 0 10 8 0 0 0 0 2 4 0 0 0 2 0 6 6 0 0 0 0 0 2 0 4 0 0 2 0 0 0 0 10 4 0 0 4 0 0 0 0 0 2 12 4 0 0 4 8 0 18 2 0 4 0 6 0 0 0 0 0 0 4 0 8 4 0 0 0 6 2 2
 10 10 0 0 0 4 6 0 10 4 0 8 0 0 0 0 0 8 10 0 4 4 0 12 8 16 12 2 12 0 16 10 4 6 0 6 2 12 0 0 0 4 0 8 14 2 0 0 2 0 0 4 4 0 0 0 2 6 4 0 16 4 0 6 4 0 6 0 2 0 0 8 6 2 10 10 12 8 8 0 12 12 0 2 6 0 6 4 8 0 12 0 12 18 8 0 2 6 8 10
 0 8 0 4 0 0 8 0 0 0 0 0 0 4 0 0 0 0 2 0 0 0 0 6 4 0 8 2 2 0 8 2 2 0 0 6 0 2 0 0 0 0 0 6 4 0 0 0 0 0 0 0 0 0 4 4 0 2 0 0 6 2 0 0 2 2 2 0 0 0 6 10 4 0 0 0 0 6 8 0 0 4 6 0 0 0 8 4 0 0 8 0 0 6 0 0 0 0 0 8
 6 14 8 8 0 4 2 8 8 4 0 6 2 4 2 2 0 0 4 0 4 0 0 14 4 8 8 2 6 0 14 0 4 4 2 10 4 8 6 8 6 2 0 6 10 4 0 2 4 6 0 4 0 6 2 10 6 8 2 0 10 2 0 0 2 0 0 2 6 2 12 10 8 8 12 0 10 0 10 0 10 14 2 2 16 10 6 8 6 0 4 0 4 4 2 0 0 0 0 10
 0 0 0 0 0 0 0 2 6 0 0 0 0 6 0 0 0 0 0 0 0 2 0 2 0 0 6 0 2 0 2 8 0 0 2 4 0 0 0 0 0 0 0 0 6 0 0 0 0 0 0 0 0 0 0 4 4 4 0 0 10 10 0 0 2 2 0 0 0 0 2 0 0 0 4 0 4 2 2 0 6 0 0 0 0 4 8 0 0 0 6 0 0 12 0 0 0 0 0 6
 0 0 0 0 0 0 0 0 0 0 0 0 0 0 0 0 0 0 0 0 0 0 0 6 0 0 0 0 0 0 6 0 0 0 0 0 0 0 0 0 0 0 0 0 0 0 0 0 0 0 0 0 0 0 0 0 0 0 0 0 4 0 0 0 0 0 0 0 0 0 0 6 0 0 0 0 4 0 4 0 0 0 0 0 0 0 0 0 0 0 0 0 4 0 0 0 0 0 0 2
 0 6 0 0 8 0 2 6 0 0 0 0 0 0 4 2 0 0 0 0 0 2 0 12 2 0 6 0 6 2 8 2 0 0 0 0 0 8 0 2 0 4 0 0 4 0 0 2 10 0 2 0 0 0 0 12 2 2 0 0 6 0 10 0 8 0 0 4 0 0 4 12 2 0 0 2 4 0 8 0 0 6 0 0 0 2 6 2 0 2 8 0 10 8 2 0 6 0 0 8
 10 10 2 4 6 10 14 18 0 4 0 2 6 10 8 4 0 8 10 0 8 14 10 16 8 4 4 10 6 0 14 10 12 4 6 16 12 4 4 6 0 2 0 14 22 0 0 0 4 10 4 0 4 0 4 12 0 6 4 2 6 10 6 0 10 10 8 2 6 6 12 10 14 2 8 12 16 12 12 4 18 6 4 12 6 6 12 10 4 0 2 0 12 4 0 4 0 8 4 10
 6 6 0 12 12 0 4 14 6 2 0 2 0 10 6 2 2 0 2 0 0 6 0 14 12 8 0 6 8 0 16 4 4 0 0 12 0 2 0 2 2 6 0 2 8 0 0 0 8 10 12 0 10 0 2 4 0 4 0 0 8 2 0 0 0 10 0 0 4 0 12 10 4 2 2 0 4 0 4 0 10 12 0 0 4 14 6 10 0 0 14 6 6 2 0 2 4 6 0 0
 0 2 0 0 2 0 0 0 0 0 0 0 0 0 0 0 0 0 4 0 0 0 0 2 0 0 4 0 4 0 4 0 0 0 0 0 0 0 0 4 0 2 0 2 0 0 0 0 0 10 0 0 0 0 0 2 0 0 0 0 2 2 0 0 2 2 0 0 0 0 8 6 0 0 4 0 2 0 8 0 0 6 0 0 0 0 2 0 0 0 4 0 0 0 0 0 0 0 0 0
 0 2 4 8 0 0 2 0 0 0 0 0 6 2 0 4 0 0 2 0 0 8 0 12 2 4 6 0 2 4 8 0 2 0 0 4 4 0 0 0 8 8 0 0 10 0 0 0 0 0 0 0 0 0 0 6 6 4 2 0 0 4 0 0 8 0 0 0 0 0 8 6 6 2 6 4 6 6 6 0 4 0 4 0 0 4 2 2 0 0 2 0 10 6 0 0 6 2 4 0
 14 6 0 8 6 2 0 0 0 0 0 0 0 4 4 4 0 0 2 0 8 4 0 2 6 4 0 2 6 0 4 6 0 0 0 4 0 10 0 0 0 4 0 6 6 0 0 0 2 0 0 0 8 0 0 4 4 0 0 0 4 4 0 0 0 0 0 4 0 0 10 6 0 0 0 4 2 4 4 0 0 6 0 2 4 6 0 10 0 0 8 0 10 2 0 0 2 6 0 2
 2 10 2 12 2 0 10 4 2 2 2 0 2 12 2 4 0 2 6 0 6 6 2 12 4 6 6 8 12 4 10 4 8 0 0 10 6 0 0 4 0 2 0 8 8 0 2 2 4 2 0 0 8 4 2 6 8 8 0 0 14 0 0 0 4 6 6 0 4 2 16 10 8 10 6 6 8 6 4 0 8 10 0 10 8 4 18 2 6 0 14 0 10 2 4 2 0 4 0 10
 6 0 0 0 2 0 4 2 4 0 0 0 0 0 0 0 0 0 0 0 0 0 0 4 0 0 0 0 0 0 8 0 4 4 0 2 4 0 0 0 0 0 2 0 0 0 0 0 0 0 0 0 0 0 0 0 0 10 0 0 0 0 0 0 0 4 0 0 0 0 0 6 0 0 10 0 8 0 0 0 6 6 2 2 0 4 4 2 0 0 10 0 2 2 0 0 0 4 0 0
 6 10 10 4 8 4 6 8 12 2 0 0 0 8 2 6 0 6 8 4 12 12 8 16 10 10 8 10 14 4 10 12 14 6 6 14 8 6 0 6 4 4 0 18 18 8 2 8 12 8 6 0 8 0 2 10 6 8 4 0 18 14 0 6 4 8 4 4 2 0 8 8 10 2 10 4 20 4 12 2 18 8 4 2 10 16 14 8 4 8 10 0 12 10 6 2 2 2 2 12
 2 4 0 14 4 0 2 0 6 6 0 0 6 4 6 0 0 0 2 0 0 2 0 4 0 0 8 0 6 0 8 0 6 4 2 0 6 0 0 6 0 0 0 4 8 6 0 0 6 0 0 0 12 0 0 0 0 0 0 0 8 2 0 0 4 2 2 0 0 0 10 10 6 2 10 0 10 8 14 0 8 0 0 0 0 4 10 10 0 2 14 0 14 6 0 0 0 0 0 6
 0 6 0 8 0 4 0 4 0 0 0 2 0 10 6 0 0 0 0 0 0 4 4 6 0 0 12 0 6 0 12 4 4 0 0 8 0 0 0 0 2 0 0 0 10 0 0 0 0 0 0 0 2 0 2 0 2 2 0 0 0 2 0 0 6 0 0 0 0 0 2 6 10 0 2 0 2 4 6 0 8 0 0 2 0 0 0 0 0 0 6 4 6 2 0 0 0 0 0 4
 6 2 0 2 0 0 2 0 2 0 0 0 2 4 2 0 0 0 8 0 10 0 0 2 2 6 4 0 2 0 12 0 2 0 0 4 10 0 0 6 0 2 0 0 12 0 0 0 6 0 0 0 4 0 2 0 0 4 0 0 8 0 0 0 0 0 6 0 0 0 2 10 0 6 8 0 2 8 4 4 4 6 2 2 2 2 4 2 0 0 10 0 8 4 0 0 0 2 0 4
 2 2 0 0 0 0 0 0 4 0 0 0 0 0 4 0 0 0 0 0 0 2 0 6 0 0 0 6 4 0 10 0 4 0 0 4 0 0 0 2 0 0 0 0 10 0 0 0 0 0 0 0 0 0 2 0 0 0 0 0 4 2 2 0 0 8 0 0 0 2 6 12 0 2 8 0 6 0 6 0 0 0 2 0 0 2 4 0 0 0 0 0 4 0 0 0 0 2 0 0
 10 8 0 4 8 2 2 16 14 2 0 4 2 8 2 2 0 0 0 0 14 14 4 12 12 2 8 2 8 0 14 10 4 0 0 8 8 8 0 6 0 2 0 2 14 6 0 6 8 0 8 2 4 0 4 14 10 10 0 0 2 0 8 10 8 4 0 6 0 6 14 10 2 0 0 4 0 8 6 4 8 6 0 4 2 6 10 12 4 2 12 0 14 10 0 2 4 8 0 4
 8 14 4 4 10 6 20 14 8 0 4 4 4 14 10 16 2 6 12 2 8 4 6 12 16 6 0 6 10 2 16 10 10 8 4 10 10 12 0 6 0 6 4 12 18 4 0 0 16 6 4 6 6 2 6 8 6 16 6 0 14 2 10 2 12 12 6 2 4 12 12 14 12 4 10 2 8 14 18 8 12 14 2 8 0 6 10 6 12 2 12 4 16 12 4 4 12 12 2 14
 0 0 0 0 0 0 0 0 0 0 0 0 0 0 0 0 0 6 0 0 0 0 0 2 0 0 0 0 0 0 6 4 0 0 0 0 0 0 0 0 0 0 0 0 0 0 0 0 0 0 0 0 2 0 0 2 0 0 0 0 0 0 0 0 0 0 0 0 0 0 0 2 2 0 0 0 0 0 0 0 0 0 0 0 0 0 0 0 0 0 0 0 0 0 0 0 0 0 0 0
 0 6 0 0 2 0 0 2 6 0 0 0 0 0 0 0 0 0 0 0 0 2 4 6 0 0 0 4 2 0 2 2 6 0 0 6 2 0 0 0 0 0 0 0 6 0 0 0 0 0 0 0 2 0 0 0 2 0 0 0 4 0 0 0 2 2 0 0 0 0 4 8 2 0 2 0 10 0 6 0 2 4 0 2 2 0 10 0 0 0 8 0 2 4 0 0 0 0 0 4
 4 8 0 10 10 0 2 8 6 0 0 0 4 0 4 0 0 6 2 0 0 0 0 10 8 0 8 6 8 0 12 2 8 0 0 10 0 6 0 4 8 0 6 4 12 0 0 4 2 2 2 2 6 2 6 12 6 0 0 0 8 2 0 2 6 0 0 4 8 0 8 10 2 4 10 8 12 8 10 0 2 2 0 2 2 8 4 10 2 0 8 4 14 6 0 2 2 6 0 12
 6 10 0 8 10 0 6 12 6 0 4 0 0 12 8 0 0 0 6 0 0 2 0 18 2 8 6 0 14 2 22 4 4 2 0 12 6 0 2 2 0 16 4 0 12 0 4 2 8 10 2 0 14 0 0 6 10 10 0 0 8 8 0 0 2 12 2 4 4 2 12 6 8 8 10 2 14 0 18 0 2 16 6 8 8 12 8 10 4 6 12 0 8 4 0 0 0 8 4 10
 2 6 0 0 2 2 0 4 6 0 0 2 0 4 0 0 0 0 0 0 0 2 8 6 8 0 6 0 4 2 8 4 6 2 4 2 2 4 0 0 0 0 0 0 16 0 0 4 0 0 0 0 4 0 0 0 4 0 0 0 8 0 0 0 0 2 0 0 0 0 2 10 4 2 8 0 12 8 6 0 0 0 0 0 0 4 2 0 0 0 8 0 8 2 0 0 0 6 0 4
 6 8 0 2 0 0 4 0 0 0 4 0 0 0 0 0 0 0 0 0 0 2 0 10 0 0 0 0 6 0 4 0 0 0 0 4 0 8 0 6 0 0 4 0 0 2 0 0 0 2 0 0 0 0 0 4 2 0 0 0 8 0 0 0 0 0 0 0 0 4 6 8 6 0 6 6 4 2 2 0 0 0 4 2 0 6 6 2 0 0 4 0 4 4 2 0 0 0 0 0
 0 2 0 0 6 0 6 4 0 0 0 0 0 0 0 0 0 0 4 0 10 4 0 8 6 0 0 4 2 2 6 0 2 2 0 6 8 6 0 2 0 0 0 4 12 8 0 4 8 2 0 0 6 0 0 4 0 2 0 0 12 0 2 0 4 2 0 0 0 0 4 12 10 0 8 10 8 0 2 0 6 4 0 12 2 2 10 2 4 6 2 0 2 6 0 0 0 6 0 2
 6 6 0 10 6 0 2 8 6 2 0 0 6 2 6 0 0 14 4 0 10 0 0 8 6 4 6 4 0 0 14 0 4 0 0 6 6 4 0 6 0 4 0 2 12 0 0 2 2 4 0 4 12 0 4 2 4 2 0 0 8 0 0 0 8 4 0 0 2 4 10 2 2 2 0 4 6 4 10 0 4 0 2 0 0 4 10 12 6 6 14 0 10 6 0 0 6 0 0 10
 10 8 4 8 4 4 8 4 6 4 2 0 0 2 6 2 0 0 2 0 8 2 0 14 6 4 4 0 14 2 14 8 4 2 2 10 4 4 0 2 0 0 0 4 14 2 0 0 2 2 6 0 10 0 4 6 8 10 0 0 14 8 0 0 6 10 2 0 0 4 10 10 8 6 6 6 12 6 8 0 8 4 2 6 0 10 10 12 0 0 6 0 2 12 6 2 0 6 0 12
 4 6 6 4 8 0 0 6 4 0 0 2 2 8 4 0 0 2 0 0 4 2 8 12 10 8 2 2 6 0 2 0 6 0 0 2 0 8 0 0 0 6 0 12 12 2 0 0 2 0 0 0 4 0 4 4 6 0 0 0 10 0 2 0 4 0 2 0 0 0 10 14 6 2 0 0 4 6 8 0 6 0 0 2 4 8 4 4 2 0 8 0 8 0 0 2 6 2 0 0
 6 0 0 0 0 0 0 0 0 0 0 0 0 8 0 0 0 0 0 0 0 0 0 0 0 2 2 6 0 0 2 0 2 0 0 4 0 0 0 0 2 0 0 0 4 0 0 0 0 0 0 0 2 0 0 0 0 0 0 0 4 0 0 0 0 0 0 0 0 0 0 12 0 0 2 0 2 0 4 0 0 0 0 0 2 0 2 0 0 0 6 0 0 0 0 0 0 0 0 6
 0 2 0 0 0 0 0 0 0 0 0 0 0 0 0 0 0 0 0 0 0 0 0 4 0 0 0 0 0 0 0 0 0 0 0 2 4 0 0 0 0 0 0 0 0 0 0 0 0 0 0 0 0 0 0 0 0 0 0 0 0 0 0 0 0 0 0 0 0 0 0 0 0 0 0 0 0 0 2 0 2 0 0 0 0 0 4 0 0 0 0 0 0 0 0 0 0 0 0 0
 0 0 0 6 2 0 0 8 0 0 0 0 0 0 0 0 0 0 0 0 2 0 2 0 4 0 2 2 0 0 6 4 4 0 0 0 4 0 0 0 0 0 0 0 2 0 0 0 0 0 0 0 6 0 0 0 2 8 0 0 0 0 0 0 0 0 0 0 0 0 2 6 0 0 0 0 0 0 2 0 0 0 0 0 0 2 6 0 0 0 2 0 2 0 0 0 0 0 0 4
 0 2 0 2 0 0 8 0 0 0 0 0 0 4 0 2 0 0 8 0 0 2 0 6 4 4 2 0 0 0 2 0 4 4 2 6 0 4 0 4 0 0 0 2 2 14 0 0 2 0 0 0 0 0 0 4 0 0 2 0 10 0 0 0 0 2 0 0 0 0 0 14 10 0 0 0 4 6 4 0 14 10 4 6 2 2 2 0 0 6 8 0 0 8 0 0 0 4 0 2
 6 2 0 0 0 0 0 4 0 0 0 0 6 0 0 0 0 0 0 0 0 0 0 0 0 0 0 2 0 0 8 0 4 0 0 2 0 0 0 6 0 2 0 0 10 4 0 0 0 0 0 0 0 0 0 0 0 0 4 0 0 0 0 0 0 0 0 2 0 0 0 2 4 0 0 0 0 0 0 0 6 0 0 0 0 2 6 0 0 0 0 0 0 0 0 0 0 0 0 0
 6 4 2 0 10 0 4 16 0 0 0 0 0 6 2 0 0 0 0 0 0 0 4 6 6 0 0 0 2 0 8 2 8 2 0 12 0 6 0 0 0 0 4 0 4 0 0 0 4 0 0 0 6 0 2 2 8 10 0 0 4 2 0 0 10 0 0 0 0 6 2 2 4 2 4 0 0 2 0 0 4 6 2 0 10 8 0 12 0 0 10 0 8 0 0 0 2 6 0 0
 0 8 0 4 0 0 0 2 0 0 0 2 0 0 0 0 0 0 0 0 4 0 2 4 0 0 2 0 0 0 6 2 0 0 0 0 0 2 0 0 0 0 0 0 0 0 0 0 0 0 0 0 0 0 0 0 0 0 0 0 4 0 0 0 0 0 0 0 0 0 0 0 2 0 0 2 0 4 0 0 0 2 0 0 0 0 0 2 0 0 4 0 4 6 0 0 0 0 0 8
 0 12 0 0 0 0 4 0 0 2 0 2 0 0 0 0 0 0 0 0 0 2 6 4 0 2 8 4 0 0 4 0 10 0 4 6 0 0 0 0 0 0 4 0 10 4 0 0 4 0 0 0 2 0 0 0 0 0 0 0 6 0 0 0 0 0 0 0 0 0 0 6 0 0 2 0 0 0 8 0 6 0 0 2 0 0 6 0 0 0 6 0 4 0 0 4 0 2 8 8
 0 0 0 0 0 0 4 0 0 0 0 0 0 0 0 0 0 0 0 0 0 0 0 6 0 0 0 2 0 2 2 0 0 0 0 0 0 0 0 0 0 0 0 0 0 0 0 0 0 0 0 0 2 0 0 0 0 0 0 0 2 0 0 0 0 0 0 0 0 0 0 0 0 0 6 0 0 0 0 0 2 2 0 0 2 0 2 4 0 0 2 0 0 0 0 0 0 0 0 2
 0 6 4 2 8 0 8 4 6 10 0 6 0 2 0 0 0 0 8 0 2 6 4 14 10 0 6 4 8 6 12 6 10 2 4 6 0 4 0 0 2 2 10 4 6 8 0 6 8 0 2 6 2 0 4 4 0 2 0 0 8 4 2 0 2 4 2 6 6 4 4 10 6 4 12 8 10 8 8 0 8 4 0 6 2 0 12 4 0 0 16 0 14 6 4 0 6 4 0 6
 0 0 0 0 6 2 0 2 0 0 0 0 0 8 0 2 0 0 0 0 0 0 0 4 2 0 0 0 6 0 8 6 0 0 0 4 0 0 0 0 0 0 0 0 6 2 0 0 0 0 0 0 0 0 0 0 0 4 0 0 2 0 0 0 0 0 0 0 0 0 0 0 0 0 0 0 0 0 0 0 0 0 0 0 0 0 8 0 0 0 0 0 0 0 0 0 0 0 0 0
 0 2 0 6 0 0 0 8 0 0 0 0 0 0 0 0 0 0 0 0 0 0 0 6 4 0 4 2 0 0 12 0 0 0 0 6 0 0 0 0 0 0 0 6 4 0 0 0 0 0 0 0 0 0 2 2 0 2 0 0 4 0 0 0 0 4 0 4 0 6 0 0 6 0 0 0 0 0 0 0 0 0 0 0 0 0 8 6 0 0 2 0 0 2 0 0 0 6 0 0
 10 4 0 0 8 0 8 2 2 2 0 0 0 0 0 0 0 2 0 0 0 0 0 4 4 4 4 0 6 0 14 2 10 6 0 2 4 10 0 0 0 0 0 2 10 8 0 2 2 0 2 0 0 0 0 10 0 0 0 0 0 2 4 0 2 0 0 0 0 2 6 12 2 0 4 0 0 4 10 4 6 6 0 6 4 6 4 6 0 2 10 0 4 8 0 0 2 4 0 6
 4 0 0 0 6 0 2 2 0 0 0 0 0 8 2 0 0 2 0 0 8 0 0 16 8 2 0 6 10 0 4 0 10 0 0 2 0 2 0 0 0 2 0 0 4 0 0 2 0 0 0 0 0 0 0 0 0 0 0 0 0 0 0 0 2 0 0 4 0 0 0 12 4 0 4 2 2 0 2 0 0 10 0 0 0 0 8 0 0 0 0 0 6 2 0 0 0 0 0 4
 4 10 0 4 0 6 4 6 0 0 0 0 0 4 4 6 0 0 0 0 4 2 0 4 6 0 0 2 2 0 12 2 8 4 0 8 2 0 0 0 0 2 0 0 2 4 0 0 4 2 0 0 2 0 0 0 0 6 0 0 0 0 0 0 0 0 0 0 0 0 0 0 10 0 2 0 10 0 0 0 12 6 0 4 0 4 6 0 4 0 0 0 0 0 0 0 2 6 0 2
 0 10 0 4 4 0 0 4 0 0 0 2 0 10 4 0 0 0 2 0 4 0 0 4 0 0 0 0 0 0 10 2 4 0 0 2 4 0 0 0 2 2 0 0 8 0 0 0 4 0 0 0 0 0 0 2 0 0 0 0 0 2 0 0 0 0 0 0 0 0 6 2 0 0 0 0 0 2 2 2 6 4 0 2 0 0 2 0 0 0 4 0 8 0 0 0 0 0 0 2
 0 2 0 0 0 0 0 4 0 0 0 2 0 0 0 0 0 0 0 0 0 0 0 0 0 0 0 0 2 0 2 0 0 0 0 0 0 0 0 0 0 0 0 0 4 0 0 0 0 0 4 0 0 0 0 0 0 0 0 0 0 0 0 0 0 0 0 0 0 0 0 0 0 0 0 0 0 0 0 0 0 0 0 0 0 0 0 0 0 0 8 0 2 0 0 0 0 4 0 0
 6 0 0 8 4 2 2 0 0 0 0 0 0 2 0 0 0 0 0 0 6 0 0 0 0 0 0 0 0 0 10 2 4 0 0 2 0 0 0 0 0 0 0 0 8 0 0 0 4 0 0 0 0 0 0 2 0 4 0 0 6 0 0 0 0 0 0 0 0 0 0 8 2 0 4 0 0 0 0 0 2 0 0 6 6 0 4 0 0 0 6 0 8 0 0 0 0 0 0 0
 0 2 2 6 0 0 6 8 2 0 0 2 0 0 0 4 0 0 0 0 0 10 4 0 4 4 10 8 6 0 8 6 0 6 4 4 0 0 2 2 0 10 0 8 8 4 0 4 10 6 4 0 8 0 4 8 2 10 0 0 8 4 0 0 0 2 0 0 0 0 6 10 8 2 4 2 20 6 10 0 8 4 2 2 0 6 6 10 0 2 8 0 4 6 4 2 0 12 0 0
 0 12 6 2 4 8 4 10 4 0 2 0 0 12 14 14 0 4 2 6 8 0 0 8 8 8 4 6 8 2 18 8 10 0 0 10 12 14 2 4 2 6 4 6 10 0 2 6 10 2 2 6 0 0 0 6 0 8 0 0 12 0 6 0 8 0 0 0 0 2 8 20 14 0 4 4 8 2 14 4 10 18 0 0 2 8 10 0 0 0 8 2 4 4 0 2 2 6 0 10
 4 0 0 0 2 0 2 4 0 0 0 0 0 0 0 2 0 0 0 0 0 0 0 4 0 0 0 0 0 0 4 0 0 0 0 6 0 0 0 0 0 0 0 0 2 0 0 0 0 0 0 0 0 0 0 0 0 0 0 0 2 0 0 0 0 0 0 0 0 0 0 2 0 0 2 0 0 0 0 0 0 0 0 2 4 0 0 0 0 0 0 0 2 0 0 0 0 0 0 0
 6 10 8 14 4 6 6 6 2 0 0 4 0 6 2 2 0 2 6 0 2 6 2 8 6 6 8 2 10 0 4 0 6 4 0 10 0 10 0 0 4 8 0 14 16 2 0 0 10 6 4 4 14 4 10 0 6 14 2 0 12 8 0 4 8 8 2 0 2 2 10 8 8 4 10 4 8 2 10 2 10 4 12 0 16 4 6 2 4 0 6 0 12 12 4 0 4 12 0 6
 0 0 0 0 0 0 0 0 0 0 0 0 0 0 0 0 0 0 0 0 0 0 0 0 0 0 0 0 2 0 4 0 0 0 0 0 0 0 0 0 0 0 0 2 0 0 0 0 0 0 0 0 0 0 0 0 0 0 0 0 8 0 0 0 0 0 0 0 0 0 0 4 0 0 4 0 0 0 6 0 0 2 0 0 2 0 0 0 0 0 0 0 0 0 0 0 0 0 0 2
 0 2 0 0 4 6 2 0 2 0 0 0 0 4 0 0 0 0 0 0 0 2 0 2 0 0 2 0 2 0 10 0 6 0 0 0 0 0 0 0 0 0 0 0 6 0 0 0 2 0 0 0 0 0 0 0 0 2 0 0 2 0 0 0 0 0 0 0 0 4 2 8 4 0 4 4 0 0 8 0 0 0 0 0 0 4 6 2 0 0 4 0 4 0 0 0 0 0 0 0
 8 10 0 4 6 0 6 2 4 4 0 0 0 10 4 0 0 0 4 0 0 8 0 6 0 10 6 6 4 0 4 4 8 0 0 8 4 2 0 6 0 2 0 0 10 0 0 4 4 6 6 0 4 0 2 6 2 2 0 0 6 2 4 6 4 0 2 0 0 2 12 2 2 4 4 0 0 0 4 0 6 10 4 2 10 6 8 6 0 0 6 0 8 4 0 0 2 6 0 0
 10 10 0 10 4 10 14 8 0 0 0 2 0 10 4 2 0 6 10 0 2 6 8 12 4 14 14 10 8 0 18 2 4 4 0 16 4 8 0 2 0 8 2 8 10 4 0 0 4 0 4 0 10 0 6 8 2 6 0 0 6 6 0 4 8 6 8 4 0 0 8 24 6 4 4 2 2 0 22 2 12 6 6 6 6 12 6 6 0 0 18 0 12 8 4 0 12 8 0 10
 8 8 0 2 8 4 8 6 4 0 0 4 0 4 4 2 0 0 6 0 4 2 4 2 6 6 6 0 2 0 10 8 8 0 0 8 8 6 0 2 0 0 2 16 14 0 2 0 10 0 0 0 10 0 0 2 6 8 0 0 12 8 0 2 0 4 6 0 6 0 6 2 0 4 4 0 12 10 6 0 12 8 0 2 0 4 10 4 2 0 14 0 12 8 0 0 0 0 0 12
 0 0 0 2 2 4 2 2 0 0 0 0 0 0 0 0 0 0 0 0 0 4 0 0 2 0 2 0 2 0 12 0 0 2 0 4 0 12 0 0 0 4 0 8 6 2 0 0 2 0 0 0 0 0 4 4 0 0 0 0 12 2 0 0 0 2 0 0 0 0 8 4 6 0 8 0 0 0 6 0 10 0 0 0 0 0 0 0 0 0 10 0 6 6 0 0 4 0 0 2
 12 12 2 2 12 0 0 10 0 0 0 8 0 8 0 2 0 0 6 6 2 0 2 14 12 10 2 0 8 4 12 6 8 0 0 16 2 10 2 0 0 6 0 6 6 4 0 6 6 0 2 0 0 0 2 2 4 6 0 0 12 0 2 0 4 2 8 4 6 8 6 16 6 6 6 6 6 0 16 2 10 6 0 10 2 8 10 8 0 0 6 2 4 8 0 0 6 6 0 8
 0 0 0 0 0 0 0 6 0 0 0 0 0 4 0 0 0 0 4 0 0 0 0 2 0 0 0 0 2 0 16 0 0 0 2 0 0 0 0 0 0 0 0 0 0 0 0 0 2 0 0 0 2 0 0 0 0 4 0 0 4 0 0 0 0 4 0 0 0 0 0 10 0 0 2 2 0 0 0 0 4 2 0 0 0 0 0 2 0 0 10 0 0 6 0 0 0 0 0 0
