150
 0 0 0 0 3 0 1 7 7 0 0 0 0 5 0 0 0 3 13 1 0 0 0 0 0 0 1 7 0 1 0 0 5 0 0 1 1 9 17 0 0 0 0 7 0 0 0 0 0 0 0 0 0 0 7 5 0 0 0 0 1 0 0 1 7 13 7 3 7 11 0 7 15 0 9 3 0 0 0 5 0 0 3 5 0 3 0 11 0 0 11 0 3 0 0 7 3 0 0 0 0 15 0 1 0 0 0 0 0 7 5 9 15 9 0 0 0 0 5 0 0 5 0 0 0 5 19 7 0 0 1 1 1 5 5 11 0 0 3 1 0 0 1 15 0 0 11 0 0 0
 7 0 13 23 17 19 9 19 15 11 19 15 21 9 9 5 23 13 17 11 5 11 21 5 3 3 19 23 5 17 7 7 0 5 7 17 11 15 15 17 7 3 11 19 7 7 13 9 3 13 7 7 5 7 21 11 9 5 11 9 17 9 0 3 11 13 17 15 13 31 23 9 19 0 19 17 9 5 15 13 21 21 19 15 9 9 13 13 7 5 25 15 15 0 11 23 11 3 13 13 3 19 5 17 7 9 5 11 5 17 1 5 31 13 3 11 11 17 21 0 13 3 15 5 7 11 25 19 15 3 11 19 13 15 13 29 3 0 13 11 15 0 11 9 13 3 15 1 7 11
 5 0 0 7 1 0 0 3 1 0 0 1 7 1 0 0 3 0 7 0 0 0 7 0 0 0 15 13 0 0 9 0 0 0 0 3 0 5 0 3 0 0 0 1 0 0 0 0 0 1 3 0 0 3 1 9 0 0 1 0 3 0 0 0 3 7 0 7 5 19 1 1 9 0 7 0 0 0 0 7 11 0 7 0 0 0 0 7 0 5 5 0 0 0 0 3 11 0 0 0 0 13 0 3 0 0 0 5 1 1 0 0 7 0 0 9 0 11 7 0 0 0 7 0 0 0 19 15 0 0 0 3 1 0 0 15 0 0 7 3 0 0 0 1 0 0 7 0 9 0
 1 0 0 0 0 3 0 3 7 0 0 0 7 11 11 0 11 0 3 0 0 1 13 0 0 0 5 11 0 0 1 0 0 0 0 11 3 3 1 0 0 0 0 0 1 0 0 7 0 3 0 0 0 1 9 0 1 0 3 0 0 0 0 0 0 11 13 5 1 11 0 0 3 0 7 0 3 0 0 1 5 3 0 0 0 0 3 1 1 0 5 3 5 0 1 5 5 7 0 0 0 9 0 7 5 7 0 0 0 0 0 0 5 0 0 1 0 7 7 1 0 0 3 0 3 17 17 11 0 0 0 13 0 3 0 1 0 0 3 1 5 0 0 0 0 0 9 0 3 0
 0 0 0 3 0 5 1 9 0 0 3 0 9 7 0 0 0 1 7 1 0 0 9 0 0 0 0 5 0 0 0 0 0 0 5 0 11 3 5 0 0 0 0 5 0 0 0 0 0 0 0 0 0 0 5 0 0 0 0 0 1 0 0 0 0 5 0 1 3 5 1 0 3 0 3 0 0 0 0 3 0 0 0 1 0 0 1 9 0 0 5 0 0 0 5 0 9 0 0 0 0 7 0 0 0 0 0 0 0 0 0 0 9 0 0 3 0 0 7 0 0 0 0 0 0 5 15 5 0 0 5 7 3 5 0 0 0 0 0 3 0 0 0 0 0 0 0 0 7 0
 1 0 1 0 0 0 0 1 11 0 0 1 0 5 0 0 0 3 5 9 0 17 7 0 0 0 0 3 0 1 0 0 0 5 0 0 5 0 3 5 0 0 0 0 0 1 5 0 0 1 0 0 0 1 7 1 0 0 0 0 0 0 0 0 5 13 0 0 15 5 5 0 9 0 15 0 0 0 0 0 11 0 15 0 3 0 0 1 0 0 1 0 5 0 0 7 5 0 0 1 0 0 0 3 5 0 0 7 0 0 0 3 7 0 0 5 0 0 9 0 0 0 0 0 0 5 15 7 0 1 0 7 5 5 1 3 0 0 0 0 0 0 0 1 0 0 3 0 0 0
 0 0 9 1 0 9 0 15 9 0 3 0 9 7 0 0 5 7 5 0 0 7 0 0 0 0 9 0 0 1 1 0 0 3 0 0 0 9 9 0 0 1 0 0 0 0 0 7 0 0 0 0 0 0 7 0 0 5 3 0 3 0 0 0 5 13 1 9 7 17 0 13 21 0 9 9 7 0 3 3 7 0 1 0 0 0 13 0 1 5 5 0 7 0 0 1 0 0 0 0 0 3 0 7 0 0 0 0 0 0 5 0 17 9 0 11 3 3 7 0 1 0 0 0 3 5 13 7 3 0 0 9 0 5 0 9 0 0 3 5 3 0 0 1 1 0 7 0 0 0
 0 0 0 0 0 0 0 0 0 0 5 3 0 1 0 0 0 0 1 0 0 0 0 0 0 0 0 3 0 0 0 0 0 0 0 0 0 0 0 0 0 0 0 0 0 0 0 0 0 0 0 0 0 3 0 0 0 0 0 0 0 0 0 0 0 7 0 0 0 1 0 0 1 0 5 5 0 0 0 0 1 0 17 0 0 0 0 1 1 0 1 0 9 0 0 0 0 0 0 0 0 0 0 1 0 0 0 3 0 0 0 0 1 0 0 0 0 3 0 0 0 0 0 0 0 3 1 7 0 0 0 0 1 5 0 0 0 0 0 0 0 0 0 0 0 0 5 0 0 0
 0 0 0 0 1 0 0 5 0 0 1 0 9 7 0 0 0 0 1 0 0 0 0 0 0 0 0 0 0 3 0 0 0 0 0 0 0 0 3 0 0 0 0 1 0 0 0 0 0 0 0 0 0 0 0 0 0 0 0 3 0 0 0 0 5 9 0 5 0 3 5 0 7 0 1 1 0 0 0 0 0 0 7 0 0 0 0 1 0 0 0 0 1 0 0 1 0 0 0 0 0 3 0 1 0 0 0 0 0 0 0 0 9 0 0 5 0 0 5 0 0 0 1 0 0 0 15 3 0 0 0 13 0 1 0 3 0 0 0 1 0 0 0 0 0 0 3 0 0 0
 15 0 7 11 17 17 3 19 17 0 11 17 7 17 9 13 7 11 17 19 0 13 19 1 0 0 21 21 3 7 7 9 7 5 11 11 19 13 21 7 9 5 0 3 5 5 13 9 0 5 13 3 3 9 21 15 7 3 13 1 17 17 0 9 7 17 11 21 21 25 15 11 23 0 15 17 9 11 11 15 19 9 19 3 13 3 9 17 11 13 25 9 19 1 5 19 11 21 3 11 5 13 7 11 9 9 15 17 13 3 1 13 19 9 3 13 9 9 23 7 7 9 3 1 7 9 21 31 0 0 21 15 17 23 5 15 13 7 13 1 15 3 11 13 0 1 5 0 9 9
 7 0 1 1 0 1 0 0 0 0 0 0 9 7 0 0 3 0 3 1 0 1 5 0 0 0 0 11 0 0 0 0 0 0 0 9 0 0 0 0 0 0 0 0 0 0 5 0 0 0 0 0 0 0 1 13 0 0 0 0 1 0 0 0 0 13 0 0 1 13 1 0 9 0 7 5 0 0 0 0 0 0 7 0 0 0 0 0 0 0 0 1 5 0 0 5 0 0 0 0 0 1 0 5 0 0 0 0 0 0 0 0 3 0 0 0 0 0 9 1 0 0 1 0 0 0 7 0 0 0 1 5 0 0 0 0 0 0 1 0 1 0 0 0 0 0 3 0 0 0
 7 0 0 3 3 0 3 0 5 0 1 0 5 5 0 0 5 9 1 5 0 1 5 0 0 0 0 7 0 0 3 5 0 0 0 0 0 3 7 0 0 0 0 0 0 0 0 0 0 1 0 0 0 1 1 11 0 0 0 0 3 0 0 0 0 15 3 3 9 5 0 0 15 0 15 0 0 0 0 9 5 1 7 0 0 0 3 11 0 1 3 3 1 0 3 7 7 1 0 0 0 9 9 0 1 0 0 0 3 0 0 3 7 1 0 7 0 1 13 0 0 0 7 0 3 9 19 11 0 0 0 11 3 3 7 7 0 0 3 0 15 0 0 0 0 0 3 0 1 0
 3 0 0 0 0 1 0 1 0 0 0 0 0 7 0 0 5 0 0 0 0 0 0 0 0 0 0 0 0 0 0 0 0 0 0 5 0 7 0 1 0 0 0 0 0 0 0 1 0 0 0 0 0 1 0 0 0 0 0 0 5 0 0 0 0 7 0 0 0 11 0 0 0 0 0 0 0 0 0 0 0 0 13 0 0 0 0 1 0 0 1 0 0 0 0 1 7 0 0 0 0 0 0 0 1 0 1 0 0 0 0 0 0 0 0 1 0 0 3 0 0 0 0 0 0 0 3 0 0 0 3 0 0 0 0 0 0 0 0 5 0 0 0 0 0 0 0 0 0 0
 0 0 0 0 0 0 0 0 0 0 0 0 0 0 0 0 0 0 5 0 0 1 1 0 0 0 0 3 0 0 0 0 0 0 0 0 0 0 0 3 0 0 0 0 0 0 0 0 0 3 0 0 0 1 5 0 0 1 0 0 0 0 0 0 1 7 0 0 0 3 0 0 11 0 0 0 0 0 0 0 0 0 0 0 0 0 0 3 1 0 0 3 0 0 0 0 3 0 0 0 0 0 0 1 0 0 0 0 0 0 0 0 1 0 0 0 0 7 0 0 0 0 0 0 1 0 7 9 0 0 0 0 1 0 0 0 0 0 0 0 0 0 0 0 0 0 0 0 0 0
 5 0 5 0 9 1 13 1 3 0 5 3 7 11 0 1 7 5 11 17 0 7 9 0 0 0 9 0 0 3 5 5 0 0 0 11 7 0 1 0 0 0 0 3 0 0 7 1 0 3 0 0 1 1 5 0 0 3 3 1 0 0 0 0 0 9 3 17 9 17 5 0 17 0 5 13 0 0 1 13 1 1 7 0 3 0 1 13 0 1 9 3 0 0 9 3 11 1 0 0 0 5 3 1 0 0 0 0 0 7 0 1 3 3 0 3 15 1 15 0 0 0 9 0 0 15 19 1 0 0 13 9 1 1 0 17 0 0 9 11 3 0 0 0 0 0 15 0 0 0
 1 0 5 9 9 9 3 7 11 0 5 7 9 15 0 0 1 5 3 5 0 9 17 1 0 0 0 3 5 3 3 7 0 0 0 11 1 3 15 5 1 0 5 11 0 3 7 1 3 3 0 0 1 7 11 1 0 9 5 9 11 9 0 0 5 9 7 11 11 27 3 0 9 1 15 9 1 3 1 0 9 0 7 1 9 3 7 7 9 9 11 7 11 0 1 13 15 0 0 3 0 23 5 3 7 0 7 19 1 3 1 5 19 13 0 21 0 7 1 0 1 0 7 0 9 11 21 13 0 0 5 15 13 13 11 25 0 0 5 13 7 0 0 3 0 0 21 0 0 1
 1 0 0 0 1 7 0 5 3 0 0 0 0 3 0 0 0 9 0 9 0 7 5 0 0 0 0 0 0 1 0 3 0 0 7 1 15 0 1 0 0 0 0 0 0 0 1 0 0 0 0 0 0 3 15 0 0 0 5 0 0 0 0 0 3 9 0 0 9 5 1 0 0 0 0 0 3 0 0 3 3 9 1 0 0 0 9 0 0 5 11 0 5 0 1 9 5 0 0 0 0 3 1 15 0 0 1 13 0 0 0 5 1 1 0 0 1 0 5 0 5 0 0 0 0 9 11 5 0 0 5 3 1 0 5 0 0 0 3 5 0 0 0 0 0 0 0 0 1 0
 0 0 1 1 0 0 0 9 9 0 11 0 7 5 0 0 0 0 9 0 0 0 11 0 0 0 1 5 0 3 0 0 0 0 0 5 5 0 7 1 0 0 0 0 0 0 0 0 0 5 0 0 0 3 9 0 0 0 0 0 0 0 0 1 0 1 0 5 9 13 5 0 17 0 7 3 0 0 0 0 5 0 7 0 0 0 7 0 0 3 11 0 1 0 0 0 0 0 0 0 0 5 0 0 0 0 0 1 0 0 0 3 9 5 0 17 0 5 9 0 0 0 3 0 0 0 15 5 0 0 0 11 5 1 0 1 0 0 7 0 0 0 0 1 0 0 5 0 0 0
 0 0 0 0 0 0 0 0 0 0 0 0 7 0 0 0 5 0 0 0 0 0 5 0 0 0 0 9 0 0 0 0 0 0 0 3 0 0 0 0 0 0 0 0 0 0 0 0 0 0 1 0 0 0 0 0 0 0 0 0 0 0 0 0 3 1 0 3 0 11 0 0 5 0 0 0 0 0 0 0 0 0 0 0 0 0 0 1 0 0 0 0 1 0 0 0 0 0 0 3 0 0 0 0 0 0 0 9 0 0 1 0 1 0 0 0 0 1 3 0 0 0 1 0 0 0 3 0 0 0 1 7 0 0 0 7 0 0 0 0 0 0 0 0 0 0 5 0 0 0
 0 0 3 3 0 0 3 7 3 0 0 0 3 11 0 0 0 11 13 0 0 1 13 0 0 0 0 5 0 0 0 1 0 0 0 0 7 1 0 3 0 0 0 0 0 1 0 5 0 3 0 3 0 0 7 0 0 5 5 0 0 0 0 0 0 1 1 7 9 19 7 1 11 0 7 3 0 0 0 15 1 1 15 5 0 0 1 9 0 0 9 0 7 0 0 3 5 0 0 0 0 7 0 1 0 1 0 5 0 0 0 3 11 0 0 1 0 0 5 0 5 1 1 0 0 0 17 15 0 0 3 7 7 1 5 0 0 0 0 3 13 0 0 0 0 3 9 0 1 0
 17 0 3 17 7 15 17 9 17 1 13 7 7 19 9 5 15 15 17 11 0 11 15 7 5 0 17 13 9 13 17 19 3 11 11 15 13 13 17 15 0 1 5 7 9 0 15 17 0 13 11 13 3 17 17 9 11 11 11 3 13 0 0 9 11 21 13 11 17 29 21 9 11 1 13 21 11 9 0 11 17 15 17 5 1 1 17 21 13 17 27 9 13 7 3 21 17 3 0 7 0 13 7 17 19 7 9 13 9 9 13 9 25 13 7 13 19 15 7 11 11 9 9 11 9 17 25 21 1 0 15 13 21 11 0 25 11 5 1 7 9 0 13 5 1 3 23 0 0 0
 3 0 3 0 1 0 0 1 1 0 0 0 5 0 0 0 0 3 3 0 0 0 1 0 0 0 0 3 0 3 1 5 0 0 0 3 0 1 0 0 0 0 0 0 0 0 0 0 0 0 3 0 0 3 9 3 0 1 0 0 0 1 0 0 1 9 3 0 0 9 0 0 11 0 1 13 0 0 0 3 0 0 5 0 0 0 0 5 0 5 9 1 0 0 0 5 5 0 0 0 0 0 0 0 0 0 1 3 0 0 0 0 0 0 0 0 1 3 1 0 0 7 1 0 0 0 9 3 0 0 0 3 9 3 0 0 0 0 0 1 0 0 0 0 0 0 5 0 1 0
 5 0 0 0 0 0 1 3 1 0 0 0 3 0 0 0 0 0 0 0 0 0 0 0 0 0 0 0 0 0 3 0 0 0 0 0 0 0 0 0 0 0 0 0 0 0 0 0 0 0 0 0 0 5 0 0 0 0 0 0 0 0 0 0 0 0 0 0 0 11 0 0 5 0 0 1 0 0 0 0 3 1 0 0 0 0 0 1 0 0 0 0 0 0 0 0 0 0 0 0 0 3 0 0 0 0 0 0 0 0 0 0 0 0 0 1 0 1 5 0 1 0 0 0 0 1 1 3 0 0 0 0 0 0 1 0 0 0 0 0 0 0 0 0 0 0 0 0 0 0
 7 0 7 13 13 13 5 17 13 0 15 13 15 3 9 0 13 9 11 9 0 15 13 0 0 0 13 17 0 13 11 0 0 1 0 15 9 13 9 15 0 0 0 7 1 1 5 7 0 7 0 1 0 11 19 5 11 1 1 1 9 0 0 3 3 15 1 9 7 19 5 13 25 0 19 7 7 15 5 11 7 11 27 3 7 0 3 13 3 11 13 5 9 0 7 11 13 7 0 11 0 15 7 15 13 1 5 13 5 0 3 11 15 7 0 9 9 0 15 5 3 0 9 0 15 13 25 19 1 0 9 9 3 11 9 17 0 0 9 7 11 0 9 5 0 3 15 0 5 0
 15 0 11 9 13 9 17 25 15 3 25 15 21 11 15 9 13 13 15 9 0 21 15 7 0 0 11 21 3 15 11 17 0 13 9 15 11 9 13 5 11 9 5 5 11 0 15 5 0 11 1 0 1 13 17 9 5 9 17 1 21 3 0 9 13 19 17 11 21 21 5 13 21 0 13 9 7 11 11 17 7 5 21 3 3 7 19 5 7 9 11 5 23 0 15 13 11 7 9 19 0 23 11 19 5 5 13 13 7 5 5 5 15 0 0 11 9 9 13 0 5 11 13 3 13 13 27 21 7 5 13 15 7 13 11 11 7 9 15 7 19 0 5 9 1 7 17 0 11 11
 7 0 17 9 9 27 7 15 1 3 15 7 19 15 7 5 15 7 23 5 7 17 21 1 5 0 11 21 9 5 13 13 0 19 15 25 11 11 21 15 1 5 3 9 11 11 13 9 0 17 7 7 0 9 27 9 11 7 19 5 9 13 0 3 9 25 13 17 17 21 23 11 15 0 15 5 9 15 7 7 21 9 19 3 9 11 13 17 15 19 13 13 17 0 7 13 23 0 5 9 7 21 0 7 13 13 9 7 17 9 7 9 29 15 5 15 5 5 11 7 1 7 13 1 19 19 27 19 5 5 9 9 11 7 9 13 3 0 7 9 11 0 5 15 0 3 25 7 11 9
 0 0 0 0 7 7 0 3 11 0 3 3 11 3 0 1 7 0 3 3 0 5 13 0 0 0 0 7 0 0 0 0 0 0 0 0 0 1 0 0 0 1 0 1 0 0 0 0 0 7 0 0 0 1 7 0 1 0 0 0 0 0 0 0 0 5 1 5 5 7 7 0 15 0 0 0 0 0 0 3 7 7 5 3 0 0 0 7 0 0 7 0 1 0 0 0 3 0 0 0 0 9 0 3 0 0 0 0 0 0 0 0 0 0 0 7 0 3 1 0 0 0 1 0 9 0 1 15 0 0 0 0 1 5 0 19 0 0 5 3 1 0 0 1 0 0 11 0 0 0
 0 0 0 0 0 0 1 0 3 0 0 0 11 0 1 0 3 0 0 0 0 0 3 0 0 0 0 0 0 0 0 0 0 0 0 0 0 5 0 0 0 0 0 0 0 0 0 0 0 0 0 0 0 5 0 0 0 0 0 0 0 0 0 0 5 0 0 0 0 3 0 0 0 0 0 0 0 0 0 0 1 0 3 0 0 0 0 0 0 5 0 0 0 0 0 0 3 0 0 0 0 7 0 0 0 0 0 0 0 0 0 0 9 1 0 0 0 1 0 0 0 1 0 0 0 9 5 3 0 0 5 7 0 0 0 1 0 0 0 0 3 0 0 0 0 0 9 0 0 0
 11 0 3 11 11 13 9 15 21 0 13 3 9 17 11 0 5 9 5 1 0 7 19 1 0 0 1 9 0 3 3 11 0 0 0 11 1 9 17 7 0 0 9 7 0 3 0 5 0 0 3 7 0 3 13 11 0 0 0 3 0 0 0 0 13 13 19 17 9 23 15 5 11 5 11 11 1 5 1 3 9 15 11 0 7 0 15 9 9 9 11 7 5 0 0 13 17 0 0 5 0 15 11 19 3 1 1 9 9 1 1 3 9 5 0 15 7 9 11 5 11 5 1 0 11 19 17 13 9 3 15 3 11 15 0 15 0 0 9 11 0 0 7 0 0 5 9 1 7 0
 0 0 1 5 7 0 0 9 0 0 3 1 9 3 0 0 0 0 3 3 0 0 13 0 0 0 11 11 0 0 9 0 0 1 0 5 5 0 0 5 0 0 0 0 0 0 0 0 0 0 5 0 0 7 0 3 0 1 5 0 7 0 0 0 7 13 0 3 1 13 0 1 15 0 7 11 0 0 7 0 0 3 7 0 1 1 7 0 0 0 15 5 1 0 0 5 7 3 1 0 3 13 0 9 0 0 0 9 1 0 0 7 7 0 0 7 1 11 0 0 1 0 9 0 3 5 5 13 0 1 0 11 11 0 0 5 0 0 0 1 0 0 0 0 0 0 3 0 3 0
 5 0 0 0 9 3 0 13 9 0 3 0 9 11 0 0 1 1 7 3 0 0 0 0 0 0 7 13 0 0 0 0 0 3 5 5 3 5 1 0 0 0 0 1 0 0 0 7 0 0 0 0 0 1 7 9 1 0 0 0 0 0 0 0 5 1 1 5 0 11 9 0 13 0 7 7 0 1 0 0 7 5 3 0 0 0 3 0 5 9 0 1 1 0 7 15 9 0 0 0 0 9 0 7 0 0 0 11 5 0 0 0 11 3 0 1 0 5 3 0 0 0 0 0 7 9 9 7 3 0 7 1 5 5 7 13 0 0 0 5 3 0 0 5 0 0 13 0 0 0
 1 0 9 5 11 7 7 7 3 0 15 0 3 7 0 0 0 13 7 0 0 0 3 1 0 0 5 7 0 5 11 0 0 0 0 0 5 0 3 13 0 0 0 0 3 0 0 5 0 0 0 0 0 1 3 9 0 3 0 1 7 0 0 0 11 13 5 5 3 11 7 7 7 0 5 7 1 0 0 5 7 7 5 5 0 0 5 5 0 5 1 0 1 0 0 15 5 0 1 1 0 3 3 3 3 0 5 5 1 0 0 0 0 7 0 0 7 3 7 0 0 0 5 0 7 5 7 9 3 9 3 5 9 1 0 5 0 0 5 0 17 0 0 0 0 0 0 0 3 1
 0 1 7 9 13 5 7 17 17 0 7 1 25 13 7 7 7 9 5 13 0 9 15 5 3 1 11 15 5 7 1 1 0 0 3 9 9 11 9 17 1 0 7 11 5 3 11 3 3 5 0 5 0 9 15 9 0 9 11 7 21 7 0 1 19 23 5 23 11 27 11 7 19 0 15 11 5 1 13 7 21 5 19 9 0 0 15 15 5 15 13 11 17 0 9 27 13 1 13 5 0 17 3 21 0 3 9 15 9 5 11 3 21 9 0 11 1 5 19 7 9 13 13 0 5 7 23 19 0 9 3 17 13 15 13 29 5 0 3 7 7 0 7 11 1 0 15 0 1 1
 17 0 3 3 1 0 0 1 9 0 3 9 23 15 1 7 9 5 9 11 0 13 13 0 0 0 3 11 9 0 0 3 3 0 0 11 7 11 15 5 0 0 0 9 13 0 3 0 0 3 1 0 0 5 5 13 3 3 0 3 1 3 0 1 7 23 7 7 15 21 0 5 29 0 15 15 7 0 0 3 13 5 11 1 9 0 13 3 3 11 17 7 9 1 5 17 11 0 0 0 0 1 1 17 0 5 0 9 1 0 5 3 19 9 1 11 7 11 7 0 7 1 3 3 7 15 27 21 1 3 7 17 11 15 3 15 3 0 0 7 13 0 1 9 1 0 13 0 7 5
 3 0 7 9 0 9 5 9 15 0 3 9 3 17 7 1 0 17 9 3 0 3 9 9 0 0 5 11 7 1 0 1 0 1 0 5 0 11 13 1 0 0 3 13 3 3 7 3 5 7 0 0 1 3 17 1 0 1 0 0 0 1 0 0 11 15 5 17 19 23 3 0 15 0 1 5 1 0 5 5 9 3 17 11 0 0 11 9 9 5 7 5 0 0 9 13 13 0 0 7 0 13 1 3 9 5 1 9 1 0 0 1 15 7 0 3 1 9 15 0 15 7 7 0 1 9 11 13 0 0 9 11 19 1 9 7 0 1 5 0 3 0 1 0 1 3 15 0 5 5
 0 0 0 0 5 5 1 3 13 0 0 1 0 5 0 0 0 0 0 1 0 0 5 0 0 0 1 1 0 0 0 1 0 0 0 0 0 0 0 0 0 1 0 0 0 0 0 0 0 0 0 0 0 0 0 7 0 0 0 0 0 0 0 0 0 11 3 0 1 7 0 0 11 0 3 5 0 0 0 0 0 0 7 0 0 0 0 5 0 0 11 0 5 0 0 3 1 0 0 0 0 0 0 0 3 0 0 7 0 0 0 0 0 0 0 0 0 0 3 0 0 0 0 0 3 0 15 0 0 0 0 1 5 0 0 1 0 0 0 1 9 0 0 0 0 0 1 0 3 0
 0 0 3 0 0 0 1 1 1 0 5 5 9 11 0 0 0 0 7 0 0 3 13 0 0 0 13 9 0 0 0 0 0 0 3 19 0 0 3 0 0 1 0 0 7 0 0 0 0 3 0 0 0 0 3 0 0 1 3 0 0 0 0 0 3 3 7 0 3 11 0 0 5 0 1 0 0 0 0 0 1 3 7 0 0 1 7 15 0 0 9 0 0 0 1 0 1 0 0 0 0 5 0 0 0 0 0 3 1 1 1 1 3 0 0 5 1 3 11 0 0 7 0 0 0 0 13 3 0 0 0 5 11 9 0 3 0 0 0 3 0 0 0 3 0 0 9 0 0 1
 0 0 0 0 0 5 0 5 1 0 7 0 0 3 1 0 3 1 7 0 0 0 9 0 0 0 0 0 0 1 0 5 0 0 0 3 3 0 3 0 0 0 0 0 0 0 0 0 0 0 0 0 0 0 5 1 0 0 0 0 0 0 0 0 0 1 3 1 9 11 1 0 3 0 5 0 0 0 0 1 0 0 9 0 0 0 0 0 0 0 9 0 1 0 0 0 0 0 0 3 0 9 0 0 0 0 0 5 0 1 0 0 0 7 0 0 0 5 11 0 0 0 3 0 0 3 17 3 0 0 1 7 0 5 0 3 0 0 0 1 0 0 0 1 0 0 0 0 0 0
 0 0 1 0 0 0 0 5 0 0 1 0 1 15 0 0 0 0 11 1 0 1 1 0 0 0 13 1 0 1 0 0 0 0 0 1 0 0 0 0 0 0 0 0 0 0 0 0 0 0 0 0 0 0 13 0 0 3 3 0 0 0 0 0 0 7 0 11 0 13 0 0 3 0 7 0 0 0 0 0 3 0 5 0 0 0 1 1 0 1 1 0 1 0 0 3 0 0 0 0 0 9 0 0 0 0 0 0 0 0 0 0 5 0 0 0 0 0 11 0 3 0 0 0 0 1 13 5 0 0 0 3 1 0 1 1 0 0 0 0 0 0 0 0 0 0 7 0 0 0
 11 0 0 7 7 0 3 1 9 0 5 1 0 0 5 0 5 0 5 0 0 1 11 0 0 0 1 1 0 0 1 0 0 0 0 1 11 1 11 0 0 0 0 0 0 0 1 0 0 5 0 0 0 9 0 0 0 0 0 0 0 0 0 0 7 5 5 5 15 11 1 0 3 0 11 3 3 0 0 0 1 0 3 1 3 0 5 9 0 9 7 0 0 0 0 1 3 0 0 0 0 0 3 3 0 0 0 0 0 1 0 0 13 0 0 5 0 3 5 0 1 0 1 0 0 9 11 1 3 0 1 9 1 0 5 11 1 0 0 0 0 0 0 0 0 0 5 0 0 0
 7 0 3 11 5 13 9 13 19 0 13 7 17 21 11 0 11 9 13 11 1 19 21 3 0 0 1 25 3 11 15 5 0 7 3 13 17 5 13 5 0 11 0 13 7 0 5 9 0 13 3 0 0 13 19 5 0 1 9 1 11 7 0 0 7 27 5 13 7 29 1 15 19 0 15 17 13 9 9 11 15 15 7 0 1 1 27 15 11 11 27 9 17 0 9 11 17 3 5 7 3 21 9 17 1 7 7 19 15 7 15 13 23 11 1 9 15 3 5 1 5 0 13 0 15 3 27 17 5 0 3 21 17 21 11 9 11 3 13 13 11 0 0 7 0 0 15 0 9 1
 15 0 1 7 7 7 0 9 7 0 7 3 7 9 1 3 5 11 9 5 0 13 9 1 0 0 0 11 1 9 11 3 3 9 5 0 0 9 3 15 0 0 0 3 0 3 3 7 0 5 1 0 0 5 5 9 0 1 0 0 1 0 0 7 9 11 13 7 7 17 9 7 23 0 17 0 0 0 1 9 15 7 15 7 1 0 0 9 11 17 11 13 13 0 1 1 9 5 7 9 11 5 1 15 11 0 7 7 7 3 9 0 7 3 0 3 5 13 15 1 5 0 0 0 15 13 17 9 9 1 13 3 15 13 3 11 1 0 13 1 9 0 0 7 0 0 13 0 0 3
 5 0 13 11 9 9 7 11 3 3 13 9 9 13 5 0 3 5 11 1 0 11 13 3 0 0 7 7 0 9 13 1 0 5 0 9 13 11 11 1 3 3 0 0 1 0 3 7 0 3 0 0 1 9 21 7 1 0 9 1 11 1 0 5 5 11 5 11 3 21 13 3 9 0 11 3 1 7 1 11 13 9 5 7 5 0 5 7 0 0 7 15 11 0 1 15 5 1 0 3 3 3 7 7 7 0 7 5 1 5 13 7 13 0 0 13 0 3 15 0 9 0 0 1 5 13 15 13 0 9 7 9 9 13 3 15 0 0 7 11 1 0 0 3 0 1 13 0 9 5
 0 0 0 3 0 7 11 17 0 0 5 7 13 9 0 0 7 5 13 1 0 9 5 0 0 0 0 7 0 9 0 1 0 0 0 5 1 1 9 5 0 0 1 0 0 0 0 0 0 3 1 0 0 5 5 0 0 1 3 0 7 1 0 0 11 15 5 9 0 17 1 0 15 0 7 0 0 1 0 1 9 7 3 0 0 0 0 13 3 11 9 0 5 0 0 3 9 0 0 0 0 9 1 9 0 0 0 5 0 0 0 0 11 3 0 3 3 7 9 0 15 0 0 0 3 19 17 1 0 0 3 1 5 1 3 15 0 0 0 3 11 0 0 0 0 0 7 0 0 3
 9 0 5 0 7 11 7 11 11 0 7 9 17 7 11 7 7 9 7 11 0 9 15 0 0 0 5 9 11 9 5 0 0 0 0 11 0 11 9 9 0 1 0 7 0 3 1 7 0 13 3 0 0 11 13 7 5 0 1 0 0 3 0 0 9 15 13 13 13 21 9 3 15 0 9 13 1 0 9 15 5 7 11 1 3 0 9 15 3 9 19 0 13 0 3 9 15 3 0 7 3 15 3 5 5 3 7 21 0 0 9 7 13 11 0 3 1 9 7 5 5 5 9 0 7 11 15 9 0 7 13 15 11 13 11 11 7 0 3 11 11 0 5 9 0 0 11 0 5 0
 5 0 5 5 3 0 7 11 9 0 1 5 1 3 5 0 5 3 7 0 1 9 13 0 5 0 5 7 0 1 3 3 0 5 0 7 3 7 3 7 1 0 3 3 0 0 3 0 0 0 0 5 0 9 15 3 0 7 5 1 7 9 0 1 13 11 1 19 15 17 5 0 13 0 19 5 1 0 9 5 11 3 17 7 1 0 7 5 7 3 13 0 3 0 0 11 3 5 5 0 0 17 0 3 5 3 3 11 5 5 3 3 17 3 0 3 0 13 9 0 13 1 0 0 1 7 15 15 0 0 7 13 17 1 9 13 0 0 5 11 5 0 0 0 0 0 11 0 0 0
 5 0 1 5 17 0 7 13 1 0 0 7 9 9 0 0 0 3 5 5 0 9 13 0 0 0 1 7 3 7 7 1 0 0 0 7 5 9 9 0 0 0 0 9 0 0 0 3 0 3 0 0 0 7 9 7 0 0 0 7 0 0 0 0 9 9 11 17 3 25 3 0 9 0 3 13 0 0 0 5 7 3 7 0 0 0 3 11 0 0 9 0 11 0 5 13 1 1 0 3 0 15 7 5 0 5 0 11 0 0 0 0 7 3 0 3 3 9 7 0 9 1 5 0 0 0 9 13 0 0 0 15 3 3 1 7 0 0 1 7 0 0 0 0 0 0 17 0 1 3
 7 0 9 0 11 1 0 15 7 0 3 1 0 17 0 0 5 3 5 0 0 3 7 0 0 0 7 13 0 3 0 0 0 3 0 7 13 3 7 5 0 0 0 1 0 5 0 0 0 3 0 0 0 3 11 0 0 0 0 0 0 0 0 0 3 19 17 11 13 17 7 5 15 0 15 5 0 7 0 0 0 9 13 0 0 0 5 11 5 9 11 3 13 0 0 9 5 1 3 7 0 11 0 5 0 1 1 21 0 0 0 0 15 0 0 7 5 0 7 1 5 0 3 0 13 0 9 11 0 0 3 5 5 11 0 9 0 0 0 0 5 0 3 0 0 1 9 0 0 0
 7 0 11 17 21 13 11 21 19 3 15 15 19 13 7 0 7 17 15 9 11 23 23 3 5 1 11 19 11 9 13 5 0 5 0 17 13 19 7 19 9 5 11 11 3 7 11 15 0 7 9 9 0 19 15 15 5 11 0 5 13 5 0 5 15 15 23 13 25 29 7 7 23 0 13 9 15 1 9 5 19 15 19 15 0 1 1 21 1 11 17 5 13 1 9 13 19 9 7 15 0 19 13 21 9 7 9 11 7 13 0 7 27 11 3 19 3 15 23 0 9 7 15 9 9 17 25 15 5 5 11 15 15 17 1 21 5 0 11 7 15 0 5 13 13 0 23 3 7 7
 3 0 0 0 9 0 3 5 5 0 9 0 5 0 0 0 1 0 3 0 0 5 3 0 0 0 0 11 3 7 1 3 0 0 0 1 0 1 3 0 0 0 0 0 0 1 0 0 0 0 1 0 0 11 9 1 0 0 1 0 0 0 0 0 1 7 9 1 0 17 1 0 13 0 0 0 0 0 0 3 5 5 19 3 0 0 0 0 1 0 5 0 9 0 5 7 5 1 0 0 0 7 0 0 1 0 3 9 0 0 3 0 13 13 0 1 0 15 0 0 5 0 3 0 0 7 7 11 0 0 5 5 0 3 3 3 0 0 1 0 7 0 0 1 0 1 1 0 1 5
 9 0 0 1 11 11 5 11 25 0 5 5 13 11 3 1 7 9 0 7 0 0 13 1 0 0 3 17 0 0 5 3 1 0 5 11 5 3 7 9 0 0 1 0 0 5 7 3 0 0 0 0 0 11 13 5 0 11 0 11 5 1 0 0 3 13 7 5 15 25 0 5 9 0 11 0 1 1 0 9 19 9 23 3 1 0 7 0 1 3 15 0 9 0 0 9 9 0 0 1 0 11 0 1 3 1 15 13 3 1 5 0 3 7 1 5 5 9 5 0 0 9 7 0 5 5 17 7 9 0 3 5 9 7 3 9 7 0 9 9 15 0 1 0 0 0 3 0 1 7
 3 0 1 3 11 3 7 13 9 0 11 7 19 23 9 1 11 9 7 0 0 11 11 0 1 0 1 9 0 9 5 9 0 1 5 13 9 9 17 13 3 3 5 7 3 0 11 5 0 7 1 0 0 15 15 5 0 3 5 1 0 0 1 3 1 17 7 13 15 21 15 1 25 0 7 19 7 0 0 11 9 11 11 3 0 0 9 3 0 5 13 3 11 1 0 0 1 13 0 5 0 5 7 9 11 0 9 5 9 0 7 5 17 13 5 5 1 9 15 9 1 3 0 5 9 11 13 27 0 0 7 15 11 11 1 9 0 1 1 3 7 0 0 1 0 1 7 0 0 1
 5 0 1 11 7 15 3 15 19 0 13 17 7 3 0 0 15 11 13 13 0 21 19 1 0 1 5 7 5 3 9 7 5 5 0 15 11 5 15 15 3 5 0 15 1 3 3 3 7 11 7 5 0 13 11 11 1 7 7 0 7 5 0 1 11 17 9 9 15 23 3 3 19 11 19 5 0 0 1 9 15 7 23 5 3 7 7 15 7 15 11 9 5 5 5 15 15 1 3 3 0 5 3 11 1 7 13 3 3 3 0 0 11 13 0 17 15 17 9 0 7 5 7 5 13 15 17 19 5 5 7 13 11 1 13 17 0 0 9 0 5 0 1 17 0 0 7 1 11 0
 9 0 0 0 9 0 1 0 3 0 5 0 0 0 0 0 0 0 3 1 0 0 0 0 0 0 0 0 0 0 0 0 0 0 0 3 7 5 13 0 0 0 0 0 0 0 0 0 0 0 0 0 0 0 5 0 0 0 3 0 0 0 0 0 1 7 0 1 1 15 0 0 5 0 0 5 0 1 0 1 0 1 3 0 0 0 5 0 0 0 5 0 5 0 0 1 5 0 0 0 0 0 0 0 0 0 3 3 0 0 0 0 1 3 0 5 0 3 3 0 0 0 0 0 0 3 19 1 0 0 0 0 0 0 3 3 0 0 5 3 0 0 0 0 0 0 1 0 1 0
 0 0 0 0 0 0 0 1 1 0 0 0 3 0 0 0 0 0 7 0 0 0 5 0 0 0 0 7 0 5 0 0 0 0 0 5 0 0 0 1 0 0 0 0 0 0 0 0 0 0 0 0 0 0 0 0 0 0 0 0 0 0 0 0 1 0 0 0 11 9 0 0 3 0 9 3 0 0 0 0 3 0 1 0 0 0 0 0 0 0 3 0 0 0 1 0 3 0 0 0 0 0 0 0 0 0 0 0 0 0 0 3 0 0 0 0 0 3 0 0 0 0 3 0 0 0 9 0 0 0 0 0 0 0 0 0 0 0 0 0 0 0 0 0 0 0 9 0 0 0
 0 0 0 3 11 0 1 1 9 0 0 0 3 3 5 0 13 1 3 7 0 0 3 0 0 0 3 7 0 0 0 0 0 0 0 0 1 0 3 3 0 0 0 3 0 0 0 3 0 0 0 0 0 3 3 0 0 5 0 0 0 0 0 0 0 11 0 3 13 17 0 7 11 0 9 0 7 0 0 0 0 0 3 7 3 0 3 0 1 3 11 0 7 0 1 0 0 0 0 0 0 9 0 5 0 0 1 0 3 0 0 0 11 0 0 1 5 15 0 0 0 1 0 0 0 1 5 13 0 0 0 0 7 0 1 13 0 0 5 7 7 0 0 1 0 0 9 0 0 0
 9 0 1 0 17 3 3 11 11 0 9 3 17 13 3 1 15 5 13 13 0 7 15 0 0 0 0 13 3 3 0 11 3 0 7 17 15 13 7 1 3 3 0 9 0 1 1 7 0 9 11 9 0 3 5 5 0 1 5 5 3 0 0 0 11 25 7 15 13 19 1 7 17 0 11 19 0 5 0 7 3 9 7 5 3 1 9 11 11 5 17 5 7 1 9 13 17 7 3 0 11 15 0 3 0 0 0 13 9 7 0 3 13 13 5 3 5 13 7 5 9 0 7 3 5 15 23 19 0 0 23 9 19 13 5 13 1 1 3 15 5 0 1 7 0 0 15 0 0 0
 7 0 3 1 9 9 0 9 11 0 7 1 5 0 0 0 1 5 13 0 0 0 9 0 0 0 9 9 7 0 5 0 0 0 0 9 0 7 0 1 0 0 1 0 3 0 1 1 0 7 0 0 0 11 3 0 0 0 0 0 3 3 0 0 0 11 7 7 0 15 1 5 7 0 9 0 0 0 0 0 17 0 17 0 0 1 11 9 1 3 0 0 0 0 1 5 11 0 0 5 0 1 0 3 1 9 0 0 0 0 0 0 15 1 0 9 1 13 11 0 0 3 5 0 1 7 19 5 0 0 3 13 9 7 1 7 5 0 3 3 9 0 0 0 1 0 5 0 5 3
 5 0 0 0 3 3 0 1 7 0 5 3 11 11 0 0 0 7 11 0 0 5 11 0 0 0 1 9 1 0 7 7 0 1 7 7 0 3 0 11 0 9 0 0 0 0 1 7 1 0 7 0 0 0 3 1 0 5 0 0 11 0 0 0 7 17 5 0 9 15 0 3 15 0 5 0 0 0 0 0 11 5 17 1 0 5 0 3 1 5 17 0 9 0 7 7 7 0 0 3 0 11 0 9 7 11 0 11 1 0 1 3 9 1 0 5 0 9 5 0 0 0 17 0 11 5 17 5 1 0 9 11 17 7 1 11 0 0 5 0 15 0 0 3 0 0 15 0 0 0
 13 0 11 17 11 7 11 13 0 0 3 15 15 11 0 0 17 13 17 11 0 15 15 0 0 0 13 11 0 11 11 0 0 0 7 5 3 13 11 3 0 5 0 7 7 0 0 7 0 5 0 0 1 3 7 5 0 11 3 0 9 3 0 0 13 13 7 17 9 33 5 7 13 0 7 7 13 7 7 7 21 7 15 9 0 5 7 13 9 7 5 3 15 1 0 5 13 5 1 3 0 17 0 9 0 1 1 11 3 7 3 5 17 7 0 11 3 5 13 0 0 1 7 0 3 9 27 15 0 1 9 17 19 11 17 13 0 1 7 15 9 0 0 9 1 1 9 0 3 0
 0 0 0 3 0 5 0 3 3 0 0 0 0 13 1 0 3 5 11 3 0 3 13 0 0 0 3 9 1 0 1 0 0 0 1 7 1 5 1 7 0 0 0 0 3 0 1 3 0 9 0 3 0 1 9 9 0 0 0 0 0 0 0 0 11 1 9 9 13 19 0 9 15 0 7 3 0 0 0 0 5 7 5 0 0 0 5 1 0 0 13 0 9 0 1 5 1 0 0 5 1 1 9 5 3 0 0 3 1 0 1 0 13 5 0 7 3 3 7 0 0 0 5 0 3 11 13 11 1 0 0 1 9 15 0 5 0 0 1 0 1 0 0 0 0 0 13 0 0 1
 9 0 1 7 9 1 1 13 13 0 1 15 3 13 5 0 1 9 7 9 1 0 11 1 0 0 13 11 3 1 3 5 0 0 0 9 1 7 3 3 0 9 0 0 0 0 5 1 0 3 0 1 0 9 11 9 3 0 5 0 13 0 0 0 13 17 13 11 15 19 9 0 13 0 7 1 0 0 5 17 19 0 9 0 0 0 5 5 7 13 9 11 5 1 0 3 17 3 3 1 1 5 0 9 0 0 9 9 1 0 7 0 13 1 0 7 1 5 13 0 0 0 1 0 3 9 13 11 0 5 13 1 7 11 7 19 11 0 5 5 9 0 0 3 0 0 17 0 1 3
 17 7 7 7 11 1 9 23 25 13 19 23 19 15 5 7 15 11 17 15 9 13 23 3 1 7 13 23 7 15 19 5 7 3 19 11 9 9 19 7 7 11 9 11 1 9 11 15 1 21 15 0 5 9 17 15 3 3 5 3 13 19 0 15 11 13 15 17 9 25 9 0 19 0 15 11 17 9 7 11 17 25 27 7 3 11 13 13 5 9 21 5 21 3 5 15 15 11 3 15 13 15 15 21 11 19 15 15 11 13 11 7 21 17 3 15 19 13 17 0 9 5 9 1 13 17 27 23 7 1 17 35 17 15 13 13 13 7 13 21 9 0 5 15 13 1 17 3 15 19
 0 0 3 9 3 1 9 13 11 0 5 7 11 13 7 3 13 0 9 9 0 5 11 0 0 0 9 21 1 5 13 1 0 0 3 5 5 7 15 9 1 0 0 7 1 0 9 3 0 7 5 0 0 9 11 17 13 5 1 3 17 7 0 0 11 13 7 7 7 17 13 9 9 0 11 15 5 5 7 11 7 3 15 0 0 1 15 1 9 7 19 5 7 5 0 9 13 1 0 5 3 15 7 19 0 0 1 25 7 1 1 3 27 7 0 13 3 1 1 0 1 19 9 0 7 7 21 17 0 0 13 19 11 3 1 13 5 0 5 1 1 0 0 9 0 0 11 0 7 1
 0 0 0 3 5 0 0 9 0 0 1 3 3 0 1 0 0 9 0 1 0 0 1 0 0 0 1 0 0 0 0 0 0 0 0 1 0 7 7 0 0 0 0 0 0 0 0 0 0 0 0 0 0 0 0 1 0 1 0 0 0 0 0 0 0 9 0 9 7 0 0 0 7 0 5 9 0 0 0 0 0 0 0 0 0 0 3 0 0 0 9 0 3 0 3 7 0 0 0 0 0 1 0 9 0 0 0 0 0 0 0 0 3 0 0 0 0 0 7 0 0 0 0 0 0 3 9 3 0 0 3 1 3 5 0 3 0 0 3 0 0 0 0 0 0 0 1 0 0 0
 0 0 0 0 0 0 0 0 0 0 0 0 0 0 0 0 0 0 0 0 0 0 1 0 0 0 0 1 0 0 0 0 0 0 0 0 0 0 0 0 0 0 0 0 0 0 0 0 0 0 0 0 0 0 1 0 0 0 0 0 0 0 0 0 0 0 0 0 0 3 0 0 3 0 3 0 0 0 0 0 1 0 0 0 0 0 0 0 0 0 1 0 0 0 0 0 0 0 0 0 0 1 0 0 0 0 0 0 0 0 0 0 0 0 0 1 0 0 0 0 0 0 0 0 0 0 1 1 0 0 0 0 0 0 0 0 0 0 0 1 0 0 0 0 0 0 0 0 0 0
 0 0 3 0 1 3 0 5 9 0 3 0 3 1 0 0 1 1 9 0 0 0 5 0 0 0 0 11 0 7 0 0 0 0 0 0 0 0 5 0 0 0 0 0 0 0 0 0 0 0 0 0 0 1 3 7 0 0 0 0 0 0 0 0 1 3 0 9 0 19 0 1 3 0 3 0 0 0 0 0 0 0 0 0 0 0 0 0 0 3 1 0 0 0 0 0 0 0 0 0 0 0 1 0 0 0 0 0 0 0 1 0 3 0 0 0 1 1 15 0 0 0 1 0 0 0 3 5 0 0 1 0 0 0 0 5 0 0 9 1 0 0 0 0 0 0 1 0 0 0
 0 0 0 0 0 11 0 3 0 0 5 0 11 5 0 0 3 0 0 0 0 1 1 0 0 0 0 3 0 0 0 0 0 0 0 1 1 0 0 0 0 0 0 0 0 0 0 0 0 0 0 0 0 0 9 0 0 0 1 0 0 0 0 0 0 7 0 0 3 7 0 0 15 0 7 0 0 0 0 5 0 0 1 0 0 0 0 0 0 1 7 0 1 0 1 0 0 0 0 0 0 5 0 0 0 0 0 3 0 0 0 0 7 3 0 3 0 0 7 0 0 0 0 0 0 5 7 0 0 0 0 0 1 0 0 1 0 0 0 9 3 0 0 0 0 0 3 0 0 0
 0 0 0 0 0 0 0 7 9 0 0 0 3 3 0 0 0 0 7 0 0 1 3 0 0 0 0 3 0 0 1 0 0 0 0 0 0 0 1 0 0 0 0 1 0 0 0 0 0 1 0 0 0 0 0 0 0 5 0 0 0 0 0 0 0 3 1 0 0 9 0 0 0 0 0 0 0 0 0 0 0 0 0 0 0 0 0 7 0 0 0 0 0 0 0 0 1 0 0 0 0 0 0 0 0 0 0 0 0 0 0 0 1 0 0 1 0 1 0 0 0 0 0 0 0 0 5 3 0 0 3 0 0 0 0 1 0 0 0 0 3 0 0 0 0 0 0 0 3 1
 0 0 0 0 0 0 0 0 0 0 0 0 0 0 0 0 0 0 0 0 0 0 0 0 0 0 0 0 0 0 0 0 0 0 0 0 0 0 0 0 0 0 0 0 0 0 0 0 0 0 0 0 0 0 0 0 0 0 0 0 0 0 0 0 3 0 0 0 0 0 0 0 0 0 0 0 0 0 0 0 0 0 0 0 0 0 0 0 0 0 0 0 0 0 0 0 0 0 0 0 0 0 0 0 0 0 0 0 0 0 0 0 0 0 0 0 0 0 0 0 0 0 0 0 0 0 0 0 0 0 0 0 0 0 0 0 0 0 0 0 0 0 0 0 0 0 1 0 0 0
 1 0 0 1 0 0 3 9 0 0 0 7 9 7 0 0 0 0 9 0 0 3 15 0 0 0 0 3 0 3 0 0 0 1 0 1 1 0 13 0 0 0 0 0 0 0 0 0 0 0 1 0 0 9 7 1 0 0 7 0 5 0 0 0 1 5 3 5 7 15 0 0 11 0 7 0 0 1 0 3 1 11 5 0 7 0 3 7 1 0 11 5 7 0 0 3 7 0 0 3 0 9 0 0 0 0 0 1 0 1 1 0 7 0 0 0 3 5 3 0 1 0 3 0 0 1 9 7 0 0 0 5 0 0 1 1 0 1 0 0 1 0 0 1 0 0 9 0 0 0
 0 0 0 3 5 9 0 5 9 0 1 5 7 9 1 1 9 3 1 0 0 3 7 0 0 0 9 7 0 0 1 0 0 0 1 1 11 1 7 7 0 0 0 3 0 5 1 0 0 3 0 0 0 7 7 0 0 0 0 0 0 1 1 0 3 3 0 5 5 7 3 0 11 0 5 0 0 0 7 3 5 1 7 0 1 0 9 9 1 0 11 0 0 0 0 13 7 5 0 0 0 7 0 3 0 0 0 0 0 0 0 0 5 5 0 7 3 0 1 0 0 5 0 0 0 1 11 9 0 0 0 7 3 3 0 5 0 0 5 3 0 0 1 0 0 0 7 0 1 1
 0 0 0 0 0 0 0 0 0 0 0 0 3 0 0 0 1 0 0 0 0 0 0 0 0 0 0 3 0 0 0 0 0 0 0 0 0 0 0 0 0 0 0 0 0 0 0 0 0 0 0 0 0 0 0 0 0 0 0 0 0 0 0 0 0 0 0 0 1 3 0 0 0 0 0 0 0 0 0 0 0 0 0 0 0 0 0 0 0 0 1 0 0 0 0 0 0 0 0 0 0 1 0 0 0 0 0 0 0 0 0 0 0 0 0 0 0 0 0 0 0 0 0 0 0 0 3 0 0 0 0 0 0 0 0 0 0 0 0 0 1 0 0 0 0 0 0 0 0 0
 19 9 17 11 15 23 11 15 23 5 29 23 21 25 15 0 9 21 19 11 0 17 23 7 3 1 13 21 0 21 15 21 5 9 11 19 17 25 19 13 7 7 3 9 21 13 9 13 1 13 11 1 0 9 21 19 11 19 21 9 17 11 15 11 13 31 19 21 17 37 19 13 31 0 13 21 19 15 13 13 21 15 17 3 9 11 17 23 5 17 21 15 13 15 9 21 21 7 17 5 7 15 17 23 13 11 1 13 25 21 13 13 23 19 5 23 9 21 27 7 19 13 13 9 13 29 37 23 11 1 15 17 19 25 21 25 1 0 19 13 21 3 11 11 1 3 13 0 19 9
 0 0 0 0 0 0 0 0 0 0 0 0 5 3 0 0 1 0 7 0 0 0 3 0 0 0 3 7 0 0 0 0 0 0 0 0 0 0 0 0 0 0 0 0 0 0 0 0 0 5 0 0 0 5 0 0 0 0 0 0 0 0 0 0 0 0 0 0 1 7 0 0 9 0 0 0 0 0 0 0 0 0 0 0 0 0 0 1 0 0 1 0 3 0 0 0 3 0 0 0 0 0 3 0 0 0 0 5 0 0 0 0 13 0 0 0 1 0 0 0 0 0 0 0 0 0 11 0 0 0 0 0 0 0 0 0 0 0 0 0 0 0 0 0 0 0 0 0 0 0
 0 0 1 5 5 3 0 0 0 0 0 5 11 5 0 0 1 0 7 0 0 0 0 0 0 0 1 9 0 0 0 0 0 0 0 0 5 1 1 0 0 1 0 1 0 0 0 0 0 5 1 0 0 0 0 5 0 3 5 0 0 0 0 0 0 3 7 1 3 7 1 3 13 0 5 0 7 0 0 1 5 0 1 0 0 0 0 3 0 0 11 0 0 0 0 0 0 0 0 1 3 7 0 0 0 0 0 1 0 0 0 5 3 0 0 0 0 0 3 0 0 0 0 0 1 1 17 3 0 0 0 1 3 9 0 7 0 0 1 0 0 0 0 1 0 0 5 0 1 0
 1 0 3 0 1 3 0 7 1 0 9 9 13 13 3 0 0 5 11 9 0 5 5 0 0 0 11 1 0 3 11 0 0 0 0 11 7 11 9 0 0 5 0 3 0 0 5 7 0 3 0 0 1 1 11 0 1 1 3 0 1 1 0 0 3 13 3 5 9 11 7 1 1 0 11 0 0 7 7 3 11 5 11 0 0 0 5 0 3 0 11 0 9 0 1 7 11 0 5 5 1 13 0 3 3 7 0 3 0 0 9 1 7 5 0 1 0 5 0 0 0 0 0 0 0 11 23 11 0 0 0 5 0 9 9 9 0 0 7 7 7 0 0 5 0 0 19 0 1 3
 13 0 1 13 7 3 1 13 9 0 13 9 11 13 9 0 7 15 9 7 0 13 15 0 0 0 11 9 0 7 0 5 0 3 13 17 11 11 9 11 0 1 0 0 1 7 5 0 0 7 0 3 7 0 11 5 0 5 9 0 15 3 0 0 9 9 11 13 15 21 0 3 5 0 17 5 0 0 5 3 11 15 19 3 13 3 9 7 3 3 3 7 9 0 0 9 0 9 1 7 3 7 0 3 1 1 3 5 5 1 0 7 11 9 0 7 9 3 13 1 11 5 1 0 9 3 13 13 5 0 13 7 5 7 1 15 0 0 9 7 1 0 13 5 0 3 7 0 3 1
 9 0 3 7 5 11 0 9 9 0 11 11 15 11 0 0 5 9 7 9 1 11 17 0 0 0 5 9 0 0 5 9 0 1 0 11 1 5 7 9 0 0 0 5 0 0 5 3 0 5 3 1 0 9 13 5 5 9 1 0 3 0 0 0 13 11 13 19 21 21 5 0 7 0 11 9 0 0 0 11 3 9 15 11 3 0 5 15 0 13 9 0 0 1 1 11 17 0 0 3 0 11 0 0 1 0 0 0 9 7 0 0 19 5 0 9 0 3 17 0 11 7 9 0 1 11 19 11 0 0 7 7 9 13 11 15 0 3 5 5 15 0 0 9 3 3 11 0 7 0
 0 0 0 0 0 7 0 1 13 0 3 0 11 7 0 1 0 5 1 0 0 0 7 0 0 0 0 5 0 1 5 0 0 0 0 5 3 0 3 5 0 0 0 0 0 0 0 1 0 0 0 0 0 0 9 3 0 5 3 0 1 0 0 0 7 5 3 0 5 7 0 0 7 0 15 0 0 0 0 0 0 0 7 1 0 0 0 7 0 0 13 0 1 0 0 5 1 0 0 0 0 5 0 0 0 0 0 9 1 0 0 0 3 3 0 5 0 1 7 0 3 0 1 0 0 0 11 3 1 0 0 3 9 0 0 11 0 0 11 0 0 0 0 0 0 0 3 0 0 0
 1 0 0 0 5 0 0 0 5 0 9 0 3 5 0 0 0 0 1 0 0 7 0 0 0 0 0 0 0 1 0 0 0 0 0 1 0 7 0 0 0 0 0 0 0 0 0 5 0 0 0 0 0 7 0 3 0 0 0 0 0 0 0 0 7 0 1 9 1 13 0 0 9 0 7 0 0 0 0 13 0 0 1 0 0 0 0 5 0 0 3 0 1 0 0 0 0 0 0 0 0 3 0 3 0 0 0 3 0 0 0 0 0 0 0 1 0 0 9 0 0 0 1 0 0 0 11 5 0 0 0 11 0 1 0 1 0 0 0 0 0 0 0 0 0 0 0 0 0 0
 1 0 1 0 7 1 1 3 3 0 3 0 3 7 0 1 0 5 5 0 0 3 0 0 0 0 0 9 0 0 0 0 0 0 0 5 0 1 7 1 0 0 0 0 0 0 0 0 0 0 0 0 0 0 9 1 0 1 0 0 0 5 0 0 1 5 9 1 7 11 0 0 17 0 1 3 0 0 0 9 3 0 11 0 0 0 0 0 0 0 0 0 0 0 0 0 0 0 0 0 0 3 0 0 0 0 3 0 5 0 0 0 1 0 0 9 5 0 0 0 0 0 5 0 5 7 13 13 0 0 1 7 0 0 5 3 0 0 5 1 1 0 0 0 0 0 7 0 0 0
 0 0 0 1 3 0 0 0 0 0 0 0 0 3 0 0 0 0 5 0 0 0 5 0 0 0 0 0 0 0 0 0 0 0 0 0 0 0 0 0 0 0 0 0 0 0 0 0 0 0 0 0 0 0 0 0 0 0 0 0 0 0 0 0 3 3 3 0 3 7 0 0 9 0 3 0 0 0 0 0 0 0 0 0 0 0 7 0 0 0 1 0 0 0 0 0 0 0 0 0 0 0 0 0 0 0 0 0 1 0 0 3 5 0 0 1 0 0 1 0 0 0 0 0 1 0 9 1 0 0 0 0 0 0 0 0 0 0 0 0 0 0 0 0 0 0 5 0 0 0
 0 0 9 3 0 1 9 5 19 0 3 1 7 7 5 0 11 13 1 0 0 3 17 0 0 0 0 5 5 7 3 0 0 0 0 7 1 9 1 0 3 0 0 1 0 0 3 3 0 0 0 0 0 5 1 0 0 5 0 0 3 7 0 3 5 13 5 9 15 21 3 1 15 0 19 7 1 0 0 0 5 1 15 0 0 0 7 3 11 15 7 0 5 0 1 5 11 5 0 0 0 9 0 1 3 5 1 5 0 0 5 0 9 1 0 15 0 7 13 0 3 3 0 0 0 13 17 9 3 0 11 9 21 5 1 13 0 0 0 3 3 0 1 0 0 0 13 0 0 0
 7 0 3 5 9 0 7 11 13 0 1 11 15 11 0 0 5 9 15 11 0 5 7 0 0 0 3 9 0 0 9 5 5 0 7 5 1 3 3 0 0 0 0 5 0 0 3 5 1 5 0 3 0 1 5 0 0 9 11 1 7 7 0 3 17 5 3 5 9 21 0 0 11 0 1 5 5 0 0 1 7 7 7 1 0 1 5 7 0 0 9 3 9 0 11 11 5 0 0 0 0 3 3 1 0 7 11 7 5 1 0 1 7 7 0 11 0 7 17 0 11 0 7 0 0 7 25 7 7 0 17 13 11 5 1 9 0 0 9 5 15 0 0 0 0 1 3 0 1 5
 0 0 3 11 3 9 9 15 9 0 5 3 11 7 5 0 1 9 9 3 0 13 13 5 0 0 11 11 1 0 11 7 7 3 9 5 0 3 15 1 0 5 5 7 3 5 7 1 0 9 7 3 0 15 15 17 0 0 0 0 1 3 0 0 15 13 7 13 9 27 3 15 11 0 13 7 7 0 1 9 11 5 17 11 0 0 7 1 0 9 13 7 5 0 7 19 15 0 0 3 0 11 0 1 7 0 15 11 5 0 5 0 5 9 0 3 3 11 11 7 1 5 15 0 0 1 15 11 0 0 3 7 11 0 3 11 1 1 15 9 5 0 0 5 1 0 15 0 0 0
 1 0 3 0 0 1 0 3 1 0 1 0 13 1 0 0 0 0 7 0 0 5 1 0 0 0 7 1 0 0 0 0 0 0 0 7 0 7 0 0 0 5 0 1 0 0 0 0 0 7 0 0 0 0 1 0 0 0 1 0 0 0 0 0 0 3 5 7 11 13 0 0 13 0 1 5 0 0 0 3 1 5 0 0 0 0 0 3 0 0 7 0 0 0 0 11 5 0 0 0 0 9 0 0 0 0 0 0 3 0 0 1 9 1 0 1 5 3 0 0 0 0 9 0 0 1 7 9 0 0 3 7 3 0 3 0 0 0 0 1 1 0 0 0 0 0 9 0 3 0
 0 0 0 0 0 0 1 0 0 0 1 0 0 0 0 0 1 1 0 0 0 0 0 0 0 0 0 5 0 1 3 0 0 0 0 0 0 3 0 0 0 0 0 0 0 0 0 0 0 1 3 0 0 5 1 3 0 0 0 0 0 0 0 0 5 1 1 1 0 5 0 0 7 0 0 0 1 0 0 0 0 3 7 0 0 0 0 0 0 0 7 0 5 0 0 3 0 0 0 3 0 9 0 0 0 5 0 9 0 0 0 1 1 0 0 0 0 5 3 0 0 0 0 0 0 0 11 3 0 0 0 0 0 1 0 3 0 0 1 0 9 0 0 0 0 0 1 0 0 0
 3 0 1 0 15 1 0 0 1 0 9 1 7 0 3 0 1 1 9 3 0 3 15 0 0 0 7 3 0 1 0 5 0 0 0 1 3 5 3 3 0 0 1 0 0 0 7 0 0 0 0 5 0 1 5 0 0 0 0 0 1 0 0 0 9 13 1 9 9 11 0 0 1 0 7 5 0 0 1 5 17 5 3 0 9 1 9 11 0 1 9 5 0 0 0 3 15 0 0 3 1 3 0 1 0 0 1 1 7 0 0 0 11 0 0 7 5 7 15 0 0 3 11 0 7 0 5 15 0 0 5 0 1 7 11 15 0 0 5 0 1 0 1 0 0 0 0 0 7 0
 3 0 0 1 1 5 0 5 13 0 3 0 7 7 0 0 0 0 1 3 0 0 3 0 0 0 9 0 0 3 0 0 0 0 0 9 9 5 0 0 0 0 1 0 0 0 1 0 0 3 0 0 0 3 5 0 0 0 0 0 1 0 0 0 7 11 0 0 9 17 1 1 11 0 7 7 3 0 0 1 5 9 5 0 1 0 5 5 0 0 15 0 0 0 0 11 3 0 0 1 0 0 0 0 3 0 3 1 0 0 0 0 5 3 0 5 1 7 0 0 0 0 7 0 0 1 17 15 0 0 0 1 5 1 7 9 0 3 0 0 0 0 1 0 0 0 0 0 5 0
 0 0 0 0 0 0 0 0 1 0 7 0 0 3 0 0 0 0 9 0 0 0 5 0 0 0 0 7 0 0 1 0 0 0 0 0 0 0 0 0 0 0 0 0 0 0 0 0 0 0 0 0 0 0 0 0 0 1 0 0 0 0 0 0 0 0 0 0 1 9 0 0 0 0 0 0 0 0 0 0 0 5 0 0 0 0 0 0 0 0 0 0 0 0 0 0 0 0 0 0 0 3 0 0 0 0 0 1 0 0 0 0 0 0 0 0 0 0 0 0 0 0 7 0 0 0 11 3 0 0 0 0 1 0 0 1 0 0 0 0 1 0 0 0 0 0 0 0 0 0
 1 0 9 0 7 5 3 13 3 0 0 0 9 0 0 0 1 1 9 3 0 0 9 0 0 0 7 9 0 0 0 3 0 0 0 3 5 7 13 3 0 0 0 1 1 1 7 0 0 7 7 0 0 3 9 9 0 5 5 0 7 0 0 0 7 21 7 9 9 17 0 7 11 0 9 1 3 0 7 15 7 1 11 5 0 0 5 13 0 3 13 0 7 0 9 5 15 0 0 0 0 1 1 9 0 0 0 7 0 3 0 3 5 1 0 3 0 0 21 0 3 0 0 0 7 1 13 3 3 0 3 11 0 0 11 17 3 0 3 1 1 0 0 0 0 0 13 0 7 0
 0 0 1 0 5 0 0 0 0 0 0 0 3 5 1 0 0 0 0 0 0 3 7 0 0 0 0 5 0 0 0 0 0 0 1 0 5 0 0 5 0 0 0 0 0 0 0 0 0 0 0 0 0 0 1 0 0 11 0 0 0 0 0 0 0 5 3 0 5 7 0 3 1 0 0 3 0 0 1 0 0 1 3 0 0 0 1 0 5 5 5 0 0 0 0 5 1 0 0 0 0 0 0 0 0 0 0 0 0 0 0 0 7 1 0 0 0 0 3 0 0 0 3 0 0 5 17 5 0 0 3 0 0 0 1 5 0 0 0 5 0 0 0 3 0 0 1 0 0 0
 13 1 7 13 1 7 5 7 19 0 15 17 7 13 5 5 5 13 13 17 0 15 21 13 7 3 11 11 1 1 13 9 3 0 3 7 7 17 23 11 5 1 1 5 5 3 5 9 0 9 1 0 0 1 19 13 0 5 13 0 13 0 0 0 3 23 11 5 19 21 11 7 13 0 21 11 11 9 0 13 17 7 19 7 1 7 19 15 9 7 23 9 25 0 1 13 19 9 3 11 1 19 3 5 7 5 9 1 9 1 13 3 13 7 7 3 0 17 23 5 3 1 7 1 1 7 31 19 3 0 9 23 7 13 19 19 7 0 15 7 17 0 13 7 9 0 15 0 7 0
 13 0 13 0 0 5 5 7 7 0 9 0 1 5 0 0 0 7 9 15 0 1 5 0 0 0 1 5 3 1 0 7 0 0 0 3 0 5 13 5 0 0 0 3 0 5 0 3 0 0 5 1 0 3 0 0 0 0 0 3 0 7 0 7 0 19 1 0 7 13 7 1 11 0 13 3 0 3 0 3 9 5 11 0 0 0 5 1 7 7 17 0 9 0 0 9 5 0 0 5 3 13 1 9 7 3 0 11 0 0 0 7 13 11 0 0 0 0 15 0 5 7 0 0 1 0 21 1 5 0 3 5 11 7 7 11 0 0 1 0 17 0 1 5 0 1 9 0 0 5
 0 0 0 0 13 0 0 3 0 0 0 0 0 7 0 0 0 3 5 0 0 0 1 0 0 0 5 3 0 0 0 0 0 0 0 0 7 3 0 0 0 0 0 0 0 0 0 0 0 0 0 3 0 0 3 1 0 0 0 0 0 0 0 0 0 11 5 1 1 9 0 0 9 0 5 1 0 0 0 0 3 3 11 0 0 0 0 0 0 0 5 0 0 0 0 0 0 0 0 0 0 1 0 3 0 0 0 0 0 0 0 0 5 0 0 0 1 0 7 0 0 0 0 0 0 0 9 0 0 0 0 1 0 1 0 7 0 0 0 0 3 0 0 0 0 0 1 0 0 0
 0 0 0 0 0 0 1 5 3 0 1 0 0 0 0 0 0 3 1 0 0 0 9 0 0 0 0 0 0 0 0 0 0 0 0 0 0 3 7 0 0 0 0 0 0 0 0 0 0 0 0 0 0 0 0 1 0 0 0 0 0 0 0 0 3 9 3 3 0 11 0 0 7 0 0 5 0 1 0 0 5 1 7 0 0 0 0 1 0 0 11 0 0 0 0 5 0 0 0 0 0 3 0 5 0 0 0 0 0 0 0 0 3 0 0 0 0 13 7 0 0 0 3 0 0 0 17 7 0 0 0 0 0 0 0 11 0 0 0 0 0 0 0 0 0 0 0 0 0 0
 1 0 7 0 7 1 3 5 3 0 1 0 1 19 0 1 3 9 7 1 0 7 15 0 0 1 3 19 1 0 5 5 0 1 5 9 5 7 19 7 0 0 0 7 0 0 0 0 0 0 3 0 0 11 13 7 0 7 1 0 1 0 0 0 9 17 13 9 15 13 9 0 11 0 15 1 1 0 1 1 7 7 17 0 1 1 7 7 11 1 7 9 9 0 3 9 5 0 5 5 5 7 0 0 5 0 5 3 5 3 0 0 11 5 0 7 7 3 17 0 0 0 0 0 5 9 11 3 0 3 15 1 5 15 7 13 0 7 1 9 3 0 0 0 0 3 5 0 3 9
 3 0 15 3 9 21 9 9 5 0 11 9 7 7 11 3 1 19 15 9 5 11 9 1 0 0 15 9 11 0 13 0 0 1 3 13 9 9 3 3 0 0 3 11 9 0 3 0 0 1 5 5 0 23 11 7 0 1 1 0 5 0 0 5 11 11 13 7 11 17 1 11 21 0 13 9 0 0 11 15 9 15 17 13 1 5 15 17 3 7 17 9 9 0 7 13 17 0 0 3 0 13 5 13 7 1 7 9 5 13 0 5 5 5 0 7 3 5 13 0 11 7 13 0 3 7 23 11 0 0 11 5 19 11 0 19 0 3 7 11 3 0 0 9 0 0 11 1 0 1
 9 0 3 3 3 0 9 5 13 0 3 7 7 9 7 0 1 9 0 3 0 1 9 0 0 0 5 7 0 1 7 0 0 1 0 11 1 0 7 9 0 0 0 3 0 1 0 0 0 1 0 0 0 5 11 17 9 0 0 0 0 0 0 0 9 17 1 3 7 13 0 1 9 0 17 0 0 0 0 1 5 9 3 3 3 0 11 0 0 0 9 1 9 0 0 1 15 0 0 0 0 11 9 3 0 0 0 1 0 3 0 0 13 7 0 11 0 3 7 0 5 3 7 0 5 5 17 11 0 0 9 13 3 5 7 15 1 0 3 3 0 0 0 1 0 0 13 0 9 3
 11 0 11 11 13 5 3 15 15 0 13 9 9 19 5 7 1 19 15 13 11 9 13 1 9 0 9 23 3 0 5 13 1 5 15 9 17 7 23 11 0 0 0 3 0 3 9 7 1 5 11 9 3 11 19 9 0 11 3 3 0 0 0 0 15 9 11 9 15 23 15 15 11 0 17 0 0 0 3 5 9 3 15 7 3 3 7 5 0 13 17 9 7 0 0 15 13 0 11 13 0 19 7 11 9 0 15 13 5 5 11 3 11 0 0 9 9 9 13 0 7 9 3 3 5 7 19 7 0 7 5 15 17 1 7 15 7 0 11 5 3 0 5 11 0 5 7 0 13 7
 0 0 0 0 0 1 0 3 0 0 0 0 3 1 0 0 0 0 9 0 0 1 0 0 0 0 0 0 0 0 0 0 0 0 0 3 0 0 0 3 0 0 0 0 0 0 0 0 0 0 0 0 0 5 5 0 0 0 0 0 0 0 0 0 0 0 1 0 3 9 0 0 0 0 5 0 0 0 0 0 0 0 5 0 0 0 0 0 0 3 0 0 1 0 0 0 0 0 0 0 0 0 0 1 0 0 0 0 0 0 0 0 1 0 0 0 0 0 0 0 0 0 1 0 0 0 0 3 0 0 0 0 1 5 0 3 0 0 0 0 0 0 0 0 0 0 0 0 0 0
 5 0 1 5 13 13 3 5 9 0 7 0 7 15 0 0 0 5 19 7 0 1 11 0 0 7 9 13 0 3 5 0 0 0 0 7 5 5 11 0 0 0 0 0 0 11 0 7 0 1 1 0 0 3 11 3 1 7 5 7 0 1 0 0 13 17 0 19 9 19 9 11 15 0 0 11 7 3 7 1 3 7 11 7 0 5 7 7 1 5 13 0 7 0 0 7 9 5 0 0 0 7 0 0 0 0 0 13 5 3 7 0 13 9 0 9 1 11 13 5 3 3 3 0 13 13 29 9 0 0 3 7 13 3 5 7 0 0 9 11 13 0 0 3 0 0 11 0 0 0
 0 0 0 0 7 0 0 0 0 0 0 5 9 0 0 0 0 5 5 0 0 3 5 0 0 0 0 9 0 0 0 0 0 0 0 3 1 5 3 0 0 0 0 0 0 0 0 0 0 3 0 0 0 5 15 0 0 0 0 0 0 0 0 0 0 5 9 1 1 13 1 0 9 0 1 5 0 0 3 7 0 7 7 0 0 0 3 1 0 1 7 0 3 0 0 0 0 1 0 0 0 0 3 0 0 0 0 0 0 0 0 0 3 0 0 3 3 0 9 0 0 0 0 0 1 5 17 3 0 0 9 0 0 5 0 7 0 0 5 1 0 0 0 0 0 0 7 0 1 0
 5 0 11 0 15 0 9 5 3 0 7 0 0 17 7 0 7 1 9 7 0 5 19 0 0 0 9 11 0 1 9 0 1 1 0 0 5 13 11 3 0 0 0 3 0 0 3 1 0 0 0 0 0 1 9 7 3 0 0 7 0 3 0 1 3 15 17 5 13 17 7 3 17 0 7 9 0 0 0 7 7 3 7 0 7 0 7 5 1 0 3 1 3 0 0 3 13 0 0 3 0 11 5 11 0 0 5 11 0 0 0 0 13 5 0 9 0 0 11 0 0 5 0 0 1 5 15 3 0 0 7 11 3 3 1 5 0 0 5 0 5 0 9 0 0 0 5 0 9 1
 5 0 3 0 5 7 1 13 13 0 1 3 11 13 7 1 11 9 11 0 0 5 9 0 0 0 11 3 0 13 5 3 0 0 0 9 9 1 5 7 0 3 1 5 0 0 0 0 0 5 0 1 0 3 9 5 1 0 0 0 9 3 0 5 15 19 17 9 13 19 3 9 7 0 5 3 0 0 1 3 11 7 17 0 0 1 9 0 7 3 13 1 5 0 0 9 19 1 0 7 1 11 5 9 3 0 0 9 7 5 0 0 19 9 0 9 9 11 17 0 5 1 3 0 5 15 25 11 0 1 7 11 3 0 0 13 0 0 5 7 9 0 0 3 0 0 13 0 3 0
 1 0 5 7 5 1 9 9 5 0 3 7 0 9 1 0 0 3 9 3 0 0 7 0 0 0 13 15 0 5 9 0 0 3 0 7 1 7 5 1 0 0 0 9 0 0 3 0 0 0 0 0 0 0 15 0 3 1 3 0 5 0 0 0 11 11 5 5 15 15 1 1 5 0 5 3 13 0 3 5 1 0 7 0 0 0 11 5 0 0 11 1 7 0 5 9 11 0 0 3 0 7 5 9 0 7 0 11 0 0 1 0 19 0 0 0 1 3 11 0 3 0 5 0 3 11 11 11 0 0 5 13 9 3 9 13 5 0 0 3 9 0 0 0 0 0 13 0 13 0
 3 0 0 3 1 0 11 0 3 0 3 3 3 3 1 0 0 0 0 0 0 0 5 0 0 0 1 9 0 0 0 0 0 0 0 0 0 0 7 3 0 0 0 0 0 0 0 0 0 0 0 0 0 0 3 7 0 1 0 0 0 0 0 0 3 7 7 0 11 13 0 1 1 0 0 0 0 0 3 0 0 1 3 0 0 0 3 0 0 0 0 0 9 0 0 3 1 0 0 0 0 7 0 3 0 0 0 0 1 0 0 0 5 0 0 1 0 5 3 0 0 0 0 0 0 0 13 1 0 0 0 3 7 5 0 3 0 0 0 0 7 0 0 0 0 0 3 0 0 0
 3 0 0 11 3 11 1 1 9 0 1 0 11 1 5 0 1 3 5 1 0 5 3 0 0 0 1 5 0 0 0 0 0 0 0 3 0 7 5 1 0 0 0 3 7 0 1 1 0 3 0 0 0 9 7 0 0 1 0 0 0 0 0 0 9 5 5 3 9 21 3 7 17 0 7 3 5 0 0 0 11 0 0 3 0 0 0 9 0 9 7 1 3 0 9 5 5 0 0 1 0 13 0 3 3 0 1 0 0 0 1 0 7 0 0 9 5 11 15 0 0 5 7 0 0 9 9 11 1 0 0 0 0 1 0 7 0 0 7 0 0 0 1 0 0 0 9 0 0 11
 0 0 0 9 11 3 3 7 17 0 9 7 11 13 0 0 3 9 5 1 0 11 7 5 0 0 9 9 0 9 13 7 0 3 1 15 0 0 15 0 0 0 0 15 1 0 7 1 0 1 0 1 0 7 15 3 0 5 1 0 1 1 0 0 13 15 3 1 19 23 0 1 13 0 11 7 3 0 0 15 5 7 13 11 0 5 7 11 5 1 9 0 5 0 5 9 9 0 0 0 0 1 0 3 1 0 1 3 1 0 0 0 21 5 0 7 0 9 13 0 17 0 3 0 0 9 19 13 0 0 7 19 7 1 11 7 3 0 5 15 9 0 0 9 0 0 13 0 5 0
 0 0 3 1 1 3 0 9 5 0 9 7 5 9 5 0 13 1 0 1 0 7 11 0 0 0 5 15 0 15 3 1 0 0 1 1 0 9 1 11 0 0 0 7 0 0 3 1 1 0 0 0 1 7 9 5 1 15 0 0 0 0 0 0 15 13 0 3 7 17 0 3 11 0 23 9 0 3 1 3 5 7 7 0 5 0 3 5 3 3 9 1 1 0 7 15 5 3 5 9 0 5 0 11 1 3 0 13 0 1 0 3 5 1 0 13 0 3 9 7 9 0 1 0 5 11 13 5 3 0 0 15 1 5 9 0 3 0 0 0 0 0 5 3 0 5 5 0 0 0
 0 0 1 3 7 0 9 9 1 0 7 0 7 11 0 0 0 0 15 0 0 7 7 0 0 0 11 17 0 0 5 3 0 0 0 5 0 1 1 3 0 1 0 1 0 0 5 1 0 5 5 0 7 15 0 9 0 7 0 0 5 7 0 0 5 3 11 1 13 19 5 3 13 0 5 0 0 0 1 9 5 7 0 1 0 11 0 0 5 11 9 0 9 0 0 11 7 7 0 3 0 7 11 11 9 11 1 15 11 5 0 0 3 15 0 7 0 3 9 0 0 0 3 0 5 5 17 11 1 0 7 5 9 0 1 9 0 0 5 0 21 0 0 1 0 0 3 0 0 1
 0 0 0 0 0 0 0 0 0 0 0 0 1 0 0 0 0 0 0 0 0 5 5 0 0 0 3 0 0 0 0 1 0 0 0 1 0 3 0 0 0 0 0 0 0 0 0 0 0 0 0 0 0 0 1 0 0 0 0 0 0 0 0 0 0 3 0 0 0 9 0 0 3 0 0 0 0 0 0 0 1 0 0 0 0 0 0 0 0 0 11 0 0 0 0 0 0 0 0 0 0 0 0 0 0 0 0 0 0 0 0 0 0 0 0 0 0 0 0 0 0 0 0 0 0 1 9 7 0 0 0 0 0 0 0 0 0 0 0 0 0 0 0 0 0 0 9 0 0 0
 0 0 3 1 5 9 0 1 1 0 1 0 3 3 0 0 0 0 15 1 0 7 1 0 1 0 9 0 0 5 0 0 0 0 0 5 9 0 5 11 0 0 1 0 0 0 0 1 0 0 0 0 0 0 9 1 0 0 0 0 0 0 0 0 11 9 5 0 9 17 5 0 9 0 3 1 0 0 0 0 5 11 3 0 0 0 0 5 1 0 7 0 0 0 0 5 7 0 0 0 3 3 0 7 0 0 3 13 7 0 0 0 9 0 0 3 5 9 11 0 0 0 5 0 0 9 17 11 0 0 0 3 3 0 1 7 0 0 5 1 5 0 0 1 0 0 3 0 0 1
 5 0 17 13 13 11 17 13 17 0 3 11 3 19 13 3 9 9 15 9 0 1 23 7 1 0 15 21 3 3 9 5 3 0 5 17 13 15 19 5 0 5 5 7 3 9 5 7 0 13 0 0 1 17 19 7 0 13 11 1 13 9 0 9 5 11 13 15 15 13 9 11 19 0 21 9 7 11 3 11 9 19 13 9 11 11 7 7 7 11 21 15 13 0 7 15 15 1 7 19 3 9 5 7 15 9 17 9 13 5 11 17 17 7 0 17 9 5 19 0 11 5 11 9 11 9 25 23 9 13 13 23 15 7 15 13 0 0 13 9 21 0 9 9 0 7 21 3 15 9
 1 0 0 0 0 0 0 9 0 0 5 0 0 7 0 0 7 0 9 0 0 3 0 0 0 0 0 5 0 0 0 13 0 0 0 9 0 3 7 0 0 0 0 0 0 0 0 0 0 0 0 0 0 0 7 0 0 0 0 0 0 0 0 0 1 0 1 0 0 13 5 0 5 0 1 3 0 0 0 0 0 0 0 0 0 0 0 1 0 0 3 0 9 0 1 11 1 0 0 0 0 3 0 0 0 0 1 0 0 0 0 0 7 0 0 0 0 9 3 0 0 0 0 0 0 0 7 7 0 0 0 0 3 0 0 3 0 0 0 0 1 0 0 3 0 0 3 0 0 0
 3 0 1 5 9 5 0 9 3 0 1 9 1 3 0 1 0 3 9 1 0 0 7 0 0 0 3 9 0 0 5 0 0 0 0 9 0 1 9 5 0 0 1 0 0 5 0 0 0 3 0 0 0 5 3 0 0 0 13 0 0 0 0 0 5 9 0 9 7 11 0 0 11 0 0 5 3 0 1 11 3 0 7 1 5 0 0 7 0 0 7 1 13 3 1 0 9 0 0 1 0 1 0 0 3 0 0 11 0 1 3 1 1 0 0 1 0 7 5 0 3 0 0 0 7 0 9 17 0 9 9 0 5 11 13 3 0 0 7 0 5 0 0 1 0 0 11 0 0 0
 1 0 0 0 5 11 0 0 1 0 1 0 1 0 0 0 1 0 0 1 0 0 0 5 0 0 0 0 0 0 0 0 0 0 0 5 0 0 9 0 0 0 0 0 0 0 0 3 0 0 0 0 0 0 0 0 0 0 0 0 0 0 0 0 1 5 0 3 0 13 0 5 11 0 3 1 0 0 0 0 5 1 9 0 0 0 0 0 0 0 11 1 1 0 3 1 0 0 0 0 0 7 0 1 3 0 0 0 0 0 0 0 1 0 0 0 0 0 13 0 0 0 3 0 0 0 7 1 0 1 0 0 0 0 1 13 0 0 0 0 0 0 0 0 0 0 5 0 0 0
 0 0 0 0 0 0 0 3 0 0 0 0 0 3 0 0 0 0 0 0 0 0 0 0 0 0 0 5 0 3 0 0 0 0 0 0 0 0 0 0 0 0 0 0 0 0 0 0 0 5 0 0 0 0 5 1 0 0 0 0 0 0 0 0 0 3 0 0 1 9 0 0 7 0 15 0 1 0 0 0 0 1 0 0 0 0 1 0 0 1 1 0 0 0 0 0 0 0 0 0 0 3 0 0 0 0 0 0 0 0 0 0 5 0 0 0 0 0 0 0 0 0 0 0 0 0 9 1 0 0 0 1 1 0 3 7 0 0 0 0 0 0 0 0 0 0 5 0 0 0
 3 3 9 0 3 9 7 9 13 0 0 9 13 9 11 5 5 11 5 13 0 5 15 0 1 0 3 5 0 1 5 5 0 1 5 23 17 9 3 13 0 0 1 1 0 3 3 0 5 11 1 0 3 13 13 3 0 11 9 15 9 7 1 3 3 17 7 5 13 17 7 13 17 0 17 5 3 0 3 3 5 3 15 5 13 0 9 17 5 5 13 7 1 0 9 17 11 5 5 1 3 13 0 7 7 3 5 15 1 5 0 3 17 9 9 3 3 11 3 0 15 7 9 0 0 9 15 19 5 0 11 5 13 13 0 13 0 0 7 11 7 0 1 11 0 0 9 1 1 3
 5 0 1 7 7 3 0 13 3 0 5 13 7 11 5 0 0 5 11 0 0 5 0 0 0 0 3 11 0 0 1 1 0 0 0 7 1 13 0 0 0 0 0 0 0 0 0 0 0 0 1 0 0 3 13 5 0 5 5 3 1 5 0 0 13 17 5 1 5 13 0 3 19 0 17 7 1 0 0 0 5 5 7 0 0 0 3 9 3 3 9 0 7 0 0 3 5 5 0 0 0 15 0 1 5 0 0 1 1 0 0 1 3 5 0 9 0 1 5 0 0 0 9 0 0 3 23 13 0 0 5 5 15 5 0 11 0 0 0 9 1 0 0 3 0 0 5 0 0 0
 0 0 11 1 7 1 3 5 13 0 7 5 11 13 7 1 1 3 7 0 0 0 9 7 0 0 3 0 0 9 11 3 0 0 0 3 0 13 5 7 5 5 7 9 0 0 0 1 0 5 0 0 0 11 15 0 3 0 11 0 5 1 0 0 5 13 11 15 1 17 9 0 21 0 11 7 7 0 0 15 5 5 9 0 5 0 5 7 0 9 9 9 7 0 0 3 1 3 0 0 0 5 0 9 0 0 5 5 0 1 3 3 15 1 0 11 3 13 7 0 5 0 1 0 5 5 15 15 0 0 3 7 5 1 1 13 0 0 5 1 13 0 5 3 0 3 5 1 1 0
 1 0 0 0 5 11 1 3 0 0 0 0 9 5 0 0 7 0 0 0 0 0 1 0 0 0 0 3 0 0 5 0 0 0 0 3 13 0 1 0 0 3 3 1 0 1 0 0 0 0 0 5 0 3 0 3 0 0 0 0 0 0 0 0 1 11 0 1 3 7 0 9 13 0 5 7 3 0 0 0 0 0 11 1 0 0 0 1 0 0 0 3 0 0 5 7 0 3 0 0 0 0 0 7 7 0 0 3 0 0 0 0 5 0 0 9 7 0 1 0 0 0 0 0 5 0 9 9 0 0 0 0 1 0 0 0 0 0 0 9 1 0 0 0 0 0 0 0 0 3
 3 0 3 7 15 17 7 9 13 0 13 11 11 17 11 9 15 13 15 5 0 9 9 3 0 0 5 13 11 13 17 11 15 0 7 15 11 15 13 17 7 1 0 11 5 11 3 7 0 11 3 0 0 9 5 5 0 1 1 1 1 9 0 11 5 15 5 3 15 19 7 7 25 0 15 13 5 3 3 7 11 7 13 9 3 1 7 19 13 13 13 7 15 0 13 21 9 13 3 11 0 5 5 11 7 7 15 11 13 7 9 7 15 15 0 19 9 11 15 9 5 3 11 0 9 15 25 19 5 0 11 17 23 15 3 21 0 0 7 11 5 0 9 15 0 3 17 0 9 9
 5 0 1 0 1 1 0 7 1 0 1 0 5 0 5 0 3 7 5 7 0 7 19 0 0 0 0 3 0 0 0 0 0 0 0 0 11 11 9 5 0 0 0 0 0 0 1 0 0 1 0 0 0 7 9 3 0 0 0 0 0 0 0 0 1 17 5 1 9 13 3 5 13 0 3 0 3 0 0 7 9 0 0 3 3 3 3 3 0 7 9 0 3 0 0 7 11 0 0 0 0 5 0 0 0 0 0 7 3 1 0 0 11 9 0 7 0 5 15 3 9 0 0 0 0 0 13 11 0 0 5 1 1 1 5 13 0 0 7 5 1 0 0 0 0 0 1 0 0 0
 0 0 1 0 0 0 0 0 1 0 5 0 1 3 0 0 0 5 9 5 0 1 0 0 0 0 7 0 0 0 0 0 0 0 0 11 3 0 0 0 0 0 0 0 0 0 1 5 0 0 0 0 0 0 1 0 0 0 0 0 0 0 0 0 0 7 9 0 1 11 0 0 17 0 9 0 0 0 0 3 5 0 1 0 0 0 0 1 1 0 9 0 0 0 3 3 7 0 0 0 0 3 0 0 0 0 0 1 0 0 0 0 0 0 0 1 1 1 9 0 0 0 3 0 3 0 11 0 0 0 1 1 3 0 5 0 0 0 0 5 5 0 0 0 0 0 5 0 5 0
 0 0 0 0 0 0 0 0 0 0 0 0 0 0 0 0 0 0 0 0 0 0 0 0 0 0 0 0 0 0 0 0 0 0 0 0 0 0 0 0 0 0 0 0 0 0 0 0 0 0 0 0 0 0 0 0 0 0 0 0 0 0 0 0 0 0 0 0 0 3 0 0 0 0 0 0 0 0 0 0 0 0 0 0 0 0 0 0 0 0 0 0 0 0 0 0 0 0 0 0 0 1 0 0 0 0 0 0 0 0 0 0 0 0 0 0 0 0 0 0 0 0 0 0 0 0 0 0 0 0 0 0 0 0 0 0 0 0 0 0 0 0 0 0 0 0 0 0 0 0
 0 0 0 0 0 0 0 0 0 0 1 0 3 0 0 0 0 0 3 0 0 0 0 0 0 0 0 0 0 0 0 0 0 0 0 9 0 0 0 0 0 0 0 0 0 0 0 0 0 0 0 0 0 0 1 0 0 0 0 0 0 0 0 0 0 0 0 1 0 11 0 0 3 0 5 0 0 0 0 0 0 0 0 0 0 0 0 0 0 0 0 0 0 0 0 3 0 0 0 0 0 0 0 0 0 0 0 0 0 0 0 0 0 0 0 0 0 0 0 0 0 0 0 0 0 1 1 0 0 0 0 1 1 0 0 0 0 0 0 1 0 0 0 0 0 0 0 0 0 0
 5 0 13 7 19 11 0 11 7 3 9 13 17 21 5 5 7 3 7 11 0 9 15 0 0 0 9 21 0 11 0 0 1 0 7 1 15 15 9 0 0 0 5 1 7 5 9 9 0 1 0 9 0 5 1 1 7 7 0 7 0 7 0 3 11 9 11 7 13 19 13 3 17 0 3 5 7 0 1 0 13 11 17 0 0 9 7 3 9 5 15 0 11 0 0 7 7 1 1 5 1 15 1 21 7 3 7 7 0 11 0 0 13 7 0 13 7 15 9 0 5 11 7 0 7 3 25 17 0 0 5 7 1 7 7 9 0 1 7 7 3 0 0 9 0 1 15 0 0 3
 9 0 9 9 19 0 11 13 19 5 7 13 21 9 15 1 7 11 11 3 1 3 15 1 0 0 13 5 0 0 7 0 0 0 5 9 9 15 7 7 9 0 0 5 0 3 11 11 0 11 9 3 0 19 9 9 7 7 11 0 11 0 0 3 5 17 3 13 23 17 5 15 17 0 11 9 15 7 9 1 13 11 23 11 5 3 5 1 1 13 17 3 7 7 9 13 13 0 9 7 0 15 11 11 3 0 5 7 9 7 7 5 25 13 0 17 0 0 19 3 1 5 9 5 13 11 15 13 7 0 11 19 15 7 7 21 3 0 3 9 9 0 5 9 11 3 23 0 9 11
 0 0 1 1 0 1 1 3 3 0 0 5 0 7 0 0 0 1 0 0 0 7 15 0 0 0 1 0 0 7 0 0 0 0 0 7 3 0 9 0 0 0 0 0 0 0 1 0 0 0 0 0 0 1 3 1 0 0 0 0 3 0 0 0 0 9 0 7 0 21 1 1 11 0 5 9 7 0 0 7 3 0 1 0 0 0 0 1 0 3 11 0 0 0 0 11 1 0 0 0 0 5 0 0 0 0 0 1 1 0 5 0 3 1 0 5 0 9 11 0 0 0 1 0 0 0 11 5 0 0 0 5 3 3 0 9 0 0 7 1 1 0 0 0 0 0 0 0 1 0
 0 0 0 0 0 0 0 1 0 0 0 0 7 7 0 0 0 0 0 0 0 0 5 0 0 0 1 0 0 0 0 0 0 0 0 0 0 0 0 0 0 0 0 0 0 0 0 0 0 0 0 0 0 3 7 3 0 0 0 0 0 0 0 0 0 13 1 1 7 3 0 0 3 0 5 0 0 0 0 0 0 0 1 0 0 0 0 3 3 0 5 0 1 0 0 0 3 0 0 0 0 9 0 3 0 0 0 0 3 0 0 0 5 0 0 3 1 3 0 0 0 0 1 0 0 0 5 0 0 0 0 0 1 0 0 0 0 0 0 0 0 0 0 0 0 0 0 0 0 0
 0 0 0 1 0 0 1 0 11 0 7 0 13 0 0 0 0 0 5 0 0 0 1 0 0 0 0 5 0 0 0 0 0 0 0 0 0 1 0 0 0 0 0 0 0 0 0 0 0 3 0 0 0 3 1 0 0 0 0 0 0 0 0 0 0 13 7 0 13 19 1 0 7 0 1 0 1 0 0 0 3 1 9 0 0 0 0 3 0 0 0 3 3 0 0 1 5 0 0 0 0 0 0 9 0 0 0 0 5 0 0 0 1 0 0 0 0 5 0 0 0 0 0 0 0 0 3 0 0 0 0 0 0 0 0 1 1 0 0 0 3 0 0 0 0 0 0 0 1 0
 0 0 1 0 0 0 0 0 0 0 3 0 1 3 0 0 5 0 1 0 0 0 1 0 0 0 0 3 0 1 0 0 0 0 0 5 0 0 3 1 0 0 0 0 0 0 0 0 0 0 0 0 0 5 9 3 0 0 0 0 0 0 0 0 0 3 3 3 1 11 1 0 1 0 9 0 0 0 0 3 0 1 3 0 0 1 1 0 0 0 3 1 1 0 0 0 5 0 0 0 0 0 0 0 0 5 0 0 0 0 0 3 7 1 0 3 0 5 1 0 0 0 3 0 0 1 9 5 0 0 0 1 9 0 0 1 0 0 0 0 9 0 0 1 0 0 5 0 0 0
 0 0 5 7 3 0 1 3 3 0 5 0 13 1 9 0 0 9 9 0 1 1 0 0 0 0 5 1 1 7 0 3 0 0 0 3 5 5 0 0 0 0 0 0 0 0 0 5 0 0 0 0 0 0 7 0 0 0 0 0 5 0 0 0 1 15 1 5 1 5 0 7 9 0 11 1 0 0 0 5 11 0 13 0 0 0 0 5 0 0 11 0 0 0 0 9 9 0 5 0 0 13 0 3 0 5 0 5 3 0 0 0 9 0 0 3 0 0 0 3 3 0 9 0 0 0 15 7 0 0 3 5 1 1 0 11 0 0 0 1 1 0 0 0 0 0 3 0 0 0
 0 0 0 0 1 0 0 9 0 0 1 0 5 7 0 0 3 0 0 3 0 3 5 0 0 0 0 0 0 0 0 0 0 0 0 0 0 0 0 0 0 0 0 0 0 0 0 0 0 0 0 0 0 0 1 0 0 0 0 0 0 0 0 0 0 1 0 0 0 7 0 0 1 0 3 0 0 0 0 0 0 0 1 0 0 0 3 0 0 0 0 0 0 0 0 0 0 0 0 0 0 0 0 0 0 0 0 0 0 0 1 0 3 0 0 0 0 0 0 0 0 0 1 0 0 1 19 3 0 0 0 1 0 0 0 0 0 0 0 0 0 0 0 0 0 0 1 0 0 0
 5 0 9 5 11 7 1 17 13 0 15 1 15 11 7 7 17 7 9 9 0 1 11 1 0 0 3 9 5 9 9 1 0 0 3 5 17 15 13 0 0 0 5 17 0 7 1 9 0 9 0 1 1 11 13 1 0 0 5 1 7 0 0 0 7 21 15 11 15 23 7 9 17 0 17 15 7 5 3 13 7 9 1 7 5 0 7 5 1 1 19 0 15 0 13 13 11 5 1 0 0 7 1 5 5 9 0 13 5 0 0 7 13 9 3 17 1 19 15 5 13 1 5 9 1 15 19 23 3 0 3 11 0 3 11 13 0 1 5 5 17 0 1 5 0 1 23 3 3 0
 7 1 7 13 13 15 7 9 9 0 11 11 11 19 5 5 13 7 13 5 0 13 27 9 0 5 5 17 7 11 21 15 3 5 0 19 15 1 15 11 0 9 7 11 5 5 3 9 3 5 7 0 7 7 13 7 0 3 9 0 15 1 0 5 15 15 5 15 17 21 0 7 23 3 11 17 13 15 0 17 11 13 15 7 1 0 7 15 7 0 23 5 13 1 7 9 9 0 0 17 7 13 15 15 9 7 9 11 11 7 3 13 21 1 3 11 3 11 21 7 17 3 17 9 9 11 25 21 0 1 5 21 11 17 3 21 0 0 5 15 13 3 7 9 1 5 17 7 15 3
 0 0 0 0 1 7 0 3 1 0 0 0 5 5 0 0 0 0 15 1 0 5 11 0 0 0 0 3 0 3 3 0 0 1 0 7 1 7 1 1 0 0 0 3 0 0 0 9 0 0 0 0 0 0 7 0 0 0 0 0 0 0 0 0 0 7 0 9 7 13 7 0 7 0 15 0 0 0 0 0 9 0 23 1 0 0 1 0 0 1 3 0 3 0 0 11 13 0 0 0 0 9 0 0 0 0 3 1 0 0 3 0 7 0 0 3 0 1 3 0 3 0 5 0 0 5 21 7 0 0 0 9 5 5 1 3 0 0 0 0 3 0 0 0 0 0 7 0 0 0
 0 0 0 0 0 3 0 9 0 0 1 5 0 5 0 0 0 1 3 0 0 0 3 0 0 0 0 15 0 0 0 3 0 0 5 0 0 0 3 3 0 0 0 0 0 0 0 3 0 1 0 0 3 0 5 0 0 0 5 0 1 0 0 0 3 0 0 0 5 5 3 0 11 0 7 5 0 0 0 7 1 0 5 0 0 0 0 7 3 1 9 0 0 0 3 7 3 0 0 0 0 5 0 0 5 0 0 7 1 0 3 3 7 0 0 3 7 3 11 0 0 0 0 0 0 0 11 0 0 0 0 1 7 5 0 9 0 0 5 0 5 0 0 0 0 0 0 0 0 0
 5 0 1 0 3 7 0 1 7 0 0 0 3 1 0 0 3 1 5 0 0 1 3 0 0 0 0 0 1 7 0 0 0 0 0 0 1 1 5 3 0 0 0 0 0 0 3 0 0 0 0 0 0 9 7 0 0 0 0 0 0 0 0 0 7 3 1 0 0 7 0 1 0 0 1 1 0 0 0 3 3 0 9 0 0 0 0 0 0 5 0 0 1 0 0 0 1 0 0 1 0 5 0 1 0 0 0 0 3 0 3 0 7 0 0 0 0 1 5 0 0 0 0 0 0 0 23 11 0 0 0 1 0 0 0 11 0 0 0 0 0 0 0 0 0 0 3 0 1 0
 13 3 7 7 17 17 15 17 15 0 19 11 17 33 9 17 15 15 21 11 11 25 23 9 9 11 13 25 11 7 19 11 5 11 17 19 13 9 9 21 9 19 7 23 3 17 13 7 3 19 9 13 7 23 25 17 9 13 21 19 19 15 1 9 17 33 25 25 17 25 23 11 17 0 23 19 9 5 7 19 9 17 17 9 1 13 13 15 11 21 17 7 15 1 7 31 17 7 9 15 1 21 11 11 13 9 17 7 21 3 9 19 25 21 11 15 7 13 23 7 15 7 7 3 23 9 31 19 9 17 23 19 29 17 17 21 13 0 17 9 19 0 3 15 7 13 15 1 11 19
 0 0 3 5 7 15 13 13 13 0 11 9 15 13 3 9 9 5 5 15 0 9 9 0 0 0 11 9 0 5 1 3 0 0 0 13 9 7 7 1 1 7 1 3 0 1 5 0 0 5 0 1 0 3 13 3 0 1 9 3 11 11 0 1 3 7 13 11 13 23 3 0 13 0 21 9 11 0 3 11 17 7 7 0 5 5 5 9 0 0 5 11 9 0 0 13 11 3 1 1 0 21 11 9 0 3 11 9 0 9 0 5 11 13 0 15 3 1 13 0 7 0 1 0 1 7 21 17 7 0 5 19 15 15 3 9 0 0 3 1 11 0 0 3 1 1 15 0 3 0
 0 0 0 3 9 0 0 15 7 0 3 1 11 3 1 0 7 0 7 7 0 1 9 0 0 0 0 5 9 1 0 3 0 0 1 9 0 0 7 3 0 0 0 9 0 3 1 5 0 0 3 0 0 5 7 0 0 7 0 0 3 0 0 0 11 17 9 3 11 15 0 1 7 0 9 0 0 0 0 3 13 9 21 5 1 0 1 13 11 13 19 1 0 0 0 5 13 3 0 0 0 9 0 7 3 0 9 7 1 0 0 0 11 0 0 0 0 11 7 0 0 0 3 0 11 3 17 11 0 0 13 7 17 0 7 5 0 0 7 5 5 0 0 0 1 0 11 0 0 3
 15 0 9 7 17 9 0 17 19 1 17 1 11 11 3 7 9 13 11 5 0 13 9 11 0 3 11 11 1 13 13 9 0 0 0 13 9 15 23 17 3 9 5 7 1 7 9 19 0 9 1 3 1 15 15 5 1 0 7 0 19 1 0 9 9 13 9 17 19 17 7 19 11 0 25 17 11 11 0 17 11 11 21 11 3 0 9 13 9 9 15 3 7 0 15 23 13 7 3 9 7 31 13 19 3 11 3 11 15 3 7 7 25 13 1 15 1 5 15 1 3 3 25 3 7 7 23 17 5 0 9 5 11 11 3 11 5 0 7 1 9 0 0 0 0 9 19 1 3 3
 5 0 15 9 11 17 11 15 11 0 11 13 9 19 3 1 7 3 9 0 0 11 9 0 0 0 3 15 0 5 5 9 1 7 0 13 9 5 17 13 5 3 0 15 1 9 5 0 1 0 5 0 7 9 13 9 11 11 9 0 7 13 0 1 15 9 9 5 15 29 15 5 21 0 5 1 3 0 0 1 9 1 11 3 0 3 5 7 5 13 7 11 7 3 0 9 17 0 3 3 0 11 1 9 1 9 7 11 11 7 0 7 15 13 0 19 7 9 5 3 5 0 11 0 9 7 15 3 0 0 7 13 7 11 9 21 0 0 11 11 1 0 0 11 0 0 11 0 7 0
 0 0 0 0 5 0 0 0 0 0 0 0 1 1 0 0 3 0 0 0 0 0 7 0 0 0 0 0 0 0 0 1 0 0 0 0 0 1 0 0 0 0 0 0 0 0 0 0 0 0 0 0 0 0 0 0 0 0 0 0 0 0 0 0 0 1 0 0 1 0 0 0 5 0 1 0 0 0 0 0 1 0 0 0 0 0 0 0 1 1 7 0 0 0 0 0 9 0 0 0 0 5 0 0 0 0 0 0 0 0 0 0 0 0 0 0 0 0 0 0 0 0 1 0 0 0 13 7 0 0 3 1 9 0 0 0 0 0 0 1 0 0 0 0 0 0 0 0 0 0
 13 0 15 17 9 13 15 21 17 3 15 11 23 19 11 7 13 19 17 11 1 17 23 9 3 0 13 11 0 19 13 7 7 9 9 19 11 25 27 7 15 5 3 13 5 11 17 13 0 3 11 7 0 9 21 5 7 7 13 1 11 7 0 5 11 15 15 21 17 25 11 13 27 5 19 19 25 15 11 11 15 23 19 11 13 3 11 15 5 1 25 7 27 3 13 15 21 13 0 9 11 23 9 15 19 9 9 19 5 7 17 5 19 9 0 11 9 21 13 0 15 0 11 3 17 15 21 35 3 7 17 21 17 15 11 17 0 0 21 15 9 0 7 11 0 7 27 0 21 17
 3 0 0 0 0 3 15 7 7 0 3 0 11 7 7 1 0 5 11 0 5 0 11 0 0 0 3 5 0 0 3 0 0 0 0 0 7 13 7 3 0 3 0 7 0 5 0 1 0 0 0 1 0 0 21 9 3 0 7 0 11 0 0 0 5 15 1 3 0 11 5 0 3 0 11 0 0 0 0 1 9 3 13 3 0 3 0 11 0 0 9 0 7 0 1 11 7 0 1 0 0 13 3 0 0 0 0 9 3 0 1 3 13 5 0 7 1 5 15 0 3 0 3 0 3 0 9 11 1 0 0 9 0 15 7 11 0 0 1 1 0 0 0 1 0 0 3 0 0 0
 9 0 7 9 25 5 1 5 9 0 5 1 11 13 1 0 9 3 13 7 3 7 11 3 0 0 11 11 5 13 3 0 0 0 0 7 0 11 11 13 0 0 0 0 1 9 0 3 0 0 0 0 5 5 11 7 5 0 3 1 0 0 0 0 9 5 9 7 0 29 7 0 13 0 13 9 0 0 3 7 7 7 15 5 0 5 5 13 5 5 9 1 7 3 0 7 11 0 0 0 0 17 1 7 0 5 3 11 0 1 9 0 9 0 0 7 5 9 13 0 7 1 0 0 1 7 17 13 0 0 7 5 11 9 3 7 1 0 5 3 7 0 1 0 0 9 7 0 5 0
