200
 0 10 0 0 0 0 0 0 0 0 0 18 0 0 6 2 0 6 26 0 16 0 12 0 14 10 0 4 0 0 4 6 0 6 4 0 14 0 26 10 0 6 2 4 10 2 16 0 0 4 6 16 16 0 0 0 16 0 4 22 10 0 0 8 0 0 6 4 12 8 0 2 0 0 6 0 0 6 2 0 4 0 24 2 4 12 12 8 12 0 0 0 0 6 4 0 4 16 14 0 2 0 8 4 4 14 18 2 0 4 16 10 0 2 0 0 0 0 2 2 8 0 0 8 0 4 14 0 6 0 0 30 0 8 0 0 0 12 0 4 4 0 10 4 2 0 6 0 8 0 0 0 8 0 10 0 0 0 0 0 0 2 14 6 10 2 20 14 0 8 0 20 0 22 2 4 16 0 10 2 6 8 0 6 4 6 6 0 0 4 12 0 0 0 0 0 0 0 0 0
 0 0 0 0 0 0 0 0 0 0 0 6 0 0 0 4 0 0 8 0 2 0 6 0 0 0 0 0 2 0 4 6 8 0 0 0 0 0 12 0 0 4 0 0 0 0 0 8 0 2 0 4 0 0 0 0 0 0 12 4 16 0 0 2 0 0 0 0 0 0 0 0 0 0 0 0 0 0 2 0 4 0 6 0 0 8 4 0 8 0 0 0 0 0 0 0 0 0 4 0 0 0 2 0 4 0 8 0 0 0 2 0 0 0 0 0 0 0 10 0 0 0 0 0 0 0 0 0 0 0 0 0 0 0 0 0 0 10 0 10 0 0 0 0 0 0 0 0 8 0 0 0 0 0 10 0 0 0 6 0 0 4 4 0 0 0 6 2 0 4 0 8 0 0 0 0 6 0 0 0 10 0 0 0 4 0 0 2 0 8 0 0 2 0 0 0 12 0 0 0
 2 10 0 0 4 0 0 0 8 2 22 10 0 0 18 8 8 0 6 0 8 12 16 0 10 4 0 6 6 0 10 10 12 2 0 2 10 6 16 6 0 4 6 0 12 8 14 2 2 4 12 16 0 4 0 0 10 6 10 24 16 4 12 16 0 12 0 0 8 8 0 4 6 6 8 4 0 8 4 0 0 0 12 0 0 4 24 0 22 8 0 0 0 6 8 0 6 16 22 2 10 4 0 0 2 4 12 2 0 6 12 8 6 6 2 0 0 6 12 2 14 0 0 8 0 10 6 6 0 0 12 20 2 6 0 0 0 14 2 10 8 14 8 8 10 0 0 4 10 4 0 0 4 0 8 6 0 0 0 4 0 0 8 10 0 6 14 22 0 12 0 14 4 8 2 2 8 2 8 12 0 10 0 0 10 12 4 0 0 0 2 0 8 0 0 2 6 2 4 2
 2 8 4 0 0 2 0 0 0 0 0 12 0 0 12 0 4 2 6 0 8 0 6 0 10 0 0 8 0 0 0 8 0 0 0 4 6 0 10 0 2 0 0 0 0 0 14 0 2 0 0 4 0 4 0 0 4 0 6 22 10 0 0 4 0 6 0 0 0 8 0 8 0 4 2 0 0 2 0 0 0 0 16 0 0 0 12 0 0 0 4 0 0 10 10 0 0 8 14 6 0 0 0 0 0 4 2 0 0 0 12 0 2 0 0 0 0 0 14 0 0 0 0 2 0 0 14 0 0 0 0 2 0 0 0 0 0 0 0 4 4 4 0 0 0 0 0 0 8 0 0 0 0 2 0 0 0 0 0 0 0 0 0 12 0 0 8 10 0 6 0 4 0 6 0 2 0 0 4 0 0 0 0 0 8 6 2 4 0 0 8 0 2 0 0 0 0 0 6 8
 2 14 0 6 0 0 0 2 4 6 0 14 0 2 18 6 0 12 6 2 4 4 14 0 4 0 0 2 14 0 14 4 0 0 12 12 10 2 6 6 2 12 0 0 4 8 6 6 4 18 12 0 2 8 0 0 8 0 38 8 26 0 12 0 0 8 4 4 0 8 4 0 2 0 12 2 0 2 0 0 0 6 16 0 4 8 10 4 12 4 12 0 0 2 16 2 0 24 28 0 6 0 12 26 10 0 2 0 0 0 12 0 2 0 0 0 4 0 12 0 0 4 0 6 0 4 14 0 6 0 2 6 0 8 0 0 0 8 0 12 0 14 0 12 0 0 8 0 0 0 2 0 8 12 20 0 0 0 0 6 0 4 16 0 0 0 14 6 2 8 2 12 0 4 2 10 8 0 14 0 6 18 0 0 10 4 0 0 0 0 8 0 2 0 0 0 14 0 2 0
 0 10 4 0 4 0 0 0 2 16 0 14 0 0 4 12 8 0 18 0 0 0 14 0 8 0 4 8 8 0 10 10 0 10 0 0 8 0 16 0 0 0 0 4 4 0 6 0 8 0 2 8 8 0 0 0 4 10 4 22 22 0 0 8 2 4 2 0 4 20 6 8 0 12 14 0 0 2 6 6 6 0 6 10 6 12 6 14 0 0 12 0 8 8 0 0 0 8 18 6 0 0 4 2 8 2 12 16 4 18 18 2 4 0 0 0 8 4 8 0 6 0 0 0 8 0 12 12 4 0 16 2 0 10 10 0 8 6 6 0 14 0 2 10 8 0 0 2 8 0 0 0 8 0 8 0 0 0 4 0 0 8 8 2 0 0 10 20 4 10 0 14 0 8 12 0 6 0 0 6 0 8 14 6 0 6 0 6 0 12 8 0 8 0 0 0 0 0 6 0
 0 4 12 2 0 0 0 4 0 4 8 22 0 0 4 12 10 2 10 0 16 4 8 0 0 2 8 8 18 0 14 6 2 8 10 0 24 0 30 12 0 8 0 8 20 12 8 6 4 6 8 10 0 6 2 0 16 8 24 28 22 0 0 16 0 10 8 2 6 14 0 8 6 10 10 0 0 12 2 0 10 0 28 12 18 18 16 6 8 4 12 10 0 4 10 0 10 18 6 0 6 4 0 6 8 2 6 10 0 4 22 4 2 10 4 0 18 2 10 6 10 0 6 10 0 12 8 10 0 2 10 4 2 6 8 8 0 20 4 20 8 12 4 10 4 6 4 6 14 4 2 0 12 18 16 8 0 0 10 6 4 12 12 10 0 6 8 10 2 10 0 16 0 8 4 0 10 0 8 12 6 6 6 4 26 8 0 8 0 12 16 0 8 4 0 12 12 0 10 10
 2 10 0 4 0 2 0 0 0 0 14 12 0 2 6 12 0 4 10 0 0 4 16 0 12 0 0 0 0 0 10 6 0 0 0 2 10 0 14 0 2 12 0 0 8 8 6 0 6 0 6 12 2 0 0 0 2 0 16 20 18 0 8 0 0 16 0 0 2 14 12 0 10 0 4 0 0 2 0 0 0 0 14 0 0 2 6 12 6 0 0 0 0 0 8 4 0 10 8 0 0 0 0 4 10 0 0 0 0 0 16 0 0 0 0 0 0 0 8 0 4 0 0 4 2 8 0 4 12 0 0 6 0 2 2 0 10 12 0 0 0 6 0 0 4 0 0 2 10 2 4 0 12 0 20 2 0 0 4 2 0 12 4 2 0 0 12 8 4 8 2 10 0 6 2 0 2 0 4 0 0 10 0 4 8 0 6 0 0 0 2 0 2 0 0 0 12 0 14 2
 0 12 0 0 0 0 6 4 0 10 0 8 0 0 6 2 2 2 6 0 0 4 6 0 8 0 0 2 0 4 2 6 0 2 6 4 16 0 12 14 10 8 0 0 10 0 8 0 6 0 0 0 6 8 0 0 4 0 10 26 10 0 10 4 0 14 0 0 6 0 8 2 12 8 8 2 0 0 4 0 2 0 16 0 2 12 4 10 2 0 8 0 2 12 8 0 0 14 20 0 4 0 6 0 6 0 0 2 0 6 4 2 0 0 2 0 0 10 10 0 4 2 2 4 0 8 14 0 6 0 0 12 0 4 2 0 0 16 0 8 0 0 6 6 0 0 0 0 14 0 6 0 6 2 10 10 0 0 0 6 0 6 12 10 0 0 6 4 0 16 0 0 0 0 6 0 0 0 6 0 0 14 10 0 8 6 8 2 0 8 8 0 10 0 4 0 8 0 8 6
 0 12 0 0 0 0 0 6 0 0 4 8 0 8 0 0 0 0 14 0 0 0 4 0 8 0 0 4 6 0 6 2 0 2 0 4 12 4 18 0 2 0 0 0 0 0 8 0 8 0 0 12 10 0 0 0 8 0 8 18 24 0 6 12 0 8 0 0 8 10 0 8 6 0 2 4 0 0 0 0 0 0 6 0 2 2 14 6 18 0 10 0 2 8 6 0 0 6 14 0 0 0 10 0 0 2 4 0 4 0 10 0 8 0 0 0 0 2 10 0 4 0 0 0 0 6 12 2 2 0 2 0 0 4 0 2 0 0 0 14 8 12 0 6 6 0 0 0 20 0 0 0 4 0 18 0 0 0 12 0 0 0 16 0 0 0 16 8 0 2 0 10 0 0 0 0 6 0 6 0 2 6 0 0 16 8 0 0 0 0 0 0 4 0 0 0 6 0 4 0
 2 0 0 2 0 2 0 0 4 0 0 6 0 0 10 8 4 0 12 0 8 0 2 0 0 0 0 0 0 0 6 0 0 0 0 0 2 0 10 0 2 0 0 0 0 4 8 0 0 0 4 4 0 0 0 0 4 0 2 10 0 0 0 0 0 0 0 0 4 4 0 0 0 0 0 0 0 4 2 0 0 0 10 0 0 4 12 0 4 0 0 0 0 0 6 0 0 4 4 0 0 0 2 0 0 0 0 0 0 0 6 0 0 0 0 0 4 0 2 0 0 0 0 10 0 0 10 0 0 0 2 0 0 0 0 0 4 0 0 10 0 0 0 4 0 0 0 0 0 0 0 0 0 0 6 0 0 0 0 4 0 0 0 0 0 0 2 0 0 0 0 2 0 0 0 0 0 0 6 0 0 0 0 0 2 0 0 8 0 0 0 0 0 0 0 0 2 0 2 0
 0 0 0 0 0 0 0 0 0 0 0 0 0 0 0 0 0 0 0 0 0 0 0 0 0 0 0 0 0 0 0 4 0 0 0 0 0 0 0 0 0 0 0 0 0 0 0 0 0 0 0 0 0 0 0 0 0 0 0 0 0 0 0 0 0 2 0 0 0 0 0 0 0 0 0 0 0 0 0 0 0 0 0 0 0 0 0 0 0 0 0 0 0 0 2 0 0 0 4 0 0 0 6 0 0 0 0 0 0 0 0 0 0 0 0 0 0 0 0 0 0 0 0 0 0 0 0 0 0 0 0 0 0 0 0 0 0 0 0 0 0 0 0 0 0 0 0 0 0 0 0 0 0 0 8 0 0 0 0 0 0 0 0 0 0 0 0 0 0 2 0 0 0 0 0 0 0 0 0 0 0 0 0 0 0 0 0 0 0 0 0 0 0 0 0 0 0 0 0 0
 12 18 10 20 20 12 8 24 20 14 26 36 0 20 24 28 16 16 28 2 22 12 28 16 24 16 8 16 20 8 18 20 12 22 6 16 24 6 28 16 22 22 16 10 16 14 28 18 24 22 20 28 30 20 12 4 22 16 26 34 42 16 24 34 10 14 16 16 22 18 20 10 18 6 16 12 14 6 12 26 20 8 26 16 10 32 30 22 26 12 22 2 10 18 22 22 22 22 18 18 34 8 16 14 14 16 28 24 0 18 30 18 16 18 22 12 34 14 42 10 22 10 10 26 2 26 20 24 24 18 16 30 14 18 24 12 16 18 20 26 20 24 20 28 18 20 16 10 40 8 12 2 26 18 28 18 18 10 14 12 14 8 26 28 14 16 30 28 18 22 22 20 16 20 14 12 20 10 20 12 20 18 8 24 26 22 18 16 8 26 20 0 24 4 18 14 18 6 26 20
 8 10 4 2 0 8 6 0 2 0 18 12 0 0 12 8 4 0 16 0 2 4 18 0 8 4 10 0 8 2 10 2 0 2 0 10 8 0 4 0 0 2 4 4 6 6 16 14 8 12 4 6 10 4 0 0 0 0 20 24 10 0 10 4 0 4 0 2 4 6 12 4 0 6 10 0 0 0 4 0 4 0 10 0 12 8 12 4 4 8 0 0 0 0 6 0 2 10 16 2 0 0 0 12 2 0 0 0 0 0 16 0 0 0 0 0 10 6 8 4 12 0 0 12 0 4 12 0 10 6 6 18 2 10 10 0 0 2 8 16 4 2 8 12 4 0 0 0 14 0 2 0 10 4 10 2 0 0 0 0 0 0 12 8 2 0 12 10 6 12 0 18 0 6 12 0 6 0 6 0 0 6 2 4 8 4 16 14 0 0 4 0 0 0 4 0 10 0 10 6
 0 2 0 0 0 0 0 0 0 2 0 6 0 0 0 0 8 0 2 0 0 0 0 0 0 0 0 0 0 0 0 0 0 0 0 0 0 0 16 0 0 0 0 0 0 0 0 0 0 0 0 0 0 0 0 0 2 0 0 22 8 0 0 0 0 0 0 0 0 0 0 0 0 0 0 0 0 0 0 0 0 0 2 0 0 0 0 0 0 0 0 0 0 0 0 0 0 0 0 0 0 0 0 0 0 0 0 0 0 0 8 0 0 0 0 0 0 0 0 0 0 0 0 0 0 0 0 0 0 0 0 4 0 0 0 0 0 0 0 4 0 0 0 0 0 0 0 0 0 0 0 0 4 0 4 0 0 0 0 0 0 0 0 0 0 0 6 4 2 4 0 0 0 8 0 0 0 0 0 0 0 0 0 0 2 4 0 0 0 2 0 0 0 0 0 0 0 0 0 0
 0 0 0 0 0 0 0 0 0 2 0 8 0 0 4 0 0 0 12 0 10 0 0 0 8 0 0 0 0 0 6 6 0 0 0 0 0 0 16 0 0 4 0 0 0 0 14 0 0 0 0 0 4 0 0 0 10 0 0 16 4 0 0 0 0 0 0 0 0 0 0 2 0 0 0 0 0 0 0 0 0 0 8 0 0 2 16 0 0 0 0 0 0 0 6 0 0 10 12 0 0 0 0 0 0 0 0 0 0 0 0 0 0 0 0 0 0 0 8 0 6 0 0 0 0 0 0 4 0 4 0 0 0 0 0 0 0 14 0 0 2 0 0 0 0 0 0 0 2 0 0 0 0 0 2 0 0 0 2 2 0 0 6 0 0 0 8 0 0 0 0 0 0 0 0 8 0 0 2 0 0 0 0 0 10 0 0 8 0 4 0 0 0 0 0 0 10 0 0 0
 0 4 0 0 2 0 0 2 0 4 0 24 0 0 0 12 0 10 6 2 0 0 4 0 6 0 0 0 6 2 0 6 0 0 0 0 8 0 20 4 0 0 0 0 8 4 10 4 0 0 4 8 8 0 0 0 6 0 8 10 14 0 6 14 0 2 2 0 8 8 0 2 12 4 2 6 0 0 0 0 2 0 10 2 0 6 0 0 8 2 0 0 0 2 0 14 0 12 10 0 10 0 2 0 0 0 0 0 0 8 0 0 4 0 0 0 0 6 0 0 2 0 0 6 0 0 6 0 4 2 22 6 0 4 6 0 0 10 0 6 0 0 10 4 4 0 0 6 16 0 0 0 0 0 8 0 0 0 2 6 8 0 4 0 0 0 10 2 0 4 0 0 0 0 0 0 6 0 4 0 10 6 0 8 2 0 0 0 0 0 2 0 0 0 0 0 8 0 4 12
 0 12 4 0 0 6 0 0 0 0 4 22 0 2 16 8 0 0 16 0 8 0 14 0 12 0 0 4 8 0 4 8 0 0 0 4 12 0 6 6 0 0 0 0 4 4 8 0 2 4 0 0 0 0 0 0 4 2 8 18 12 0 2 10 0 4 0 8 0 4 0 0 6 0 0 2 0 0 0 2 8 0 14 2 0 0 18 2 2 0 2 0 0 0 12 0 0 2 14 0 0 0 6 8 0 4 4 10 0 0 10 12 0 6 0 0 2 0 20 0 14 0 0 8 0 0 8 0 0 2 6 6 0 0 0 0 4 4 12 16 12 0 0 2 6 0 0 6 12 0 2 0 12 0 4 0 0 0 0 4 0 8 4 0 0 0 16 4 0 4 0 6 0 2 2 0 12 0 0 0 2 0 0 0 0 10 0 2 0 6 6 0 6 0 0 0 10 0 10 0
 0 0 0 0 0 0 0 0 0 0 0 12 0 0 0 0 0 0 0 0 0 0 0 0 0 0 0 0 0 0 0 0 0 0 0 0 0 0 4 0 0 0 0 0 0 0 0 0 0 0 0 0 0 0 0 0 0 0 0 4 0 0 0 0 0 0 0 0 0 0 0 0 0 0 0 0 0 0 0 0 0 0 0 0 0 0 8 0 0 0 0 0 0 0 0 0 0 0 4 0 0 0 0 0 0 0 0 0 0 0 0 0 0 0 0 0 0 0 0 0 0 0 0 0 0 0 0 2 0 0 0 0 0 0 0 0 0 0 0 0 0 0 0 0 0 0 0 0 0 0 0 0 0 0 0 0 0 0 0 0 0 0 0 0 0 0 0 0 0 4 0 0 0 0 0 0 0 0 0 0 0 0 0 0 0 0 0 2 0 0 0 0 4 0 0 0 0 0 0 0
 4 20 12 6 0 6 0 12 0 8 14 16 0 4 10 16 0 8 14 0 2 16 4 0 14 0 0 10 10 0 18 12 6 18 8 0 16 0 22 8 10 14 0 0 0 6 4 0 4 4 0 10 4 2 0 2 16 0 4 18 26 4 4 20 6 14 0 0 8 12 0 4 4 0 6 0 0 2 8 0 12 8 22 8 16 18 16 0 4 0 2 0 0 14 6 2 2 16 12 0 8 0 14 0 10 8 8 4 0 0 8 10 4 10 6 0 6 0 18 0 10 0 0 6 6 8 8 4 2 0 0 10 0 12 2 0 0 14 8 20 6 6 0 0 0 0 12 0 8 0 4 0 8 0 6 0 4 0 2 6 0 10 10 14 8 0 8 4 0 26 0 12 0 4 0 0 8 4 12 0 0 2 0 6 10 12 2 4 0 6 10 0 10 0 2 0 10 0 6 4
 0 0 0 0 0 0 0 4 10 6 0 12 0 0 12 0 0 0 14 0 0 0 2 0 4 0 0 0 10 0 2 4 0 0 0 0 14 0 18 0 4 6 0 0 4 0 0 0 0 0 4 0 8 0 0 0 8 0 6 16 4 0 6 8 0 2 10 0 2 4 6 0 8 8 12 6 0 0 0 4 10 0 8 2 0 6 20 0 2 0 0 0 2 0 12 0 2 16 8 0 6 0 0 0 0 0 14 2 0 0 8 8 12 4 0 0 14 0 0 0 6 0 0 12 0 0 8 0 2 12 6 16 0 2 0 0 0 14 0 0 0 0 0 8 0 0 6 0 10 0 0 0 2 0 18 0 0 0 0 4 0 0 2 0 2 0 16 0 0 0 0 18 0 0 0 0 0 0 10 0 0 0 0 0 2 0 0 0 0 0 0 0 0 0 0 0 4 0 4 0
 2 8 0 16 0 2 0 0 0 6 8 14 0 0 8 0 6 4 12 0 0 0 4 0 14 0 0 6 0 0 2 8 0 4 0 0 10 8 12 0 0 0 0 6 0 16 8 0 0 6 0 2 2 0 0 0 10 0 4 28 12 0 2 0 0 10 0 0 4 0 0 10 0 8 0 0 0 6 0 0 6 0 10 0 0 0 14 0 12 0 0 0 0 0 8 0 0 0 10 0 0 0 0 6 0 0 0 0 0 0 14 0 0 0 0 12 4 10 10 0 0 0 0 0 0 0 4 0 0 4 0 2 0 0 0 0 0 0 0 6 12 0 8 10 14 0 0 0 0 0 0 0 10 2 2 0 0 0 0 4 0 0 0 0 2 0 6 14 4 0 0 14 0 6 0 2 2 2 10 0 0 0 8 0 6 10 0 0 0 0 2 0 8 0 0 0 8 0 6 0
 0 0 0 0 0 0 0 0 0 0 0 12 0 0 2 10 0 0 6 0 0 0 0 0 0 0 0 0 4 0 0 0 0 0 0 0 0 0 0 0 0 0 0 0 0 0 4 0 0 0 0 12 0 0 0 0 0 0 2 4 0 0 0 2 0 0 0 0 0 10 0 0 0 0 0 0 0 0 0 0 0 0 0 0 0 0 4 0 0 0 0 0 0 0 0 0 0 0 2 0 0 0 0 0 0 0 0 4 0 0 0 0 0 0 0 0 2 0 4 0 0 0 0 0 0 0 0 0 0 0 0 0 0 0 0 0 0 0 0 0 6 0 0 0 0 0 0 0 0 0 0 0 0 0 0 0 0 0 0 0 0 0 0 0 0 0 0 4 0 0 0 0 0 0 0 4 0 0 0 0 0 0 0 0 4 0 0 0 0 0 0 0 0 0 0 0 0 0 0 0
 4 12 8 12 4 6 4 8 2 2 14 28 0 16 24 10 6 10 30 6 4 12 26 0 14 0 8 2 18 12 20 18 0 14 0 14 14 12 22 10 20 10 6 8 14 14 24 14 4 12 0 14 14 6 0 0 18 0 6 14 22 0 0 6 6 18 0 0 0 10 6 14 14 8 2 0 0 6 4 4 4 2 26 10 0 24 28 2 12 2 6 0 6 6 22 0 2 20 12 2 0 0 8 8 16 8 14 14 0 4 20 8 6 4 4 8 2 4 22 4 4 0 8 6 6 14 20 6 12 16 8 16 0 12 10 14 6 12 10 16 16 10 10 12 10 2 12 12 20 0 6 0 28 0 24 6 0 4 6 16 0 12 0 8 0 0 14 22 12 12 0 20 0 12 0 20 10 0 10 8 12 16 8 10 18 8 14 8 0 22 18 0 16 0 6 0 18 0 14 4
 0 0 0 0 0 0 0 0 0 0 6 4 0 0 6 0 0 0 0 0 0 0 0 0 0 0 0 0 0 0 10 0 0 0 0 0 0 0 8 0 0 0 0 0 6 0 4 0 0 0 0 0 0 0 0 0 8 0 4 14 10 0 0 0 0 0 0 0 0 2 0 0 0 0 0 0 0 0 0 0 2 0 6 0 0 4 8 0 0 0 0 0 0 0 6 0 8 6 0 0 0 0 0 2 0 0 0 4 0 0 2 0 0 0 0 0 0 0 12 0 2 0 0 2 0 0 0 0 0 0 0 12 0 0 0 0 0 8 0 0 0 0 0 0 0 0 0 0 8 0 0 0 4 0 6 4 0 0 0 4 0 0 0 8 0 2 8 0 0 0 0 6 0 0 0 0 2 0 0 0 0 2 0 2 10 0 0 4 0 0 2 0 0 0 0 0 2 0 0 0
 0 2 0 6 2 4 0 8 4 2 14 20 0 0 8 8 2 0 18 4 2 4 16 2 4 0 2 0 6 8 12 22 14 6 0 0 4 6 22 4 0 10 0 8 8 12 10 8 6 14 20 14 4 2 0 0 14 8 22 16 12 6 18 14 12 4 0 0 0 12 6 8 12 16 10 12 0 4 8 6 12 0 12 10 0 10 18 4 12 22 0 0 14 8 10 6 0 14 16 0 8 0 12 10 12 0 10 10 10 0 20 14 10 4 0 0 0 14 12 6 24 0 0 4 0 4 14 4 14 12 0 2 0 2 4 0 2 0 6 8 10 8 8 12 4 2 0 2 16 0 12 0 8 2 36 6 2 0 0 18 0 14 0 2 0 0 20 14 10 14 0 14 0 4 0 8 0 4 10 4 2 6 0 4 22 0 8 12 2 2 4 0 14 0 4 8 18 8 6 6
 4 14 0 6 0 0 0 0 0 4 0 8 0 0 0 10 8 10 10 0 0 10 24 0 10 0 0 10 2 2 4 4 0 10 0 2 2 0 22 6 4 4 0 0 0 12 18 0 0 6 4 10 0 0 0 0 18 0 20 12 4 0 2 0 2 6 0 0 8 0 0 0 4 0 8 0 0 0 6 0 2 0 12 0 8 0 22 0 6 0 0 0 12 2 0 16 0 6 6 0 2 0 0 0 12 0 4 6 0 0 2 0 4 0 0 0 6 0 8 0 10 0 0 0 0 12 4 0 8 0 0 8 0 4 0 0 0 6 0 14 2 4 0 2 8 2 0 6 12 0 4 0 10 2 8 4 0 0 4 6 0 8 10 6 0 0 10 10 0 14 0 6 0 6 0 4 6 0 0 8 12 4 0 0 8 4 4 2 2 0 8 0 4 0 0 0 6 0 10 0
 0 2 0 0 0 0 0 10 0 0 6 20 0 2 12 6 6 0 2 0 0 0 0 0 20 2 0 0 18 6 10 6 0 2 0 0 2 10 18 0 0 8 0 0 0 0 4 14 0 0 8 12 2 0 0 0 12 0 10 24 18 0 4 0 0 6 0 0 6 4 0 0 4 0 0 0 0 0 0 0 14 0 16 0 0 10 10 4 24 0 0 0 8 2 4 8 0 12 2 0 2 0 2 0 6 0 0 8 0 0 6 0 0 0 0 2 0 0 14 0 0 0 0 4 0 6 14 0 4 16 10 4 0 12 8 0 0 12 0 2 2 0 2 6 0 0 4 0 14 0 0 0 10 2 14 8 2 0 0 0 0 0 0 12 0 0 6 4 0 0 0 6 0 12 0 2 6 4 0 6 0 0 2 0 8 4 2 0 0 0 8 0 6 0 2 0 8 0 0 0
 0 0 0 0 0 0 0 0 4 0 8 10 0 0 10 0 0 0 8 0 0 8 0 0 4 0 0 0 0 0 0 0 0 0 0 0 0 0 14 0 0 10 0 0 0 0 8 8 4 0 0 4 0 0 0 0 14 4 6 14 8 0 2 0 0 8 0 0 2 8 0 0 0 2 0 0 0 0 0 0 0 0 0 0 0 0 4 0 4 0 0 0 0 2 4 0 0 0 0 0 0 0 0 0 10 0 0 0 0 0 10 10 0 0 0 0 0 0 6 0 2 0 0 0 0 4 6 0 0 0 2 8 0 0 0 0 0 0 0 2 0 0 0 4 0 0 0 0 0 0 0 0 14 0 2 4 0 0 0 0 0 0 0 0 0 0 0 12 0 0 0 8 0 0 0 0 0 0 0 0 0 0 0 0 2 0 0 0 0 0 0 0 6 0 0 0 2 0 0 0
 6 10 2 14 0 2 2 2 0 2 6 18 0 0 18 12 0 10 24 10 14 0 6 0 22 0 0 0 6 0 14 4 0 4 0 0 12 0 12 16 0 2 0 0 2 6 12 0 0 0 2 6 2 0 0 2 4 4 10 20 16 0 8 4 0 6 4 0 0 6 8 6 4 2 10 10 0 6 0 0 10 0 26 0 0 12 6 2 14 10 2 2 0 6 22 2 6 6 10 0 0 0 0 12 0 12 8 16 0 0 14 4 8 0 0 0 0 0 18 0 6 0 0 8 0 4 8 6 0 0 0 22 0 6 10 6 0 14 0 0 6 8 12 2 0 0 8 6 10 0 0 0 14 6 14 6 0 0 18 12 2 2 8 14 0 8 20 6 0 6 0 10 0 2 0 0 18 0 12 14 2 0 0 0 14 8 0 2 2 0 8 0 16 0 4 4 16 8 4 0
 0 0 0 0 0 0 0 0 0 0 0 2 0 0 2 0 2 0 0 0 0 0 6 0 0 0 0 0 0 0 0 0 0 0 0 0 4 0 18 0 0 8 0 0 4 0 12 0 0 0 0 2 0 0 0 0 0 0 6 16 0 0 0 0 0 2 0 0 0 0 0 0 0 0 0 0 0 0 0 0 0 0 12 0 0 4 0 0 0 0 0 0 0 0 0 0 0 4 0 0 0 0 4 0 0 0 0 0 0 0 2 0 0 0 0 0 0 0 12 0 0 0 0 0 0 0 0 0 0 0 4 0 0 0 0 0 0 0 0 6 0 0 4 0 0 0 0 0 0 0 0 0 6 0 6 0 0 0 0 0 0 0 0 0 0 0 8 0 0 0 0 6 0 6 0 0 0 0 0 0 0 0 2 0 0 0 0 0 0 0 0 0 0 0 0 0 0 0 2 0
 0 0 0 0 0 0 0 0 0 0 4 0 0 0 0 0 0 0 6 0 0 0 8 0 0 0 0 0 4 0 0 0 0 2 0 0 0 0 24 0 0 0 0 0 0 0 6 0 2 0 0 0 0 8 0 0 4 0 0 6 10 0 0 0 4 0 2 0 0 4 0 0 0 0 0 0 0 0 0 0 0 0 2 0 0 0 8 0 10 0 0 0 0 0 8 0 0 10 6 0 0 0 0 0 0 0 0 0 0 0 2 0 2 0 0 0 0 10 4 0 6 0 0 0 0 0 8 0 0 0 0 4 0 0 0 0 0 0 0 0 0 0 0 0 0 0 0 0 2 0 0 0 0 0 8 0 0 0 0 0 0 0 6 6 0 0 8 8 0 0 0 2 0 0 0 0 0 0 2 0 0 0 0 0 2 0 0 0 0 0 0 0 6 0 0 0 0 0 0 0
 4 0 0 2 2 10 0 12 2 4 4 18 0 0 20 16 6 2 20 0 4 12 14 0 6 0 0 8 4 8 8 8 0 4 0 0 8 2 10 4 0 8 0 4 0 14 6 4 10 8 0 16 6 6 0 0 18 2 20 10 22 2 12 10 0 18 4 0 6 18 6 0 4 8 12 4 0 4 6 4 0 0 14 0 0 4 8 2 14 6 0 0 0 12 4 10 0 14 4 0 0 0 8 2 6 0 8 6 0 6 8 8 2 0 0 0 2 18 14 0 4 6 4 8 6 4 6 10 8 0 20 14 0 8 6 6 0 14 4 6 16 18 2 10 0 0 10 4 14 0 0 0 24 4 26 0 0 0 10 8 0 4 10 8 0 0 14 4 4 2 6 16 12 0 2 12 4 8 12 0 0 10 10 8 10 6 0 0 0 10 2 0 4 0 12 0 10 0 8 6
 0 4 0 0 0 0 0 0 0 0 4 16 0 0 10 4 2 2 0 0 2 0 8 0 8 0 0 0 2 0 6 0 0 0 2 0 8 0 16 0 0 0 0 0 0 10 6 0 8 4 0 12 6 0 0 0 2 4 16 24 16 0 18 0 0 0 0 0 4 0 4 0 10 0 8 0 0 0 0 0 0 0 12 0 0 6 4 0 0 0 0 0 0 8 12 0 0 8 10 0 0 0 0 6 4 0 0 0 0 0 2 14 12 0 0 0 10 4 10 0 2 0 0 10 0 0 4 6 0 0 6 6 0 0 0 0 0 0 0 6 2 8 4 0 0 0 0 0 8 0 0 0 4 0 4 0 0 0 0 0 0 0 0 8 0 0 4 2 2 0 0 0 0 10 0 0 8 0 4 0 0 0 0 0 8 0 0 0 0 2 0 0 0 0 0 0 0 0 6 0
 0 10 8 12 0 0 0 8 0 8 14 18 0 8 14 6 10 0 20 0 4 22 4 6 8 2 8 10 12 0 10 10 4 0 0 10 2 0 18 4 10 4 0 0 14 14 10 10 0 4 0 12 4 6 0 0 20 8 14 22 12 10 10 20 6 18 0 0 16 16 12 10 10 2 6 10 0 6 0 0 4 2 10 10 4 8 22 14 4 2 8 0 8 2 8 8 0 12 12 0 10 0 4 4 2 4 16 12 0 4 34 4 6 10 0 0 0 6 16 6 6 4 0 12 0 10 6 2 0 6 0 4 0 0 0 0 0 6 6 18 8 0 0 6 4 6 0 4 20 4 0 6 8 16 20 2 0 0 4 16 0 8 6 12 4 0 26 14 10 26 0 16 0 4 0 8 0 0 0 6 6 0 0 14 10 0 8 2 0 10 18 0 10 0 0 0 16 0 16 2
 12 8 0 0 0 0 6 0 0 0 0 12 0 0 10 12 0 0 10 0 14 12 2 0 6 0 0 4 8 4 6 6 0 10 0 0 12 0 8 6 0 8 0 0 0 12 10 2 6 4 6 0 4 0 0 0 0 4 6 16 14 0 0 14 0 4 0 2 2 6 10 6 0 2 6 4 0 0 4 2 2 0 12 4 2 10 16 6 16 0 0 0 0 8 4 2 4 2 10 8 2 0 0 8 0 0 8 0 0 0 16 10 0 0 0 0 0 0 8 2 0 0 0 4 0 18 14 12 6 2 4 12 0 0 8 0 8 16 4 8 0 2 2 4 0 0 4 6 6 0 6 0 4 8 28 6 6 0 0 4 0 8 12 8 0 2 12 18 0 22 0 12 0 6 2 2 0 0 10 0 2 2 8 2 14 0 0 2 0 0 0 0 14 0 2 0 6 0 6 2
 0 2 0 0 0 0 0 0 0 0 0 6 0 0 2 0 0 0 2 0 0 0 6 0 2 0 0 0 6 0 0 0 0 0 0 0 0 0 4 0 0 0 0 0 0 0 0 0 0 0 0 2 0 0 0 0 14 0 0 4 8 0 2 0 0 0 0 0 0 0 0 0 0 0 2 0 0 0 0 0 0 0 12 0 0 0 4 0 0 0 0 0 0 4 0 0 0 4 8 0 0 0 0 0 0 0 0 0 0 0 2 0 0 0 0 0 0 0 0 0 0 0 0 0 0 0 2 0 0 0 0 4 0 0 0 0 0 4 0 0 0 0 2 2 0 0 4 0 0 0 0 0 0 0 8 0 0 0 0 6 0 0 0 0 4 0 2 0 0 0 0 8 0 0 6 0 0 0 0 0 0 0 0 0 6 0 6 0 0 0 0 0 0 0 0 0 0 0 2 0
 12 2 0 16 0 14 4 2 0 0 4 18 0 2 10 10 10 6 16 2 2 0 22 0 16 0 0 0 12 10 14 8 0 10 2 4 14 0 14 2 2 0 0 0 10 10 14 6 10 2 2 10 12 0 0 0 10 0 16 18 22 0 12 12 0 6 0 6 0 10 8 0 10 0 6 4 0 0 0 6 0 0 12 0 8 14 8 0 6 2 0 0 0 18 4 0 0 8 18 0 0 0 0 12 4 4 0 4 0 0 12 10 6 10 0 0 12 2 16 0 4 0 0 8 0 4 12 2 10 0 0 18 0 2 8 0 0 4 2 10 6 8 10 12 0 0 2 0 8 0 0 2 14 6 18 0 0 0 16 0 0 4 8 12 0 0 6 14 0 12 0 14 0 6 4 8 8 0 4 8 0 4 14 0 20 16 8 0 0 4 10 0 20 0 4 0 10 4 10 14
 0 0 0 0 0 0 0 0 0 0 0 0 0 0 0 0 0 0 0 0 0 0 0 0 0 0 0 0 0 0 0 0 0 0 0 0 0 0 0 0 0 0 0 0 0 0 0 0 0 0 0 0 0 0 0 0 0 0 0 0 4 0 0 0 0 0 0 0 0 0 0 0 0 0 0 0 0 0 0 0 0 0 2 0 0 0 0 0 0 0 0 0 0 0 0 0 0 0 0 0 0 0 0 0 0 0 0 0 0 0 0 0 0 0 0 0 0 0 2 0 0 0 0 0 0 0 0 0 0 0 0 0 0 0 0 0 0 0 0 0 0 0 0 0 0 0 0 0 0 0 0 0 0 0 0 0 0 0 0 0 0 0 0 0 0 0 0 0 0 0 0 0 0 0 0 0 0 0 0 0 0 0 0 0 0 0 0 0 0 0 0 0 0 0 0 0 0 0 0 0
 0 6 0 12 0 10 0 4 0 0 12 20 0 6 18 2 0 0 4 0 2 6 10 0 10 0 0 0 0 0 0 14 0 2 0 0 20 0 18 0 0 8 0 0 10 8 6 0 0 2 0 2 6 0 0 0 12 0 0 6 16 0 16 0 0 14 0 0 4 14 6 0 0 0 12 10 0 0 8 4 8 0 6 0 0 18 12 2 6 0 0 0 0 8 10 0 0 0 12 0 4 0 6 12 8 0 0 4 0 8 10 0 8 0 0 0 6 0 4 6 0 0 0 2 6 10 10 10 0 0 4 12 4 0 0 0 2 4 2 6 10 0 4 0 0 0 0 0 10 0 0 0 10 0 22 4 0 0 0 12 0 0 10 2 0 0 10 2 2 8 0 14 0 0 4 0 12 0 0 0 0 0 6 0 4 22 4 0 0 10 0 0 0 0 0 0 14 0 2 0
 6 6 0 0 0 4 2 0 0 0 0 18 0 0 18 14 4 4 16 0 0 0 10 0 2 8 0 6 16 10 18 12 0 4 0 6 0 0 16 2 0 14 0 0 8 8 20 14 4 14 12 4 6 4 0 0 14 2 14 12 26 0 6 4 0 2 4 0 14 18 6 12 2 4 0 4 0 0 0 8 6 0 6 0 2 10 12 0 16 4 0 0 6 8 14 2 4 16 8 0 0 0 6 4 0 0 4 12 0 0 16 12 0 0 0 0 4 0 10 0 12 2 0 4 2 8 2 0 0 6 4 8 0 0 6 0 4 0 4 10 0 10 6 12 2 10 0 2 18 0 2 0 10 12 22 0 0 0 6 6 0 4 8 4 2 8 24 14 2 6 0 10 0 4 2 6 8 0 0 2 4 0 10 2 12 8 2 0 0 0 8 0 10 0 0 0 6 2 10 8
 0 0 0 6 0 2 0 0 0 2 10 4 0 0 6 0 8 4 18 0 0 2 12 0 0 0 0 0 0 0 0 10 0 2 0 0 14 4 20 0 0 0 0 2 6 2 0 0 0 0 0 6 0 0 0 0 4 0 4 12 10 0 4 4 0 6 0 0 0 10 0 8 8 0 4 0 0 0 0 0 2 0 14 0 0 8 10 0 12 0 0 0 6 2 2 0 2 4 14 0 0 0 0 4 0 0 6 0 0 0 10 0 4 4 0 0 0 0 2 0 0 0 0 0 0 4 0 2 0 0 0 0 0 0 0 0 0 12 0 0 0 0 0 6 0 0 0 0 4 0 0 0 4 0 4 0 0 0 2 0 0 0 0 10 0 0 18 6 0 6 0 8 0 0 0 0 0 0 0 0 0 2 8 0 4 2 0 0 0 0 0 0 2 0 0 0 0 0 4 0
 0 10 0 8 12 16 0 12 6 12 18 16 0 0 14 4 2 10 24 12 10 6 20 0 8 8 0 16 10 0 20 18 0 8 6 2 10 2 26 0 8 16 0 0 4 14 18 18 2 10 0 10 8 10 0 0 10 6 12 20 26 0 20 8 2 0 2 4 8 10 12 10 8 6 0 10 0 8 8 8 2 10 20 4 0 20 8 8 6 4 12 0 6 14 14 12 2 14 14 4 0 0 8 6 12 0 0 4 0 4 12 0 6 0 4 2 0 14 20 2 14 0 2 14 4 10 10 8 10 12 18 12 0 8 0 0 0 16 8 6 10 0 16 20 0 4 0 4 16 0 6 0 16 14 14 0 8 0 0 16 0 12 18 14 0 6 22 16 6 12 0 14 0 6 4 2 12 6 10 2 10 0 0 6 8 12 12 18 0 8 12 0 4 2 0 0 16 6 4 6
 0 2 8 4 4 0 0 0 0 4 0 14 0 0 14 10 4 8 4 4 6 0 8 0 6 0 8 6 8 0 12 6 0 0 0 4 4 4 2 4 0 0 0 0 0 6 10 2 2 10 2 8 0 2 0 0 28 0 16 14 16 0 2 20 0 4 0 0 10 8 12 8 8 2 12 0 0 0 6 0 6 12 18 0 4 4 8 0 4 2 0 0 0 0 8 0 12 16 22 0 0 0 4 8 6 0 4 8 0 4 12 8 0 0 2 0 12 4 14 8 6 0 0 0 0 4 10 4 8 0 0 10 0 6 2 10 0 12 4 0 2 8 0 2 6 0 0 0 16 0 2 0 16 10 12 6 0 4 0 0 0 2 10 12 0 0 8 10 4 8 2 6 0 12 4 10 0 0 10 2 0 2 4 0 12 2 2 2 0 0 10 0 8 0 0 6 18 0 4 8
 0 12 0 2 0 0 0 0 0 6 2 20 0 0 12 6 0 0 8 2 0 2 4 0 0 0 2 0 0 0 0 8 4 0 0 2 6 0 20 0 0 0 0 4 0 8 4 2 10 4 0 6 0 4 0 0 0 8 10 12 8 0 0 4 0 0 6 0 0 10 0 0 2 2 12 0 0 8 0 6 0 0 0 2 0 2 6 0 16 0 0 0 2 2 10 0 0 0 10 0 8 0 8 6 0 0 2 0 0 0 20 0 0 8 0 0 0 2 6 0 10 0 0 2 0 8 14 2 14 2 0 0 0 0 0 0 0 12 0 6 0 0 0 10 14 0 0 0 0 0 0 0 8 0 22 0 0 0 8 10 0 0 6 0 0 0 10 12 4 0 0 8 0 0 0 0 0 0 2 0 0 8 10 0 6 8 0 8 0 0 0 0 0 0 0 0 2 0 4 4
 0 10 0 4 0 6 0 0 0 2 0 10 0 0 0 12 0 0 2 0 0 0 2 0 8 0 0 8 0 0 4 8 0 0 0 0 8 0 8 0 0 0 0 0 0 0 6 0 0 4 0 0 0 0 2 0 12 0 10 10 12 0 0 2 0 2 0 0 8 4 2 0 0 0 0 0 0 0 0 0 0 0 12 0 0 2 8 0 8 0 0 0 0 0 4 0 0 4 12 0 0 0 2 4 0 0 0 8 0 0 2 2 0 0 0 0 8 2 2 0 6 0 0 0 0 0 6 0 0 0 4 8 0 2 0 0 0 4 0 4 2 0 0 0 0 0 0 0 12 0 0 0 4 0 10 0 0 0 0 6 0 0 4 6 0 0 0 8 0 0 0 8 0 0 0 0 0 0 12 0 0 4 0 0 2 2 0 0 0 0 0 0 0 0 0 0 16 0 0 0
 0 2 0 0 0 0 0 0 0 0 0 8 0 0 4 0 0 0 2 0 0 0 0 0 0 0 0 0 0 0 0 0 0 0 0 0 2 0 10 0 0 0 0 0 0 0 0 0 0 0 0 0 0 0 0 0 0 0 2 20 16 0 0 2 0 0 0 0 0 0 0 0 0 0 0 0 0 0 0 0 0 0 8 0 0 0 4 0 2 0 0 0 0 0 0 0 0 0 12 0 0 0 6 0 0 0 0 2 0 0 8 10 0 0 0 0 0 0 0 0 0 0 0 0 0 0 2 0 0 0 4 0 0 0 0 0 0 2 0 0 0 0 0 0 0 0 0 0 10 0 0 0 0 0 12 0 0 0 0 0 0 0 0 0 0 0 0 2 0 6 0 0 0 10 0 0 0 0 0 0 0 4 0 0 4 8 0 0 0 0 0 0 0 0 0 0 4 0 0 0
 6 0 0 8 0 0 0 8 8 2 2 8 0 0 8 8 0 4 14 2 2 6 6 0 0 0 10 0 0 0 6 10 0 4 0 0 12 0 18 2 0 12 0 0 0 0 12 0 0 0 2 2 0 0 0 0 4 0 14 22 12 0 6 8 0 2 0 0 2 6 0 0 6 2 0 0 0 0 0 0 0 0 16 0 2 6 4 0 2 0 0 0 0 0 8 0 0 4 2 0 2 0 10 0 4 0 6 4 0 0 6 2 0 0 0 0 0 0 20 0 6 0 0 2 0 2 12 0 8 6 6 4 0 2 0 0 0 12 0 4 0 2 0 0 0 0 0 0 8 0 0 0 8 2 20 0 0 0 6 0 0 4 0 12 0 0 16 6 4 0 0 2 0 12 0 2 2 0 2 0 0 6 2 0 8 0 0 12 0 0 0 0 8 0 0 0 10 0 2 0
 2 16 0 0 0 0 0 0 0 0 0 16 0 0 12 16 0 0 2 0 6 4 14 0 6 0 0 2 0 4 6 0 0 0 0 0 4 0 14 2 0 0 0 0 0 6 8 0 0 6 0 0 0 0 0 2 6 0 8 14 8 0 0 18 0 12 0 0 10 14 4 0 2 0 0 0 0 0 0 0 6 0 10 0 0 0 12 0 4 0 8 0 0 0 0 4 0 20 10 0 0 0 0 0 2 2 0 2 0 0 12 0 0 0 0 0 2 0 4 0 2 0 4 6 0 8 6 0 2 6 4 4 0 0 0 0 0 2 2 8 6 0 6 0 4 12 0 0 4 0 4 0 6 8 12 0 4 0 6 0 0 2 10 10 0 0 8 0 0 10 0 0 0 4 0 0 0 0 0 0 0 0 0 0 12 0 0 10 0 0 10 0 10 0 0 0 16 0 4 6
 0 0 0 0 0 0 0 0 6 6 2 4 0 0 6 16 4 0 14 0 6 0 14 0 4 0 0 4 12 8 10 12 0 0 0 0 2 0 14 0 0 6 0 0 0 0 4 6 0 0 6 10 0 0 0 0 14 0 0 8 0 0 4 8 2 0 0 0 0 2 0 0 0 0 0 0 0 0 6 0 0 0 14 0 0 8 2 0 4 0 0 0 0 0 0 4 0 8 16 0 0 0 0 0 0 0 6 0 0 6 10 0 4 0 0 0 6 10 6 0 8 0 2 0 6 2 6 0 0 0 10 0 0 2 0 0 4 0 4 22 0 0 0 2 8 0 0 0 4 0 4 0 0 0 8 0 0 0 0 4 2 12 10 8 0 0 12 18 6 0 0 2 0 0 0 0 0 0 0 0 0 4 0 0 8 0 2 0 0 0 0 0 14 0 0 4 12 0 4 0
 0 2 0 12 0 0 0 0 4 4 0 10 0 0 8 4 0 0 14 2 0 4 2 4 8 0 0 0 4 0 14 8 2 4 4 0 6 0 24 2 0 6 2 0 0 10 6 0 2 0 0 0 0 0 0 0 10 0 12 20 24 0 0 8 0 6 0 0 0 4 0 0 0 0 6 4 0 12 6 4 8 0 8 2 0 8 2 2 16 0 0 0 0 2 10 0 0 8 8 0 8 0 0 8 4 0 6 6 0 0 14 0 0 4 0 0 2 0 12 0 0 2 0 2 0 6 2 8 4 0 4 2 0 6 0 0 0 8 0 4 4 6 8 0 2 8 8 0 18 6 0 0 0 16 22 0 0 0 2 12 8 0 10 0 0 0 18 2 0 4 16 0 0 0 0 0 4 0 6 0 0 4 4 0 18 0 0 4 0 0 0 0 4 0 0 8 2 0 0 4
 0 0 0 0 0 0 0 0 4 0 0 16 0 0 6 2 0 0 6 0 2 0 0 0 14 0 0 0 0 0 0 6 0 0 0 0 0 0 8 0 0 0 0 0 0 6 6 0 0 0 2 0 0 0 0 0 0 0 0 12 16 0 0 6 0 0 0 0 2 4 0 2 0 0 0 0 0 0 0 2 2 0 0 0 0 0 16 0 8 10 0 0 0 0 12 2 0 8 0 0 0 0 4 10 0 0 0 0 0 0 0 0 4 0 0 0 0 0 16 0 0 0 0 0 0 0 12 0 0 0 6 4 0 0 0 0 0 12 0 4 0 0 0 6 0 2 0 0 6 0 2 0 2 0 10 0 0 0 0 0 0 0 0 2 0 0 4 4 0 4 0 0 0 6 0 0 12 0 2 4 0 0 4 0 6 0 0 6 0 0 0 0 0 0 0 0 0 0 4 0
 0 6 0 6 0 0 0 0 0 0 6 12 0 0 12 0 0 0 12 0 0 0 10 0 6 0 6 0 2 0 2 2 0 0 0 0 6 0 22 0 0 4 0 0 0 8 8 4 6 0 2 0 0 0 0 0 14 0 12 12 14 0 8 14 0 0 8 0 0 2 4 8 2 0 2 0 0 0 4 0 0 0 12 4 0 0 14 4 12 0 2 0 0 0 20 0 0 4 20 4 6 0 4 0 0 2 8 4 0 0 16 4 0 0 0 0 8 0 16 0 0 0 0 4 0 16 6 0 8 0 0 6 4 4 2 0 0 0 14 0 0 6 0 0 0 14 0 0 20 0 0 0 4 0 10 0 0 0 0 0 0 0 10 8 0 0 8 0 0 0 0 4 0 2 0 0 10 0 6 2 4 0 0 0 8 0 0 0 0 0 2 0 10 0 0 0 2 0 10 0
 4 10 0 0 0 0 0 4 0 6 12 14 0 0 10 4 10 6 14 0 8 4 12 0 0 0 2 2 10 2 6 0 0 6 0 2 10 0 14 6 0 8 0 0 0 8 14 0 4 0 0 14 6 0 0 0 14 0 18 18 12 2 0 8 4 2 0 0 0 14 10 0 0 0 0 2 0 0 0 0 6 0 6 0 0 0 10 0 16 0 0 0 0 10 6 0 0 12 12 0 0 0 8 0 0 0 10 0 2 0 12 4 8 2 0 0 4 0 6 0 0 0 2 0 0 8 18 0 8 4 0 0 0 0 0 4 2 6 0 8 0 2 6 0 6 0 6 0 0 0 0 0 0 0 22 0 0 0 4 4 0 0 8 2 4 0 18 8 0 10 0 12 4 4 0 0 6 2 8 2 8 14 0 0 4 2 0 0 0 2 10 0 0 0 0 0 0 0 0 6
 18 14 6 20 4 10 0 22 14 6 12 16 0 4 18 18 0 10 22 10 10 4 16 4 18 0 20 8 26 16 6 4 2 10 6 14 16 12 24 2 12 16 10 2 8 0 8 16 10 12 6 8 14 4 0 8 6 8 24 30 26 0 20 18 16 12 0 2 14 18 16 6 8 14 12 16 16 20 8 10 4 18 22 4 0 26 4 8 22 14 18 0 0 4 10 12 16 30 12 0 6 6 18 10 12 8 6 6 4 4 16 16 14 6 8 10 8 8 22 14 6 0 14 22 16 14 14 12 14 10 8 24 2 8 12 4 0 20 12 32 8 12 12 24 12 12 12 16 28 14 4 0 12 6 24 14 0 4 8 18 10 12 10 14 4 10 20 18 10 16 8 12 4 14 4 8 14 18 12 0 0 6 4 16 10 6 4 20 14 8 4 0 16 6 2 0 18 0 22 12
 10 12 12 10 18 6 0 10 10 8 14 32 0 8 8 10 14 4 22 0 14 6 18 0 20 6 4 2 14 0 10 16 6 14 12 2 18 6 30 14 14 16 8 6 10 16 14 16 0 12 14 8 18 18 0 0 26 10 12 36 18 8 16 16 0 16 8 10 16 12 12 2 8 8 14 8 0 2 10 16 14 10 26 14 6 16 28 2 12 4 10 0 4 10 10 8 8 24 14 4 14 2 14 6 14 8 14 12 6 4 14 12 12 0 0 0 6 12 26 12 12 0 0 12 12 8 14 0 14 10 8 14 0 12 2 4 8 22 12 20 22 6 4 14 10 12 20 6 20 0 6 0 10 2 18 4 6 0 6 12 4 10 22 12 4 12 22 14 0 22 12 28 0 6 2 10 16 8 14 0 2 14 14 16 24 6 14 0 0 4 14 0 8 0 0 10 14 0 14 6
 0 8 0 0 0 0 0 0 0 0 0 8 0 0 0 0 0 0 10 0 0 0 16 0 0 0 0 0 0 0 2 0 0 0 0 2 0 0 6 0 0 0 0 0 8 0 4 0 0 0 0 4 0 0 0 0 0 0 6 4 6 0 0 6 0 10 0 0 6 6 0 0 0 0 4 0 0 0 0 0 0 0 0 0 0 0 2 0 0 0 0 0 0 0 0 0 0 2 0 0 0 0 0 2 2 0 0 2 0 0 6 0 0 0 0 0 0 0 0 0 0 0 0 0 0 0 8 0 0 0 4 2 0 0 0 0 0 4 0 2 0 0 6 0 0 0 0 0 0 0 0 0 0 0 6 0 0 0 0 0 0 0 0 0 0 0 4 0 0 8 0 0 0 0 0 0 0 0 0 0 0 0 0 0 12 2 0 0 0 0 0 0 0 0 0 0 10 0 0 0
 2 6 0 4 0 0 0 0 0 8 6 26 0 4 4 6 4 0 10 0 4 8 14 2 0 0 4 8 0 0 16 10 0 0 0 0 10 0 22 0 0 8 0 8 0 16 14 10 16 2 12 10 8 6 0 0 18 0 8 18 14 4 8 12 0 0 0 0 6 6 4 16 14 2 0 4 2 4 10 4 0 4 10 2 10 10 20 0 8 0 0 0 8 12 0 2 6 8 8 0 8 0 0 6 2 0 4 4 0 0 18 2 2 0 0 0 2 0 16 0 10 0 0 16 0 4 10 4 4 4 6 12 0 0 0 4 0 12 4 4 4 6 6 0 0 4 0 6 18 10 2 0 8 4 20 0 0 0 2 0 2 8 0 6 6 6 12 12 0 14 4 12 0 0 4 12 12 0 18 6 0 4 0 8 4 8 0 4 0 10 12 0 20 0 2 10 10 0 8 0
 0 0 0 0 0 0 0 0 0 0 0 10 0 0 0 4 0 0 0 0 0 0 0 0 0 0 0 0 0 0 0 4 0 0 0 0 0 0 12 10 0 0 0 0 0 0 0 0 0 2 0 0 0 0 0 0 0 0 0 8 0 0 0 0 2 0 0 0 0 4 0 0 0 0 0 0 2 0 0 0 0 0 0 0 0 0 8 0 4 0 0 0 0 0 0 0 0 0 0 0 0 0 2 0 0 0 0 0 0 0 14 0 0 0 0 0 0 0 4 0 0 0 0 0 0 4 0 0 0 0 0 0 0 0 0 0 0 0 0 2 0 2 0 0 0 0 0 0 6 0 0 0 0 0 4 0 0 0 0 0 0 0 8 0 0 0 2 0 0 0 0 0 0 0 0 0 0 0 0 0 0 0 0 2 2 2 0 0 0 2 0 0 0 0 0 0 0 0 0 0
 0 0 0 0 0 0 0 0 0 0 0 2 0 0 0 0 0 0 0 0 0 0 0 0 0 0 0 0 0 0 0 0 0 0 0 0 0 0 6 0 0 0 0 0 0 0 0 0 0 0 0 0 0 0 0 0 0 0 0 0 0 0 0 0 0 0 0 0 0 0 0 0 0 0 0 0 0 0 0 0 0 0 0 0 0 0 0 0 0 0 0 0 0 0 0 0 0 0 0 0 0 0 0 0 0 0 0 0 0 0 0 0 0 0 0 0 0 0 0 0 0 0 0 0 0 0 0 0 0 0 0 0 0 0 0 0 0 0 0 0 0 0 0 0 0 0 0 0 0 0 0 0 0 0 0 0 0 0 0 0 0 0 0 0 0 0 4 0 0 0 0 0 0 0 0 0 0 0 2 0 0 0 0 0 0 0 0 0 0 0 0 0 0 0 0 0 0 0 0 0
 0 0 0 0 0 0 0 0 0 0 4 0 0 0 0 0 0 0 2 0 0 0 2 0 0 0 0 0 0 0 0 0 0 0 0 0 0 0 0 0 0 0 0 0 0 0 0 0 0 2 0 0 0 0 0 0 0 0 0 0 0 0 0 0 0 0 0 0 0 0 0 0 0 0 0 0 0 0 0 0 0 0 0 0 0 0 0 0 0 0 0 0 0 0 0 0 0 0 0 0 0 0 0 0 0 0 0 0 0 0 0 0 0 0 0 0 0 0 0 0 0 0 0 0 0 0 0 0 0 0 0 0 0 0 0 0 0 0 0 0 0 0 0 0 0 0 0 0 0 0 0 0 0 0 0 0 0 0 0 0 0 0 4 0 0 0 0 0 0 0 0 0 0 0 0 0 0 0 0 0 0 0 0 0 0 0 0 0 0 0 0 0 0 0 0 0 0 0 0 0
 12 0 0 8 10 6 0 4 4 4 20 24 0 14 18 4 8 2 20 0 4 10 14 6 18 0 2 14 12 2 24 18 0 16 0 12 12 2 20 0 4 6 4 6 6 8 12 16 2 8 2 2 12 0 0 0 22 0 14 8 20 0 12 28 0 2 8 0 0 6 0 6 8 6 16 0 4 4 2 6 10 2 16 0 14 14 24 6 12 2 0 0 4 8 6 0 6 14 16 0 0 2 0 8 0 8 14 0 2 6 12 0 8 6 0 0 6 8 10 6 6 0 6 12 4 8 10 6 10 4 6 20 6 2 4 0 4 10 4 14 18 4 10 14 6 2 12 0 18 0 0 0 16 12 30 4 0 0 16 16 8 2 16 14 4 6 22 16 6 16 0 14 0 0 6 0 4 2 18 4 10 18 6 4 16 8 2 4 0 4 4 0 12 2 0 8 12 4 8 6
 0 4 0 6 0 6 2 0 0 0 4 6 0 0 0 8 0 0 24 0 0 0 14 0 4 0 0 0 0 0 12 0 0 0 0 0 0 0 14 0 0 0 0 0 2 4 10 0 8 0 2 6 0 0 0 0 8 0 4 0 4 0 0 6 0 0 0 0 0 8 0 0 0 0 0 0 0 0 0 0 0 0 10 0 0 0 2 0 0 0 4 0 0 0 12 0 0 0 12 0 0 0 0 0 2 0 2 8 0 0 10 0 0 2 0 0 0 0 10 0 0 0 0 10 0 2 0 6 0 0 0 10 0 0 0 0 0 2 0 2 6 0 4 6 2 0 0 0 0 0 2 0 0 12 2 0 0 0 0 6 0 0 14 4 0 0 6 4 8 2 0 2 0 0 0 0 0 0 0 6 0 0 0 0 2 0 4 4 0 0 0 0 2 0 0 0 6 0 0 0
 0 0 0 0 0 0 0 4 0 0 0 2 0 0 12 2 0 0 8 0 0 4 0 0 0 0 2 2 8 0 0 4 0 0 0 0 0 0 6 0 0 0 0 0 0 0 0 0 0 0 0 0 0 0 0 0 0 0 0 8 8 0 0 0 0 0 0 0 0 6 0 0 0 0 0 0 0 0 0 0 0 0 4 0 0 0 0 0 0 0 0 0 0 0 6 0 0 0 12 0 0 0 4 0 0 0 2 0 0 0 4 0 0 0 0 0 0 0 0 0 0 0 0 0 0 8 0 0 0 0 0 6 0 0 0 0 0 2 4 0 0 0 0 0 0 0 0 0 0 0 0 0 0 0 0 0 0 0 0 0 0 0 0 0 4 0 10 2 0 4 0 0 0 0 0 0 0 0 0 0 0 0 0 0 0 4 0 0 0 0 0 0 0 0 0 0 0 0 0 0
 0 8 0 2 0 0 0 8 6 2 12 24 0 10 14 2 6 4 8 0 6 18 8 0 6 0 0 10 4 6 10 0 8 4 0 4 14 12 14 4 6 6 0 4 0 2 12 4 4 0 6 6 6 0 0 2 16 0 0 12 12 2 4 12 0 4 0 4 0 14 6 10 10 0 6 0 6 6 0 0 8 0 16 0 0 16 32 2 4 0 0 0 0 16 10 0 6 12 18 0 0 4 2 2 10 14 2 10 0 6 14 0 4 2 0 0 4 16 10 0 6 0 0 14 6 8 16 12 4 6 0 8 0 0 8 0 0 4 0 10 10 2 2 0 4 0 0 0 2 0 2 0 22 6 20 0 0 0 0 4 0 10 8 20 0 4 22 12 0 14 0 14 0 4 0 6 4 6 18 6 2 4 12 0 6 14 0 0 0 8 10 0 16 0 8 0 10 0 0 0
 2 0 0 0 0 0 0 0 0 0 0 0 0 0 10 4 0 0 16 0 0 0 0 0 4 0 0 0 0 0 0 6 0 6 0 0 8 0 12 0 0 0 0 0 2 0 4 0 0 2 0 2 2 0 0 0 0 4 4 6 10 0 10 8 0 0 0 0 0 6 0 0 0 0 0 0 0 0 0 0 0 0 4 0 0 2 0 0 8 0 0 0 0 6 14 0 0 12 0 0 0 0 0 0 0 0 6 0 0 0 8 0 0 0 0 0 0 0 0 0 6 0 0 0 0 0 0 2 0 2 0 4 0 0 10 0 0 0 0 0 10 6 0 10 0 2 0 0 4 0 0 0 2 0 0 0 0 0 0 0 0 0 0 4 0 2 10 0 0 4 0 10 0 0 0 4 0 0 0 0 0 2 0 0 8 0 2 4 0 4 0 0 0 0 0 0 6 0 4 0
 0 12 4 6 0 0 0 12 4 12 10 20 0 14 12 10 0 2 14 12 0 0 16 4 6 10 4 6 14 0 22 0 0 4 2 6 6 8 28 6 0 10 0 0 0 12 0 14 12 14 2 6 0 8 2 0 16 2 16 10 20 0 10 18 14 16 0 4 8 4 6 6 4 0 12 0 0 2 0 0 2 4 10 4 8 2 10 0 16 4 6 0 0 0 10 4 2 12 20 0 2 0 2 8 4 0 6 0 6 2 18 12 12 4 6 2 0 14 4 4 14 6 0 8 0 8 20 0 0 8 2 10 10 0 16 0 0 12 12 10 4 12 0 10 2 0 4 0 10 0 0 0 12 6 16 2 2 0 8 0 0 10 10 6 0 2 14 10 8 12 0 16 0 4 0 4 6 4 16 0 0 16 4 4 14 8 4 2 6 4 0 0 0 8 0 0 20 0 4 12
 0 10 6 12 0 12 0 16 2 6 4 22 0 0 8 12 10 0 22 2 8 12 18 0 12 6 4 0 6 2 12 16 12 8 6 0 12 0 12 10 0 6 0 2 2 6 12 4 4 12 12 20 6 8 0 0 26 4 12 12 22 4 2 22 0 4 0 0 2 10 2 14 10 8 6 2 0 4 8 0 8 2 12 2 4 10 20 6 14 8 2 0 8 14 8 8 0 18 12 0 0 0 0 16 12 0 0 18 0 12 20 24 4 6 4 0 10 6 18 6 16 0 2 14 4 4 14 12 2 6 14 18 0 0 0 0 2 10 2 0 10 14 18 4 2 0 2 0 14 0 12 0 12 0 18 8 4 0 6 14 2 6 22 0 2 2 24 16 4 8 2 20 6 8 14 10 8 0 10 10 4 0 0 2 12 0 0 6 2 12 8 0 12 0 0 0 8 0 14 2
 0 8 0 8 8 0 0 0 0 0 0 12 0 0 6 4 0 2 8 0 0 0 12 8 2 4 0 0 0 0 0 0 0 0 0 0 12 0 12 0 0 0 0 0 10 0 2 0 0 2 0 0 0 2 0 0 0 0 14 4 10 8 6 4 2 4 0 0 0 14 0 0 0 4 0 0 0 0 0 4 2 0 12 8 8 18 12 6 0 0 0 0 0 0 10 0 0 8 14 0 4 0 2 0 0 0 6 0 0 0 12 6 0 0 0 0 0 0 8 2 0 0 0 10 0 6 6 0 0 0 0 6 0 6 0 2 0 8 4 12 0 4 2 6 0 0 2 0 4 2 0 0 6 0 14 0 0 0 2 4 0 6 0 8 0 0 18 14 0 2 0 2 0 0 0 0 0 0 2 0 0 2 0 2 2 4 0 6 0 0 0 0 10 0 0 0 16 0 0 2
 0 2 0 0 0 0 0 0 0 0 0 4 0 0 6 4 0 0 0 0 0 4 0 0 0 0 0 0 0 0 0 0 0 0 0 0 12 0 2 0 0 0 0 0 0 0 6 0 0 0 0 0 0 0 0 0 0 0 0 4 4 0 0 0 0 0 0 0 0 0 0 0 0 0 0 0 0 0 0 0 0 0 2 0 0 0 6 0 0 0 0 0 0 0 0 0 0 0 6 0 0 0 0 0 4 0 0 0 0 0 6 0 0 0 0 0 0 0 0 0 4 0 0 0 0 0 6 0 0 0 0 0 0 0 0 0 0 4 0 0 4 0 0 0 0 0 0 0 0 0 0 0 2 0 4 0 0 0 0 0 0 0 0 0 0 0 6 0 0 0 0 0 0 6 0 0 2 0 0 0 0 0 0 0 6 0 2 0 0 0 0 0 2 0 0 0 0 0 0 0
 10 0 0 0 0 0 0 0 0 8 4 14 0 0 20 2 8 0 24 0 0 10 4 0 12 0 10 2 0 0 6 8 0 0 0 0 8 0 10 0 0 4 0 0 4 0 4 0 0 2 6 10 0 0 0 0 20 0 20 18 16 0 2 8 0 4 0 0 2 6 0 8 0 0 0 0 0 0 0 0 0 0 0 0 0 6 8 6 8 0 0 0 0 2 6 2 0 18 10 0 0 0 10 0 0 0 0 0 0 0 8 2 2 0 0 4 6 0 8 0 2 0 0 0 0 8 2 0 0 2 12 0 0 8 0 0 0 2 0 0 6 2 8 0 6 0 8 0 8 0 0 0 6 0 4 2 0 0 0 0 0 4 0 0 0 0 8 10 0 0 0 0 0 8 0 14 4 0 8 0 0 8 0 0 6 14 2 0 0 2 6 0 4 0 0 0 0 4 0 4
 0 10 0 0 0 0 0 0 0 0 14 16 0 0 2 0 0 2 10 0 0 0 16 0 8 0 4 4 16 0 14 4 4 0 0 0 10 2 18 4 0 0 0 0 4 6 10 10 2 4 0 0 0 6 0 0 10 0 6 12 10 0 2 12 0 0 0 0 4 0 0 0 0 8 8 0 0 0 8 0 10 0 6 0 0 4 6 0 6 0 0 0 0 8 0 0 0 6 20 0 0 0 2 12 4 0 4 0 0 0 4 0 0 0 0 0 0 0 12 0 0 0 0 0 0 4 6 0 2 8 6 14 2 6 6 0 6 2 2 10 0 0 4 2 6 4 4 0 18 0 0 0 0 0 10 0 0 0 6 4 0 0 10 2 0 0 20 4 4 10 0 8 0 4 10 2 6 0 0 0 0 0 6 0 0 2 0 0 0 8 0 0 10 0 0 0 2 0 0 0
 10 10 0 0 0 4 0 0 0 0 4 14 0 2 2 4 0 0 0 0 0 6 8 0 0 0 0 0 2 0 6 2 0 0 0 0 2 0 18 2 0 0 0 0 0 10 16 0 0 2 4 6 0 4 0 0 14 0 6 18 10 0 6 0 0 6 0 0 0 4 10 4 0 0 4 0 0 0 4 0 10 0 10 0 0 0 8 0 0 0 0 0 0 0 4 0 0 12 10 0 2 0 0 0 8 0 0 0 0 2 18 0 4 0 0 0 14 0 18 0 6 0 0 0 0 0 6 0 8 0 4 2 0 0 0 0 0 0 0 8 6 0 6 6 10 0 0 0 12 0 0 0 0 0 4 0 0 0 0 6 0 0 4 0 0 0 6 8 0 2 0 4 0 0 0 0 4 0 0 0 0 4 2 0 10 4 2 0 0 0 0 0 10 0 0 6 8 0 0 0
 4 0 0 0 2 0 0 0 0 4 4 18 0 0 10 6 0 0 4 2 0 0 2 0 8 0 6 2 0 0 6 4 0 0 0 0 10 4 18 10 0 10 0 0 0 6 14 0 6 2 0 4 6 0 0 0 10 0 2 10 16 0 6 10 4 2 4 0 0 2 14 0 0 0 2 0 0 0 0 0 0 4 12 0 0 8 12 0 2 0 0 0 0 0 12 4 4 10 2 0 0 0 0 0 6 2 0 0 0 0 10 0 0 0 0 0 0 0 22 6 0 0 0 2 0 8 16 0 0 0 10 10 2 12 4 0 0 10 8 2 6 4 0 0 0 0 0 8 2 0 0 0 2 0 16 6 0 0 0 0 0 8 0 0 0 0 12 0 0 0 0 6 0 0 0 0 2 0 2 0 0 8 0 0 12 0 0 8 0 6 0 0 8 0 0 0 14 0 0 0
 0 4 0 0 0 0 0 0 0 0 6 4 0 0 2 8 0 4 0 0 0 0 14 0 14 0 0 6 6 0 10 2 0 0 0 0 0 0 20 0 4 0 2 0 0 6 10 2 8 14 0 6 0 4 0 0 0 4 4 6 6 0 0 8 0 0 0 0 0 4 2 0 0 0 0 0 0 2 0 2 0 0 4 0 0 0 2 0 0 0 0 0 0 0 0 2 2 6 2 0 0 0 0 0 0 2 0 0 0 0 10 0 0 0 0 0 0 0 6 0 0 0 0 10 0 0 0 0 8 0 0 0 0 0 0 0 0 2 0 12 0 0 0 10 0 0 0 0 2 0 0 0 6 12 6 0 0 0 0 0 0 4 10 4 0 0 10 8 0 14 0 10 0 6 0 0 0 0 0 0 0 0 2 0 0 4 0 0 0 0 0 0 0 0 0 0 6 0 8 0
 4 0 0 4 0 4 2 8 0 0 6 14 0 2 10 4 0 0 18 2 0 6 12 6 10 0 8 8 4 0 20 0 0 4 0 0 6 0 24 0 0 0 0 4 4 20 16 4 2 12 0 12 6 0 0 0 10 0 10 8 12 0 8 6 0 2 4 0 0 12 2 6 4 8 0 0 0 10 2 6 2 0 10 0 6 2 8 0 12 6 4 0 0 10 14 0 2 6 18 0 0 0 4 4 12 0 16 8 0 0 12 0 10 0 0 0 12 16 8 4 8 0 0 0 0 6 8 0 8 0 0 12 0 8 0 0 6 16 8 6 0 2 8 4 12 2 4 0 8 0 2 0 8 0 16 4 2 0 0 16 0 6 10 2 0 4 10 12 0 8 0 16 0 0 4 0 0 6 8 10 8 10 0 0 10 0 2 2 10 2 2 0 14 0 0 6 12 0 8 4
 12 6 12 12 8 10 8 14 0 12 18 22 0 6 12 4 10 4 20 0 8 10 14 0 8 0 10 0 2 4 6 6 4 0 4 8 20 0 16 10 4 12 2 6 14 18 6 18 2 4 2 16 4 6 0 0 22 0 0 32 24 0 18 14 0 16 6 8 4 14 8 18 20 8 14 6 0 6 16 10 0 0 28 10 8 6 8 12 12 0 0 0 2 8 14 0 0 24 8 0 12 0 0 14 8 12 16 8 0 8 28 12 2 0 10 0 14 6 24 10 16 0 0 16 0 2 8 4 20 8 6 18 2 6 14 0 2 4 24 6 14 2 8 2 12 0 6 0 18 8 6 2 8 8 16 0 0 0 0 6 0 0 12 10 0 6 16 8 16 12 10 8 0 22 10 8 10 0 0 2 2 10 0 8 18 8 6 2 0 8 10 0 8 0 4 0 4 2 10 4
 0 10 0 0 0 0 0 0 8 0 0 10 0 2 12 4 4 0 6 0 6 0 4 0 14 0 0 0 2 0 8 10 0 2 0 0 14 18 14 8 0 4 0 0 0 2 8 2 10 8 0 2 4 6 0 0 8 0 4 14 12 0 8 4 0 2 0 0 8 6 0 2 10 0 0 0 0 0 6 0 2 0 8 0 0 12 18 0 16 0 0 0 2 6 8 0 8 8 8 0 0 0 0 2 6 2 0 0 0 0 4 4 0 0 0 0 0 4 22 2 0 0 0 12 0 6 2 0 2 4 2 10 0 0 2 0 0 6 0 4 2 0 0 6 0 0 0 0 18 0 2 0 16 6 0 0 0 0 0 0 0 0 4 6 0 0 4 0 0 4 0 8 0 6 0 2 10 0 0 0 0 0 0 0 2 10 0 0 0 4 6 0 12 0 0 0 2 0 4 10
 0 0 0 2 8 0 0 4 0 2 0 16 0 0 2 6 4 0 6 0 0 8 16 0 12 0 0 6 0 0 10 6 0 0 2 0 12 4 20 0 2 6 0 0 10 8 2 4 8 0 0 24 0 0 0 0 2 0 10 26 10 0 6 12 0 8 2 0 10 10 6 0 0 0 10 0 0 0 0 0 4 0 18 0 0 8 10 0 4 6 10 0 0 4 10 0 0 28 22 0 6 0 6 4 0 0 0 22 0 0 6 10 0 0 0 0 12 6 0 0 4 2 0 6 4 2 8 0 6 6 6 14 0 8 2 0 0 12 8 14 4 0 6 10 4 4 0 0 6 0 0 0 6 0 8 0 0 0 2 4 0 14 6 8 0 0 4 14 4 10 0 28 0 6 0 0 8 0 0 10 0 10 0 0 0 0 0 0 0 0 4 0 0 0 0 0 0 0 6 0
 6 8 12 10 0 0 10 6 12 0 2 14 0 0 22 6 2 0 8 6 0 2 12 0 4 0 6 0 8 8 14 16 0 8 4 0 14 0 26 0 0 10 0 6 0 0 6 6 10 4 0 0 2 6 0 0 26 0 6 24 18 0 0 6 4 4 0 0 0 10 0 12 0 10 0 0 0 4 8 0 4 2 20 0 0 14 14 4 10 2 0 0 0 8 6 6 0 24 24 0 2 0 0 2 12 0 6 8 0 0 18 18 2 2 2 0 10 4 12 0 10 0 0 10 0 12 22 0 16 6 16 10 0 0 4 0 8 12 4 8 18 6 0 0 0 0 4 0 22 2 0 0 8 0 14 0 0 0 4 6 0 4 14 22 0 2 12 6 0 4 0 10 0 0 0 6 0 0 20 0 4 2 0 2 18 10 0 14 0 2 10 0 6 0 0 0 6 4 0 4
 0 0 2 0 0 0 0 4 0 2 6 6 0 0 10 2 0 0 12 0 0 0 8 0 0 0 0 0 2 0 4 4 2 16 0 0 8 0 22 0 0 0 0 0 0 6 8 6 0 2 0 0 8 0 0 0 10 0 8 16 12 0 4 10 0 2 0 0 0 4 0 0 0 0 8 0 4 0 0 0 0 0 10 8 0 0 4 0 0 0 0 0 0 4 10 8 0 2 0 0 0 0 4 16 6 0 6 0 6 0 16 0 0 0 0 0 0 8 6 10 0 0 4 0 0 12 10 0 10 0 2 4 0 2 0 0 0 4 8 8 0 0 4 6 0 0 0 0 0 0 0 0 10 0 8 0 0 0 0 10 0 0 0 2 0 0 14 10 0 6 0 8 0 10 0 2 0 0 0 0 0 8 10 0 0 4 0 0 0 2 0 0 2 0 0 0 0 0 0 0
 0 0 2 10 0 6 6 6 2 2 10 20 0 2 14 10 10 2 12 0 4 2 32 0 12 12 0 4 16 2 20 6 2 8 0 8 4 6 26 4 8 12 0 0 6 2 18 0 0 10 2 10 0 12 0 0 24 0 12 14 22 0 6 16 0 16 0 0 4 18 0 8 10 0 2 4 4 14 2 0 0 0 14 10 0 22 20 14 8 0 0 0 0 8 10 0 0 24 8 6 10 0 8 2 4 2 4 6 0 0 10 6 4 6 2 4 0 8 16 2 2 0 0 4 0 12 4 8 0 4 4 14 4 6 2 0 0 18 6 14 2 10 8 12 0 0 2 0 16 0 4 0 14 12 18 0 0 0 8 2 0 12 8 0 0 0 16 8 4 6 6 12 4 10 6 2 4 0 10 0 2 6 4 4 18 0 2 4 0 4 8 0 24 0 0 0 14 4 14 0
 0 0 0 0 0 0 0 0 0 0 0 0 0 0 0 0 0 0 6 0 0 0 2 0 0 0 0 0 0 0 0 0 0 0 0 0 0 0 0 0 0 0 0 0 0 0 0 0 0 0 0 0 0 0 0 0 2 0 8 6 2 0 0 0 0 0 0 0 0 0 2 0 0 0 0 0 0 0 0 0 0 0 0 0 0 0 2 0 0 0 0 0 0 0 0 0 0 2 0 0 0 0 0 0 0 0 0 8 0 0 0 0 0 0 0 0 0 0 0 0 0 0 0 0 0 0 14 0 0 0 0 0 0 0 0 0 0 0 0 0 0 0 0 0 0 0 0 0 0 0 0 0 0 0 2 0 0 0 0 0 0 0 0 0 0 0 0 0 0 0 0 0 0 0 0 0 0 0 0 0 0 0 0 0 0 0 0 0 0 0 0 0 0 0 0 0 0 0 2 0
 0 2 0 4 4 0 0 8 0 2 8 6 0 0 6 8 0 0 28 0 0 4 12 0 8 0 10 12 0 8 12 4 2 6 0 0 16 4 26 2 0 6 0 0 0 8 16 2 2 0 0 18 0 6 0 0 14 0 16 10 20 4 12 8 0 8 0 0 0 14 8 6 2 6 12 2 0 6 2 0 0 0 8 0 0 8 4 0 16 0 0 2 0 2 12 4 0 12 14 0 0 0 0 2 4 2 0 4 0 0 2 0 6 0 0 0 4 4 12 0 6 0 0 8 4 10 6 2 0 8 2 8 6 0 0 0 0 10 0 2 20 2 12 4 2 2 0 4 10 0 0 0 8 0 22 0 0 0 0 4 0 2 18 14 10 0 14 6 0 2 2 8 2 0 2 0 6 2 8 0 2 0 0 0 12 0 4 0 0 0 2 0 4 0 0 0 16 2 18 0
 0 14 8 4 0 0 0 2 0 0 12 24 0 0 6 10 10 8 6 0 8 20 14 4 2 0 0 10 6 6 6 4 2 4 0 0 10 0 24 8 0 16 0 0 2 16 10 0 8 6 8 14 6 12 0 0 10 0 22 24 8 0 4 8 4 10 0 0 0 6 16 10 14 2 4 0 0 0 4 6 0 2 20 10 0 22 8 0 6 0 0 0 2 16 14 10 0 16 14 4 0 0 0 6 2 0 2 10 0 0 12 0 4 0 0 2 6 0 10 0 8 0 2 0 0 12 12 12 2 4 0 10 0 4 0 0 0 12 0 0 12 4 10 4 6 0 0 0 6 0 6 4 8 0 12 0 0 0 4 10 4 10 14 12 4 0 18 18 0 8 0 14 0 0 0 8 0 0 14 4 0 0 12 22 10 12 4 6 0 8 10 0 12 0 4 2 10 0 4 4
 0 0 0 4 0 0 0 0 0 0 0 10 0 0 10 0 0 2 18 0 0 6 8 0 0 0 2 0 4 0 0 0 0 0 0 0 0 0 12 0 0 0 0 0 0 0 2 0 2 0 0 0 0 0 0 0 16 0 2 16 8 0 2 2 0 0 0 0 0 0 0 0 12 0 2 0 0 0 0 0 0 0 8 0 0 0 4 0 0 0 0 0 0 0 4 0 0 6 2 0 0 0 0 0 0 0 0 0 0 0 12 0 0 0 0 0 0 0 10 0 0 0 0 2 0 0 4 0 0 0 2 0 0 0 0 0 0 0 0 0 0 2 0 0 0 0 0 0 8 0 0 0 0 0 12 0 0 0 0 0 0 4 0 4 0 0 8 6 0 0 0 2 0 0 8 0 2 0 0 0 0 0 2 0 0 0 0 0 0 0 0 0 8 0 0 0 0 0 8 0
 0 0 0 0 0 0 0 0 0 0 0 8 0 0 10 0 4 0 0 0 0 0 0 0 0 0 0 0 0 0 2 0 0 0 0 0 0 0 0 0 0 0 0 0 0 0 0 0 0 0 0 0 0 0 0 0 0 0 0 0 12 0 0 0 0 0 0 0 0 0 0 0 0 0 0 0 0 0 0 0 0 0 0 0 0 0 0 0 8 0 0 0 0 0 4 0 0 0 4 0 0 0 0 0 0 0 0 6 0 0 0 0 0 0 0 0 0 4 0 0 0 0 0 0 0 2 2 0 0 0 0 6 0 0 0 0 0 0 0 0 0 0 2 0 0 0 0 0 2 0 0 0 2 0 8 0 0 0 0 0 0 4 0 0 0 0 0 12 0 0 0 6 0 0 0 0 0 0 0 0 0 4 0 0 0 2 0 0 0 0 0 0 0 0 0 0 0 0 0 0
 0 0 0 6 0 0 0 0 0 0 10 28 0 0 14 2 0 0 18 0 2 0 18 0 14 0 2 0 14 0 6 14 0 8 0 0 6 12 22 0 6 6 0 2 4 4 10 8 4 0 0 10 0 2 0 0 6 6 12 30 32 0 8 12 0 14 0 0 0 16 0 8 10 6 10 0 0 0 0 0 0 0 6 4 2 24 14 0 14 0 2 0 0 8 10 0 4 14 4 0 0 0 6 10 0 8 2 10 0 0 10 0 0 4 0 0 0 4 10 0 0 0 0 0 0 12 14 0 0 6 0 8 0 14 0 2 0 12 4 4 0 6 2 4 4 0 2 0 16 0 0 0 4 0 24 0 0 0 2 14 0 2 6 14 0 0 16 18 0 10 0 18 0 6 0 12 0 0 0 4 0 6 2 12 6 2 0 0 0 4 8 0 10 0 0 2 14 0 6 0
 0 0 0 2 0 2 0 0 0 0 0 6 0 0 10 0 0 0 8 0 0 0 2 0 2 0 0 0 0 0 10 0 0 0 0 0 2 0 12 0 0 0 0 0 0 0 0 0 0 0 0 0 0 0 0 0 4 0 0 0 10 0 2 10 0 0 0 0 4 8 0 0 2 0 2 0 0 0 0 0 4 0 10 0 0 4 0 0 0 0 0 0 0 0 0 0 0 0 8 0 0 0 0 0 0 0 4 0 0 0 8 0 0 0 0 0 0 0 0 0 0 0 0 4 0 0 0 0 0 0 0 6 0 0 0 0 0 4 0 0 0 0 0 0 0 0 4 0 2 0 0 0 8 0 0 0 0 0 0 0 0 0 0 0 0 0 4 6 0 0 0 0 0 0 0 0 0 0 0 0 0 0 0 0 6 0 0 0 0 0 0 0 0 0 0 0 2 0 0 0
 8 2 0 8 0 0 0 6 6 10 0 6 0 0 6 4 0 6 0 0 2 8 18 0 20 0 6 2 2 0 12 8 0 0 0 6 26 0 12 4 0 20 0 0 4 8 14 4 12 0 2 0 6 4 0 0 18 2 18 16 22 0 4 8 6 4 0 0 0 28 4 4 2 8 6 0 8 8 0 0 2 8 22 2 14 16 26 4 14 0 12 0 6 16 24 0 8 16 12 0 0 0 6 6 4 0 10 0 0 4 18 6 4 0 2 0 8 0 16 0 0 0 2 6 2 6 28 4 2 0 2 6 0 6 0 0 0 0 4 10 6 8 6 0 0 4 0 0 6 0 0 0 12 6 20 0 0 0 0 8 6 6 6 16 0 0 16 10 2 12 0 8 0 8 6 4 2 0 8 4 0 2 6 6 0 8 0 14 0 6 16 0 12 0 0 2 8 0 4 8
 2 10 8 0 0 0 0 0 0 0 18 22 0 6 16 4 6 0 14 0 8 10 16 0 10 2 2 2 10 0 14 10 4 4 0 12 8 2 18 0 0 4 0 4 6 0 12 8 0 6 0 4 0 2 0 0 10 4 12 16 12 2 0 4 2 10 0 0 4 16 0 8 2 2 2 0 0 12 0 0 2 0 6 4 0 14 14 0 6 0 0 0 0 12 6 0 10 20 8 0 6 0 4 0 0 0 2 0 0 0 12 4 2 0 0 6 10 4 16 6 0 0 0 4 0 12 2 6 6 6 10 8 0 0 4 0 0 0 0 14 4 10 4 2 2 4 0 0 10 0 6 0 2 4 18 0 0 0 14 18 0 0 10 0 0 0 6 0 10 14 0 12 4 12 2 0 2 0 4 8 6 4 4 0 6 8 0 0 0 0 0 0 6 0 0 4 4 0 4 4
 2 18 4 10 6 8 0 18 18 4 26 24 0 14 22 18 8 0 24 10 20 4 30 4 18 14 8 6 14 0 14 12 6 12 2 10 26 8 28 16 6 16 6 8 16 16 24 14 12 16 2 10 12 10 4 0 26 14 20 30 28 8 24 14 12 18 2 8 20 10 8 6 18 8 22 20 2 2 8 2 18 6 14 0 12 14 20 0 12 8 4 0 6 12 24 20 8 22 14 2 12 6 18 10 16 8 14 6 18 16 12 6 8 16 6 0 24 16 16 12 14 4 2 16 0 14 16 12 8 14 12 26 8 14 6 2 0 12 6 16 10 10 14 22 12 4 0 4 14 6 4 12 18 6 20 0 0 6 0 20 0 10 8 20 0 4 20 26 22 14 6 18 6 26 6 10 14 10 2 12 0 10 6 10 10 20 12 20 0 20 18 2 14 0 0 4 14 0 10 6
 6 6 8 12 10 0 4 8 0 0 14 30 0 0 12 2 2 10 0 4 0 6 10 0 4 0 0 0 10 6 2 14 4 14 0 16 6 8 26 0 0 0 0 8 0 10 6 2 16 10 10 10 0 10 10 0 4 0 4 16 20 0 8 8 0 10 4 0 4 8 2 4 16 6 10 4 0 0 16 12 4 2 12 0 0 10 24 4 18 0 2 0 0 8 14 0 0 10 12 2 16 6 0 8 2 8 8 12 0 0 14 4 6 12 0 2 4 14 12 0 6 8 0 10 12 0 8 0 6 10 12 4 6 6 6 8 0 18 4 10 10 10 0 0 4 2 4 0 18 0 0 0 12 4 18 0 0 0 12 8 0 2 12 10 0 4 8 8 4 10 0 4 0 8 0 6 0 2 16 0 0 18 16 0 18 4 0 0 0 0 12 0 8 4 0 2 10 0 0 6
 0 0 0 0 0 0 0 6 0 0 0 14 0 0 2 4 0 0 10 0 4 4 16 0 2 0 0 0 0 0 4 6 0 0 0 0 0 0 12 0 0 0 0 0 0 14 0 4 0 4 0 6 4 0 0 0 2 0 6 20 12 0 6 8 0 0 10 0 10 0 0 0 10 0 4 0 0 0 0 0 0 0 6 0 0 0 0 0 4 0 0 0 0 0 4 0 0 0 2 0 0 0 0 0 0 0 4 8 0 0 14 0 0 4 0 0 6 0 2 6 6 0 0 0 0 0 0 0 2 0 0 4 0 0 0 0 0 4 2 0 0 6 2 0 0 0 4 6 2 0 0 0 0 2 16 0 0 0 0 0 0 0 0 0 0 0 10 8 0 10 0 0 0 0 0 0 0 0 0 0 0 0 0 2 2 2 0 0 0 0 0 0 6 0 0 0 8 0 10 0
 0 4 0 0 0 0 0 0 0 0 0 0 0 0 8 0 2 0 4 0 0 0 2 0 0 0 0 0 0 0 0 0 0 0 0 0 8 0 18 0 0 0 0 0 0 0 4 0 0 4 0 0 0 0 0 0 2 0 8 10 14 0 0 0 0 0 0 0 0 12 0 0 0 0 4 0 0 0 0 0 0 0 0 0 0 0 0 0 2 0 0 0 0 0 0 0 0 0 4 0 0 0 0 0 0 0 0 0 0 0 4 0 0 0 0 0 0 0 0 0 0 0 0 0 0 0 2 0 0 0 0 10 0 0 12 0 0 4 0 0 0 0 0 0 0 0 0 0 0 0 0 0 0 0 0 0 0 0 0 0 0 0 6 2 0 0 4 4 0 6 0 0 0 0 0 0 0 0 0 0 0 0 0 0 2 2 0 0 0 0 0 0 2 0 0 0 4 0 8 0
 8 4 2 6 0 6 0 0 4 6 14 4 0 2 16 10 0 0 12 0 4 4 14 2 14 0 0 0 6 0 8 14 0 4 0 0 16 4 20 0 0 8 0 4 4 8 12 0 0 0 2 0 8 2 0 0 14 0 10 22 14 2 14 2 2 8 0 0 0 2 0 6 0 0 0 0 0 6 4 0 0 12 16 0 0 8 10 2 14 4 0 0 2 10 0 0 2 14 10 4 0 0 6 0 4 0 6 8 2 0 0 4 0 4 0 0 0 6 8 0 0 0 0 0 0 2 14 0 6 0 0 6 0 0 0 0 0 10 6 6 0 2 0 0 0 0 8 4 20 0 0 0 8 0 14 0 0 0 2 8 0 2 4 2 2 0 8 12 0 10 0 12 0 4 0 2 0 0 12 0 2 14 0 0 12 4 6 2 2 0 8 0 10 0 2 2 2 0 6 0
 0 14 0 2 4 0 0 6 0 10 6 10 0 0 14 8 4 2 2 0 0 8 10 0 0 8 6 4 16 0 14 10 0 6 0 0 6 6 14 0 0 0 0 0 14 4 8 6 2 8 6 0 4 0 0 0 18 0 16 24 8 0 4 16 0 2 0 4 8 6 6 4 4 0 0 0 2 0 2 0 4 6 6 6 6 2 8 0 2 0 0 0 6 2 0 0 0 8 18 0 4 0 10 0 4 0 8 8 0 0 20 2 0 2 0 0 2 10 16 0 2 0 6 12 0 0 6 0 14 0 0 0 0 0 0 0 10 12 6 16 0 10 0 6 0 2 2 2 16 0 2 0 2 6 8 0 0 4 0 0 0 2 14 6 8 0 10 8 4 12 0 6 0 2 2 0 0 0 6 0 0 12 2 0 4 4 0 4 10 6 8 0 20 0 0 4 6 0 10 0
 0 0 0 0 0 0 0 0 0 0 0 2 0 0 8 0 0 0 8 0 0 0 10 0 0 0 0 0 12 0 0 0 0 0 0 0 0 0 0 0 0 0 0 0 2 0 6 0 0 0 0 0 0 0 0 0 0 0 2 6 4 0 2 10 0 0 0 0 0 4 0 0 0 0 0 0 0 0 0 0 0 0 0 0 0 0 10 0 0 0 0 0 0 0 6 0 0 0 0 0 0 0 0 0 0 0 0 0 0 0 4 0 0 0 0 0 0 0 2 0 0 0 0 0 0 0 0 0 0 0 0 0 0 0 0 0 0 0 0 0 0 0 0 0 0 0 0 0 0 0 0 0 0 0 8 0 0 0 0 0 0 0 0 0 0 0 2 0 0 0 0 0 0 0 0 0 0 0 0 0 0 0 0 0 2 4 0 0 0 0 0 0 0 0 0 0 0 0 0 0
 0 0 0 0 0 0 0 0 0 0 0 0 0 0 2 0 0 0 0 0 0 0 0 0 0 0 0 0 0 0 2 0 0 0 0 0 0 0 6 0 0 0 0 0 0 0 0 0 0 0 0 2 0 0 0 0 4 0 4 12 6 0 0 0 0 8 0 0 0 0 0 0 0 0 0 0 0 0 0 0 0 0 2 0 0 0 0 0 0 0 0 0 0 0 0 0 0 0 0 0 0 0 0 0 0 0 0 0 0 0 2 0 0 0 0 0 0 0 0 0 0 0 0 0 0 0 6 0 0 0 0 0 0 0 0 0 0 0 0 0 4 0 0 0 0 0 0 0 0 0 0 0 0 0 2 0 0 0 8 0 0 0 0 4 0 0 8 6 0 2 0 4 0 0 0 0 0 0 0 0 0 0 0 0 0 0 0 0 0 0 0 0 0 0 0 0 0 0 0 0
 0 6 0 0 4 0 4 8 4 0 12 16 0 0 2 0 6 6 6 2 12 2 6 0 16 0 4 8 0 2 12 14 8 2 2 0 8 2 12 8 6 8 0 0 12 10 18 4 4 12 2 4 0 6 4 0 10 4 16 20 18 0 2 16 4 8 0 10 16 8 4 0 2 14 10 0 2 10 2 10 8 0 14 2 0 6 0 16 10 8 0 0 0 14 22 0 16 14 12 0 10 0 0 0 0 0 8 12 2 2 18 2 12 0 2 0 10 8 18 10 8 0 0 0 2 6 16 0 0 6 6 10 0 4 0 4 0 14 0 14 8 10 0 20 10 8 4 6 16 0 4 0 8 2 26 4 0 0 12 8 6 0 4 22 0 2 12 6 8 18 2 16 0 10 0 8 8 0 2 0 0 2 6 0 26 0 10 4 2 0 4 0 8 6 0 6 12 0 6 20
 0 6 0 0 0 4 0 0 0 4 20 16 0 8 8 10 0 8 18 0 0 8 8 0 6 0 0 0 14 6 14 22 4 8 0 0 14 0 18 0 6 2 0 6 0 6 8 0 4 6 0 8 0 2 0 0 6 0 16 20 20 0 12 16 10 12 0 2 0 2 12 2 0 4 8 6 0 6 0 0 0 0 8 0 2 14 10 2 10 0 0 0 0 2 2 8 0 14 18 0 0 0 0 12 8 2 10 4 0 0 6 4 12 0 0 0 0 0 10 0 0 0 0 10 0 10 14 0 4 0 4 2 0 0 0 0 2 8 0 2 8 12 4 0 0 8 0 2 6 0 0 0 0 0 14 0 0 0 2 14 0 12 2 4 0 0 8 6 0 0 0 14 0 0 0 0 4 0 6 0 0 4 8 0 6 6 0 2 0 12 6 0 0 0 4 2 6 0 10 10
 4 14 0 2 6 4 0 20 12 12 14 18 0 0 14 4 10 8 18 6 4 12 16 8 18 8 4 10 6 6 12 12 6 12 4 4 20 2 28 4 2 14 2 6 6 12 10 16 6 8 0 18 4 2 0 0 16 12 16 16 26 0 0 22 0 8 6 2 18 10 10 12 8 6 10 2 2 8 2 8 2 14 30 6 4 16 16 12 14 4 10 0 0 14 8 2 10 20 12 0 16 0 4 12 4 14 6 8 6 16 20 12 10 0 0 0 10 10 20 6 10 2 6 20 0 10 14 8 6 10 12 10 2 10 8 4 4 24 8 18 10 2 16 4 4 6 2 14 18 4 8 0 14 16 18 0 4 0 6 10 0 20 16 6 0 4 16 26 12 14 2 12 8 8 10 4 10 0 12 18 0 10 16 2 16 2 8 12 4 0 20 0 10 0 0 2 16 4 10 0
 0 0 0 6 0 0 2 4 0 0 0 0 0 0 12 6 0 0 10 0 2 4 0 0 8 0 2 0 4 2 0 16 0 12 0 2 10 0 12 0 0 4 0 0 0 0 0 0 2 6 4 0 0 0 0 0 2 0 0 10 18 0 2 0 0 0 0 2 0 0 0 0 0 8 0 0 2 2 0 12 0 0 2 0 4 6 18 0 0 0 0 0 0 4 8 0 0 2 8 0 0 0 0 0 0 0 12 0 0 0 18 8 0 0 0 8 0 0 0 0 6 0 0 4 0 2 0 0 0 4 0 4 0 0 0 0 0 10 0 8 2 0 0 0 0 0 0 0 0 0 0 0 12 0 16 0 0 0 2 0 0 2 0 6 0 0 8 2 0 0 0 0 0 4 0 2 4 0 2 4 2 0 0 10 0 12 0 12 0 10 2 0 0 0 0 0 0 0 4 0
 0 8 2 10 0 0 0 0 8 0 8 4 0 0 18 4 0 0 4 2 12 0 6 0 0 0 2 2 2 0 16 2 0 0 0 0 6 0 12 0 0 0 0 0 0 0 10 2 2 0 0 0 0 6 0 0 0 0 8 14 0 0 0 14 0 0 0 0 0 2 2 0 6 4 6 0 0 0 0 0 0 0 14 0 0 10 10 0 8 0 2 0 0 8 2 0 8 12 8 4 0 0 12 0 0 0 4 8 0 0 12 0 10 0 2 0 4 0 8 0 6 0 0 16 0 12 2 0 0 0 8 8 0 12 0 0 0 0 0 4 2 0 0 0 0 0 8 0 8 0 0 0 4 4 10 2 0 0 0 10 0 0 8 6 0 0 20 0 0 0 0 10 0 0 0 4 0 0 12 0 0 10 2 0 10 6 0 2 0 4 2 0 2 0 0 0 4 0 0 2
 0 0 0 4 0 0 0 0 0 2 4 0 0 0 10 4 4 4 6 0 8 10 14 0 2 0 0 0 0 0 10 4 0 0 0 0 8 0 20 0 4 6 0 0 4 4 12 0 0 0 0 10 6 0 0 0 0 0 8 14 14 0 0 8 0 8 0 0 2 0 4 0 0 0 2 0 0 0 2 0 0 0 16 0 0 2 10 0 4 0 2 0 0 4 4 0 0 10 10 0 0 0 2 0 0 0 0 8 0 4 8 0 2 0 0 0 12 0 2 0 6 0 2 6 0 4 6 0 8 0 0 10 0 0 0 0 0 14 0 6 2 8 0 4 0 0 0 0 12 0 0 0 8 0 12 4 0 0 0 2 0 0 0 6 0 0 0 8 0 18 0 0 4 0 0 0 0 0 2 2 0 0 0 0 14 8 2 0 0 6 0 0 0 0 0 0 2 0 8 0
 0 8 0 0 4 0 0 2 4 0 10 26 0 10 18 12 8 0 10 0 2 6 16 0 20 2 6 2 10 0 12 4 0 12 0 0 0 0 24 6 10 10 4 2 18 10 8 10 0 8 8 14 0 6 0 0 16 4 4 22 34 0 14 16 0 6 0 0 6 22 4 4 10 0 0 6 0 0 2 10 6 0 8 0 4 2 12 0 18 4 4 0 0 6 12 6 4 20 6 2 0 0 4 2 0 0 0 6 4 8 10 0 8 0 0 0 0 6 16 8 10 0 0 0 0 2 12 0 0 0 10 10 0 14 6 0 0 6 0 10 10 10 10 14 6 8 0 6 18 0 0 0 8 8 10 6 10 0 2 2 0 4 8 6 0 2 12 18 0 8 0 14 0 2 0 2 4 0 4 0 0 14 2 10 14 16 2 10 0 10 8 0 10 0 4 0 4 0 4 0
 0 0 0 0 0 0 0 0 6 0 2 14 0 0 2 4 0 0 8 0 0 6 6 0 0 0 0 0 8 0 12 6 0 4 0 0 10 10 10 2 0 0 2 0 0 4 10 0 2 0 0 10 0 0 0 0 2 0 0 22 8 0 0 0 0 0 0 2 0 6 0 0 2 2 6 0 0 10 2 0 0 0 14 4 0 4 12 0 0 0 0 0 0 0 8 0 0 8 6 0 0 0 0 0 2 0 0 0 0 0 12 0 2 0 0 0 0 6 6 0 0 0 0 8 0 0 8 8 2 0 8 14 0 6 0 0 0 4 0 8 8 0 6 0 4 0 0 0 6 0 0 0 2 2 12 0 0 0 0 0 0 0 0 8 0 0 8 0 0 8 0 0 0 0 0 0 8 0 14 0 2 8 0 0 0 0 0 0 0 0 4 0 2 0 0 14 8 0 0 0
 0 2 0 6 4 0 0 0 0 8 2 16 0 2 12 6 4 0 6 0 0 6 0 0 0 0 0 0 8 0 8 12 0 0 0 2 8 0 18 0 0 6 0 0 0 0 0 0 0 2 0 2 0 0 0 0 0 0 14 8 18 0 0 4 0 4 6 0 2 12 2 6 4 0 2 0 0 8 0 0 2 0 0 0 0 0 0 0 4 2 0 0 0 0 4 0 0 18 4 0 0 0 0 0 0 0 0 0 0 0 6 0 0 0 0 0 0 4 0 0 6 0 0 0 0 0 4 0 0 0 0 2 0 4 0 0 0 8 0 0 0 0 2 6 0 0 2 0 10 0 0 0 0 0 16 0 0 0 6 0 0 0 0 6 0 0 6 14 0 8 0 0 2 2 0 0 4 0 0 0 0 0 0 0 0 0 2 0 0 0 0 0 0 0 0 0 4 0 0 2
 6 18 0 12 4 0 4 6 12 0 10 26 0 12 8 18 4 0 24 0 4 6 10 4 8 0 0 12 6 6 14 24 2 6 6 10 18 2 20 6 6 20 4 20 0 18 14 12 12 10 10 14 14 0 0 0 14 4 12 16 10 0 8 12 8 0 0 0 10 20 14 6 8 8 16 8 0 4 18 6 0 4 14 10 4 4 16 4 2 4 2 0 12 6 10 0 2 4 16 0 8 0 24 4 4 0 8 18 0 16 20 4 6 4 0 2 8 16 20 6 22 0 0 14 0 12 6 16 0 0 6 16 0 4 20 8 4 4 12 28 10 16 10 0 0 12 2 12 24 0 10 0 6 6 26 8 4 0 0 16 2 12 10 18 0 0 24 22 6 10 0 24 0 18 6 6 10 4 20 14 2 12 10 4 16 8 8 12 4 6 4 0 20 0 8 14 20 0 8 6
 0 10 0 2 4 0 0 6 0 0 8 22 0 2 12 14 0 2 16 0 8 0 8 0 6 0 0 10 6 0 10 8 0 0 0 2 8 0 20 0 8 2 0 0 0 12 14 10 6 0 6 18 2 2 0 0 2 8 18 10 6 0 0 10 0 8 0 0 6 8 4 10 0 2 6 6 0 8 2 4 2 2 22 2 8 18 4 0 4 0 2 0 4 6 14 14 2 14 6 0 2 0 8 6 0 0 4 14 0 0 22 0 0 0 0 0 0 0 4 0 14 0 0 0 0 10 12 14 10 4 6 6 0 0 8 0 0 22 0 6 2 0 10 12 0 0 2 0 14 0 2 0 4 0 8 0 0 0 6 6 0 6 14 8 0 0 22 8 0 8 0 2 0 8 6 12 0 2 12 2 4 6 0 8 8 12 2 14 0 4 8 0 2 0 0 8 14 0 12 6
 0 0 0 0 0 0 0 0 0 0 0 14 0 0 0 0 0 0 4 0 0 0 6 0 0 0 0 0 0 0 0 0 0 0 0 0 0 0 4 0 0 0 0 0 0 0 0 0 0 0 0 0 0 0 0 0 0 0 0 10 0 0 0 0 0 0 0 0 0 0 0 0 0 0 0 0 0 0 0 0 0 0 0 0 0 0 0 0 0 0 0 0 0 0 0 2 0 0 0 0 0 0 0 0 0 0 0 0 0 0 0 0 2 0 0 0 0 0 0 0 0 0 0 0 0 0 0 0 0 0 6 0 0 0 0 0 0 0 0 2 0 0 0 0 0 0 0 0 0 0 0 0 0 0 0 0 0 0 0 0 0 0 2 0 0 0 0 0 0 0 0 0 0 0 0 0 0 0 0 0 0 0 0 0 0 0 0 0 0 0 0 0 0 0 0 0 4 0 2 0
 0 4 0 0 2 0 0 2 0 0 8 16 0 0 6 4 8 0 16 0 0 4 10 0 2 0 4 0 0 0 2 4 0 0 0 0 8 0 12 4 0 4 0 0 0 0 0 0 2 0 0 0 0 0 0 0 2 0 10 14 16 4 6 2 2 8 0 0 0 8 0 0 2 6 8 0 0 0 0 0 0 0 12 4 2 10 8 2 2 0 0 0 0 4 8 0 0 12 6 0 0 0 0 4 0 0 6 0 0 6 6 0 0 0 0 0 0 0 10 2 10 0 0 0 0 0 2 0 0 2 4 10 0 0 0 0 0 0 0 2 12 0 4 2 0 0 0 0 12 0 8 0 6 0 16 0 0 0 0 0 0 0 12 0 2 0 14 12 2 2 0 0 0 12 0 0 0 0 8 0 2 0 0 0 0 0 2 2 6 2 0 0 0 0 0 0 6 0 18 0
 0 4 0 0 0 0 0 8 4 0 14 18 0 0 12 2 0 0 12 0 0 2 4 0 0 0 0 0 8 0 12 0 0 0 0 2 4 0 6 0 4 0 0 0 6 2 6 18 8 0 0 0 0 0 0 0 12 0 8 26 14 0 8 12 0 0 0 0 4 8 0 4 0 0 8 0 0 0 0 0 10 0 6 0 0 4 12 4 8 0 0 0 0 4 4 4 4 12 20 0 0 0 4 0 0 0 0 2 0 2 0 0 0 0 2 2 6 0 22 0 4 2 0 10 0 4 26 4 6 8 10 8 4 2 16 0 0 4 2 22 8 0 2 10 4 0 0 0 14 0 0 0 10 4 14 2 2 0 0 0 0 0 4 6 0 0 14 8 0 4 0 12 0 16 0 0 0 0 22 10 0 4 0 0 16 2 0 0 0 8 2 0 0 0 4 6 4 0 8 0
 0 6 0 0 6 0 0 0 10 2 18 18 0 4 10 14 14 0 8 0 0 0 6 0 4 0 14 6 10 0 8 14 0 12 0 8 4 0 28 2 6 0 4 6 0 20 8 0 4 12 0 14 4 0 0 0 4 6 14 18 22 0 0 16 0 2 0 0 0 8 6 4 16 8 4 4 10 0 0 0 2 0 18 10 8 6 20 0 10 4 4 0 0 0 8 0 0 16 14 6 6 8 0 12 4 0 16 2 0 2 16 2 6 0 0 0 8 16 12 2 10 0 6 8 0 10 8 4 10 0 4 8 0 8 0 0 0 12 10 4 4 16 0 4 0 0 10 0 12 0 0 0 14 0 26 6 0 0 0 4 0 4 10 6 0 2 2 18 0 14 6 18 6 0 2 6 6 4 12 8 0 14 16 8 8 2 6 0 6 6 0 0 14 2 0 0 12 0 18 8
 4 16 0 12 2 6 0 4 0 6 16 22 0 10 16 4 0 10 22 0 8 10 10 0 6 12 6 4 16 6 18 6 6 8 8 8 12 10 20 2 4 16 0 0 8 6 10 20 8 2 2 10 6 2 0 2 12 4 20 12 14 2 14 16 4 16 0 0 12 16 2 6 6 0 22 0 0 0 6 0 8 0 16 16 6 22 12 2 14 0 2 0 4 10 10 14 2 14 6 0 12 2 20 0 12 0 4 14 4 2 8 12 0 6 0 8 6 4 8 2 12 0 4 4 2 0 10 0 4 10 12 10 2 2 10 4 0 10 2 22 2 10 6 4 0 2 6 0 2 0 8 0 12 4 12 8 0 0 4 2 4 14 0 6 0 2 14 6 0 8 0 20 0 12 0 10 6 0 22 6 0 6 6 8 14 20 0 2 0 2 14 0 8 0 4 10 8 0 12 6
 2 12 0 14 0 6 2 14 10 10 12 20 0 0 14 6 4 2 12 6 0 0 4 0 8 6 6 0 20 4 10 6 2 4 6 10 18 16 24 2 6 16 0 8 4 14 10 12 4 18 6 14 2 4 0 12 20 8 10 18 22 2 12 6 2 8 0 10 4 10 0 2 10 8 4 2 0 4 6 4 8 0 14 8 0 16 18 4 22 0 0 0 0 20 4 16 12 14 20 2 8 0 0 0 6 0 20 2 0 8 24 8 0 16 0 0 6 12 22 0 10 0 10 8 8 16 14 10 10 10 6 14 0 6 8 8 0 22 8 32 8 6 10 4 8 6 4 2 8 6 8 0 14 10 24 4 2 0 6 0 4 0 6 8 0 0 22 14 4 8 8 14 0 12 6 18 8 0 14 8 4 4 0 8 20 6 4 4 0 14 18 0 22 2 2 14 14 14 10 4
 2 10 0 10 0 0 0 0 4 8 0 24 0 0 8 10 0 0 12 0 0 0 0 0 4 0 0 0 0 0 12 4 0 0 2 6 14 0 16 0 0 0 2 0 0 0 14 4 0 0 0 10 0 0 0 0 4 0 14 8 2 0 4 4 0 4 2 0 2 2 0 6 0 0 2 0 0 4 0 0 2 4 10 0 0 6 10 0 4 0 0 0 0 0 12 4 0 10 10 0 2 0 0 0 0 0 0 0 0 2 10 2 0 0 0 0 0 0 6 0 0 0 0 4 0 0 8 0 12 0 4 0 0 0 10 0 0 0 0 6 2 0 0 0 0 0 0 0 10 4 0 0 4 0 2 8 0 0 4 8 0 0 2 0 0 0 16 4 0 2 0 4 0 0 0 0 0 0 4 0 8 8 0 0 10 0 0 0 6 0 8 0 0 0 0 0 16 0 8 0
 4 4 0 4 4 0 0 4 0 0 0 6 0 0 6 12 0 10 8 0 6 0 2 0 10 0 0 0 2 4 12 0 0 0 0 2 4 0 14 2 0 2 0 0 0 0 12 4 2 0 2 2 0 8 0 0 18 2 14 10 22 0 8 12 0 12 0 0 0 0 4 0 16 2 0 0 0 0 0 0 0 0 14 0 0 16 0 0 12 0 0 0 0 12 10 0 0 10 2 0 2 0 0 6 2 0 0 0 0 2 4 8 2 0 0 0 12 0 18 0 2 0 0 6 0 0 2 4 4 0 0 2 0 0 0 0 0 8 0 0 10 0 6 0 0 0 0 0 14 0 0 0 14 0 14 0 0 0 0 2 0 0 0 6 0 0 12 0 0 2 6 0 0 10 0 0 0 0 10 0 0 10 0 0 8 4 0 2 0 0 6 0 12 0 0 0 10 0 0 0
 0 0 0 0 0 0 0 0 0 0 0 8 0 0 0 0 0 0 0 0 0 0 0 0 0 0 0 0 0 0 0 0 0 0 0 0 4 0 0 0 0 0 0 0 0 0 6 0 0 0 0 0 0 0 0 0 2 0 0 8 4 0 0 4 0 0 0 0 0 4 0 0 0 0 0 0 0 0 4 0 0 0 4 0 0 0 0 0 0 0 0 0 0 0 2 0 0 0 0 0 0 0 0 0 0 0 0 0 0 0 2 0 0 0 0 0 0 0 0 0 0 0 0 0 0 0 0 0 0 0 0 10 0 0 0 0 0 0 0 0 0 0 0 0 0 0 0 0 6 0 0 0 0 0 0 0 0 0 0 0 0 0 0 2 0 0 2 6 0 0 0 0 0 0 0 0 0 0 0 0 0 0 0 0 0 0 0 0 0 0 0 0 2 0 0 0 4 0 0 0
 0 16 0 0 16 0 0 0 6 6 14 20 0 0 8 14 2 0 0 0 8 8 10 0 16 0 2 2 8 8 6 12 0 12 0 0 10 0 22 0 2 4 0 0 2 2 6 8 12 2 2 12 4 6 0 0 0 0 8 18 8 0 2 14 2 0 0 0 0 10 0 6 8 0 18 0 0 0 14 0 0 0 18 4 6 14 12 10 8 12 0 0 0 0 22 4 0 22 6 0 4 0 2 4 20 0 4 8 0 8 14 0 4 0 0 0 8 6 20 0 22 0 0 6 8 6 18 2 12 6 8 6 2 0 12 0 0 8 0 4 6 6 2 8 0 0 0 0 16 0 0 0 2 2 4 8 0 0 0 2 0 4 6 0 8 2 18 6 0 8 4 12 6 2 0 4 4 0 4 0 2 6 6 0 6 10 0 10 0 8 0 0 2 0 4 0 4 0 4 4
 0 4 0 4 2 0 0 0 0 0 4 14 0 0 4 0 0 0 4 0 0 4 2 0 0 0 0 0 0 0 4 0 0 0 0 6 4 0 16 4 0 0 0 0 0 0 0 0 0 0 8 4 6 0 0 0 0 0 10 12 14 0 0 10 0 0 0 0 0 0 0 0 0 6 6 0 0 2 0 0 4 0 0 0 0 8 2 4 0 4 2 0 0 0 6 4 0 8 4 0 10 0 0 0 0 0 8 0 0 0 6 0 0 0 0 0 4 0 10 0 0 0 0 0 0 6 10 4 6 0 0 0 0 0 6 0 0 10 0 0 0 0 4 0 0 0 0 0 6 0 0 0 0 0 2 0 0 0 0 0 0 0 0 4 0 2 10 18 0 14 0 6 0 6 0 0 0 0 6 0 0 0 0 0 0 0 0 0 0 0 2 0 0 0 0 0 2 0 2 0
 2 14 4 8 0 10 10 6 0 12 12 12 0 0 18 18 12 8 14 6 16 18 2 6 8 0 4 10 12 2 18 16 0 12 0 0 10 8 16 4 0 16 0 8 12 4 22 6 8 14 0 4 2 14 4 0 14 4 14 22 16 2 2 8 2 10 0 2 24 14 12 10 6 22 10 0 6 12 0 10 2 4 14 2 0 10 12 14 20 8 8 0 0 14 8 2 14 6 24 6 10 0 12 12 8 10 18 8 0 12 20 18 0 2 0 4 8 0 8 6 2 0 2 12 6 12 16 12 6 22 2 8 0 12 4 6 0 16 4 20 16 4 8 24 10 8 10 8 24 4 8 10 20 0 22 6 4 4 4 2 0 6 14 16 8 10 10 20 6 24 2 14 12 8 0 6 0 4 18 8 0 22 8 12 18 2 4 8 6 6 14 0 16 0 0 0 18 2 14 14
 0 2 0 8 0 4 0 0 0 16 14 34 0 10 10 10 0 0 20 6 4 14 12 0 14 0 2 8 6 4 8 10 0 12 0 6 6 2 12 2 0 10 0 4 8 12 14 12 0 0 4 14 12 0 0 0 16 4 10 24 22 0 4 12 6 4 2 0 14 18 4 14 6 4 10 10 6 10 0 2 0 2 18 6 0 12 14 2 2 0 2 0 6 6 14 10 0 20 4 0 4 0 10 2 0 8 4 12 0 10 24 2 4 0 0 0 0 8 14 0 10 0 0 8 0 10 12 16 12 0 6 16 0 0 6 4 2 24 10 4 4 4 8 10 8 6 2 4 20 4 0 0 18 12 24 0 0 0 14 4 0 6 10 12 0 4 16 24 12 12 6 14 0 12 10 4 6 0 2 2 0 8 4 4 8 12 0 10 0 0 8 0 4 0 0 4 16 6 16 0
 0 0 0 0 0 2 0 0 0 4 0 10 0 0 18 10 0 0 6 0 0 2 12 0 0 0 0 0 6 0 4 0 0 0 0 0 4 0 2 0 0 2 0 0 0 0 10 0 0 2 0 8 0 0 0 0 4 0 12 14 10 0 0 6 0 4 0 0 0 4 10 4 2 0 0 0 0 0 0 0 4 0 20 0 6 0 4 0 0 0 0 0 0 2 6 4 0 6 2 0 0 0 0 0 0 4 0 4 0 2 0 8 0 0 0 0 0 0 2 0 2 0 0 0 0 0 12 0 0 0 6 6 0 0 0 0 2 0 0 0 0 0 4 0 0 0 0 0 0 0 0 0 6 0 0 0 0 0 0 0 0 2 6 0 0 0 0 10 0 0 0 6 0 0 2 0 0 0 0 0 0 0 0 0 0 0 0 0 0 0 2 0 0 0 0 0 14 0 12 0
 8 6 4 6 8 0 0 0 0 6 14 8 0 0 4 12 2 6 18 0 4 12 8 0 12 0 2 4 14 4 4 12 0 12 0 8 20 8 28 0 0 2 0 0 6 18 14 6 10 0 10 12 4 8 0 0 16 10 4 30 30 0 18 12 0 16 2 0 8 14 4 14 4 6 10 4 0 6 0 0 2 6 10 0 0 18 16 4 12 0 2 4 0 6 16 4 0 12 14 0 4 6 0 6 4 2 8 2 2 6 14 20 6 10 0 0 4 16 20 0 12 0 2 12 0 2 6 12 2 8 0 20 0 12 8 0 4 8 0 10 6 16 14 14 6 0 4 0 14 0 0 0 10 6 10 0 2 0 14 2 0 6 10 8 0 0 14 20 8 12 0 6 0 6 8 0 16 0 14 2 12 18 0 6 16 6 0 8 4 0 6 0 24 0 6 4 8 0 14 4
 0 0 0 2 0 4 0 0 0 0 4 12 0 0 4 4 0 2 8 0 0 2 6 0 10 0 0 0 0 0 4 4 0 0 0 0 2 0 2 0 0 0 0 0 0 6 4 0 0 0 0 8 0 0 0 0 12 0 0 18 14 0 0 0 0 4 0 0 0 8 0 0 0 0 2 0 0 0 0 0 0 0 14 0 0 6 0 0 8 0 0 0 0 0 4 0 2 24 12 0 0 0 0 0 0 0 0 4 0 0 6 0 0 0 0 0 4 0 10 0 0 0 0 0 0 0 0 0 0 0 0 14 0 0 0 0 2 2 0 10 0 2 0 0 0 0 0 0 0 2 0 0 8 0 8 0 0 0 4 0 0 0 4 8 0 0 6 0 0 2 0 6 0 0 0 4 0 0 0 0 0 0 2 0 0 0 0 0 0 0 0 0 8 0 0 0 2 0 0 0
 0 10 0 0 0 0 0 2 0 0 0 10 0 0 12 0 0 0 8 0 0 0 4 0 0 0 0 0 0 0 2 0 0 0 0 0 0 0 0 0 0 0 0 0 0 0 0 0 0 0 0 0 0 0 0 0 0 0 6 2 4 0 4 2 0 2 0 0 0 0 0 0 0 0 4 0 0 0 0 0 0 0 0 0 0 0 0 0 4 0 0 0 0 4 0 0 0 2 0 0 0 0 0 0 0 0 0 0 0 0 12 0 0 0 0 0 0 0 2 0 0 0 0 0 0 4 0 0 0 0 0 4 0 0 0 0 0 0 0 0 2 6 0 0 0 0 0 0 0 0 0 0 0 0 18 0 0 0 0 0 0 0 0 0 0 0 0 0 0 12 0 8 0 10 2 0 0 0 0 0 0 0 0 0 2 10 0 0 0 2 0 0 0 0 0 0 0 0 0 0
 0 0 0 0 0 0 0 0 2 0 4 16 0 4 2 0 2 6 0 0 2 2 10 0 2 0 6 0 4 0 14 2 0 0 0 0 14 0 16 0 2 0 0 0 0 8 14 8 4 6 0 0 4 6 0 2 8 0 14 12 16 0 0 4 0 0 2 0 0 2 0 6 4 4 2 8 0 0 2 0 2 0 14 0 0 12 16 4 12 0 0 0 2 12 12 6 6 14 14 0 4 0 2 2 2 0 0 8 0 0 4 2 0 0 0 0 8 0 4 0 0 0 0 4 0 0 6 0 0 6 0 14 2 2 8 0 0 6 0 8 4 0 10 10 0 0 0 0 12 0 0 0 16 2 24 6 0 6 0 8 0 8 6 0 0 0 12 12 0 2 0 12 0 14 0 0 0 0 12 0 0 0 8 0 20 0 0 6 0 0 4 0 10 0 0 0 14 0 8 0
 0 6 0 2 0 0 2 0 0 0 0 24 0 0 14 6 0 2 8 0 0 2 8 0 14 0 0 0 0 2 4 4 0 0 0 0 10 0 8 8 2 2 0 0 0 8 6 0 0 4 0 10 0 0 0 0 10 0 8 10 16 0 8 14 0 2 2 0 2 6 6 0 0 4 0 0 0 0 0 0 0 4 2 4 0 10 8 4 4 0 0 0 0 0 4 0 0 16 8 0 0 0 4 2 0 6 0 10 2 0 12 4 0 0 0 0 0 0 14 0 0 0 0 2 0 2 4 2 0 4 0 8 0 0 0 0 0 4 0 0 0 0 0 0 4 6 0 0 12 0 0 0 0 0 16 10 0 0 0 0 0 2 4 8 0 0 2 0 0 0 0 0 0 6 0 8 0 0 2 0 0 8 0 0 16 0 0 0 0 0 6 0 10 0 0 0 0 0 0 0
 0 4 2 8 0 2 0 2 10 2 0 8 0 0 8 0 0 0 18 4 0 0 8 0 4 0 10 0 6 10 10 16 0 4 0 0 14 10 14 8 0 4 0 0 0 2 6 0 0 0 0 0 12 0 0 0 16 0 14 10 20 0 4 10 0 0 0 0 10 12 0 0 12 6 8 8 0 0 0 0 0 0 10 0 0 8 12 0 14 0 0 0 0 12 4 4 0 12 6 0 10 0 0 0 6 2 2 0 4 0 6 0 0 6 0 0 0 2 6 0 2 0 4 8 0 4 20 0 0 0 4 14 0 4 0 0 0 2 2 10 0 4 6 16 0 0 0 0 6 0 8 0 8 2 12 10 0 0 14 4 0 0 4 4 0 0 2 16 0 4 0 2 4 20 0 0 4 0 10 4 0 0 6 0 6 0 2 2 0 2 4 0 4 0 0 0 8 0 18 0
 4 0 0 0 0 0 0 2 6 0 0 4 0 0 8 2 0 0 16 2 0 2 8 0 8 2 0 0 0 12 0 4 0 0 6 0 12 2 14 0 0 2 0 0 2 0 0 0 0 0 0 0 0 0 0 0 0 0 2 10 12 0 8 6 0 12 0 0 10 0 0 0 0 0 14 2 0 0 0 0 0 0 4 0 2 0 4 2 6 0 0 0 0 6 10 6 4 8 12 0 0 0 2 0 2 0 0 0 0 0 0 0 0 0 0 0 0 4 10 0 2 0 0 0 2 6 8 0 8 0 0 4 0 2 0 0 0 8 0 4 0 6 0 6 6 0 0 0 12 0 0 0 18 4 12 10 0 0 0 0 0 4 8 8 0 0 12 2 0 6 0 0 0 4 0 0 6 0 4 6 0 4 0 0 6 0 0 0 0 6 0 0 2 0 0 0 8 0 4 0
 0 4 0 0 0 0 0 0 0 0 2 10 0 0 0 6 0 0 0 0 0 0 4 0 0 0 0 0 0 0 0 0 0 0 0 0 0 0 2 0 0 0 0 0 2 0 4 0 0 8 0 0 0 0 0 0 0 0 2 6 14 0 0 0 0 0 0 0 0 4 0 0 0 0 0 0 0 0 0 0 0 0 14 0 0 0 0 0 0 0 0 0 0 0 0 0 0 2 2 0 0 0 0 0 0 0 0 0 0 0 6 0 0 0 0 0 2 0 0 0 6 0 0 0 0 0 0 0 0 0 0 0 0 0 0 0 0 8 0 0 0 0 0 4 0 0 0 0 0 0 0 0 0 0 6 0 0 0 0 0 0 0 0 6 0 0 2 0 4 0 0 2 0 2 0 0 0 0 0 0 0 4 0 2 2 0 4 6 0 0 0 0 0 0 0 0 0 0 0 0
 4 12 0 16 4 10 0 12 12 8 12 22 0 0 32 22 6 2 16 6 10 4 12 2 16 4 8 4 20 6 14 18 2 14 8 10 24 8 24 0 12 20 6 10 8 14 10 6 6 14 10 16 0 2 0 8 12 12 12 16 20 0 10 12 14 8 0 2 8 14 6 0 14 0 10 6 0 10 12 2 8 0 26 0 8 14 18 0 18 2 18 0 0 10 16 12 14 16 28 0 8 0 10 10 14 4 10 12 4 0 16 14 0 8 0 0 12 8 12 0 6 4 6 18 6 18 20 0 4 2 14 18 0 4 12 0 14 20 2 22 10 0 8 14 6 8 6 0 4 0 2 0 22 14 4 12 0 0 10 14 4 8 10 20 2 2 16 12 12 4 2 26 0 10 0 12 0 8 12 12 8 10 4 2 14 10 14 18 6 20 12 0 20 0 4 0 20 4 12 4
 0 6 0 2 0 0 0 0 0 0 4 12 0 0 4 0 0 10 16 0 0 0 10 0 4 0 0 0 8 0 4 2 0 2 2 2 2 0 20 4 0 8 0 0 2 0 4 0 12 0 0 6 0 4 0 0 12 8 10 6 14 0 6 4 2 2 0 2 0 6 0 0 14 0 4 0 0 2 0 0 0 0 4 8 0 0 16 0 16 0 2 0 0 4 16 0 6 6 2 0 4 0 0 0 8 0 0 0 0 4 6 6 0 0 0 0 6 6 12 0 2 0 6 8 0 16 10 0 2 0 0 6 0 0 0 4 2 2 0 10 6 10 8 10 0 0 0 0 4 0 0 0 6 0 20 0 0 0 4 0 0 0 0 6 0 0 4 10 0 2 0 0 0 8 0 0 12 0 2 2 0 0 0 6 12 0 0 0 0 2 10 0 4 0 0 0 6 0 10 2
 2 16 6 0 0 0 0 0 0 4 14 18 0 0 24 4 0 8 12 0 6 4 14 0 16 0 8 0 10 0 10 8 0 10 10 0 2 0 32 2 0 12 0 0 10 8 8 12 16 14 0 10 0 4 0 0 16 4 16 14 12 0 8 18 0 0 0 0 16 18 10 0 0 0 6 2 0 0 0 0 6 0 8 2 4 4 16 16 8 0 0 0 0 4 0 8 14 20 14 2 8 0 16 4 2 0 4 6 0 0 0 0 0 4 0 0 0 0 14 0 0 0 0 10 0 8 10 0 16 18 4 10 0 2 0 0 0 8 0 8 6 4 0 6 0 0 4 0 8 0 14 0 10 8 12 0 0 0 0 0 0 0 12 14 2 0 22 8 0 8 0 4 0 16 4 2 0 0 4 2 0 0 2 2 0 0 12 8 0 0 0 0 12 0 0 0 8 0 10 18
 2 12 6 2 2 6 0 10 0 0 18 18 0 6 8 10 10 2 26 6 10 6 14 0 4 6 6 12 20 0 18 6 0 16 12 12 8 8 18 6 6 4 0 0 0 18 14 4 8 12 8 8 6 0 0 0 4 0 6 24 6 2 12 18 0 10 4 4 0 10 16 8 0 2 6 12 0 0 2 14 6 6 20 10 6 12 12 0 16 4 2 0 0 12 12 4 4 10 14 0 14 0 12 10 2 4 2 14 0 4 18 10 14 2 0 0 4 12 16 4 10 0 0 26 6 2 20 12 2 2 6 14 2 0 10 0 2 14 8 18 0 4 12 14 4 4 0 6 20 10 12 0 10 0 14 0 0 2 10 8 0 14 18 12 0 2 10 10 0 22 6 18 0 4 14 0 16 0 18 0 0 4 8 6 14 4 6 10 16 4 10 0 12 0 0 0 8 4 14 2
 0 12 10 4 2 0 12 0 4 4 0 22 0 8 24 0 4 0 16 2 6 10 12 0 8 0 10 6 14 8 18 16 12 2 4 0 12 6 24 0 0 2 0 0 14 2 16 10 12 0 10 22 6 0 2 0 6 16 18 16 14 0 0 18 10 8 6 0 8 14 0 0 0 10 8 0 0 2 8 0 14 0 10 8 6 6 8 6 14 10 0 2 0 0 14 6 0 16 8 4 0 0 12 6 12 2 8 4 0 0 8 2 6 4 2 8 8 10 22 8 10 0 0 0 0 0 12 4 10 18 12 10 0 0 6 0 0 12 2 2 18 4 8 4 2 12 4 0 12 0 0 0 14 0 18 6 0 2 8 6 0 4 6 14 2 6 14 14 0 2 0 18 2 16 0 4 8 8 8 20 0 4 0 2 8 14 0 0 0 2 6 0 16 0 10 0 12 0 12 4
 0 0 0 6 0 0 0 0 0 0 4 8 0 0 2 0 0 0 4 0 0 4 0 0 0 2 0 0 2 0 4 2 0 6 0 0 0 0 2 0 2 0 0 0 0 0 0 0 0 4 0 0 2 0 0 0 0 0 16 12 6 0 0 0 0 6 0 0 0 0 0 0 0 0 0 0 0 0 0 0 0 0 4 0 0 2 6 0 0 4 0 0 0 0 0 0 0 6 8 0 0 0 0 0 0 0 0 0 0 0 12 0 0 0 0 0 4 0 4 0 0 0 0 4 0 0 2 0 0 0 0 0 0 0 0 0 0 0 0 0 0 0 0 0 2 0 0 0 0 0 0 0 4 0 0 0 0 0 0 0 0 0 0 0 0 4 0 2 0 0 0 10 0 0 0 0 0 0 0 0 0 2 0 0 0 0 0 0 0 0 0 0 0 0 0 0 4 0 0 0
 0 12 0 2 0 0 0 4 10 6 0 22 0 0 12 2 4 0 16 0 10 0 20 0 16 0 0 2 8 2 18 12 0 4 0 0 10 0 14 0 0 6 0 0 14 2 6 0 0 0 6 6 0 8 0 0 16 0 6 22 20 0 6 0 0 4 0 0 0 10 4 0 4 0 4 0 0 0 0 0 0 0 16 0 10 8 24 0 12 0 2 0 0 0 8 0 0 14 16 4 2 0 2 4 14 4 2 8 0 0 8 2 0 0 0 0 12 2 6 6 12 0 0 0 0 10 12 4 8 0 16 4 0 2 2 0 0 0 0 2 0 0 0 6 0 0 10 0 10 0 0 0 8 6 16 4 0 0 2 6 0 0 8 0 0 0 8 14 0 2 2 8 0 2 0 0 0 0 4 0 2 4 0 0 10 8 2 12 0 0 8 0 2 0 0 0 2 0 0 4
 0 0 0 0 0 2 0 0 0 0 0 10 0 0 0 0 0 0 2 0 8 0 0 0 6 0 0 0 0 2 0 2 0 0 0 0 6 0 12 0 0 0 0 4 0 0 2 0 0 0 0 0 2 0 0 0 0 0 0 10 8 0 0 0 0 0 0 0 0 10 0 0 0 0 0 0 0 0 0 0 0 0 14 0 0 0 0 0 0 0 0 0 0 2 0 0 0 0 2 0 0 0 0 0 0 0 0 0 0 0 0 0 0 0 0 0 0 0 6 0 4 0 0 0 0 0 6 0 0 0 0 2 0 0 0 0 0 0 0 0 0 0 0 0 0 0 0 4 16 0 0 0 2 0 0 0 0 0 0 0 0 0 0 6 0 0 12 6 0 2 0 0 0 0 2 0 0 0 0 0 0 0 0 0 0 0 6 4 0 0 0 0 0 0 0 0 0 0 0 0
 0 8 0 0 0 0 0 0 0 0 6 6 0 0 8 0 0 0 6 0 0 0 0 0 2 0 0 0 6 0 8 10 0 0 0 4 4 0 14 0 0 12 0 0 2 0 8 12 0 0 0 4 6 0 0 0 4 0 8 8 6 0 0 2 0 0 0 0 2 0 0 0 0 0 4 6 0 0 0 0 0 0 14 0 0 8 8 0 10 0 0 0 0 10 4 0 2 8 0 0 0 0 0 0 0 0 0 0 0 0 10 0 0 0 0 0 0 0 6 0 2 0 0 8 0 8 0 0 0 0 8 4 0 0 0 0 0 14 6 0 0 0 4 0 0 0 0 0 12 0 0 0 0 0 20 0 0 0 4 0 0 0 0 0 0 2 10 0 0 0 2 2 0 0 0 0 6 0 4 0 6 0 0 0 16 0 2 0 0 0 0 0 0 0 0 0 10 0 6 0
 6 0 0 0 0 0 0 0 0 0 4 20 0 0 8 8 4 2 6 0 2 4 4 0 8 0 0 8 4 0 12 4 0 0 0 0 6 0 14 4 0 2 2 0 2 10 10 0 6 6 0 10 0 0 0 0 8 0 0 14 18 0 0 12 0 0 0 0 0 2 0 0 6 0 2 0 0 0 14 0 2 0 10 0 0 0 10 0 12 0 0 0 0 0 6 0 0 12 12 0 0 0 2 0 0 0 8 4 0 4 4 0 8 0 0 0 0 0 8 0 10 0 0 2 0 0 0 2 0 0 0 2 12 0 0 0 0 12 6 8 0 0 2 0 0 0 0 0 6 0 0 0 12 0 20 0 0 0 2 0 0 6 12 2 0 0 16 4 0 6 0 10 0 2 0 2 4 0 6 0 0 0 0 20 8 0 0 0 0 0 0 0 10 0 0 0 18 0 14 0
 0 6 0 2 0 0 0 0 0 0 8 18 0 0 4 8 0 2 18 2 2 0 0 0 4 0 0 0 0 0 0 2 0 0 0 0 0 0 14 0 0 2 0 2 0 0 12 2 0 2 0 4 0 0 0 0 0 0 4 20 6 0 0 6 0 12 2 0 0 6 0 0 0 2 4 0 0 4 0 0 0 0 4 0 0 4 0 0 4 0 0 0 2 0 8 2 2 0 12 0 0 0 0 6 0 0 0 0 0 0 2 0 0 4 0 0 2 0 4 0 0 0 0 0 0 2 2 0 2 0 0 10 0 0 12 0 0 8 6 4 0 0 0 0 0 0 4 2 14 0 0 0 0 0 2 0 0 6 0 0 0 2 8 2 0 0 4 10 0 10 0 6 0 0 4 0 6 0 10 6 0 12 0 0 10 2 0 0 0 0 6 0 4 0 0 0 10 2 0 0
 0 6 0 0 0 0 0 8 0 0 0 8 0 0 4 4 0 0 6 0 0 0 2 0 4 0 0 0 0 0 6 2 0 4 0 0 0 0 2 0 0 0 0 0 0 6 2 2 2 0 2 0 2 0 0 0 0 0 12 4 12 0 0 8 0 0 0 0 0 8 4 0 0 6 0 0 0 0 0 4 0 0 0 0 0 12 6 0 4 0 0 0 2 0 12 2 0 8 10 0 2 0 6 2 0 0 2 0 0 0 12 0 0 0 0 0 2 4 10 0 0 0 0 2 0 6 4 0 6 0 0 0 0 0 0 0 0 0 0 4 2 2 4 0 0 0 0 0 4 0 0 0 0 0 16 0 0 0 6 0 0 8 10 2 0 0 4 0 0 0 0 2 0 0 0 4 0 0 2 6 0 8 0 0 12 4 0 4 0 0 0 0 4 0 0 0 4 0 2 2
 0 4 0 12 2 0 0 0 14 0 6 14 0 0 12 24 0 0 14 0 8 0 4 0 16 0 0 0 2 4 10 10 2 8 0 0 12 0 20 0 0 8 0 0 0 4 6 4 0 0 0 4 6 0 0 0 14 4 6 10 20 0 0 12 0 4 0 0 2 6 0 0 0 4 8 0 0 6 0 0 0 4 22 0 0 14 14 0 6 4 0 0 0 0 2 2 6 4 6 0 0 0 0 2 0 0 0 0 0 4 4 14 0 0 2 0 6 2 8 6 2 0 0 0 0 10 4 14 0 6 0 4 0 14 2 0 0 0 0 14 6 6 2 16 0 0 6 0 16 6 0 0 6 4 10 0 0 0 2 0 0 0 6 6 0 0 22 10 0 0 4 12 0 12 0 8 2 6 12 0 0 2 10 0 8 6 0 0 0 0 4 0 0 0 0 0 12 0 2 0
 0 0 10 6 8 0 0 2 6 4 8 12 0 0 18 12 8 0 22 6 14 0 10 0 10 0 0 6 10 2 12 12 4 20 0 6 14 14 26 16 0 16 0 2 4 0 10 0 0 0 0 0 0 0 0 0 16 0 16 20 20 0 4 4 2 0 2 2 16 14 6 0 0 14 2 0 2 8 0 6 8 8 16 0 6 10 16 2 12 0 0 0 0 10 22 0 0 16 18 0 0 0 8 4 6 0 12 16 0 4 12 8 2 0 0 0 2 10 18 2 10 0 0 12 6 16 4 8 0 4 0 14 0 14 6 0 0 12 2 10 10 16 16 4 6 0 6 12 18 0 0 0 8 0 14 0 0 0 6 6 0 10 12 12 2 0 16 12 0 10 4 8 0 12 0 10 14 8 12 0 0 0 8 4 12 0 0 4 0 4 10 0 12 0 0 8 8 0 16 8
 0 4 2 12 0 2 0 4 6 0 2 18 0 6 10 8 0 4 12 0 0 6 12 0 18 0 0 0 8 0 6 0 0 6 6 0 0 0 16 0 16 2 2 0 2 2 16 2 0 2 0 2 10 0 0 0 0 0 6 16 12 0 8 10 0 12 0 0 0 6 0 0 8 4 4 0 0 8 4 0 2 0 8 8 4 4 14 0 0 0 8 2 0 0 10 0 0 16 6 0 4 0 2 0 0 0 12 0 0 0 6 4 6 0 0 0 8 2 16 4 0 0 0 14 0 0 2 0 6 0 0 14 0 2 0 6 0 16 0 20 6 8 0 0 0 0 0 0 14 0 0 0 10 2 2 2 0 0 0 8 2 4 0 4 0 2 14 14 0 4 0 8 0 4 0 0 12 0 2 0 0 4 0 0 6 0 8 4 2 2 4 0 4 0 0 0 14 0 8 0
 8 6 0 4 0 0 0 0 2 4 0 10 0 4 2 4 0 0 16 6 0 6 16 0 8 0 0 0 4 0 6 10 0 14 0 0 16 2 22 6 0 6 0 0 8 18 4 0 2 0 2 2 4 2 0 0 8 0 10 18 20 4 16 2 0 4 2 2 4 12 0 10 8 0 12 4 4 18 4 0 6 12 24 0 8 0 4 4 0 0 4 0 4 0 10 0 0 6 20 0 0 0 6 4 2 0 10 10 0 2 18 4 12 2 8 0 2 12 16 8 10 0 0 8 6 18 10 10 4 2 6 10 0 8 12 0 6 8 12 0 6 10 0 8 4 0 2 0 12 0 0 2 0 0 20 0 0 0 4 12 0 4 6 10 0 0 16 14 6 20 0 12 0 4 4 6 10 4 12 0 0 16 8 8 4 12 0 0 0 0 0 0 8 0 2 0 4 0 10 6
 0 0 0 0 0 0 0 0 0 0 0 10 0 0 6 0 0 0 2 0 0 2 8 0 0 0 0 0 0 0 6 0 0 0 0 0 2 0 14 0 0 0 0 0 0 0 0 0 0 0 0 0 0 0 0 0 4 0 0 6 8 0 2 2 0 0 0 0 0 6 0 0 0 0 0 0 0 0 0 0 0 0 0 0 0 0 0 0 0 0 0 0 0 0 6 0 0 2 2 0 0 0 0 0 0 0 0 0 0 0 6 0 0 0 0 0 0 0 0 0 0 0 0 4 0 4 6 0 0 0 0 0 0 0 0 0 0 0 0 0 0 0 0 0 0 0 0 0 0 0 0 0 0 0 6 0 0 0 0 0 0 0 0 4 0 0 6 0 0 6 0 0 0 0 0 0 0 0 0 0 0 0 0 0 8 0 0 0 0 0 0 0 0 0 0 0 0 0 4 0
 0 12 0 14 10 8 0 0 2 10 14 20 0 4 16 6 8 10 24 0 10 6 10 2 12 10 8 16 20 0 24 20 2 2 0 4 14 4 12 8 10 12 0 6 2 2 26 12 0 8 0 18 0 6 0 2 4 0 10 18 16 8 12 24 0 8 0 2 0 22 8 10 4 8 10 12 0 2 4 0 12 0 20 8 12 12 18 22 16 0 6 0 6 6 16 4 10 10 16 6 2 0 4 8 10 12 6 16 0 12 18 12 18 6 10 0 0 12 16 2 14 0 0 18 4 0 16 8 14 6 0 8 2 0 12 0 4 22 6 10 10 10 12 18 0 4 14 0 16 0 4 0 20 6 20 0 0 0 4 0 0 12 12 10 8 0 18 14 6 6 4 14 0 16 8 0 14 4 16 0 10 2 4 0 6 10 6 6 2 6 18 0 16 0 4 4 20 0 18 12
 4 18 0 10 0 0 0 0 0 4 20 18 0 0 2 6 4 0 12 0 6 2 6 0 12 0 0 0 0 16 8 14 4 6 8 0 4 8 16 14 0 14 0 0 6 10 10 0 0 0 0 0 8 8 0 0 16 0 22 16 12 0 0 18 0 14 0 0 10 10 4 8 0 4 10 0 0 0 4 2 4 0 14 14 0 10 2 2 12 2 0 0 12 6 16 4 0 10 8 0 4 0 10 2 4 2 12 0 0 0 16 0 0 4 0 0 4 4 14 0 2 0 0 4 8 2 10 2 2 0 6 10 0 4 0 0 4 20 0 10 10 8 4 12 2 8 8 8 30 0 0 10 0 2 20 0 2 0 8 8 0 4 12 14 0 4 14 12 6 6 0 14 0 2 2 2 6 0 2 0 0 8 0 0 0 4 2 4 0 0 2 0 2 0 0 0 8 0 0 0
 10 22 14 16 0 0 2 14 14 10 16 28 0 4 18 10 6 14 26 4 8 2 16 4 14 4 8 4 10 4 14 26 0 16 0 12 12 0 16 4 10 12 2 8 2 4 24 10 16 14 12 22 20 12 2 2 22 10 24 24 26 12 4 10 8 12 8 8 4 18 16 2 22 4 16 0 0 16 8 4 6 10 20 14 0 20 26 10 16 2 12 0 6 14 22 2 0 30 18 8 10 4 16 12 14 6 2 8 4 8 22 10 2 10 10 0 20 16 16 2 20 0 8 22 6 10 14 4 20 0 10 16 0 4 10 6 2 14 12 16 16 14 8 2 12 6 6 0 14 10 0 0 20 4 14 8 2 0 16 20 12 8 20 16 12 4 26 20 12 24 0 24 2 16 16 14 4 2 16 10 14 14 2 6 16 28 8 12 0 18 10 0 6 2 12 0 10 0 8 10
 0 6 0 4 0 0 0 0 0 0 2 10 0 0 0 0 2 0 2 0 0 0 4 0 0 0 0 0 0 0 0 6 0 0 0 0 2 0 6 0 0 0 0 0 0 0 0 0 0 0 2 0 0 6 0 0 2 0 8 16 12 0 0 6 0 0 0 0 0 0 0 0 6 0 0 0 0 0 0 0 0 0 14 0 0 10 0 0 0 0 0 0 0 0 6 0 0 4 12 0 4 0 0 0 0 0 0 4 0 0 4 0 0 0 0 0 0 0 2 0 4 0 0 0 0 0 0 0 8 0 0 2 0 0 0 0 0 0 0 0 6 0 0 0 0 0 0 2 12 0 2 0 0 0 4 2 0 0 0 0 0 0 2 0 0 0 2 0 2 0 0 2 0 2 0 0 0 0 0 0 0 4 0 0 0 0 4 8 0 2 2 0 0 0 0 0 2 0 0 0
 0 4 6 0 0 0 0 8 0 0 4 18 0 0 10 6 2 6 12 0 4 0 0 0 18 0 0 0 4 0 12 2 0 0 0 0 4 0 16 6 0 10 0 0 8 2 14 0 0 0 0 14 0 0 0 0 12 0 6 22 16 0 0 6 0 16 0 0 6 4 2 4 2 12 0 2 0 0 0 8 6 0 20 0 6 12 10 0 12 0 0 0 0 0 4 0 0 12 14 0 6 0 6 0 6 0 0 2 0 0 6 4 0 0 0 0 4 6 6 0 2 4 0 2 0 10 8 0 4 0 0 4 0 6 0 0 0 4 0 12 4 6 4 2 0 2 0 4 12 0 0 0 2 0 10 0 0 0 4 8 0 8 0 0 0 0 8 10 6 0 0 8 0 2 0 6 6 0 0 6 0 8 0 0 2 0 0 2 0 0 2 0 2 0 0 0 8 0 8 0
 0 0 0 6 0 0 0 0 0 0 0 0 0 0 0 0 0 0 2 0 0 0 2 0 0 0 0 0 0 0 0 0 0 0 0 0 0 0 10 0 0 0 0 0 0 0 0 0 0 0 0 0 0 0 0 0 0 0 0 2 14 0 0 2 0 0 0 0 0 0 0 0 0 0 0 0 0 0 0 0 0 0 0 0 0 0 0 0 2 0 0 0 0 0 2 0 0 0 0 0 0 0 0 0 0 0 0 0 0 0 4 0 0 0 0 0 0 0 12 0 0 0 0 0 0 0 0 0 0 0 0 0 0 0 0 0 0 2 0 0 0 0 0 0 0 0 0 0 0 0 0 0 0 0 0 0 0 0 0 0 0 0 0 0 0 0 2 0 0 0 0 0 0 0 0 0 0 0 0 0 0 0 0 0 0 0 0 0 0 0 0 0 0 0 0 0 0 0 0 0
 14 2 0 22 6 0 0 0 0 2 14 16 0 0 24 14 4 0 4 6 10 4 8 0 0 0 0 0 0 0 14 8 2 6 0 0 12 4 24 0 4 22 2 0 2 12 2 0 8 6 8 8 4 4 0 0 18 0 16 24 10 0 4 12 6 6 0 0 10 18 0 8 8 0 10 0 0 8 4 2 4 0 6 10 4 6 8 4 8 10 0 0 8 6 8 8 4 12 20 0 2 0 10 0 0 0 6 12 0 6 14 2 0 0 0 0 0 4 14 0 10 0 10 14 0 10 18 0 0 0 0 8 0 10 4 0 0 2 0 0 14 6 4 0 2 14 0 2 20 0 6 0 0 12 16 0 0 0 2 0 4 10 24 10 2 0 10 6 4 16 0 14 0 2 4 0 0 0 16 4 0 10 0 0 10 2 8 6 2 8 10 0 4 0 0 0 12 0 2 0
 4 6 12 16 10 2 8 4 10 0 8 16 0 8 12 10 6 14 22 0 8 6 24 12 24 0 6 0 8 6 16 10 12 12 6 0 10 4 28 4 2 8 0 8 6 14 20 14 0 2 6 8 8 8 0 0 22 4 20 22 34 6 12 16 12 12 0 0 8 12 10 0 12 16 8 0 2 16 10 8 12 4 20 6 6 22 14 18 10 2 10 4 8 16 14 4 10 16 20 0 8 0 8 2 14 0 4 4 0 6 2 0 0 12 10 0 16 8 22 0 14 0 6 14 0 14 20 10 4 4 6 10 2 22 14 0 6 18 14 14 14 16 14 6 0 8 12 2 20 2 0 0 8 0 24 10 0 0 4 6 0 0 8 16 0 2 20 16 14 12 4 30 0 14 4 0 6 0 16 8 6 0 4 12 24 14 10 10 0 2 8 0 14 10 8 0 12 0 0 16
 4 20 6 8 0 8 4 10 10 16 22 28 0 18 22 10 16 16 12 14 6 14 18 0 16 0 6 8 8 6 20 10 6 16 4 10 12 10 22 8 2 10 4 0 12 18 14 6 14 16 8 22 14 8 0 4 26 2 20 20 20 2 16 26 6 14 8 12 8 16 6 10 14 0 12 4 6 8 12 14 14 4 26 6 10 16 24 12 20 14 12 0 2 8 12 4 0 30 22 2 18 14 12 10 8 12 14 12 4 6 30 22 4 4 2 8 6 12 10 10 22 0 8 12 8 10 6 0 16 14 8 16 6 10 14 0 0 10 12 14 10 10 0 12 12 8 16 0 18 0 6 0 20 6 26 16 2 0 18 4 0 10 18 12 4 14 16 12 0 18 8 14 0 10 18 14 12 10 26 12 18 12 6 14 22 10 14 10 4 0 20 2 24 2 6 2 10 4 22 4
 0 0 0 8 0 0 0 0 2 0 2 14 0 8 6 0 0 0 14 0 2 6 18 0 2 0 0 4 4 0 6 4 0 2 0 2 8 0 20 0 0 0 2 4 0 10 10 0 0 2 0 8 4 0 0 0 10 0 4 12 26 0 6 4 6 4 0 0 0 0 2 0 2 0 0 2 2 4 0 0 8 0 2 0 0 4 14 0 0 4 0 2 0 14 12 0 0 12 0 0 0 0 0 4 10 0 6 0 0 0 10 4 0 6 0 0 0 4 8 2 0 0 0 2 0 0 6 0 0 0 0 8 0 0 0 0 0 12 0 8 0 0 12 0 0 0 2 0 4 0 0 0 12 0 10 0 0 0 0 16 0 4 2 10 0 0 14 16 0 12 0 20 0 4 0 0 6 0 0 0 0 0 2 6 8 2 2 4 0 0 14 0 0 0 0 0 6 0 0 0
 0 0 0 2 0 0 0 0 0 0 0 12 0 2 8 0 0 0 20 0 0 0 10 0 0 0 0 4 10 0 6 14 0 4 0 0 0 2 6 0 0 8 0 8 0 0 4 2 4 0 0 8 0 0 0 0 14 4 0 10 16 0 0 0 0 2 6 0 0 6 2 0 0 2 4 0 0 4 0 0 0 0 8 0 0 0 12 0 6 0 0 0 0 4 10 0 0 10 2 0 0 0 4 0 0 0 2 8 0 0 12 10 8 0 0 2 0 0 0 0 10 0 0 6 0 10 10 0 6 0 0 12 0 2 6 0 0 2 0 12 2 0 0 2 4 0 0 0 0 4 0 0 4 0 2 4 0 0 0 0 0 0 14 4 0 0 4 0 0 6 0 14 0 8 0 0 0 0 8 0 0 8 0 0 0 0 0 4 0 0 0 0 8 0 0 0 2 0 6 0
 6 10 8 14 10 8 0 12 2 14 10 10 0 10 12 8 0 12 18 8 6 8 26 2 6 2 18 12 8 0 8 8 4 10 4 4 16 2 16 0 6 6 8 4 4 4 14 6 4 0 0 8 16 14 0 0 4 0 16 20 22 0 16 10 6 6 10 0 16 12 10 10 4 4 12 2 6 8 2 0 4 4 16 8 0 10 12 4 14 0 8 0 4 6 22 8 14 12 22 0 0 0 6 8 6 6 6 12 0 2 12 12 8 8 0 0 0 4 26 4 10 2 0 12 2 6 20 14 8 12 2 20 0 6 18 4 12 0 18 14 10 10 18 2 4 2 0 14 26 4 10 0 2 0 24 0 2 4 4 14 0 4 14 16 0 6 22 8 14 12 6 14 0 10 10 10 18 8 12 6 4 10 12 6 8 0 2 14 10 2 16 0 4 0 0 0 6 0 12 0
 0 0 0 2 0 0 0 0 0 10 6 6 0 2 12 6 4 0 16 0 8 6 4 0 10 0 0 6 2 0 6 10 0 12 0 0 8 0 12 10 0 8 0 0 8 10 12 0 0 0 6 8 4 2 0 0 10 0 10 28 4 0 4 14 0 2 0 0 0 12 0 8 10 0 0 0 8 2 0 0 0 0 20 0 0 0 0 0 12 0 4 0 0 6 20 0 0 18 16 0 0 0 0 2 0 0 2 0 0 0 14 10 14 0 0 4 2 2 6 0 10 0 0 0 0 14 16 0 0 0 0 4 0 0 2 0 0 6 2 6 4 0 0 0 0 0 0 0 2 0 0 0 4 0 10 0 2 0 0 6 0 0 2 8 0 0 0 2 0 10 0 6 0 2 8 6 0 4 4 4 0 0 2 0 0 2 0 0 0 0 6 0 4 0 0 0 6 0 10 0
 0 0 0 0 0 0 0 0 0 0 4 2 0 0 12 0 0 0 16 0 0 8 8 0 2 0 0 2 8 0 18 0 0 0 0 0 4 0 8 0 0 4 0 0 0 0 6 0 0 0 0 4 0 0 0 0 6 0 0 6 0 0 0 6 0 6 0 0 8 16 2 0 0 0 0 0 0 0 0 0 6 0 8 0 0 8 14 0 14 0 0 0 0 2 0 0 0 4 4 0 0 0 6 0 4 0 0 2 0 0 0 0 0 0 2 0 0 0 0 0 0 0 0 0 0 0 4 0 0 0 0 6 0 0 0 0 0 0 0 0 0 0 0 0 0 0 0 0 6 0 0 0 0 2 4 0 0 0 0 0 0 0 0 0 0 0 4 0 0 0 0 4 0 0 0 0 0 0 0 0 0 2 0 0 2 2 0 2 0 0 8 0 0 0 0 0 0 0 2 0
 0 0 0 0 0 0 0 0 0 2 0 6 0 0 6 4 2 0 2 0 2 4 6 0 0 0 0 0 4 0 4 0 0 0 0 0 18 0 12 0 0 0 0 0 0 0 0 0 0 0 6 0 0 0 0 0 10 0 8 20 8 0 0 10 0 0 0 0 0 16 6 0 8 4 0 0 0 0 0 0 0 2 12 0 0 0 4 0 4 0 2 0 0 8 0 0 0 8 0 0 0 0 0 0 0 0 0 0 0 0 14 2 0 0 0 0 8 0 0 0 0 0 0 4 0 0 10 0 0 0 0 0 0 0 0 0 0 4 2 0 8 0 0 0 0 0 0 0 0 0 0 0 8 2 4 0 0 0 0 0 0 0 2 0 0 0 2 4 0 0 0 0 0 2 0 0 0 0 0 0 0 0 0 0 0 0 0 0 0 0 6 0 0 0 0 0 2 0 0 0
 0 18 0 10 0 10 10 4 6 6 16 22 0 0 12 2 14 2 22 0 0 0 6 4 14 10 12 0 16 12 12 8 12 14 0 4 0 16 26 2 0 16 2 0 8 4 10 16 2 8 0 14 4 0 0 0 22 0 20 18 18 0 12 0 4 8 0 0 8 12 6 2 0 4 14 4 0 4 10 0 12 10 12 0 0 24 12 0 14 8 0 2 4 8 12 0 0 20 26 4 4 0 8 14 8 0 8 8 0 2 16 0 4 8 2 0 2 12 14 0 0 0 0 4 0 12 12 4 2 8 6 22 0 4 0 0 0 12 0 8 2 2 8 8 12 0 10 0 8 0 2 0 10 10 10 0 4 0 14 10 0 2 4 10 0 2 14 2 2 10 0 10 0 8 0 4 8 0 12 0 0 4 4 2 14 4 4 4 2 0 0 0 20 0 2 0 12 0 2 10
 0 2 0 6 12 0 0 14 6 8 18 8 0 2 12 12 12 16 20 0 8 0 12 6 0 0 2 0 6 0 14 12 0 8 4 0 8 2 24 2 0 8 0 14 2 4 8 4 0 12 0 10 0 2 0 0 18 0 22 22 30 0 4 18 0 0 0 0 12 8 10 2 12 12 14 0 0 4 8 0 0 16 22 12 14 22 10 12 10 12 10 0 0 14 16 12 8 14 14 0 10 0 0 8 4 0 10 4 10 0 16 10 6 0 0 2 8 2 10 0 0 0 0 10 4 12 6 8 0 4 10 2 0 0 10 0 0 0 12 6 0 12 4 14 2 4 0 2 14 4 0 0 10 18 20 0 0 0 6 10 0 4 10 14 0 0 16 18 10 2 0 6 0 0 4 2 6 0 10 12 0 16 2 2 26 0 0 2 2 2 10 0 12 0 0 2 16 0 18 4
 0 0 0 0 0 0 0 0 0 0 0 4 0 0 0 0 0 0 2 0 0 0 0 0 0 0 0 0 4 0 0 0 0 0 0 0 0 0 4 0 0 0 0 0 0 0 4 0 0 0 0 0 0 0 0 0 0 0 0 0 4 0 0 0 0 0 0 0 0 0 0 0 0 0 0 0 0 0 0 0 0 0 2 0 0 0 2 0 0 0 0 0 0 0 0 0 0 0 0 0 0 0 0 0 2 0 0 0 0 0 10 0 0 0 0 0 0 0 0 0 0 0 0 4 0 0 2 0 0 0 0 0 0 0 0 0 0 2 0 0 0 0 0 0 0 0 0 0 0 0 0 0 0 0 0 0 0 0 0 0 0 6 0 0 0 0 0 4 0 0 0 2 0 4 0 0 0 0 0 0 0 0 0 0 0 0 0 0 0 0 0 0 0 0 0 0 0 0 0 0
 0 0 0 0 0 0 0 0 0 0 0 10 0 0 0 2 0 0 12 0 2 0 0 0 4 0 0 0 0 0 4 0 0 0 0 0 12 0 20 0 0 0 0 0 0 0 0 0 0 0 0 0 2 0 0 0 4 0 8 0 2 0 0 0 0 2 0 0 0 6 0 0 0 2 0 0 0 0 0 0 0 0 4 0 0 0 0 0 0 0 4 0 0 0 0 0 0 4 0 0 0 0 0 0 0 0 0 0 0 0 6 0 0 0 0 0 0 6 0 0 0 0 0 0 0 2 2 0 2 0 0 0 0 0 0 0 0 0 0 0 10 0 0 6 0 0 0 0 8 0 0 0 6 0 2 0 0 0 0 0 0 0 2 0 0 0 0 0 0 2 0 4 0 0 0 0 0 0 2 0 0 0 0 0 0 0 0 0 0 0 6 0 0 0 0 0 2 0 0 0
 4 6 4 2 0 0 0 0 0 0 6 14 0 0 0 10 10 10 18 6 8 0 14 0 8 0 0 2 4 8 10 20 0 0 0 0 12 6 20 0 0 10 0 0 0 6 12 0 4 0 6 14 14 2 0 2 0 2 2 24 2 0 0 12 2 4 0 0 6 2 0 0 4 18 4 0 0 6 0 0 0 0 12 6 4 14 6 6 6 0 0 0 0 6 4 2 0 8 10 0 10 0 6 2 12 8 18 6 0 4 6 0 4 6 2 0 0 4 16 8 6 0 0 4 0 6 4 0 8 12 0 0 0 10 0 2 0 0 2 8 0 4 6 6 0 8 8 0 12 0 0 0 0 0 18 0 0 0 2 4 0 4 0 0 0 0 18 14 0 6 0 20 0 10 0 0 0 2 0 0 0 10 4 6 6 0 0 6 0 2 4 0 2 0 0 2 12 0 2 2
 0 0 0 0 0 0 0 0 0 0 4 0 0 0 0 2 0 0 0 0 4 0 14 0 4 0 0 4 0 0 8 10 0 6 0 0 10 0 6 0 0 0 0 0 2 6 0 0 0 4 0 0 0 0 0 0 0 0 6 12 6 0 0 0 0 0 0 0 0 12 6 0 0 4 0 0 0 0 0 0 0 0 4 0 0 2 2 0 4 0 0 0 0 0 0 0 0 6 0 0 2 0 0 2 0 0 0 0 0 0 4 0 0 0 0 0 0 0 10 0 0 0 0 0 0 0 0 0 2 0 0 6 0 0 0 0 0 0 0 0 10 0 0 0 10 0 0 0 0 0 0 0 0 6 2 0 0 0 0 0 0 0 0 6 0 0 0 0 0 0 0 4 0 0 0 0 0 0 10 0 0 2 0 0 0 4 0 0 0 0 0 0 0 0 0 0 0 0 0 0
 8 16 12 12 0 10 6 0 2 12 0 12 0 8 12 4 8 8 2 10 14 0 6 0 16 0 4 8 16 4 32 12 0 6 6 8 8 4 16 4 8 8 0 0 6 4 22 0 6 8 0 14 14 12 0 0 12 0 26 28 28 4 14 8 18 14 8 0 10 14 8 2 4 12 10 4 0 0 6 10 8 0 8 0 2 10 24 2 22 14 0 0 2 8 20 2 4 22 16 0 10 0 10 6 12 2 10 10 0 4 22 14 6 0 8 0 6 0 30 0 8 0 0 8 12 4 16 0 8 8 12 8 0 14 6 0 14 8 0 12 0 8 6 10 0 0 0 8 10 0 4 4 12 8 20 2 0 0 0 10 0 8 18 8 0 4 24 12 2 20 0 18 0 10 0 10 8 2 10 4 6 6 6 4 16 8 4 8 0 14 10 0 6 0 0 6 12 0 10 4
 0 0 0 0 0 0 0 0 4 0 0 6 0 0 8 4 4 0 22 0 0 0 2 0 0 0 0 0 0 0 0 0 0 8 0 0 0 0 8 0 0 0 0 0 0 0 2 0 4 0 0 4 0 0 0 0 0 0 6 0 14 0 0 0 0 0 0 0 0 12 4 0 0 0 0 0 0 0 0 0 0 0 2 0 0 0 0 0 0 0 0 0 0 6 2 0 0 0 0 0 0 0 0 0 4 0 0 4 0 0 0 4 0 0 0 0 0 4 4 0 0 0 0 0 0 0 0 0 0 0 4 0 0 0 0 0 0 0 0 2 0 0 0 0 0 0 0 0 2 0 0 0 0 0 4 0 0 0 0 0 0 0 0 2 0 0 0 0 0 0 0 0 0 0 0 0 0 0 0 0 0 4 0 0 0 0 0 0 0 0 2 0 0 0 0 0 0 0 0 0
 18 12 0 2 4 4 6 10 4 16 18 16 0 10 24 24 16 4 12 4 18 6 10 6 10 2 6 20 4 12 14 12 0 4 8 6 14 6 28 8 2 14 8 6 14 22 8 8 8 6 10 16 24 0 0 2 20 6 16 34 20 4 10 14 8 18 16 0 6 20 10 20 0 8 12 14 8 2 2 16 10 0 18 0 0 14 18 20 12 2 0 0 2 18 14 6 18 30 14 8 0 0 8 4 0 16 10 0 0 6 18 6 14 0 0 6 8 6 18 0 6 0 10 2 6 18 18 6 12 0 10 12 2 6 6 4 0 14 12 12 12 10 2 14 8 8 8 14 22 2 0 0 8 4 24 6 6 2 10 6 0 2 14 12 12 0 6 12 16 12 2 2 0 0 8 2 10 4 20 4 6 16 10 6 16 18 0 6 4 4 6 0 18 0 0 0 16 2 12 6
 0 6 0 0 0 0 0 0 4 0 4 10 0 0 0 6 0 0 6 0 14 0 10 0 8 0 0 0 2 0 0 2 0 0 0 0 12 0 6 6 0 6 0 0 2 2 0 0 0 2 2 0 0 0 0 0 2 0 12 12 6 0 10 4 0 8 0 0 2 0 0 0 10 6 0 0 0 0 0 4 0 0 14 0 0 8 6 0 6 0 0 0 0 12 6 0 0 10 12 0 0 0 0 6 6 0 2 0 0 0 6 0 0 4 0 0 0 0 0 0 0 0 0 2 0 8 0 0 0 0 0 0 0 0 0 0 0 6 0 8 12 0 6 12 0 0 0 0 4 0 0 0 0 0 2 0 0 0 0 0 0 0 8 0 0 4 0 2 0 6 0 6 0 0 0 0 0 0 0 2 0 6 0 0 4 0 0 2 0 0 0 0 2 0 0 0 6 0 6 0
 0 2 0 6 0 0 0 0 0 4 12 16 0 0 22 10 14 0 14 6 8 16 12 6 8 0 14 0 10 0 10 10 0 10 4 0 0 0 10 0 0 2 0 0 10 4 20 6 4 2 10 0 2 4 0 0 14 0 16 24 14 0 2 16 0 8 4 0 12 14 6 0 2 8 0 0 0 2 2 0 2 0 4 0 0 0 6 14 10 0 0 0 14 6 8 0 0 20 18 4 6 0 12 6 12 0 16 2 0 0 18 8 2 0 0 0 14 14 14 4 2 4 0 0 0 8 0 8 18 6 2 8 2 10 0 0 0 14 10 0 4 2 0 14 6 0 2 0 22 0 0 0 2 4 22 0 0 0 0 2 0 0 20 8 10 0 14 6 12 8 4 10 0 2 0 2 4 0 12 0 2 8 10 2 10 8 0 0 0 0 4 0 0 0 0 0 6 6 2 0
 0 12 0 0 0 2 0 0 2 4 6 20 0 2 2 0 8 6 10 10 6 0 0 0 10 0 0 0 10 2 8 10 0 14 0 0 10 0 20 6 0 4 0 0 4 0 6 0 2 4 10 10 4 8 0 0 8 0 6 6 12 0 6 12 0 0 0 0 6 6 0 0 6 10 10 4 0 0 4 0 0 0 6 6 0 6 16 0 10 0 16 0 0 8 8 0 2 16 8 0 4 0 0 0 8 0 10 6 0 0 18 4 0 0 0 0 8 6 16 0 10 0 0 2 4 0 6 0 0 6 4 10 0 6 0 4 0 16 2 14 6 0 10 0 0 0 4 0 8 0 0 0 8 0 14 2 4 0 8 4 0 0 2 0 0 0 16 8 2 8 0 8 0 6 0 0 20 0 0 0 0 0 12 0 14 12 4 0 0 4 0 0 10 0 0 2 8 2 0 0
 0 0 0 16 0 0 0 0 0 0 2 12 0 0 14 12 0 0 12 0 2 0 6 0 0 0 0 0 0 0 12 4 0 0 0 0 6 0 22 0 0 0 0 4 10 0 14 0 0 2 0 0 0 0 0 0 10 0 8 12 14 0 0 10 0 4 0 0 8 0 0 0 0 0 0 2 0 0 0 0 0 0 20 0 0 0 6 4 0 0 0 0 4 4 10 0 10 8 4 0 0 0 0 6 2 0 0 0 0 6 10 0 4 0 0 0 6 2 2 0 10 0 0 6 0 0 12 6 4 0 0 18 6 0 2 0 0 8 2 4 0 0 0 2 0 0 0 0 12 0 0 0 8 0 2 0 0 0 0 0 0 2 6 4 0 0 6 4 0 10 0 8 0 0 0 0 0 0 2 0 0 0 0 0 2 0 0 4 0 0 10 0 4 0 0 0 14 0 8 4
 14 16 0 14 6 8 10 2 16 2 8 8 0 8 16 10 4 12 8 0 0 0 14 2 16 0 0 0 6 4 10 8 0 4 6 12 14 4 22 0 6 10 0 0 2 6 14 0 16 14 12 2 16 0 0 0 14 4 12 18 28 0 16 18 0 6 0 4 12 6 10 10 8 0 0 0 0 6 12 0 0 6 20 0 0 18 26 10 8 6 0 0 0 8 4 6 8 18 12 6 8 4 4 4 0 6 8 6 0 0 12 6 4 0 6 14 16 8 16 4 8 0 4 6 10 22 22 4 8 4 2 2 0 10 4 0 0 18 2 16 6 0 4 22 0 0 12 0 14 0 6 0 18 8 18 6 0 0 12 2 0 0 12 12 6 6 14 12 0 6 0 12 0 18 4 16 0 0 10 2 0 16 14 12 6 16 16 8 0 14 18 0 10 0 6 0 2 2 8 8
 0 4 0 0 0 2 0 0 0 0 0 6 0 0 10 0 0 2 6 0 0 0 2 0 0 0 8 0 6 0 0 0 0 0 0 0 12 0 8 0 0 10 0 0 0 0 2 0 4 0 0 0 0 0 0 0 8 0 4 0 22 0 2 2 0 0 0 0 0 12 0 0 2 0 0 0 0 0 0 0 0 0 0 0 0 14 0 2 8 0 0 0 0 14 2 0 0 10 18 0 0 0 0 0 0 0 0 0 0 0 4 0 0 0 0 0 0 0 0 0 0 0 0 2 0 4 24 0 0 0 0 6 0 0 0 0 0 2 0 4 0 0 0 0 0 0 0 0 6 0 0 0 4 0 8 0 0 0 0 0 0 0 0 6 0 0 12 0 0 0 0 4 0 16 0 0 0 0 0 0 0 0 0 0 0 0 0 0 0 0 8 0 0 0 0 0 2 0 0 0
 0 6 0 6 0 0 0 0 8 10 4 18 0 2 6 12 0 0 0 4 8 0 0 0 18 0 0 0 4 0 20 6 0 8 0 2 20 0 20 16 0 2 0 0 0 10 20 12 6 6 4 0 0 0 0 0 14 0 0 10 6 0 0 4 0 6 2 0 2 6 10 2 4 0 4 0 0 4 0 6 4 10 14 2 0 8 20 0 6 0 0 0 4 0 8 6 0 14 8 4 2 0 0 12 0 0 6 6 0 0 8 6 0 0 0 0 2 4 16 10 2 0 0 10 0 8 4 6 4 0 0 20 0 0 0 4 0 4 4 8 10 4 0 0 2 6 2 0 8 2 0 0 6 0 22 0 0 0 2 6 0 0 0 2 0 0 8 8 10 14 0 14 0 0 4 2 2 0 10 0 4 2 8 0 16 6 4 0 0 12 8 0 4 0 0 0 12 0 6 0
 0 0 0 6 0 4 0 10 6 0 8 14 0 6 16 14 0 0 18 2 2 2 8 0 20 0 0 4 18 0 16 12 2 6 0 0 2 2 24 2 0 0 0 4 4 0 14 6 12 12 8 12 0 0 0 0 10 2 20 18 24 0 4 8 0 16 2 0 2 6 2 12 8 8 10 0 0 4 0 0 4 0 18 0 8 10 10 8 20 4 0 4 0 10 22 0 8 14 6 0 0 2 0 12 2 8 0 4 0 0 18 0 0 0 4 0 0 8 8 0 2 4 4 16 0 8 10 8 0 12 8 6 0 8 8 8 2 20 0 10 0 0 12 0 8 4 0 6 20 0 0 0 6 4 18 2 0 0 8 6 0 0 8 8 4 0 18 10 2 0 0 18 0 12 0 18 2 0 14 0 0 12 2 0 10 4 0 0 0 10 0 0 4 0 0 0 10 0 2 0
 0 0 0 2 0 0 0 0 0 0 8 6 0 0 4 8 0 4 14 0 0 4 2 0 0 0 0 0 6 2 14 0 0 6 0 0 12 0 8 0 0 0 2 0 0 0 0 0 6 0 0 4 0 0 0 0 12 0 10 12 14 0 4 10 0 0 0 2 0 4 0 4 0 0 6 0 0 0 0 0 0 0 14 2 0 4 0 0 14 0 0 0 0 2 6 0 0 10 4 0 0 0 4 0 6 0 0 4 0 0 4 0 0 0 0 0 0 0 4 0 4 0 0 8 0 4 2 2 0 4 0 0 0 2 0 0 0 0 0 10 10 2 0 0 0 0 0 0 8 0 0 0 0 0 10 0 2 0 2 0 0 4 0 0 0 0 10 10 0 0 0 0 0 0 0 0 14 0 16 0 0 0 4 4 0 0 0 0 0 0 0 0 2 0 2 0 0 0 4 0
 2 18 0 12 0 0 0 6 0 0 0 12 0 0 6 4 6 4 8 2 2 0 6 0 2 0 8 0 8 2 0 0 0 0 0 0 8 0 22 0 0 0 2 0 0 10 4 0 2 4 0 0 0 0 0 0 20 0 10 18 12 0 6 10 0 10 0 4 16 2 4 0 0 8 0 6 4 8 0 2 0 0 14 6 0 0 6 0 4 0 0 0 0 8 4 2 0 10 14 0 0 0 4 0 4 0 4 6 0 0 16 6 2 0 0 6 14 8 20 0 2 0 0 14 2 0 6 0 4 0 4 2 0 10 0 0 0 14 4 6 10 4 2 4 0 0 12 0 16 0 6 0 10 6 6 8 0 0 0 8 0 0 4 4 0 0 14 8 0 2 0 12 0 12 0 0 12 0 8 0 0 0 0 0 10 8 0 0 0 0 2 0 14 0 0 0 10 0 4 0
 0 10 0 8 2 0 0 0 4 6 14 22 0 0 14 2 0 4 8 0 10 6 2 0 0 0 0 10 4 2 4 4 0 0 0 0 12 0 14 6 0 0 0 2 4 10 8 2 0 6 0 4 6 0 0 0 14 0 0 26 18 0 8 6 4 2 0 0 0 6 0 12 2 4 4 0 0 0 2 0 4 0 10 10 0 12 16 0 16 0 6 0 0 0 10 2 4 22 22 12 2 0 0 0 10 0 0 6 0 0 10 4 0 0 0 0 6 12 14 2 0 0 0 2 0 6 12 2 10 6 8 0 0 0 0 0 0 10 8 12 14 0 12 14 0 0 6 0 14 4 2 0 16 0 12 2 0 0 0 4 0 12 8 2 0 0 6 6 0 12 0 2 0 2 0 6 16 0 2 2 6 0 8 0 6 4 0 0 0 0 0 0 0 0 0 0 6 6 2 8
 0 0 0 0 0 0 0 0 0 0 0 0 0 0 0 0 0 0 12 0 0 0 0 0 0 0 0 0 0 0 2 0 0 0 0 0 0 0 14 0 0 0 0 0 0 0 0 0 0 0 0 0 0 0 0 0 0 0 0 10 10 0 0 14 0 0 0 0 0 0 0 0 0 0 6 0 0 0 6 0 0 0 4 0 0 4 8 0 0 2 0 0 0 0 0 0 0 0 16 0 0 0 0 0 0 0 0 10 0 0 6 8 0 0 0 0 0 0 4 0 4 0 0 2 0 0 0 0 0 0 0 0 0 0 0 0 0 6 0 2 0 0 0 0 0 0 0 0 0 0 0 0 4 0 6 0 0 0 0 0 0 2 0 2 0 0 8 10 0 2 0 8 0 0 0 0 0 0 12 0 0 0 0 0 0 0 0 0 0 0 0 0 0 0 0 0 0 0 0 0
 0 6 0 0 0 0 0 2 0 0 8 12 0 0 0 16 2 0 8 0 2 0 10 0 0 2 0 0 10 0 10 8 0 6 2 0 6 0 20 0 0 0 0 0 0 0 0 8 0 14 8 0 2 0 0 0 0 0 0 8 8 0 2 0 0 10 0 0 0 0 0 0 0 2 0 0 0 0 2 0 0 0 4 8 0 8 0 0 10 0 0 0 0 0 0 0 0 0 14 2 0 0 0 0 0 0 4 2 0 0 2 2 0 0 0 0 6 0 2 0 4 0 0 0 0 2 0 6 2 2 0 8 0 6 2 0 0 6 0 6 2 0 0 0 0 2 10 0 4 0 0 0 4 0 12 0 0 0 0 4 2 0 0 2 0 14 18 10 2 0 0 6 0 4 0 0 2 0 2 0 0 6 0 0 8 0 2 0 0 2 0 0 8 0 0 0 4 0 4 2
 0 10 0 0 4 10 2 0 0 0 12 26 0 0 2 14 4 0 14 0 8 10 2 0 6 0 0 0 12 0 14 14 10 2 0 2 0 0 8 0 0 10 0 0 0 10 12 6 4 0 6 14 8 2 0 0 8 8 22 12 10 0 0 16 6 0 0 4 4 0 0 8 0 8 14 0 0 8 6 4 0 0 8 0 0 4 20 0 6 0 0 0 10 6 14 0 2 20 14 0 0 0 4 6 0 0 6 0 0 0 18 0 0 0 0 0 6 4 2 0 8 0 0 10 0 8 8 2 0 0 2 0 0 6 0 0 0 12 0 0 0 10 6 2 4 2 0 2 6 0 0 0 0 2 20 0 0 0 0 4 0 8 10 8 0 2 24 12 6 20 0 12 0 6 12 0 2 0 2 0 10 0 4 6 2 0 0 0 0 0 4 0 0 0 0 0 10 0 2 6
 4 0 2 0 0 0 0 8 0 0 0 12 0 0 10 0 2 0 0 0 0 6 10 0 0 0 0 8 4 0 6 2 6 6 0 0 2 0 12 0 0 6 0 0 0 2 6 0 0 4 0 0 0 0 0 0 12 0 8 20 14 0 0 10 2 0 0 0 0 2 2 0 4 0 2 0 0 0 0 0 14 0 4 2 0 10 6 6 12 0 0 0 4 12 8 0 0 6 0 0 0 0 0 0 0 0 0 4 0 0 16 0 4 4 0 0 0 0 8 0 4 0 0 2 0 6 16 0 8 0 0 0 0 0 0 0 6 0 0 0 4 4 2 0 0 0 0 2 2 0 0 0 0 0 16 0 0 0 0 0 0 16 0 14 0 0 14 12 0 2 0 2 0 0 0 4 0 0 0 0 0 0 2 0 8 4 2 0 0 2 10 0 8 0 0 0 2 0 0 4
 8 20 0 8 10 12 4 4 0 12 14 20 0 4 10 8 14 14 8 0 4 10 16 2 18 0 0 0 10 0 18 8 8 10 0 12 8 6 8 0 6 4 6 2 8 12 8 8 12 10 4 12 10 4 0 4 18 4 22 26 28 0 6 14 8 16 0 0 6 14 4 12 6 6 4 0 4 2 8 2 16 0 18 10 6 10 24 4 10 12 8 4 0 8 14 0 0 22 8 0 6 0 10 4 10 2 4 0 0 10 12 0 12 0 2 2 0 12 12 2 10 0 2 10 0 14 10 6 0 0 8 2 0 12 4 0 8 6 14 8 10 6 6 14 6 10 0 2 10 0 0 6 2 14 20 0 8 0 8 2 0 8 14 12 0 0 18 20 22 10 6 22 0 10 14 10 4 0 14 2 6 24 8 16 2 8 8 16 0 6 12 0 12 0 6 2 10 0 10 2
 0 0 2 0 4 0 0 0 0 10 2 14 0 4 0 0 4 0 2 0 0 0 6 0 6 0 0 8 0 0 16 6 0 0 0 2 12 0 14 0 4 0 0 10 4 14 12 0 2 4 8 6 12 0 0 0 8 0 0 16 16 0 8 8 0 0 0 0 2 4 0 0 6 0 0 0 0 0 0 0 0 0 6 0 0 4 12 0 20 0 0 0 2 8 8 4 0 10 8 0 0 0 0 0 0 0 2 2 0 0 16 0 0 0 0 0 0 2 4 0 8 0 0 4 0 2 0 4 6 0 0 18 0 0 2 0 0 0 8 6 10 0 14 12 0 0 0 2 4 0 0 0 0 0 26 0 0 2 0 2 0 0 14 6 0 0 14 10 0 6 0 8 0 14 14 0 8 0 12 0 0 2 2 0 2 0 6 0 0 0 14 0 2 0 0 2 4 0 0 0
 0 4 0 0 0 0 0 0 0 0 2 16 0 0 24 12 0 0 8 0 0 0 8 0 0 0 0 0 10 0 10 8 0 8 0 2 12 0 12 2 0 0 0 0 2 2 12 12 0 2 4 2 0 0 0 0 10 0 6 14 18 0 0 10 0 6 6 0 10 2 0 0 2 6 4 0 0 0 0 0 6 0 2 0 0 12 8 0 10 0 2 0 0 4 10 0 0 18 8 0 0 0 0 0 2 0 0 4 0 0 4 2 0 0 0 0 0 0 10 0 0 0 0 0 0 0 0 0 0 0 6 4 0 0 0 0 0 2 0 4 6 10 0 0 0 0 0 2 8 0 0 0 0 0 10 0 0 0 0 0 0 0 0 0 0 0 10 0 0 12 0 0 0 0 0 0 0 0 0 0 4 2 0 0 6 0 0 0 0 0 0 0 4 0 0 0 10 0 0 4
 16 28 16 16 4 4 16 14 4 12 10 34 0 12 30 18 14 16 26 12 14 12 24 4 28 12 10 18 22 10 20 26 10 16 4 14 20 4 28 14 12 22 4 16 6 18 24 18 8 14 8 20 12 10 0 14 20 16 22 32 30 10 18 14 12 22 20 6 18 22 16 14 14 2 26 8 2 16 18 16 16 18 34 4 4 20 28 16 30 14 4 0 14 10 32 12 10 22 18 10 18 10 18 16 12 14 18 18 6 10 30 10 18 14 10 6 14 14 32 16 36 10 16 30 14 22 20 16 20 14 16 22 4 14 16 4 6 12 10 18 16 26 12 14 8 16 18 12 24 2 6 6 18 22 34 10 14 0 22 14 2 8 18 22 12 12 22 14 16 18 16 26 8 12 16 24 6 12 18 6 26 6 14 18 22 6 10 6 6 16 20 0 16 8 16 10 24 6 20 14
 2 0 0 0 0 0 0 0 0 0 6 22 0 2 14 6 0 0 0 0 2 0 2 0 4 0 0 0 0 0 10 0 0 2 0 0 6 0 8 0 0 0 0 0 0 0 4 0 0 0 0 0 0 4 0 0 16 0 6 12 10 0 0 6 0 4 0 0 0 0 0 0 0 0 8 0 0 0 6 0 0 0 12 0 0 0 6 0 10 0 0 0 0 0 0 0 0 8 10 0 2 0 2 0 0 0 0 12 0 0 4 2 2 0 0 0 6 0 0 0 4 0 0 2 0 0 2 0 0 0 0 14 0 0 0 0 0 0 0 2 6 0 0 0 0 0 0 0 4 0 0 0 8 0 14 0 0 0 6 0 0 0 6 2 0 0 14 12 0 2 0 0 0 0 0 0 0 0 0 0 0 0 0 2 4 0 6 0 0 0 0 0 0 0 0 0 0 0 6 0
 14 6 10 22 14 10 0 14 16 8 20 24 0 10 20 10 4 4 20 8 10 4 12 0 2 0 6 10 4 6 12 12 4 12 10 20 22 22 24 2 4 18 0 8 14 14 26 18 18 16 8 18 10 14 0 2 10 10 16 24 24 0 16 28 10 6 0 0 30 18 20 4 22 4 24 16 6 8 8 2 8 2 16 8 12 30 14 2 18 12 12 4 0 12 18 12 12 24 32 0 16 10 4 16 14 0 14 18 2 30 26 4 12 0 4 0 14 14 24 12 12 0 8 16 8 26 20 14 8 14 14 20 12 10 8 12 0 10 6 24 8 16 4 14 4 10 8 6 22 0 18 0 14 16 32 14 0 0 10 8 14 12 8 18 0 0 16 16 12 14 10 8 0 18 8 18 4 4 20 14 8 12 12 12 16 12 4 16 6 18 14 0 14 0 8 8 22 0 12 6
 14 10 2 8 10 10 2 0 0 4 14 24 0 0 18 12 6 10 14 0 8 8 22 0 16 0 8 0 20 0 10 10 0 6 4 0 0 0 24 8 8 12 8 6 10 2 16 6 2 12 8 12 2 4 0 2 20 0 18 24 40 6 12 12 0 14 4 4 8 12 12 8 14 8 8 0 0 8 0 4 8 6 8 6 0 8 20 8 12 12 4 4 6 4 4 0 16 18 22 16 0 0 2 2 6 0 14 8 0 2 12 8 0 18 0 0 8 10 14 0 16 2 0 6 0 12 0 0 14 10 4 14 0 10 8 2 0 14 6 12 10 8 0 14 6 6 6 0 18 0 4 0 20 16 20 2 0 0 12 6 0 4 10 8 0 12 8 20 6 14 0 10 0 16 10 4 10 0 20 6 4 0 8 8 14 14 6 8 0 10 8 0 2 0 0 4 0 0 4 8
 0 2 0 2 6 8 0 2 4 12 14 24 0 10 8 16 4 4 14 4 6 6 14 6 10 0 4 4 6 0 10 6 0 22 0 18 14 6 22 2 2 10 6 0 0 16 22 6 10 0 0 26 8 14 14 0 16 0 20 22 18 0 8 10 4 14 14 0 6 16 10 0 0 8 10 0 6 6 10 2 2 0 26 14 0 22 10 0 16 0 0 0 0 14 16 0 0 16 20 0 0 0 8 2 4 0 0 12 0 0 16 4 0 0 0 0 10 2 6 2 2 0 0 8 0 6 14 8 12 8 0 8 0 4 4 6 6 14 2 12 0 2 2 6 0 0 6 4 20 0 6 2 12 4 16 6 0 0 4 6 14 10 8 8 2 0 22 18 0 16 0 18 0 0 2 0 8 4 10 4 0 12 8 6 16 12 0 6 0 0 6 0 4 0 0 0 8 0 10 2
 2 0 0 2 0 8 0 0 0 0 0 12 0 0 8 0 0 0 4 0 0 0 0 0 0 0 0 0 0 0 6 2 0 0 0 0 8 0 0 0 0 8 0 0 0 0 0 0 0 0 0 2 0 0 0 0 0 0 2 10 8 0 0 4 0 0 0 0 0 8 4 0 0 0 0 0 0 0 0 0 0 0 10 0 0 10 4 0 0 0 0 0 0 0 0 0 0 2 0 0 0 0 2 0 0 0 0 0 0 0 0 0 0 0 0 0 0 0 0 0 0 0 0 0 0 0 0 0 2 0 0 4 0 0 0 0 0 0 0 4 0 0 0 0 0 0 0 0 0 0 0 0 0 0 20 0 0 0 0 0 0 0 2 0 0 0 10 0 0 4 0 2 0 0 0 0 0 0 0 0 0 6 0 0 2 0 0 0 0 0 0 0 0 0 0 0 0 0 0 0
 16 14 0 14 10 10 4 8 8 8 14 22 0 2 18 16 14 0 18 10 10 12 12 6 12 0 16 2 6 0 12 14 2 8 0 0 16 0 16 20 0 12 0 4 12 10 22 16 0 6 4 10 6 6 0 16 14 0 16 24 24 0 14 8 2 18 0 2 24 26 0 10 4 8 12 10 0 16 2 0 16 0 18 0 8 16 20 0 12 2 10 0 2 12 12 8 10 16 22 0 6 0 14 10 2 2 12 12 14 8 8 8 6 4 0 0 18 8 14 8 6 0 0 4 8 16 12 0 14 0 4 14 0 8 18 0 4 2 14 16 18 12 0 16 14 6 18 10 18 6 0 0 12 6 20 14 2 0 8 8 4 12 6 12 4 0 14 18 6 14 12 8 0 14 0 0 8 0 8 2 6 10 0 0 16 18 0 0 4 4 10 0 18 0 4 4 16 0 16 16
 2 4 0 0 0 0 0 0 0 0 0 20 0 0 0 4 0 0 4 0 0 0 2 0 8 0 0 4 4 0 0 0 0 0 0 0 0 0 22 0 0 0 0 0 0 6 0 0 0 0 2 0 0 2 0 0 2 0 10 12 8 0 2 2 4 0 0 0 6 12 2 6 4 2 0 0 0 0 0 0 6 0 0 0 0 0 10 0 0 0 0 0 4 0 0 0 0 6 4 0 0 0 0 2 0 0 2 2 0 0 0 0 0 0 0 0 0 0 2 0 0 0 0 0 0 4 2 0 4 0 0 4 0 0 0 0 0 16 0 2 0 0 0 0 0 0 0 0 0 0 4 0 4 0 20 0 0 0 0 0 0 0 0 2 0 0 8 6 0 6 0 6 0 0 0 0 0 0 2 0 0 0 0 0 8 0 0 0 0 0 2 0 0 0 0 0 4 0 0 0
 6 4 0 0 2 12 0 0 0 0 8 12 0 0 10 18 0 0 14 0 4 4 10 0 6 0 2 0 6 0 4 6 0 2 0 0 12 0 2 8 0 4 0 0 0 12 0 0 0 10 0 14 2 0 0 0 12 6 14 10 12 0 0 8 10 4 0 0 0 12 0 6 2 8 6 0 0 0 0 0 2 2 12 6 0 18 12 2 4 0 0 0 0 6 4 2 4 6 2 0 0 4 8 0 4 2 8 0 0 0 18 0 0 0 0 0 10 8 6 0 4 0 6 10 0 12 4 4 2 2 2 0 0 0 0 0 0 8 0 6 6 4 0 0 2 0 12 0 4 0 4 0 10 0 22 2 0 0 16 6 4 2 2 4 0 0 10 14 0 2 0 2 0 0 2 6 0 0 12 6 2 8 0 0 4 0 0 0 0 4 0 0 6 0 0 0 10 0 12 0
