200
 0 2 0 6 0 4 4 2 4 22 0 12 2 16 0 12 22 0 14 0 8 2 0 0 2 22 8 8 0 12 0 10 4 6 0 6 6 0 0 0 4 10 4 8 8 2 6 6 12 16 16 4 0 0 0 4 0 0 12 0 8 14 0 6 14 2 12 0 0 2 4 12 14 8 8 0 6 4 0 0 8 2 12 0 22 0 12 4 2 0 0 4 2 0 18 2 0 20 8 0 10 2 12 0 0 0 6 14 4 0 2 0 10 12 0 2 2 22 0 8 0 4 8 0 6 10 6 12 0 6 4 16 0 4 12 0 0 8 0 4 2 4 24 6 0 8 14 0 0 8 6 0 0 2 18 6 6 0 8 12 12 0 10 0 2 0 0 10 12 0 12 0 8 2 0 0 2 8 18 4 18 12 0 10 0 4 0 0 2 2 0 0 16 4 4 0 10 0 0 8
 0 0 0 10 0 2 2 6 0 4 0 8 8 10 2 0 16 6 12 0 8 2 10 0 6 10 4 0 0 10 8 0 0 6 0 4 8 6 0 0 4 8 0 12 4 2 4 0 0 14 0 6 0 2 0 0 0 0 16 10 12 10 2 14 0 0 14 0 2 0 0 10 4 0 6 6 0 4 0 2 0 10 12 2 0 0 2 0 0 0 0 0 0 2 0 0 0 6 6 2 10 10 2 0 10 0 14 8 0 0 0 0 0 8 0 0 2 8 0 6 0 0 4 0 2 0 4 8 14 8 0 10 6 8 2 0 0 0 0 0 0 4 6 2 0 6 2 0 8 6 0 0 2 0 18 0 2 0 8 6 0 0 4 0 0 0 0 6 0 2 2 0 0 2 4 0 0 0 10 0 10 6 0 0 8 2 8 0 6 8 0 0 14 0 0 0 6 0 0 12
 14 10 0 28 4 12 10 30 22 24 2 24 24 14 14 16 26 20 20 8 14 4 10 22 14 20 2 16 8 24 18 2 14 8 0 16 24 20 18 10 24 8 24 26 24 20 18 10 12 12 14 16 6 12 2 18 2 6 12 14 30 36 14 30 18 4 22 4 0 14 12 14 16 22 12 12 20 20 12 0 18 28 18 14 16 8 20 10 14 20 12 22 0 10 20 14 20 28 18 6 26 26 18 12 10 4 28 24 12 14 10 18 4 22 14 16 0 22 10 28 6 8 16 18 8 20 24 26 20 22 24 30 10 18 20 12 22 24 10 10 14 20 12 14 14 20 14 12 20 28 24 2 16 20 26 12 20 4 6 28 14 24 14 18 22 8 16 6 18 20 18 18 10 12 0 12 8 14 14 20 22 20 8 18 22 24 2 22 16 24 14 14 18 14 18 32 24 8 30 26
 0 0 0 0 0 0 0 0 0 8 0 0 0 0 0 0 6 0 0 0 0 0 6 0 6 0 0 0 2 14 2 0 0 0 0 0 4 0 0 0 0 0 2 14 0 0 0 0 0 6 2 0 0 0 0 0 0 0 0 0 4 2 0 8 2 6 0 0 2 0 0 8 4 16 0 4 2 2 0 0 0 2 0 2 10 0 2 0 0 0 0 2 0 0 0 0 0 6 0 0 0 0 6 0 0 0 0 8 0 0 0 0 0 0 0 0 0 0 6 0 0 0 4 0 0 0 0 8 4 10 0 8 0 4 6 0 0 0 0 0 0 2 10 2 0 0 0 0 0 2 0 0 6 6 16 0 8 0 4 8 0 0 0 0 0 0 4 0 0 0 4 0 0 0 0 0 0 0 8 0 8 0 0 8 0 6 0 0 0 0 0 0 14 0 0 0 4 0 0 0
 4 2 0 14 0 0 6 14 6 18 0 0 0 18 0 0 24 0 24 6 10 14 18 12 20 14 12 2 2 28 6 2 0 16 10 2 8 14 2 0 6 6 18 22 12 0 2 0 6 14 18 16 0 6 0 6 0 0 18 4 26 18 6 18 10 0 12 0 0 6 4 16 8 10 4 8 14 12 12 0 8 24 20 6 22 0 8 4 0 0 10 10 8 6 14 6 26 10 8 4 20 0 18 0 2 0 24 28 6 4 10 0 8 16 0 8 6 16 8 12 0 8 6 0 0 6 18 14 14 18 0 10 8 10 14 6 4 10 10 2 0 10 0 8 0 8 12 0 24 24 0 10 8 4 26 8 24 0 8 18 14 2 4 0 4 2 2 10 8 0 4 0 8 10 2 2 0 0 14 4 12 8 2 2 0 10 0 2 10 8 22 2 16 6 6 8 14 0 2 14
 0 0 0 24 6 0 0 6 4 20 0 6 10 16 0 10 18 6 14 6 0 8 14 6 18 12 14 8 4 12 6 6 12 12 0 0 6 10 0 8 2 0 14 14 10 0 8 4 0 16 6 22 0 0 0 0 0 0 16 8 4 6 4 24 6 0 16 0 0 8 14 2 6 14 0 2 8 12 4 0 8 10 6 2 8 0 20 0 0 0 0 16 0 8 14 0 6 20 4 12 4 12 14 0 0 0 20 16 2 14 10 6 6 28 6 8 2 8 6 8 0 6 24 0 4 8 12 8 20 16 10 12 0 10 4 8 8 10 0 4 0 18 8 8 0 0 10 6 2 8 6 6 14 16 28 14 4 4 12 10 0 0 4 6 0 0 0 6 24 0 0 0 2 12 0 0 0 0 24 6 14 12 2 8 0 6 0 8 4 2 6 0 22 2 6 6 2 0 6 18
 0 0 0 10 0 10 0 4 6 26 0 4 14 10 6 2 26 0 14 6 0 12 2 20 4 18 2 18 8 10 0 10 0 22 0 6 16 2 2 0 4 6 16 18 16 6 0 8 4 14 20 6 0 8 2 4 0 0 12 6 28 18 16 18 10 2 20 0 0 16 18 16 8 18 4 0 18 6 8 0 8 10 6 0 8 4 20 0 8 0 2 0 0 0 12 0 4 6 6 16 0 14 16 0 2 2 16 20 12 10 2 12 2 18 4 8 0 10 2 18 0 2 8 8 12 16 0 24 8 6 2 4 0 0 18 0 0 4 0 8 8 12 14 24 6 16 12 0 14 6 12 6 0 4 20 8 0 0 6 22 12 6 6 4 0 0 6 0 18 0 12 0 14 6 4 0 0 0 20 12 22 6 0 6 10 12 0 8 0 12 0 6 16 8 0 10 22 0 18 14
 0 0 0 4 0 0 0 0 4 18 0 0 0 14 0 4 26 0 0 0 0 0 0 4 2 8 2 8 0 14 0 0 0 0 0 0 18 0 2 0 2 0 14 20 6 0 2 2 6 0 2 0 0 0 0 0 6 0 2 6 12 22 0 6 12 2 0 0 0 0 2 4 0 6 0 2 12 0 0 0 2 10 6 6 0 0 8 0 12 0 2 0 0 0 2 0 0 16 6 0 14 4 16 0 0 4 6 6 12 0 0 0 0 0 0 0 0 10 6 18 0 0 8 2 6 0 8 8 4 14 4 8 0 0 4 0 2 4 0 6 0 10 0 10 0 0 6 0 8 6 0 2 4 0 8 2 10 0 4 8 0 4 2 0 0 0 6 10 12 0 0 0 0 8 0 0 0 0 6 4 10 6 0 16 0 10 0 0 0 8 6 0 2 10 0 8 6 0 4 8
 0 10 0 0 0 0 0 0 0 18 0 0 10 0 0 0 20 0 6 0 0 2 0 8 10 12 8 8 12 20 4 0 0 0 0 4 8 8 0 0 0 0 4 6 4 0 0 4 0 12 14 4 0 4 0 0 10 0 0 12 18 6 0 0 10 0 10 0 2 8 0 0 8 12 0 8 8 8 0 0 0 0 18 8 10 4 18 0 0 0 0 8 0 0 16 0 6 14 0 0 16 4 6 0 0 2 10 10 0 0 0 8 4 10 0 2 0 16 10 8 0 0 4 0 0 12 14 4 8 6 6 0 0 0 12 0 0 8 0 2 2 10 14 4 0 0 14 0 6 6 0 0 0 0 8 2 8 0 16 4 10 0 10 2 6 0 16 16 6 0 8 0 8 14 4 0 0 0 0 0 16 10 0 10 0 14 4 4 0 8 2 2 26 12 6 4 16 6 0 22
 0 0 0 0 0 0 0 0 0 0 0 0 0 0 0 0 0 0 0 0 0 0 0 0 4 0 0 0 0 0 0 0 0 0 0 0 0 0 0 0 0 0 0 0 0 0 0 0 0 2 0 0 0 0 0 0 0 0 0 0 6 0 0 0 0 0 0 0 0 0 0 0 0 6 0 0 0 0 0 0 0 0 0 0 0 0 2 0 0 0 0 0 0 0 4 0 0 6 0 0 0 0 0 0 0 0 0 0 0 0 0 0 0 0 0 0 0 0 0 0 0 0 0 0 0 0 0 0 0 0 0 0 0 0 2 0 0 0 0 0 0 0 0 0 0 0 0 0 0 0 0 0 0 0 4 0 0 0 0 0 0 0 0 0 0 0 0 0 0 0 0 0 0 0 0 0 0 0 4 0 0 0 0 0 0 4 0 0 0 0 0 0 4 0 0 0 0 0 0 2
 12 12 0 12 10 8 2 14 0 20 0 2 20 6 0 0 20 12 14 2 10 6 18 8 14 24 4 2 12 26 14 4 4 18 6 18 6 6 4 0 18 14 20 12 12 0 18 4 16 8 14 8 0 0 4 4 12 0 16 8 14 20 4 16 6 14 16 4 2 14 6 6 8 26 0 16 14 8 8 0 14 8 26 10 18 2 14 10 8 4 0 16 2 2 18 10 12 8 8 16 8 14 24 2 0 2 20 20 4 20 14 6 12 8 2 18 0 26 12 26 2 0 14 14 8 10 4 24 18 18 4 18 8 10 16 6 12 14 12 2 12 14 2 14 0 12 14 0 18 12 6 0 18 14 28 8 16 4 22 20 6 8 18 8 0 8 26 8 10 4 10 0 4 24 14 6 6 4 12 4 10 16 4 8 12 18 6 2 2 8 8 18 18 12 14 8 16 0 16 32
 0 0 0 4 0 0 0 4 4 26 0 0 14 10 0 6 24 2 18 0 0 8 2 16 10 12 14 14 0 16 2 0 0 10 0 6 14 2 2 0 12 0 10 12 12 10 0 4 0 10 16 4 0 0 0 0 4 0 10 12 24 18 10 16 12 8 12 0 10 2 0 0 0 0 6 4 8 2 0 0 2 10 6 0 18 0 4 0 0 0 0 6 0 0 0 0 10 6 8 6 14 4 14 0 6 0 14 16 2 2 0 6 6 12 0 0 4 14 12 14 0 0 0 6 14 16 6 24 14 12 0 4 0 0 0 4 14 4 10 10 4 16 8 20 0 10 12 0 10 2 4 0 14 6 18 6 4 0 8 14 6 8 2 0 0 0 0 4 0 6 2 0 6 6 0 0 2 0 6 14 18 4 0 10 0 6 2 0 10 0 0 0 18 10 6 0 8 0 8 16
 0 0 0 8 2 0 0 0 0 0 0 0 0 0 0 0 6 0 0 0 0 0 0 0 0 0 0 0 2 0 0 0 0 0 0 0 6 0 0 0 0 0 2 14 0 0 0 0 0 8 6 0 0 0 0 0 0 0 0 6 16 4 0 0 0 0 0 0 0 0 0 0 0 10 0 0 2 0 0 0 2 0 0 0 0 0 4 0 0 0 0 0 0 0 8 0 0 8 0 0 0 6 6 0 0 0 4 0 0 0 0 0 0 0 0 4 0 0 0 0 0 0 6 0 0 0 6 2 4 10 0 0 0 0 12 0 0 2 0 0 0 8 0 0 0 0 0 0 4 0 0 0 4 0 20 2 0 0 0 8 0 0 0 0 0 0 0 0 2 0 0 0 2 0 0 0 0 0 10 0 0 0 0 0 0 2 0 0 0 10 2 14 6 6 0 0 0 0 0 0
 0 0 0 2 0 0 0 0 0 18 0 0 8 0 0 0 16 0 6 0 0 0 4 16 4 8 4 4 0 4 0 0 0 0 0 0 0 10 0 0 0 0 0 0 0 6 0 8 0 8 8 0 0 0 0 0 0 0 0 2 2 8 0 16 4 0 4 0 0 0 2 6 0 0 0 0 0 0 0 0 0 6 4 0 0 0 4 0 0 0 0 6 0 0 8 0 0 16 0 2 0 2 12 0 0 0 2 4 0 0 0 0 0 18 0 0 0 0 0 6 0 0 2 0 0 2 2 4 6 6 0 0 0 4 0 0 0 4 0 0 0 6 0 2 0 2 0 0 0 16 0 0 2 0 12 0 0 0 0 18 0 2 0 0 0 0 0 0 0 0 10 0 0 0 0 0 0 0 2 0 6 0 0 6 0 8 0 0 2 0 0 0 12 2 0 8 0 0 0 10
 0 0 0 12 10 2 0 10 10 14 6 2 8 8 0 8 20 8 18 4 10 0 6 8 26 12 8 14 14 16 16 4 6 6 0 16 22 6 2 0 4 2 4 20 10 10 0 2 8 6 10 8 2 0 4 0 0 0 10 8 16 20 2 14 18 4 16 0 2 6 20 18 2 22 6 10 10 18 10 0 8 12 18 6 20 0 12 0 14 0 0 12 8 0 18 0 20 20 4 8 8 4 12 2 2 0 18 22 2 0 8 0 0 14 12 10 0 14 12 24 0 0 6 4 6 2 8 18 20 20 2 20 0 6 4 0 14 10 0 8 0 16 4 18 0 10 10 4 4 12 6 2 0 4 24 8 4 0 22 12 4 2 12 10 20 4 0 4 10 10 14 0 6 8 0 0 0 4 14 6 26 18 0 0 8 14 2 4 12 16 0 6 20 12 8 10 16 0 10 8
 0 4 0 0 0 0 0 0 2 8 4 0 8 6 0 0 10 0 14 0 0 0 4 0 12 12 0 6 0 6 10 0 0 0 2 0 0 10 4 0 16 0 12 4 6 2 0 2 14 16 4 4 0 0 0 0 2 0 0 2 14 2 0 4 8 6 12 0 0 0 8 0 4 0 0 4 0 2 0 0 2 8 6 8 12 0 14 0 2 0 0 4 0 2 10 0 12 10 2 6 0 4 12 0 6 0 8 10 0 0 10 0 0 16 0 4 6 4 4 22 0 0 16 2 2 0 0 10 8 4 0 16 2 0 0 0 0 8 0 12 0 12 10 0 2 0 2 0 0 10 4 0 14 10 8 0 0 0 12 12 4 0 6 0 4 0 0 0 6 2 2 0 12 0 2 0 0 4 10 10 10 0 0 10 0 8 0 0 0 4 2 2 8 8 0 4 8 0 14 10
 0 0 0 0 0 0 0 0 0 0 0 0 0 0 0 0 0 0 0 0 0 0 0 0 0 0 0 0 0 0 0 0 0 0 0 0 2 0 0 0 0 0 0 0 0 0 0 0 0 0 0 0 0 0 0 0 0 0 0 0 0 0 0 0 0 0 0 0 0 0 0 0 0 0 0 0 0 0 0 0 0 0 2 0 0 0 0 0 0 0 0 0 0 0 0 0 0 0 0 0 0 0 0 0 0 0 0 0 0 0 0 0 0 2 0 0 0 0 0 0 0 0 0 0 0 0 0 0 0 0 0 0 0 0 0 0 0 0 0 0 0 0 0 0 0 0 0 0 0 2 0 0 0 0 0 0 0 0 0 2 0 0 0 0 0 0 0 0 0 0 0 0 0 0 0 0 0 0 2 0 0 0 0 0 0 0 0 0 0 0 0 0 4 0 0 0 0 0 0 0
 6 0 0 0 4 0 2 8 4 14 0 0 2 6 0 2 20 0 10 0 0 10 4 4 4 10 2 16 6 22 2 2 0 0 0 0 10 6 4 0 8 0 6 8 0 0 16 0 4 14 22 14 4 0 2 0 2 0 8 10 18 2 0 8 12 0 8 0 0 8 4 8 4 4 6 0 8 4 2 0 0 4 20 6 0 0 8 2 4 0 10 6 0 0 12 0 0 12 0 6 0 6 10 0 0 0 12 8 0 0 6 2 4 12 2 14 2 6 10 10 0 0 0 0 6 0 12 20 4 8 0 4 0 0 6 0 10 0 0 0 0 14 4 0 2 6 4 0 8 8 2 0 12 12 18 8 6 0 6 8 4 6 8 8 0 10 2 8 4 0 4 2 16 12 2 0 0 10 10 0 10 10 0 2 0 12 14 0 0 4 6 6 12 8 6 4 4 4 12 10
 0 0 0 0 0 0 0 0 0 2 0 0 0 0 0 0 12 0 0 0 0 0 0 2 0 0 0 0 0 0 4 0 0 0 0 0 0 0 0 0 0 0 0 2 0 0 0 0 0 0 2 0 0 0 0 0 0 0 0 0 0 0 0 4 0 0 0 0 0 0 0 0 0 0 0 0 0 0 0 0 0 0 0 0 18 0 0 0 0 0 0 2 0 0 0 0 0 0 0 0 0 0 0 0 0 0 2 0 0 0 0 0 0 4 0 4 0 0 0 0 0 0 0 0 0 0 0 2 8 0 0 0 0 0 0 0 0 4 0 0 0 0 0 0 0 2 0 0 0 0 0 0 0 0 0 0 0 0 0 0 0 0 4 0 0 0 0 0 4 0 0 0 0 0 0 0 0 0 4 0 0 0 0 0 0 0 0 0 0 0 0 0 8 0 0 0 8 0 0 12
 0 8 0 18 0 0 0 8 6 20 0 0 16 2 0 2 20 2 8 0 6 0 12 16 14 2 4 4 8 16 8 6 2 4 8 4 16 10 4 0 10 8 0 4 10 2 0 6 8 18 20 0 2 2 0 10 14 0 8 22 4 16 0 4 16 10 14 0 0 20 6 2 0 12 2 2 12 6 12 0 12 18 12 12 14 2 22 0 4 8 6 2 0 2 16 0 4 16 4 16 8 6 22 0 0 0 14 18 16 0 8 2 0 14 2 8 0 4 2 16 0 0 12 4 10 8 6 22 6 12 0 8 6 4 10 10 6 2 2 10 4 14 10 14 0 0 6 4 10 10 4 10 2 6 22 20 16 0 6 12 18 2 20 2 4 2 14 8 14 2 0 8 4 6 4 2 0 0 18 6 8 14 0 14 0 14 4 2 6 14 4 10 20 24 8 10 10 0 6 24
 0 0 0 14 0 6 0 10 2 6 0 0 2 2 0 12 18 0 6 0 0 0 2 10 4 8 2 0 0 14 6 6 0 8 0 10 4 14 0 0 0 4 8 10 8 6 0 6 0 4 12 10 0 0 0 4 0 0 14 0 10 10 4 8 0 0 6 0 0 12 0 2 4 2 0 0 2 6 0 0 6 0 6 8 4 0 4 0 6 2 0 2 0 0 12 0 0 22 6 2 10 12 4 0 0 0 12 14 10 0 2 10 0 12 0 2 8 0 0 8 0 0 10 8 2 0 12 14 20 14 0 12 0 2 8 4 0 4 0 0 0 12 4 4 0 4 2 0 14 2 0 2 2 0 18 0 12 2 6 16 0 6 14 0 0 0 6 0 16 0 10 0 2 0 0 2 0 0 22 0 8 10 0 4 4 8 0 0 0 4 2 0 8 6 0 2 0 0 0 20
 0 0 0 2 0 0 0 2 0 10 0 0 14 10 0 12 12 0 8 4 8 0 4 6 14 8 0 0 0 4 4 0 0 2 0 2 8 0 0 0 0 0 10 6 0 0 10 4 2 16 6 2 0 0 0 0 0 0 8 2 12 6 10 10 6 0 8 0 0 0 2 0 0 0 2 6 8 2 10 0 2 8 16 0 2 0 2 0 0 2 4 12 0 0 8 0 0 0 10 4 4 4 4 0 0 0 2 14 2 4 0 0 6 16 0 0 0 2 2 6 2 0 6 0 0 0 0 20 12 0 0 0 0 14 10 0 0 14 0 20 2 6 0 0 0 0 2 0 10 20 0 0 0 10 10 0 0 4 12 6 0 4 2 0 0 0 8 0 0 0 0 0 0 0 0 0 0 4 10 4 4 10 0 2 0 8 6 6 18 2 0 0 10 4 0 0 0 0 6 10
 0 0 0 0 0 0 0 4 2 10 0 0 6 0 0 0 2 0 8 0 0 0 0 4 8 6 0 0 0 16 0 2 0 0 0 0 2 0 0 0 0 0 4 2 12 0 0 0 0 12 2 0 0 0 0 0 0 0 0 6 8 14 0 0 0 0 0 0 0 0 0 0 2 4 6 0 0 2 0 0 6 0 10 0 2 0 0 0 2 6 0 0 0 0 4 0 4 10 0 0 0 12 2 0 0 0 0 0 0 0 0 8 0 0 0 2 0 2 0 0 0 0 10 0 0 0 2 6 8 0 0 8 0 0 0 0 0 0 0 0 0 8 4 14 6 0 0 0 6 0 0 0 0 0 20 0 0 0 0 4 0 0 0 0 0 0 0 2 0 0 0 0 0 0 6 0 0 0 0 0 10 0 0 2 0 0 0 2 0 4 2 6 2 0 0 6 2 0 0 10
 0 4 0 0 0 0 0 0 0 10 0 0 2 0 0 2 2 0 0 0 0 0 0 0 0 10 0 8 0 8 0 4 0 0 0 4 4 14 4 0 0 0 0 2 0 0 0 0 0 0 12 0 0 0 0 0 0 0 6 0 6 6 0 10 0 0 0 0 0 0 0 2 0 14 0 0 6 2 2 0 8 4 0 0 0 0 16 0 0 0 0 2 0 0 2 0 0 14 2 4 0 0 8 0 0 0 0 8 2 6 0 0 2 2 0 0 0 8 6 6 0 0 0 0 4 8 8 6 10 10 0 0 0 6 0 0 2 2 0 2 0 6 4 0 0 0 0 0 0 4 0 0 0 0 4 6 0 0 4 2 8 0 0 0 0 0 0 0 0 0 2 0 10 0 0 0 0 2 2 0 4 14 0 0 0 4 0 0 0 0 0 0 0 2 4 0 0 0 0 0
 0 0 0 0 0 0 0 0 0 0 0 0 2 0 0 0 22 0 2 0 0 0 0 4 0 0 0 0 0 0 0 0 0 0 0 0 0 0 0 0 0 0 2 10 0 2 0 0 0 8 6 0 0 0 0 0 0 0 0 4 2 8 0 6 0 0 2 0 0 4 0 0 0 6 0 0 0 0 0 0 0 0 0 0 14 0 0 0 0 0 0 0 0 0 0 0 8 2 0 0 0 0 4 0 0 0 0 4 0 0 0 0 0 0 0 0 0 0 0 4 0 0 0 0 0 0 0 0 2 0 0 0 0 2 0 0 0 0 0 0 0 4 0 0 0 0 0 0 0 0 0 0 0 0 8 0 0 0 0 0 0 0 18 0 0 0 0 0 4 0 0 0 0 0 0 0 0 0 4 2 8 2 0 4 0 0 0 0 0 0 0 0 12 0 0 0 0 0 2 0
 0 0 0 8 0 0 0 0 0 0 0 0 0 0 0 0 4 0 0 0 0 0 0 0 0 0 2 0 0 2 8 0 0 0 0 0 0 0 0 0 0 0 0 0 2 0 0 0 0 0 6 8 0 0 0 0 0 0 0 4 0 0 0 0 0 0 2 0 0 0 0 0 0 0 0 0 2 0 0 0 0 0 4 0 0 0 0 0 0 0 0 0 0 0 0 0 0 2 0 0 2 2 8 0 0 0 8 0 0 0 4 0 0 0 0 0 0 0 0 6 0 0 0 0 0 2 0 0 2 2 0 12 0 0 4 0 0 0 0 0 0 2 0 0 0 0 2 0 0 0 0 0 0 4 6 4 0 0 4 0 0 0 6 0 4 0 0 0 0 0 0 0 0 0 0 0 0 0 2 0 4 0 0 0 0 0 0 0 0 0 0 0 2 0 0 0 0 0 6 0
 0 0 0 0 0 0 0 0 0 4 0 0 8 0 0 2 8 0 6 0 0 0 10 0 8 0 0 0 0 10 12 0 0 0 14 4 0 4 2 0 0 0 14 10 0 0 6 6 2 10 8 0 0 6 0 0 0 0 4 8 16 6 0 0 0 8 14 0 0 8 0 10 8 10 0 2 14 6 4 0 16 12 6 0 8 0 6 4 0 0 6 0 0 0 8 0 2 4 2 2 0 10 10 0 0 0 4 12 6 0 4 2 0 12 0 4 0 4 0 16 0 0 0 0 2 0 4 4 8 4 0 10 0 0 0 0 0 0 0 0 0 16 0 6 0 0 6 0 0 6 4 0 0 0 12 0 6 4 4 18 0 2 2 4 6 0 0 2 6 2 12 0 4 0 0 0 0 2 16 2 10 0 2 0 0 2 0 8 8 0 0 10 10 0 0 12 8 0 6 8
 0 4 0 2 0 0 0 0 0 24 0 0 6 0 0 0 8 0 0 0 0 4 2 0 10 10 0 0 0 0 0 2 0 0 0 6 6 6 0 0 2 4 6 0 0 0 0 0 0 2 4 0 0 0 0 0 0 0 0 0 0 14 0 6 8 0 2 0 0 0 10 4 0 12 0 0 0 0 0 0 0 0 0 0 4 0 0 0 0 0 0 0 0 0 0 0 0 4 0 4 0 0 0 0 0 0 0 0 0 0 0 0 0 4 0 10 0 0 0 2 0 0 0 0 0 0 2 6 4 8 0 0 0 0 8 0 0 0 0 0 0 8 10 2 0 0 2 0 0 6 4 0 0 0 8 4 0 0 0 0 0 0 2 0 0 0 0 0 4 0 0 0 0 0 0 0 0 0 2 0 0 0 0 2 0 0 0 0 0 0 0 0 12 2 0 0 0 0 8 10
 6 2 0 0 0 0 0 4 0 8 0 6 0 6 0 0 18 0 10 0 6 2 0 6 6 2 4 6 0 0 0 2 0 0 0 0 6 0 0 0 0 0 0 8 0 0 8 2 0 4 0 0 0 0 0 0 0 0 2 6 12 2 0 2 0 0 0 0 0 0 2 0 0 16 0 6 6 0 0 0 0 0 14 4 12 0 8 0 0 0 0 0 0 0 0 0 0 0 0 2 2 2 0 0 6 0 12 10 0 0 0 6 0 8 0 0 0 6 0 6 0 0 0 0 6 8 0 6 4 6 0 8 0 0 6 0 0 0 0 0 2 6 4 8 0 2 14 2 0 8 0 0 2 0 18 2 0 0 0 6 2 0 0 0 0 0 2 0 0 0 2 0 0 0 0 0 8 0 16 0 4 0 0 0 0 4 2 0 0 0 0 0 14 6 0 4 0 0 0 10
 0 0 0 0 0 0 0 0 0 16 0 0 2 0 0 0 8 0 0 0 0 0 0 0 4 0 0 2 0 0 0 0 0 0 0 0 0 0 0 0 2 0 0 0 0 0 0 0 0 4 8 0 0 0 0 0 0 0 0 0 0 0 0 0 0 0 4 0 0 0 0 2 0 0 0 0 0 0 0 0 0 0 0 0 6 0 0 0 4 0 0 0 0 0 0 0 0 0 0 0 0 0 0 0 0 0 4 4 0 0 0 0 0 0 0 0 0 0 0 2 0 0 0 0 0 0 0 0 0 0 0 2 0 0 0 0 0 0 0 0 0 0 0 0 0 0 0 0 0 0 0 0 0 0 4 0 0 0 0 0 0 0 0 0 0 0 0 0 0 0 0 0 0 0 0 0 0 0 2 0 0 0 0 0 0 4 0 0 0 0 0 0 0 0 0 6 0 0 0 4
 2 0 0 0 0 0 0 2 0 8 0 0 0 4 0 0 16 0 0 0 0 0 8 4 0 0 0 4 0 18 0 0 0 0 0 0 6 6 0 0 4 0 6 10 0 0 0 0 0 8 8 0 0 0 0 0 0 0 0 8 8 14 0 4 0 0 8 0 0 4 4 12 0 8 0 4 4 0 8 0 0 12 10 0 10 0 0 0 6 0 2 6 0 0 2 0 0 0 0 2 0 0 16 0 0 0 6 2 2 0 0 0 0 0 0 6 0 2 2 0 0 0 0 0 0 8 0 26 6 8 0 0 0 0 0 2 2 0 0 0 0 10 0 2 0 10 6 0 0 8 0 0 0 0 10 0 6 0 0 4 0 0 12 0 0 2 0 0 10 0 0 0 0 8 0 0 0 0 14 2 0 6 0 0 2 0 0 0 0 0 0 6 4 0 0 0 0 0 0 6
 0 0 0 10 0 0 0 10 10 16 0 10 2 14 0 4 14 0 16 0 0 2 0 0 6 14 0 0 0 18 2 0 0 8 0 2 12 0 0 0 2 0 2 8 0 0 0 4 0 20 16 0 0 8 0 4 2 0 0 10 12 8 0 12 2 0 10 0 0 6 0 20 6 0 4 0 10 0 0 0 0 0 12 0 6 0 12 4 6 0 0 2 0 0 8 0 6 14 20 16 8 0 14 0 0 0 16 22 10 2 8 0 6 26 0 0 4 16 2 6 0 0 16 2 12 6 8 12 10 20 0 6 0 6 0 0 0 4 0 4 0 10 14 6 0 4 14 0 0 16 0 4 14 0 32 6 2 0 16 12 0 0 18 0 4 0 4 2 8 0 8 0 2 12 0 0 0 0 20 6 16 4 0 4 0 12 0 8 4 0 0 0 20 2 0 0 10 0 0 6
 0 14 0 24 6 0 8 10 8 14 0 0 12 8 0 18 32 10 10 0 6 0 10 16 18 22 16 18 12 18 18 4 0 12 6 8 8 14 0 0 14 14 30 22 16 4 10 10 10 14 18 12 2 4 0 6 2 0 2 12 16 26 12 30 10 14 14 0 10 8 2 20 8 20 8 14 10 22 18 0 12 20 20 6 26 0 22 0 8 0 20 18 0 6 24 10 16 22 16 10 6 14 22 0 0 8 10 24 16 2 16 8 10 20 0 8 6 6 12 18 2 0 10 2 8 10 24 20 10 20 0 10 0 16 4 16 6 18 6 16 6 12 8 14 0 10 8 12 4 14 16 12 22 6 24 12 6 0 18 16 4 2 16 4 14 4 18 16 24 2 14 0 8 8 8 2 0 2 16 12 14 20 2 14 10 20 8 6 8 22 10 14 20 12 10 12 10 0 6 26
 0 0 0 8 0 0 0 2 4 20 0 0 6 2 0 6 22 4 12 0 0 0 12 2 12 8 8 16 14 26 8 0 0 0 0 0 0 12 2 0 2 2 16 4 8 0 0 0 6 8 8 0 0 0 0 6 0 0 12 8 10 6 0 4 10 6 0 0 0 10 4 2 2 12 0 8 6 6 0 0 10 8 16 0 0 0 6 2 0 2 6 6 0 0 12 0 0 12 0 14 2 10 8 0 0 2 8 22 0 0 0 6 2 22 0 0 0 4 0 4 0 0 4 0 2 10 0 0 24 12 0 0 0 4 12 8 0 6 0 18 4 16 14 6 0 4 6 0 14 10 0 8 8 4 14 8 0 0 8 16 4 0 4 6 0 0 12 0 22 10 8 0 0 0 2 0 0 0 18 2 16 0 0 10 0 16 0 0 6 0 0 0 16 4 0 2 8 0 6 12
 10 10 0 10 0 8 6 2 10 28 0 10 10 12 6 0 16 2 24 0 2 6 4 12 18 12 0 10 12 24 14 8 0 2 0 12 14 12 10 0 16 16 16 12 10 8 0 6 12 6 8 20 2 0 8 0 2 0 10 8 18 30 2 8 6 0 20 0 4 0 10 12 12 10 2 16 2 0 2 0 0 10 14 4 4 0 10 10 6 0 2 12 0 0 16 0 12 20 20 12 24 22 14 0 10 0 10 8 0 0 8 14 14 20 0 12 8 18 6 16 0 4 10 4 12 6 16 16 10 12 0 14 0 14 6 0 12 12 6 0 0 10 14 14 10 10 12 0 12 4 0 0 10 6 18 2 10 0 12 10 18 0 18 0 10 0 6 6 10 4 16 0 4 18 4 4 8 0 16 6 24 20 0 14 8 0 4 0 0 14 14 0 10 8 4 4 14 2 10 20
 0 0 0 0 0 0 0 0 0 16 0 0 12 10 0 2 12 8 8 0 0 0 0 0 12 6 0 0 0 12 0 0 0 2 0 0 0 0 0 0 0 0 12 14 6 0 0 0 2 6 8 0 0 0 0 0 0 0 10 8 4 4 0 8 4 0 4 0 0 4 8 0 0 8 0 0 0 0 10 0 0 0 12 2 6 0 8 0 4 0 0 0 0 2 0 0 6 2 2 10 6 2 4 0 0 0 16 10 0 12 2 0 0 6 0 4 0 0 0 0 0 0 22 0 0 8 10 0 2 4 0 4 0 0 4 0 6 0 0 8 0 14 8 12 0 0 0 0 2 6 6 0 10 0 8 0 0 0 0 8 4 0 12 4 2 0 8 0 12 6 0 0 0 14 8 2 0 10 2 0 18 0 8 10 0 4 0 0 0 0 0 0 6 2 0 2 4 0 14 16
 0 0 0 0 0 0 0 0 0 10 0 0 0 4 0 2 0 0 8 0 0 0 0 0 12 2 2 0 0 4 0 0 0 4 0 2 0 6 0 0 2 0 2 0 0 0 0 0 0 0 8 2 0 0 0 0 0 0 0 0 0 0 0 0 0 0 0 0 0 0 0 0 0 0 0 0 0 0 0 0 8 0 6 8 0 0 0 0 0 0 0 8 0 0 2 0 0 6 0 0 0 0 8 0 0 0 0 10 0 0 0 4 0 8 0 4 0 0 0 0 0 0 0 0 0 2 0 4 0 0 0 0 0 0 0 0 0 6 2 0 0 0 4 0 0 0 0 0 0 8 0 0 0 0 0 0 0 0 8 12 0 0 0 0 0 8 0 2 0 0 8 0 0 0 0 0 0 0 8 0 4 0 0 4 0 0 0 0 0 0 0 0 6 0 0 0 0 0 0 6
 0 0 0 8 0 0 0 4 0 8 0 0 2 0 0 0 10 0 8 0 0 0 6 0 12 8 0 0 0 2 0 0 0 0 0 6 0 0 0 0 8 0 14 8 0 0 0 0 0 0 10 2 0 0 0 2 0 0 0 10 6 6 0 4 0 0 4 0 0 2 0 0 0 16 0 0 0 2 0 0 0 0 0 0 4 0 0 0 0 0 0 0 0 0 6 0 6 0 0 2 4 2 2 0 0 0 10 12 0 0 0 0 0 12 0 2 0 8 0 0 0 0 8 0 6 0 2 10 0 0 0 0 0 0 0 2 0 4 0 0 0 18 10 6 0 0 0 0 0 2 0 0 0 0 4 0 4 0 0 16 0 0 0 0 0 0 0 0 0 0 0 0 8 2 0 0 0 0 0 4 8 2 0 0 0 12 0 0 0 0 0 0 12 8 4 4 10 0 2 2
 0 14 0 10 0 0 0 0 0 2 0 0 4 2 0 0 0 0 10 0 2 6 12 0 10 2 0 2 2 14 0 6 0 0 0 0 12 0 0 0 4 0 0 4 6 2 2 0 0 4 8 2 4 6 0 2 0 0 8 4 12 10 0 8 0 0 10 0 4 0 0 10 4 8 0 10 20 0 8 0 0 6 10 0 4 0 4 2 0 0 0 6 0 0 6 0 0 8 0 0 16 0 14 0 0 0 16 22 0 0 0 0 0 6 0 0 0 6 0 8 0 0 0 0 2 0 0 8 0 8 0 14 0 4 4 0 0 2 0 0 0 8 6 10 0 0 0 6 0 6 0 0 8 0 14 2 6 0 0 4 2 2 10 2 0 0 0 2 8 6 4 4 6 0 0 2 0 0 16 0 8 4 0 0 0 2 0 0 0 0 0 4 6 6 4 0 6 6 0 14
 10 18 0 16 8 0 10 22 10 26 2 8 16 6 12 6 20 14 32 2 4 4 10 14 20 22 10 20 16 28 8 6 2 0 8 2 12 28 14 0 6 8 12 14 8 18 6 16 14 14 22 14 0 6 0 4 8 8 16 16 20 20 0 18 8 10 14 0 2 14 16 6 6 12 8 14 12 4 8 0 4 12 30 6 16 0 16 6 8 0 0 4 4 4 22 12 4 18 10 12 8 10 22 0 10 0 18 14 22 6 24 12 6 18 8 0 10 8 16 18 4 14 22 8 14 8 12 16 20 28 14 20 6 14 16 6 8 16 2 12 10 22 16 18 0 12 16 4 6 16 10 8 8 10 26 14 14 0 16 10 10 2 10 0 12 6 12 0 18 22 14 2 8 10 22 0 4 8 16 18 28 24 10 14 8 14 4 16 14 0 18 6 14 8 8 6 14 0 6 24
 0 0 0 8 0 0 0 0 8 6 0 0 8 0 0 0 12 0 6 0 0 2 0 2 12 16 0 0 2 0 0 0 0 0 0 2 0 0 0 0 0 0 14 6 2 0 4 0 0 8 0 6 0 0 0 4 0 0 0 8 8 8 12 8 0 0 6 0 0 0 6 2 0 14 0 12 2 0 4 0 4 0 6 0 12 0 2 0 2 0 0 0 0 2 0 0 0 6 0 0 0 8 6 0 0 0 4 12 0 0 0 0 0 2 0 0 0 4 0 0 0 0 2 0 0 12 0 12 6 4 0 0 0 0 0 0 0 0 0 0 2 14 0 4 0 4 0 0 6 4 0 0 0 8 14 6 0 2 0 0 0 6 0 0 0 0 0 0 0 0 4 0 0 0 0 0 0 0 0 10 2 6 0 0 0 6 0 0 0 2 4 0 12 6 0 0 0 0 12 0
 0 0 0 10 0 6 0 4 10 16 0 8 0 10 0 0 16 0 8 0 0 4 4 8 2 10 10 0 12 12 6 8 0 0 0 0 6 4 4 0 6 0 4 14 0 0 4 0 0 0 20 0 0 2 0 6 0 0 0 2 0 24 0 8 2 0 8 0 0 10 0 2 0 6 0 2 2 0 4 0 4 0 0 0 4 0 6 0 6 0 0 0 0 0 12 2 10 8 0 2 0 2 12 0 8 4 6 18 0 0 0 0 0 14 0 6 0 0 2 4 0 0 2 0 2 10 0 18 4 0 0 0 0 2 4 0 0 4 2 0 0 8 4 0 0 2 6 0 6 2 4 2 0 2 18 0 4 0 0 12 0 0 2 2 6 0 0 12 4 0 0 0 0 0 0 0 0 0 0 10 6 6 0 0 6 10 0 2 0 4 0 0 6 6 0 0 4 0 6 8
 0 2 0 0 0 0 0 0 0 14 0 0 0 2 0 0 6 0 4 0 0 0 0 10 0 8 0 0 0 6 0 0 0 0 0 0 0 0 0 0 0 0 0 4 0 0 0 0 0 0 2 0 0 0 0 0 0 0 0 2 10 16 0 0 0 0 2 0 0 0 0 0 0 14 0 0 0 4 0 0 0 0 0 0 0 0 6 0 0 0 0 0 0 0 2 0 0 8 6 0 12 0 6 0 6 0 8 12 0 0 2 0 0 10 0 0 0 0 0 4 0 0 4 0 4 2 0 6 6 0 0 0 0 0 0 0 0 0 0 0 0 2 6 12 0 2 0 0 0 0 0 0 0 0 14 0 0 2 4 0 0 0 0 0 0 0 6 6 4 0 0 0 0 0 0 0 0 0 4 2 24 0 0 2 0 0 2 0 0 0 0 0 0 0 2 12 0 0 2 0
 0 0 0 0 0 0 0 0 0 2 0 0 0 2 0 0 4 0 0 0 0 0 0 0 0 0 0 0 0 0 0 0 0 0 0 0 0 0 0 0 0 0 0 0 0 0 0 0 0 0 0 0 0 0 0 0 0 0 0 0 8 6 0 0 4 0 2 0 0 0 2 0 0 4 0 0 0 0 2 0 4 0 4 0 0 0 0 0 0 0 0 0 0 0 0 0 0 0 0 0 4 4 0 0 2 0 0 0 0 0 0 0 0 8 0 0 0 0 0 0 0 0 4 0 0 0 0 2 0 0 0 0 0 2 0 0 0 0 0 0 0 8 0 0 0 0 0 0 0 0 0 0 0 0 8 0 0 0 0 8 0 0 0 0 0 0 2 0 2 0 0 0 0 0 0 0 0 0 12 0 4 0 0 0 0 4 0 0 0 0 0 0 2 0 0 0 8 0 0 0
 0 0 0 4 0 0 0 0 0 10 0 0 10 16 0 0 12 0 6 0 0 2 0 2 8 0 2 4 0 16 8 0 0 0 0 0 14 6 0 0 0 4 4 0 0 0 2 0 0 10 20 6 0 0 0 0 0 0 0 12 8 16 0 2 0 2 14 0 0 0 0 4 0 4 2 0 0 6 10 0 0 0 2 0 8 0 12 4 4 0 2 4 0 0 10 0 0 8 0 2 0 8 0 0 0 0 2 4 4 0 0 2 0 8 0 0 0 0 0 4 0 0 6 0 0 10 0 6 6 12 0 0 0 6 0 0 0 0 0 8 0 18 4 12 0 8 0 0 2 2 0 0 0 0 14 0 0 0 2 10 0 0 4 0 0 0 0 0 16 0 8 0 16 0 0 0 0 0 4 0 8 0 4 8 0 0 0 2 0 0 0 0 10 0 0 0 0 0 18 0
 0 0 0 4 0 2 0 14 0 14 0 0 24 0 0 0 14 2 2 0 0 6 0 14 0 0 0 0 10 8 6 4 0 6 0 2 0 10 0 0 6 12 14 20 6 0 6 0 6 16 12 8 0 0 0 0 0 0 4 6 4 8 8 6 10 6 14 0 6 4 2 0 2 10 0 8 0 0 10 0 0 6 6 0 4 0 14 0 0 0 6 14 0 0 14 2 2 8 0 6 2 2 14 0 0 0 12 6 2 4 6 0 0 14 0 0 0 12 2 12 0 0 10 0 4 0 0 12 10 6 6 10 0 10 8 0 0 10 0 4 0 6 6 12 0 0 4 0 12 0 4 2 0 4 22 2 0 0 10 4 6 4 14 0 0 0 2 2 16 6 10 0 0 10 0 0 0 0 12 4 8 18 0 0 4 10 0 0 0 12 0 0 12 4 4 0 8 0 6 16
 0 0 0 4 0 0 2 0 2 16 0 2 0 10 0 0 16 0 12 0 2 0 2 6 10 4 0 6 0 12 0 10 0 4 4 10 18 8 0 0 0 0 8 2 0 0 0 2 2 10 10 4 0 0 0 2 0 0 2 6 4 12 0 2 6 0 12 0 0 4 0 0 2 0 0 0 8 2 2 0 0 4 8 0 4 0 6 0 0 0 0 6 0 0 10 0 0 8 4 4 0 0 12 0 0 0 0 8 8 0 0 0 0 8 0 10 0 10 0 12 0 0 8 0 0 10 8 10 0 14 0 0 0 0 0 8 2 4 0 12 2 14 6 4 0 0 6 0 2 6 2 0 0 0 10 0 0 0 0 6 0 0 2 6 0 0 0 0 6 0 2 0 4 0 0 0 0 0 14 10 8 0 0 0 0 0 0 0 0 6 4 0 10 0 0 0 2 0 8 6
 0 8 0 12 2 0 0 0 0 10 0 0 14 0 0 0 22 10 22 0 0 0 16 0 20 12 0 12 0 8 8 0 0 0 0 8 0 12 8 0 16 0 4 14 8 10 0 0 4 14 6 12 0 0 0 0 0 0 12 10 4 18 0 4 6 0 6 0 0 0 0 12 4 4 0 6 10 0 2 0 6 4 14 4 0 0 10 8 2 0 0 8 0 2 10 0 6 4 4 4 6 8 4 0 0 6 12 20 0 0 10 0 0 20 0 8 0 0 8 12 0 0 10 0 12 2 10 16 0 12 0 10 0 0 4 0 2 18 0 4 2 16 0 0 0 6 0 0 0 6 0 0 8 10 22 2 8 0 10 14 4 0 8 10 14 0 10 4 2 0 4 0 6 8 0 0 0 6 22 14 20 8 0 10 0 8 0 10 6 4 10 8 6 0 2 0 8 0 8 6
 0 4 0 14 0 0 0 0 0 6 0 2 18 6 0 0 20 0 14 0 0 0 12 6 4 12 0 6 6 10 12 0 0 0 0 0 6 0 4 0 4 2 6 8 2 0 0 0 0 8 10 2 0 0 6 0 0 0 0 12 14 6 4 2 12 0 14 0 0 10 0 8 0 14 0 16 4 0 0 0 0 20 12 6 8 0 2 0 6 0 0 0 0 0 8 0 8 10 6 0 2 8 4 0 0 0 10 24 6 0 6 4 0 8 0 0 0 8 6 4 0 0 8 0 8 4 0 14 18 12 0 0 0 14 6 4 0 4 4 0 0 2 0 16 0 0 0 0 0 10 0 0 0 0 24 14 10 0 4 18 0 0 16 4 0 0 6 8 4 4 0 0 0 8 0 0 0 0 20 2 16 2 0 2 4 4 0 8 12 0 8 0 16 14 8 8 16 8 0 8
 0 0 0 0 0 0 0 2 0 0 0 0 0 0 0 0 10 0 10 0 0 0 0 0 0 2 0 0 0 0 0 0 0 0 0 0 6 0 0 0 0 8 4 0 0 0 0 0 0 0 6 0 0 0 0 0 0 0 0 0 0 2 0 4 0 2 2 0 0 0 0 0 0 0 0 0 0 0 0 0 0 0 0 0 0 0 0 0 0 0 0 6 2 0 0 0 0 4 0 0 0 0 4 0 0 0 0 4 0 0 0 0 0 8 0 0 0 2 0 0 0 0 0 0 0 0 0 0 0 2 0 0 0 0 0 0 0 0 0 0 0 4 0 0 0 0 0 0 0 2 0 0 0 0 6 0 0 0 0 10 0 0 0 0 0 0 0 0 0 0 0 0 0 2 0 0 0 0 0 0 4 4 0 0 0 0 0 0 0 0 0 0 0 4 0 0 0 0 2 0
 0 0 0 0 0 0 0 0 0 4 0 0 0 0 0 0 10 0 0 0 0 0 0 0 0 0 0 0 2 0 0 0 0 0 0 0 0 0 0 0 0 0 0 6 0 0 0 0 0 0 0 0 0 0 0 0 0 0 0 0 4 8 0 2 0 0 0 0 0 0 0 0 0 2 0 0 6 0 0 0 0 0 0 0 0 0 0 0 0 0 0 0 0 0 0 0 0 12 0 0 0 2 0 0 0 0 0 0 0 0 0 0 0 0 0 0 0 0 0 0 0 0 0 0 0 0 0 4 6 0 0 0 0 0 0 0 0 0 0 0 0 0 0 0 0 0 0 0 0 0 0 0 0 2 8 0 2 0 0 10 0 0 0 0 0 0 0 0 0 0 0 0 0 0 0 0 0 0 0 0 0 0 0 0 0 0 0 0 0 0 0 0 12 0 0 0 2 0 0 2
 0 0 0 12 0 0 0 2 0 2 0 0 10 0 0 0 8 0 8 4 0 0 2 6 8 0 2 0 0 6 6 2 0 0 0 0 0 0 0 0 0 2 2 14 0 0 0 0 0 4 10 0 0 0 8 8 2 0 2 4 16 8 0 10 0 0 6 0 0 4 0 0 0 0 0 2 0 8 0 0 0 6 2 0 0 0 6 0 0 0 8 0 0 0 12 0 0 16 0 8 4 4 8 0 0 0 4 0 0 0 4 0 6 8 0 2 0 10 0 6 0 0 0 0 0 0 10 2 12 0 0 0 0 0 0 4 0 2 0 0 0 2 0 8 0 8 0 0 0 4 0 0 0 0 8 4 2 0 20 10 0 0 0 0 0 0 0 0 0 0 0 0 0 4 0 0 0 0 18 4 10 4 0 0 2 2 0 0 0 4 4 0 10 10 0 0 0 0 0 16
 10 6 0 16 4 2 4 10 4 22 4 6 14 18 0 4 26 0 26 0 12 0 10 18 22 18 6 6 12 24 12 8 0 6 0 12 20 8 0 2 4 8 12 6 6 4 12 0 0 18 18 2 0 6 0 2 10 0 8 4 20 30 0 14 14 6 16 0 10 4 0 14 10 6 10 20 16 4 10 0 16 22 20 0 0 0 18 0 10 2 18 4 4 0 14 6 8 30 8 8 10 12 20 2 0 0 12 12 8 6 14 6 14 20 2 12 4 22 8 20 0 0 2 0 0 4 0 20 0 20 10 14 8 12 16 10 12 14 0 2 2 10 12 14 8 14 8 0 10 16 8 10 12 18 26 4 14 6 8 10 18 4 18 2 10 4 2 10 12 4 2 8 12 16 12 14 0 2 22 10 18 14 0 20 4 2 4 14 4 12 14 4 18 14 6 10 16 4 14 28
 0 0 0 18 0 2 0 6 0 22 2 4 10 6 4 8 20 14 16 0 6 8 4 8 12 12 0 16 6 20 12 0 0 0 10 6 8 10 0 0 12 0 10 8 10 4 12 6 12 8 16 0 0 0 4 2 0 0 6 14 8 12 4 12 6 2 16 0 0 10 4 22 10 14 4 2 10 6 0 0 8 4 10 6 4 0 20 0 18 2 0 2 0 0 10 0 12 10 8 2 18 10 0 0 10 0 8 22 16 0 6 8 0 14 0 16 4 8 10 12 0 0 8 6 12 12 8 20 16 16 0 14 8 4 10 0 8 0 0 12 2 22 8 12 4 6 8 6 6 6 10 0 4 14 24 8 2 4 0 14 0 4 0 0 6 10 6 6 12 4 12 0 8 0 2 0 8 0 16 4 16 8 6 10 0 18 0 12 4 6 6 0 16 12 0 8 10 0 8 18
 2 0 0 12 0 8 0 4 10 24 0 6 18 16 0 12 24 0 12 2 4 2 10 14 18 4 14 8 4 14 10 6 6 8 0 6 16 6 2 4 0 10 14 14 12 10 2 8 0 6 20 0 2 0 0 2 8 4 6 10 10 14 0 22 22 12 8 0 8 4 8 12 2 12 12 20 0 16 12 0 4 12 10 12 18 8 8 6 6 4 0 8 2 0 18 0 6 18 14 18 0 18 2 4 6 6 10 10 4 8 8 12 2 14 4 4 4 12 4 8 0 14 14 10 12 4 12 14 18 14 0 18 0 4 10 2 6 8 6 14 14 8 8 8 0 6 14 4 2 20 0 8 18 12 20 2 10 6 4 14 12 4 20 6 4 4 10 10 12 4 10 10 8 6 8 4 2 4 24 8 24 10 4 4 8 12 4 2 6 18 14 6 14 22 12 12 14 2 4 20
 0 0 0 18 0 8 0 8 2 0 0 4 10 0 4 4 20 0 18 0 0 6 8 4 14 8 14 2 14 12 4 0 0 0 0 4 2 0 0 0 0 0 0 30 8 6 0 14 2 12 12 0 0 0 0 0 0 0 2 20 18 18 0 16 0 0 2 2 0 10 2 0 0 18 0 8 12 10 2 0 0 12 6 0 6 0 18 0 2 0 0 8 4 0 14 14 14 10 4 2 6 14 10 0 12 12 4 10 4 6 14 2 0 16 0 4 0 12 2 14 0 0 14 4 12 0 6 10 16 10 0 6 0 18 0 6 4 10 0 4 4 10 12 8 0 12 10 0 0 10 0 0 2 2 18 8 4 0 16 14 2 0 0 0 0 0 4 8 16 2 0 0 0 0 12 0 0 12 14 4 10 6 0 8 0 14 2 12 0 0 2 2 16 0 0 4 10 2 0 12
 2 10 0 8 0 6 0 0 0 16 0 0 20 10 4 0 28 0 18 0 4 12 12 10 24 8 8 4 8 12 8 0 0 8 0 10 6 8 14 0 0 10 6 24 2 6 2 8 2 16 24 0 0 12 0 14 0 2 4 8 8 14 2 22 14 0 12 0 0 4 2 18 10 14 2 8 2 6 4 0 2 4 14 0 16 4 18 0 0 0 10 6 0 0 0 0 6 18 0 8 4 16 12 0 2 4 22 18 2 0 0 6 2 12 2 2 0 20 0 8 0 0 10 10 18 12 14 12 0 12 0 0 2 16 14 0 0 10 0 12 0 16 12 18 0 2 6 2 8 4 8 4 12 2 26 12 12 0 10 26 18 2 6 4 0 0 10 18 16 2 2 2 0 10 6 0 0 0 22 16 20 18 0 6 0 4 2 10 0 8 6 16 16 6 0 8 10 0 6 12
 4 20 0 22 6 2 8 14 0 26 2 14 22 10 10 0 32 14 26 20 10 4 4 30 18 16 6 20 16 24 14 18 4 8 8 10 24 20 16 0 14 2 14 20 6 6 12 6 12 14 18 4 0 6 0 12 0 0 14 10 16 16 10 22 26 12 8 0 10 14 18 6 14 20 4 14 20 6 4 0 20 16 10 8 26 6 26 6 6 8 8 8 0 0 6 4 0 10 14 16 18 18 26 8 14 4 18 20 0 0 12 12 6 24 0 10 6 0 12 14 0 0 16 6 8 16 20 26 22 20 10 18 16 8 14 6 10 14 6 8 4 24 14 4 8 16 22 6 18 18 2 10 16 10 28 10 6 0 20 18 14 8 16 2 14 6 18 8 18 8 0 10 16 8 18 8 14 4 24 16 14 10 0 12 2 12 12 10 10 16 8 22 26 22 8 4 22 6 2 24
 0 0 0 10 0 0 0 0 0 8 0 0 6 4 0 2 14 0 4 0 0 0 2 0 10 0 0 2 0 6 2 2 0 0 0 0 2 8 0 0 4 6 12 2 10 0 0 0 4 6 2 0 0 0 0 0 0 0 0 0 10 8 0 12 0 0 0 0 0 0 8 0 0 0 0 0 0 0 0 0 2 0 0 0 0 0 8 0 4 0 0 2 0 0 6 0 4 2 0 0 4 0 2 0 0 2 14 12 0 0 0 2 2 12 0 0 0 0 2 12 0 0 2 0 0 2 0 8 6 0 0 0 0 2 0 0 0 0 0 0 0 6 8 6 0 6 16 0 0 12 0 0 6 0 16 0 0 0 0 14 2 0 0 2 0 0 0 0 2 0 0 0 4 0 0 0 0 0 2 0 10 0 0 0 0 4 0 4 6 0 0 0 0 0 0 0 0 0 4 6
 0 0 0 0 0 0 0 0 0 0 0 0 0 0 0 0 2 0 6 0 0 0 0 4 0 0 0 8 0 6 0 0 0 0 0 0 14 0 0 0 0 0 0 4 0 0 0 0 0 4 2 0 0 0 0 0 0 0 0 0 8 6 0 10 0 0 4 0 2 0 0 0 0 12 0 0 0 0 0 0 0 0 0 0 10 0 4 0 0 0 0 0 0 0 4 0 0 0 0 0 6 4 2 0 0 0 6 0 0 0 0 0 0 6 0 0 0 12 0 0 0 0 10 0 0 0 0 0 2 18 0 0 0 0 10 0 0 0 0 2 0 14 0 0 0 0 0 0 6 6 0 0 10 0 16 0 0 0 6 2 0 2 0 0 0 0 0 4 10 0 0 0 0 0 0 0 6 0 12 0 10 6 0 0 0 4 6 0 0 6 0 2 0 8 0 0 2 0 0 18
 0 0 0 0 0 0 0 0 0 0 0 0 0 0 0 0 0 0 0 0 0 0 0 0 0 2 0 0 0 0 0 0 0 0 0 0 4 0 0 0 0 0 0 0 0 0 0 0 0 0 0 0 0 0 0 0 0 0 0 0 0 4 0 6 0 0 8 0 0 0 0 0 0 0 0 0 0 0 0 0 0 0 0 0 0 0 2 0 0 0 0 0 0 0 8 0 0 6 0 0 0 0 0 0 0 0 0 6 0 0 0 0 0 10 0 0 0 0 0 2 0 0 0 0 0 0 0 0 0 0 0 0 0 0 0 0 0 0 0 0 0 0 0 0 0 0 0 0 0 0 0 0 0 0 10 0 0 0 0 4 2 0 4 0 0 0 0 0 0 0 0 0 0 0 0 0 0 0 10 0 0 0 0 0 0 0 0 0 0 0 0 0 0 0 0 0 0 0 0 0
 0 0 0 0 0 0 0 0 0 8 0 0 0 0 0 0 6 0 2 0 0 0 0 0 0 0 0 0 0 4 0 0 0 0 0 0 0 0 0 0 0 0 0 0 0 0 0 0 0 0 0 0 0 0 0 0 0 0 0 0 0 0 0 8 0 0 4 0 0 0 2 0 0 6 0 0 0 0 0 0 0 0 0 0 0 0 8 0 0 0 0 0 0 2 0 0 0 16 0 0 0 0 0 0 0 0 6 0 0 0 0 0 0 4 0 0 0 8 0 0 0 0 0 0 0 0 0 0 0 0 0 8 0 0 2 0 0 0 0 0 0 0 0 0 0 0 0 0 0 0 0 0 0 0 6 0 0 0 0 10 0 0 4 0 0 0 0 0 0 0 0 0 0 0 0 0 0 0 4 2 0 0 0 2 0 2 0 2 0 0 0 0 0 0 0 0 0 0 0 0
 4 0 0 8 0 0 0 2 6 14 0 0 2 4 0 0 14 2 10 0 0 0 12 8 6 20 0 8 0 14 0 2 0 6 0 4 12 10 2 2 0 2 6 2 8 0 0 8 0 14 12 2 0 0 2 0 0 0 12 2 16 10 0 8 0 4 4 0 0 0 0 8 6 10 6 2 4 4 14 0 12 6 12 10 12 0 14 0 4 0 0 12 0 0 10 0 6 24 0 0 12 6 8 4 8 8 10 20 6 0 6 2 2 8 0 10 6 8 2 10 0 0 0 4 6 2 0 8 0 14 0 4 0 10 0 0 0 4 0 2 6 4 8 6 4 4 0 0 0 6 8 0 6 6 24 8 2 4 12 6 8 0 16 4 0 0 6 2 8 0 0 0 12 2 0 0 0 0 10 0 10 12 0 0 0 18 0 8 0 6 2 16 12 8 0 10 4 0 14 8
 0 0 0 0 0 0 0 0 0 4 0 0 6 0 0 0 8 0 0 0 0 0 6 0 0 0 2 0 0 0 0 0 0 0 0 0 6 0 0 0 0 0 0 4 0 0 0 0 0 0 0 0 0 0 0 0 0 0 0 0 0 0 0 0 0 6 0 0 0 0 0 0 0 2 0 0 6 0 0 0 4 0 0 0 0 0 10 0 0 0 0 0 0 0 0 0 0 2 0 0 0 2 2 0 0 2 0 4 0 0 0 0 0 6 0 0 0 4 0 8 0 0 10 0 0 0 0 4 4 2 0 0 0 0 0 0 0 0 0 0 0 4 0 0 0 2 0 0 0 0 0 0 0 2 4 0 0 0 6 6 0 0 0 0 0 0 0 0 0 0 0 0 0 0 0 0 0 0 4 0 4 0 0 2 0 0 0 0 0 4 0 0 8 0 0 6 0 0 8 12
 0 6 0 0 0 0 0 0 0 2 0 0 4 0 0 0 0 0 4 0 2 0 6 8 2 4 4 0 2 12 0 0 0 0 0 0 0 6 4 0 4 0 2 0 6 0 0 0 0 0 6 0 0 0 0 0 0 0 12 2 8 6 6 8 0 8 8 0 0 0 0 2 0 0 0 4 0 0 0 0 0 8 8 0 18 0 4 10 0 0 0 2 0 0 0 0 0 8 0 0 0 0 4 0 0 0 12 8 0 0 0 0 0 6 0 0 0 2 4 10 0 0 0 0 0 0 0 14 0 12 0 2 0 0 0 0 0 0 0 0 0 8 10 0 0 12 6 0 0 0 0 0 6 0 12 2 0 0 10 0 0 6 4 0 0 0 0 0 2 6 0 0 0 0 0 0 0 0 14 0 0 0 0 0 8 4 0 2 2 2 0 0 20 2 0 0 0 0 0 14
 0 0 0 0 6 0 0 0 2 12 0 0 0 4 0 0 6 4 12 0 0 8 10 2 14 4 0 16 10 20 12 0 0 0 2 4 6 10 0 0 4 10 6 4 0 0 2 0 2 0 8 4 0 0 0 0 0 0 4 2 10 20 0 0 0 0 4 0 0 0 0 6 6 12 12 10 8 0 0 0 0 28 10 14 8 0 14 2 4 0 6 2 2 0 12 0 6 20 0 0 8 0 4 0 0 0 0 12 4 0 4 0 4 16 0 4 0 10 0 4 0 2 6 0 4 4 4 10 2 14 0 6 0 0 0 0 0 12 0 0 0 16 8 2 0 4 0 0 0 4 2 0 0 18 20 6 14 0 8 8 0 0 10 0 12 0 10 0 10 6 4 2 8 4 2 4 0 0 10 4 10 4 0 2 0 6 0 0 0 4 4 4 8 8 0 4 14 0 6 0
 0 0 0 0 0 0 0 2 0 8 0 0 4 0 0 0 10 0 0 0 0 0 0 6 0 0 0 0 6 0 0 0 0 4 0 0 4 0 0 0 0 0 0 0 0 0 0 0 0 0 0 0 0 0 0 0 0 0 4 0 0 0 0 4 0 0 0 0 0 0 0 0 0 2 0 0 2 0 0 0 0 0 0 0 0 0 6 0 0 0 0 0 0 0 0 0 0 6 0 0 0 8 10 0 0 0 0 4 0 0 0 0 0 6 0 0 0 6 0 0 0 0 0 0 0 0 0 4 2 6 0 0 0 0 0 0 0 0 0 0 0 0 0 0 0 0 0 0 0 4 2 0 0 0 12 0 0 0 0 14 0 0 0 0 0 0 0 0 0 0 0 0 0 0 0 0 0 0 4 0 0 4 0 0 0 6 0 0 0 0 0 0 4 0 0 0 0 0 2 6
 10 14 0 10 10 0 6 8 12 30 0 12 18 16 10 6 22 10 18 0 10 12 10 12 22 18 4 16 18 28 10 10 4 16 4 16 20 20 20 4 12 16 16 24 20 16 4 8 10 6 20 10 8 16 12 0 8 8 10 24 14 22 10 24 12 0 26 0 12 2 6 16 12 24 0 10 10 16 12 2 2 18 28 10 14 0 16 10 12 0 4 30 4 6 18 2 12 24 10 16 26 18 24 2 18 24 16 20 8 0 16 16 14 22 2 16 14 22 0 16 4 6 14 14 10 10 12 20 4 24 4 18 0 12 22 14 12 24 12 14 10 18 22 24 16 8 20 0 12 24 8 8 22 18 30 8 10 0 12 20 20 10 24 8 22 14 20 6 20 16 6 0 8 30 12 14 2 4 30 16 30 26 10 10 12 12 8 10 0 6 10 16 10 10 10 30 28 8 14 18
 4 0 0 0 4 8 0 2 0 22 0 0 2 10 0 0 22 10 22 12 12 8 2 12 14 16 14 14 6 12 20 2 0 6 0 8 2 6 0 0 8 10 6 10 6 0 6 12 10 14 12 22 0 0 0 8 2 0 10 0 16 14 4 14 6 2 8 0 0 6 8 6 0 10 6 10 8 14 10 0 14 8 18 14 18 8 8 0 0 4 6 6 2 0 12 0 10 16 0 10 10 16 8 0 4 2 14 14 4 10 4 12 10 6 6 0 0 16 4 14 0 4 14 8 4 12 10 12 10 8 0 8 0 4 14 0 0 8 6 6 0 10 2 12 0 12 10 4 0 18 0 0 12 8 20 10 4 0 4 8 10 0 16 0 2 4 4 2 0 4 10 0 4 0 10 4 0 0 16 6 24 2 0 2 6 14 16 6 12 0 18 6 20 20 0 2 8 0 18 20
 0 8 0 8 0 0 0 2 0 16 0 0 2 8 0 12 10 0 0 0 0 12 0 2 0 12 0 4 10 0 0 0 0 0 0 0 6 0 2 0 2 0 14 6 2 0 0 4 0 18 10 0 0 0 0 0 0 0 8 8 18 10 10 6 0 8 6 0 0 0 0 0 2 14 0 8 0 14 0 0 0 0 20 6 2 0 2 0 4 0 0 0 2 0 8 4 6 2 2 4 0 0 0 0 0 0 12 22 0 2 2 0 0 16 0 10 0 0 0 4 0 0 4 0 0 0 0 2 6 4 0 6 0 0 16 0 0 4 0 0 0 16 8 4 0 8 8 0 2 12 0 0 0 4 22 6 0 0 0 16 0 0 2 0 0 0 8 0 6 6 0 0 14 0 0 0 4 0 16 0 6 4 0 0 0 4 0 0 4 2 0 6 16 2 0 8 2 0 0 0
 0 4 0 14 0 0 0 0 0 4 0 0 2 0 0 0 18 0 12 0 4 0 0 10 4 12 0 0 0 8 0 4 0 0 0 0 6 0 2 0 0 2 10 0 2 0 4 0 2 14 10 12 4 0 0 0 0 0 0 2 0 0 2 0 2 6 12 0 0 0 0 0 10 4 6 0 2 0 2 0 10 0 8 0 8 0 14 0 8 0 0 6 0 4 6 0 0 2 0 0 4 0 4 0 0 0 12 4 0 0 10 4 0 8 6 0 0 4 0 0 0 0 0 0 0 10 10 14 8 6 0 4 0 0 4 2 4 0 0 6 0 12 10 6 0 0 2 2 0 6 0 0 10 6 8 12 4 0 6 2 0 0 2 0 2 0 8 0 14 0 0 0 8 0 2 0 0 4 8 4 10 4 0 0 0 4 0 18 0 4 0 0 20 6 0 4 0 0 0 14
 0 0 0 0 0 0 0 0 4 20 0 0 8 0 0 2 10 0 16 0 0 14 4 0 4 0 0 0 2 0 0 0 0 0 0 6 0 4 0 0 0 0 0 12 0 0 4 0 0 0 6 0 0 0 0 2 0 0 6 8 8 4 0 2 0 0 20 0 0 2 10 0 0 6 0 0 2 0 0 0 4 2 12 10 0 0 0 0 6 0 0 10 0 0 0 0 0 2 0 2 0 0 0 0 0 0 4 2 0 0 4 0 0 8 0 0 0 0 2 0 0 0 10 0 0 0 2 20 4 12 0 8 0 0 18 0 0 0 0 2 0 4 10 2 0 2 0 0 0 0 0 4 6 0 2 0 6 0 0 10 2 0 6 0 0 0 10 0 6 0 8 0 10 6 0 0 0 0 14 4 2 0 0 4 0 0 0 0 0 0 0 0 12 0 0 0 0 0 2 2
 0 0 0 0 0 0 0 2 0 2 0 8 10 12 0 0 12 0 4 2 0 2 0 2 8 10 0 4 4 8 10 0 0 0 0 2 4 10 0 0 2 4 8 0 2 0 0 0 12 12 4 2 0 0 0 0 0 0 8 2 2 6 0 8 6 0 2 0 0 0 0 10 0 2 0 8 4 4 6 0 0 0 0 4 0 0 20 0 0 0 0 2 0 0 8 0 0 12 0 0 12 8 6 0 0 0 4 8 0 2 0 0 6 0 0 0 0 12 0 12 0 2 10 0 0 0 0 8 10 2 0 0 0 10 4 0 0 0 0 2 8 8 0 4 0 0 10 0 8 2 6 0 0 0 28 0 0 0 10 12 0 0 0 2 4 0 0 4 0 0 2 0 0 0 2 0 0 0 12 0 0 10 0 0 0 0 0 10 0 2 0 2 8 4 0 0 0 0 10 4
 0 0 0 0 0 0 0 0 0 0 0 0 0 0 0 0 14 0 12 0 0 4 0 0 0 4 0 0 0 4 0 4 0 0 0 0 12 0 0 0 0 0 0 0 0 0 2 0 0 4 0 2 0 0 0 0 0 0 6 0 4 0 0 0 4 0 0 0 0 0 0 0 0 0 0 0 0 0 0 0 0 2 8 0 4 0 4 0 0 0 0 0 0 0 0 0 0 2 0 0 0 0 0 0 0 0 0 4 0 0 0 6 0 0 2 0 0 0 0 8 0 0 0 0 0 0 0 0 0 6 0 0 0 0 0 0 0 0 0 0 0 0 2 0 0 0 0 0 0 4 0 0 0 0 8 0 0 0 0 12 0 0 0 0 2 0 0 0 0 0 0 0 0 0 0 0 0 0 8 0 12 0 0 0 0 0 0 0 0 12 4 0 8 0 0 0 0 0 0 0
 0 0 0 22 0 2 0 4 4 16 2 0 6 6 0 0 14 0 2 0 4 0 0 10 14 10 0 8 0 10 0 0 0 4 0 4 14 4 0 0 4 4 2 10 0 4 0 6 0 10 8 4 0 0 0 4 0 0 2 16 10 6 0 12 6 0 14 2 0 2 0 16 4 0 0 0 0 2 2 0 8 8 6 0 10 0 6 0 16 0 2 14 0 0 4 0 0 22 0 6 8 8 12 0 2 4 6 6 6 2 2 6 0 22 0 0 0 2 0 16 0 4 4 0 2 2 10 4 4 4 0 4 0 12 8 0 0 4 0 4 8 10 22 2 0 2 8 0 4 6 8 4 8 0 12 0 2 0 2 18 0 0 2 0 2 0 4 2 14 8 4 0 0 6 2 0 0 6 10 12 10 2 0 14 0 6 0 0 0 8 0 8 16 4 0 4 0 0 2 10
 6 0 0 0 0 0 0 0 0 14 0 0 2 2 0 0 10 2 12 0 6 0 6 2 4 6 0 2 0 2 0 4 0 0 0 2 8 10 0 0 0 0 6 10 0 0 4 0 0 8 18 0 0 0 0 0 0 0 6 0 12 4 0 0 0 0 0 0 0 0 4 2 0 2 0 0 0 4 0 0 10 0 2 0 2 0 2 0 0 0 6 8 0 0 8 0 0 12 0 4 8 4 8 0 0 0 6 8 6 0 0 8 0 14 0 0 0 10 0 8 0 0 2 0 0 6 0 10 0 12 0 6 0 2 10 0 0 0 0 0 0 10 2 0 0 12 0 0 0 4 0 2 0 0 18 0 0 0 0 12 2 0 0 0 0 0 2 0 2 0 0 0 2 4 0 0 0 0 16 0 2 4 0 8 0 4 0 0 0 4 0 0 16 0 0 0 0 0 0 4
 0 6 0 0 0 0 0 0 0 0 0 0 0 0 0 4 4 0 14 0 0 0 0 0 10 0 0 10 0 10 0 0 0 0 0 2 12 4 0 0 0 0 0 6 6 4 0 0 0 14 0 0 0 0 0 0 0 0 2 6 6 2 0 0 0 0 0 0 0 2 0 0 0 2 0 2 0 0 0 0 0 2 12 0 0 0 2 0 0 0 0 4 0 0 0 0 2 0 0 0 0 0 0 0 0 0 4 18 0 0 4 0 0 4 0 0 0 0 0 2 0 0 0 0 0 0 0 0 0 0 0 4 0 0 0 0 2 2 0 0 0 0 4 8 0 2 0 0 8 10 0 0 0 0 8 6 0 0 0 0 4 0 6 2 0 4 0 4 0 2 0 0 0 0 0 0 0 0 16 0 14 0 0 0 0 0 0 0 0 0 2 0 2 2 0 0 0 0 0 6
 0 0 0 0 0 0 0 2 0 8 0 0 6 0 0 0 14 0 4 0 0 0 0 0 14 18 0 6 6 8 4 6 0 0 6 0 2 0 2 0 4 4 0 0 0 10 0 4 0 4 8 0 0 0 0 0 0 0 4 10 4 8 0 12 6 2 8 0 0 0 8 6 0 8 0 0 10 0 0 0 0 0 14 0 8 0 12 4 0 0 0 10 0 0 0 0 0 4 0 12 2 0 0 0 0 0 2 10 0 0 0 4 2 14 0 0 0 10 0 10 0 0 6 4 0 2 0 6 6 0 0 4 0 0 0 0 0 0 0 6 0 6 2 0 0 8 0 4 0 6 0 0 0 2 2 0 0 0 0 0 0 2 0 0 0 0 0 2 0 0 0 0 0 0 0 0 0 0 0 6 6 8 0 2 0 6 0 2 0 0 0 0 12 0 0 8 8 0 12 6
 0 6 0 10 0 0 0 2 10 6 0 4 6 0 0 6 10 0 10 0 10 0 16 0 10 2 0 2 4 8 0 2 0 2 0 0 10 4 0 0 0 0 16 0 0 0 0 0 2 14 14 0 0 0 0 0 0 0 2 0 2 12 0 4 6 0 8 0 0 6 0 8 0 16 0 2 10 4 0 0 0 0 4 0 4 0 12 0 2 10 0 6 0 0 12 0 0 2 0 6 0 10 10 0 0 0 2 8 0 10 4 0 0 14 0 8 0 6 0 10 0 0 6 0 0 10 0 12 0 6 0 0 0 0 0 0 0 8 0 8 0 10 2 0 0 0 4 0 8 10 0 0 0 6 6 0 0 0 6 6 4 0 4 0 0 0 10 10 6 4 4 0 0 0 0 0 0 2 4 2 12 0 0 0 0 10 0 0 4 6 0 4 10 0 4 0 6 0 6 10
 12 0 0 22 6 8 6 12 10 26 6 2 12 26 8 12 22 10 20 20 20 14 24 24 22 14 20 20 18 24 18 10 8 20 2 12 22 22 12 2 14 12 26 18 20 16 16 20 14 22 22 20 16 20 4 10 12 12 28 16 26 20 16 24 8 2 30 0 6 10 18 12 20 18 26 24 20 20 18 0 10 24 18 14 8 12 12 20 18 10 12 16 10 18 24 12 10 22 12 16 14 6 16 0 18 8 20 32 8 8 18 8 16 20 16 6 2 22 10 22 8 12 22 6 8 26 18 24 10 22 0 22 2 12 16 22 20 22 16 16 22 20 18 22 8 12 30 10 24 32 6 24 14 20 30 12 22 10 18 24 20 8 6 6 12 14 24 18 24 12 16 0 12 16 18 10 8 16 22 16 20 8 16 24 0 24 10 22 10 20 28 8 12 20 8 16 12 16 24 18
 0 6 0 4 0 0 0 0 2 2 0 0 0 6 0 0 6 0 8 0 0 0 0 0 0 0 0 8 2 10 2 6 0 0 0 8 0 4 0 0 0 0 10 0 4 0 6 0 0 4 8 2 0 0 0 0 0 0 0 2 18 4 0 0 8 10 4 0 0 0 0 0 4 4 0 0 12 8 4 0 0 14 10 0 12 0 10 0 0 0 0 0 0 0 2 0 0 18 0 0 8 0 8 0 0 0 2 6 0 2 0 0 2 16 2 8 0 0 0 8 2 0 8 0 0 0 0 0 4 6 0 12 2 0 0 0 0 0 0 0 0 10 8 0 0 0 0 0 0 4 4 0 0 0 6 6 4 2 4 4 0 0 6 0 0 0 0 0 6 0 0 0 2 4 0 0 0 0 8 0 0 4 0 4 0 0 0 0 0 4 0 2 10 2 0 2 10 4 0 8
 0 0 0 0 0 0 0 0 0 14 0 0 2 0 0 0 22 0 4 0 0 0 4 0 10 2 0 2 2 0 0 0 0 0 0 6 12 4 0 0 6 2 12 16 6 0 0 0 0 2 14 0 0 0 0 0 0 0 8 6 4 16 0 8 0 0 10 0 0 6 0 0 2 0 0 14 0 0 0 0 0 0 4 0 2 0 6 0 4 0 0 0 0 0 8 0 0 20 2 0 8 8 0 0 0 0 6 8 0 0 0 0 0 8 0 4 0 8 0 0 0 0 12 2 2 4 2 22 4 4 0 0 0 0 0 0 0 0 0 0 0 2 0 10 0 2 0 0 0 0 6 0 0 4 8 0 4 0 0 12 0 0 2 0 0 0 0 2 8 0 0 0 0 0 0 0 0 0 10 2 8 2 0 6 0 0 0 0 0 0 0 0 2 0 0 2 4 0 0 6
 0 0 0 0 0 0 0 0 0 4 0 0 0 0 0 0 0 0 8 0 0 0 0 4 18 0 0 2 0 10 0 0 0 0 0 0 0 2 0 0 0 0 0 0 0 0 0 0 0 0 0 0 0 0 0 0 0 0 2 0 10 2 0 2 0 0 0 0 0 0 0 0 2 0 0 0 0 0 0 0 0 0 0 0 0 0 0 0 0 0 0 0 0 0 0 0 0 0 0 0 0 0 0 0 0 0 2 2 0 0 0 0 0 0 0 0 4 0 2 6 0 0 0 0 0 0 0 0 2 0 0 0 0 0 2 0 0 2 0 0 0 0 0 0 0 2 0 0 0 0 0 0 0 0 8 0 0 0 2 0 0 0 2 0 0 0 0 0 0 0 0 0 0 0 0 0 0 0 0 0 0 0 0 0 0 0 0 0 0 0 0 0 0 0 0 0 0 0 0 12
 6 0 0 0 0 0 2 0 0 20 0 4 8 18 0 0 16 0 8 0 0 4 10 8 10 12 4 14 0 8 6 0 0 4 0 0 0 2 0 0 12 8 12 4 2 0 14 0 0 10 18 6 2 0 0 0 0 0 4 2 14 20 0 4 10 0 10 0 0 0 2 0 0 12 0 6 8 0 6 0 6 4 6 0 10 0 14 2 0 0 0 0 0 0 10 0 0 18 4 0 2 0 8 0 0 0 2 14 0 0 6 0 4 12 0 6 0 6 10 10 0 0 10 0 0 6 2 22 8 4 0 2 0 8 2 4 14 4 0 12 4 6 0 2 0 14 8 0 0 14 0 0 0 8 14 4 0 0 0 8 6 6 2 0 0 2 10 4 2 0 0 0 2 0 0 0 0 6 16 10 8 14 0 2 0 6 6 0 8 18 0 4 14 4 2 0 10 0 10 16
 0 2 0 0 0 0 0 2 0 6 0 0 0 0 0 0 8 4 0 0 0 0 0 2 0 8 0 0 0 0 0 0 0 0 0 0 0 0 0 0 0 0 2 2 0 0 0 6 0 8 10 6 0 0 0 0 0 0 2 0 12 14 0 0 0 0 4 0 0 0 0 0 0 0 0 0 4 0 0 0 0 0 8 0 0 0 0 0 2 0 0 2 0 0 0 0 0 2 0 0 0 10 2 0 0 0 6 6 0 0 0 4 0 6 0 2 0 12 8 10 0 0 0 0 0 0 0 4 0 2 0 2 0 8 4 0 0 0 0 0 0 0 0 0 0 0 0 0 0 0 0 0 0 0 4 0 0 0 0 8 0 0 4 0 0 0 2 0 0 0 0 0 2 2 0 0 0 0 4 0 2 6 0 4 0 0 0 0 0 0 0 0 2 0 0 0 6 0 0 8
 4 14 0 20 0 2 0 2 0 20 0 0 14 4 4 6 28 2 10 0 8 6 10 20 8 16 2 12 6 14 12 0 6 6 12 8 2 8 18 2 12 8 24 20 6 10 20 10 4 18 20 14 2 4 0 6 0 0 14 10 10 18 6 20 8 8 16 8 0 18 14 6 0 24 14 10 4 0 16 0 10 20 16 4 16 0 20 8 0 2 8 8 8 6 10 2 0 14 10 18 6 14 14 8 4 0 12 2 12 0 6 0 0 20 4 0 0 18 6 20 2 0 8 8 4 2 2 20 16 18 8 12 0 16 12 0 0 4 6 10 0 18 12 14 0 12 14 0 6 16 12 12 8 8 14 10 10 8 14 10 0 0 6 12 6 8 20 8 12 2 10 0 2 2 6 0 0 6 22 14 18 14 4 18 0 14 4 4 0 14 0 10 12 12 8 4 8 0 8 20
 0 0 0 0 0 0 0 0 0 0 0 0 0 0 0 0 2 0 6 0 0 0 2 0 8 4 0 2 0 2 0 0 0 0 0 0 4 2 0 0 0 0 0 6 0 0 0 0 0 6 0 0 0 0 0 0 0 0 0 0 0 0 0 0 0 0 0 0 0 0 0 4 0 0 0 0 0 0 0 0 0 0 6 0 0 0 0 0 0 0 0 0 0 0 0 0 0 2 0 0 0 6 0 0 0 0 0 0 0 0 0 0 0 2 0 0 0 4 0 0 0 0 0 0 0 0 6 0 0 6 0 0 0 0 0 0 0 0 0 0 0 4 0 0 0 0 0 0 0 2 0 0 0 0 0 0 0 0 0 0 0 0 0 0 0 0 0 0 0 0 0 0 0 0 0 0 0 0 8 0 0 4 0 6 0 0 0 0 0 0 0 0 0 0 0 0 0 0 6 2
 0 6 0 0 0 0 2 2 6 16 0 4 8 12 0 4 12 0 6 8 4 12 6 8 14 14 0 8 2 6 8 0 2 0 0 6 4 12 0 0 4 16 20 16 0 2 10 0 6 12 0 8 0 0 0 2 2 0 8 4 14 18 6 12 0 0 12 0 4 10 14 0 4 14 2 12 6 0 4 0 6 0 8 0 4 0 2 0 0 0 0 4 4 0 4 4 12 18 0 10 14 12 16 0 14 0 14 20 0 2 6 16 12 10 0 0 0 18 2 16 0 0 10 12 16 0 12 6 26 12 0 20 0 12 0 4 2 2 0 0 2 8 0 16 0 6 2 2 0 2 6 10 8 8 20 0 4 0 10 12 10 8 18 0 0 0 4 0 14 0 2 0 4 8 0 2 0 0 2 2 18 8 0 2 6 14 0 4 4 0 4 8 6 12 4 0 10 8 4 12
 0 0 0 6 0 2 0 0 4 12 0 4 0 6 0 0 20 0 12 0 0 8 0 4 6 0 8 10 4 0 0 0 0 0 0 0 2 6 10 0 0 0 4 6 0 0 6 0 0 8 14 6 0 0 0 0 2 0 0 16 4 16 0 16 18 0 4 0 0 0 0 0 6 14 0 10 4 4 0 0 10 0 12 2 0 6 22 4 0 0 0 4 0 0 8 0 0 4 0 6 12 6 2 0 0 0 2 6 2 8 0 0 8 18 0 0 0 12 6 12 0 0 2 0 2 2 2 8 6 4 4 4 0 0 2 0 0 0 0 0 0 0 14 6 0 0 0 0 6 10 0 0 0 2 14 2 0 0 4 0 2 4 0 0 0 0 4 0 0 0 8 0 2 4 0 0 0 0 12 8 6 6 0 6 0 4 0 0 0 12 0 0 12 0 4 12 6 0 16 10
 6 10 0 20 0 0 2 10 20 16 0 8 16 18 0 0 22 4 10 0 0 0 0 14 10 18 12 18 6 24 12 2 0 0 8 4 20 12 4 6 6 14 10 14 6 0 6 8 0 14 18 12 0 0 0 4 6 0 6 18 18 14 8 14 6 0 8 0 0 8 4 12 10 20 0 10 4 6 0 0 6 8 26 4 10 0 16 12 6 0 0 14 2 0 12 0 6 26 0 10 24 12 2 0 0 0 4 12 12 0 2 24 6 16 0 4 10 20 8 4 0 8 8 12 8 12 10 14 18 20 6 24 0 4 8 12 8 18 4 8 8 8 10 16 2 4 0 8 24 10 4 12 6 22 22 0 14 4 14 8 10 18 12 6 6 10 10 8 8 0 10 2 14 6 4 0 0 0 10 4 18 12 0 10 4 16 0 6 8 18 6 6 14 2 0 16 8 6 14 12
 0 6 0 6 0 0 0 0 4 20 4 2 6 2 2 16 22 0 8 0 4 0 6 6 4 6 0 8 16 8 0 0 0 0 0 6 10 10 4 0 14 4 4 18 0 0 16 6 8 18 22 0 0 8 0 0 0 0 4 18 18 22 8 6 0 0 16 0 0 0 4 2 8 4 0 0 8 20 0 0 4 10 12 6 14 0 12 2 10 6 0 20 2 0 8 0 12 18 4 0 12 8 18 0 8 0 10 10 4 0 0 2 0 14 0 10 0 0 8 6 0 0 8 2 8 10 0 6 16 20 0 14 0 10 4 0 0 4 0 2 0 20 10 12 0 10 0 0 0 4 6 8 0 0 24 6 18 0 4 16 0 4 0 0 0 0 10 8 20 4 4 0 6 0 0 0 0 2 16 2 16 8 0 12 2 10 0 2 4 4 0 0 10 8 0 4 18 0 10 10
 0 0 0 0 0 0 0 2 0 8 0 0 0 0 0 0 14 0 0 0 0 0 2 0 4 10 4 10 10 12 0 0 0 0 0 4 0 0 0 0 10 0 8 10 0 0 0 0 10 0 6 8 0 0 0 0 0 0 0 0 2 12 0 2 0 0 6 0 0 0 0 0 0 0 0 0 0 0 0 0 8 6 4 0 0 0 6 0 0 0 0 0 0 0 6 0 0 12 4 2 2 0 6 0 2 0 10 6 0 0 2 0 4 14 0 0 0 0 2 8 0 0 0 0 6 2 0 8 0 0 0 12 0 0 8 0 0 0 4 0 0 6 6 2 0 0 2 0 2 4 0 0 0 0 12 0 0 0 0 12 10 0 0 0 0 0 2 0 0 10 0 0 0 2 0 0 0 0 10 0 14 10 0 4 0 6 0 2 0 0 4 0 0 2 0 0 0 0 12 8
 0 10 4 16 0 2 0 6 2 18 0 8 2 12 0 6 18 4 18 0 10 6 10 0 4 12 12 6 10 10 0 0 2 0 10 6 20 10 12 0 10 0 14 20 14 6 0 2 10 0 20 4 0 2 0 0 6 6 12 12 18 22 0 14 8 0 14 0 0 0 12 14 0 18 14 6 8 2 2 0 4 16 24 2 12 0 16 0 16 0 0 12 0 0 18 4 4 14 0 0 6 12 8 0 12 12 16 10 8 0 18 4 0 18 6 14 8 18 12 8 4 0 4 2 10 10 14 12 6 6 0 8 0 12 12 0 6 2 12 10 8 16 4 18 0 14 16 14 10 18 18 10 12 4 18 0 16 0 10 22 0 16 14 4 10 0 12 18 8 10 0 0 4 12 10 0 0 4 20 0 16 16 0 4 0 8 10 8 8 4 4 24 12 10 0 16 10 0 6 24
 0 0 0 8 0 0 4 12 0 8 0 2 20 8 4 0 10 12 20 0 8 0 14 14 10 8 16 8 10 6 8 10 0 6 0 0 10 16 12 0 0 12 14 14 8 2 14 0 8 10 18 6 2 10 0 8 0 4 16 14 12 0 4 6 8 8 12 0 4 4 0 2 2 12 4 8 6 10 14 0 6 10 10 4 6 0 6 2 6 2 6 10 8 0 10 0 14 14 0 2 4 22 12 0 0 0 8 14 2 4 0 6 0 14 0 2 0 8 6 12 0 0 4 0 6 18 12 16 12 6 0 6 6 2 6 0 2 6 0 10 0 30 8 12 2 6 8 4 14 12 8 16 10 12 20 0 6 8 2 16 8 4 8 8 2 10 12 2 14 6 12 6 4 16 2 6 0 6 12 10 16 12 0 0 12 8 0 4 2 4 4 8 12 22 2 0 10 0 16 12
 0 0 0 10 0 0 0 0 0 0 0 0 0 0 0 0 14 0 4 0 0 0 0 0 0 8 0 6 2 8 0 0 0 0 0 4 0 0 0 0 2 0 0 6 0 0 0 0 0 12 6 0 0 0 0 0 0 0 0 0 0 10 0 0 6 0 2 0 0 0 0 0 0 6 0 0 0 0 0 0 0 0 2 0 8 0 4 0 0 0 0 0 0 0 0 0 2 10 0 0 2 0 12 0 0 0 0 10 0 0 0 0 0 4 0 0 0 0 0 6 0 0 2 0 0 2 0 0 6 2 0 4 0 0 0 0 0 0 0 0 0 2 0 0 0 0 0 0 0 2 2 0 0 0 18 0 0 0 12 0 0 0 2 0 0 0 0 0 4 0 0 0 0 0 0 0 0 0 4 0 4 0 0 0 0 0 0 0 0 2 0 4 10 0 0 0 6 0 0 0
 0 12 0 8 0 4 10 4 0 18 0 10 14 20 2 8 22 4 6 8 8 4 18 6 8 20 10 10 4 10 10 8 0 8 2 4 16 6 2 0 12 0 12 16 6 0 6 12 6 16 18 8 0 0 0 0 4 0 14 8 20 16 6 16 12 4 22 0 0 0 2 0 12 10 14 2 10 14 2 0 10 12 10 6 20 0 22 0 8 6 12 8 0 2 6 0 0 12 8 2 10 6 12 0 6 0 20 12 2 2 8 10 10 20 0 8 0 18 10 16 0 0 4 0 0 14 4 4 12 16 0 12 0 12 14 8 6 12 10 6 0 12 2 6 2 8 8 4 6 12 0 6 0 8 18 8 10 0 24 6 6 2 0 2 0 0 0 4 6 0 2 2 18 6 0 0 0 14 14 12 10 24 2 10 0 10 8 10 0 14 8 4 14 12 16 0 12 0 8 14
 6 4 0 0 0 0 0 2 0 12 0 0 2 0 0 0 16 0 4 0 0 4 0 8 0 10 0 4 10 12 4 0 0 0 0 0 4 0 4 0 2 0 0 6 0 0 4 0 0 6 12 2 0 0 0 0 0 0 0 6 4 8 0 14 2 0 2 0 0 0 2 4 8 18 4 8 0 6 10 0 6 2 10 4 8 0 4 0 2 0 0 0 0 0 0 0 0 4 0 0 12 10 0 0 0 0 2 14 0 0 6 0 0 0 0 2 0 0 0 0 0 0 0 2 6 0 0 10 12 6 0 0 0 4 4 2 0 0 0 4 0 8 0 8 0 8 0 0 10 10 0 0 0 0 18 0 2 0 8 8 0 4 8 0 0 0 6 0 0 0 0 0 2 6 0 0 0 0 6 0 14 10 0 0 0 0 0 0 0 4 0 0 20 4 2 8 10 0 4 0
 0 0 0 0 0 0 0 0 0 0 0 0 0 0 0 0 12 0 6 0 0 0 0 0 0 0 0 0 0 6 0 0 0 0 0 0 0 6 0 0 0 0 0 0 0 0 0 0 0 0 0 0 0 0 0 0 0 0 0 0 0 0 0 0 0 0 0 0 0 0 0 0 0 0 0 0 0 0 0 0 0 0 8 0 0 0 0 0 0 0 0 0 0 0 0 0 0 0 0 0 0 0 0 0 0 0 0 4 0 0 0 0 0 0 0 0 0 0 0 0 0 0 0 0 0 0 0 4 0 0 0 2 0 0 0 0 0 0 0 0 0 0 0 0 0 0 0 0 0 0 0 0 2 0 4 0 8 0 0 0 0 0 0 0 0 0 0 0 0 0 0 0 0 0 0 0 0 0 2 0 8 0 0 0 0 0 0 0 0 0 0 4 6 0 0 0 0 0 0 6
 0 0 0 2 0 0 0 0 4 10 0 0 4 14 0 0 18 0 12 0 0 0 8 0 12 12 0 4 8 10 0 0 0 0 0 0 18 6 4 0 2 8 0 4 8 2 0 0 0 18 6 4 0 0 0 0 2 0 12 4 6 12 4 12 8 4 18 0 0 0 6 8 4 12 6 4 10 4 4 0 0 0 6 0 2 0 16 4 12 6 0 0 0 6 6 0 8 12 0 12 0 0 10 0 0 0 8 22 4 6 4 4 10 12 0 0 0 10 14 0 0 0 0 0 0 6 0 12 10 0 0 4 0 4 14 0 8 0 0 0 0 6 10 8 0 2 0 2 0 12 0 4 12 4 12 2 8 0 14 10 4 0 6 0 0 0 0 2 18 0 2 0 0 18 0 0 0 2 14 0 4 0 0 10 6 8 0 2 0 6 12 0 4 10 0 4 4 0 0 12
 0 0 0 8 0 0 0 2 2 10 0 0 6 0 0 0 4 0 10 0 0 0 0 0 4 12 0 0 0 6 0 0 0 0 0 0 0 0 4 0 4 0 10 2 0 0 0 0 0 16 14 0 0 0 0 0 0 0 8 6 10 8 0 14 8 6 4 0 0 0 2 0 0 12 0 0 12 0 0 0 2 2 12 0 2 0 6 0 0 0 2 0 2 0 12 0 2 6 0 0 0 0 2 0 0 0 8 8 0 0 4 0 0 0 0 2 0 0 0 0 0 0 2 0 6 0 4 12 4 6 0 4 0 2 10 0 0 0 0 0 0 8 0 0 0 0 2 0 0 12 0 4 12 4 12 0 0 0 0 14 8 0 0 0 0 0 0 0 8 0 0 0 6 0 0 0 0 0 14 0 6 0 0 0 2 14 0 0 0 6 0 0 6 4 0 2 8 0 0 0
 0 0 0 4 0 0 2 0 0 4 0 0 6 14 0 10 8 0 2 0 0 0 8 0 8 0 0 14 0 4 2 0 0 0 0 0 2 0 0 0 2 2 0 0 4 0 4 0 0 6 14 0 0 0 2 0 0 0 0 0 4 14 0 0 0 0 8 0 0 8 0 10 0 6 0 0 6 0 6 0 0 0 4 0 0 0 4 0 0 0 0 0 0 0 0 0 0 12 4 8 0 0 6 0 0 0 0 20 0 0 0 12 4 10 0 0 0 2 0 6 0 0 4 6 0 0 0 14 4 0 0 6 0 0 8 0 0 0 0 2 0 6 0 14 2 2 6 0 0 0 0 0 0 6 12 2 0 0 4 10 18 0 0 0 0 0 0 4 0 0 6 0 0 0 0 0 0 0 16 2 8 0 0 0 2 0 6 0 0 0 0 0 2 8 6 0 0 0 4 4
 0 0 0 4 0 0 0 0 0 0 0 0 0 0 0 0 12 0 2 0 0 0 0 0 0 0 0 8 0 14 4 0 0 0 0 0 0 0 4 0 0 0 6 0 0 0 2 0 0 4 0 0 0 0 0 0 0 0 2 0 6 6 0 0 2 0 0 0 0 4 0 2 0 8 0 0 2 2 0 0 2 0 18 2 0 0 0 0 0 0 0 0 0 0 14 0 0 4 4 6 2 0 6 0 0 0 0 0 0 0 0 0 0 4 0 0 0 4 0 0 0 0 4 0 0 0 2 8 6 0 0 6 0 0 0 0 0 0 0 0 0 16 0 0 0 0 2 0 0 0 0 0 0 0 4 0 0 0 0 0 0 0 4 0 10 0 0 4 0 0 0 0 0 0 0 0 0 0 14 0 2 6 0 0 10 4 0 0 0 2 0 2 4 0 0 0 0 0 0 6
 0 0 0 0 0 0 0 0 0 12 0 0 0 0 0 0 6 0 2 0 0 0 0 0 0 0 0 2 0 14 0 0 0 0 0 0 0 0 0 0 0 0 0 14 8 0 0 0 0 0 2 0 0 0 0 0 0 0 0 0 6 10 0 0 0 0 0 0 0 2 0 0 0 2 0 0 4 0 0 0 0 2 4 0 0 0 8 0 0 0 0 0 0 0 0 0 10 10 0 0 0 0 0 0 0 0 0 8 0 0 0 0 0 0 0 10 0 0 0 0 0 0 2 0 4 4 0 0 0 0 0 0 0 0 4 0 0 0 0 0 0 6 0 0 0 0 0 0 0 0 0 0 0 0 12 0 0 0 0 0 0 0 0 0 0 0 0 0 12 0 2 0 0 0 0 0 0 0 0 0 0 2 0 0 0 0 0 0 0 0 0 0 14 10 0 0 0 0 6 0
 12 10 0 16 6 6 10 16 6 22 0 0 18 20 0 16 26 4 14 0 16 14 16 2 24 26 12 18 12 26 14 4 0 10 2 14 12 8 4 2 8 12 18 24 24 6 18 10 6 26 32 26 0 6 0 8 2 0 26 4 16 20 0 12 12 4 20 0 6 8 18 12 14 12 14 24 0 16 10 2 8 16 14 8 20 0 22 16 20 12 18 24 4 10 12 6 6 18 24 16 20 8 14 0 4 0 16 20 16 10 12 16 24 18 8 16 0 26 6 24 4 8 24 0 6 18 18 12 24 18 4 14 0 10 16 8 6 18 0 12 10 14 16 16 6 12 30 4 24 14 8 12 8 6 32 20 12 0 26 32 16 2 10 10 4 14 20 16 26 0 2 6 8 22 10 0 8 6 24 16 16 6 16 14 0 12 8 6 8 6 20 12 30 10 10 20 8 8 20 20
 6 0 0 8 0 0 0 8 6 18 2 0 18 2 0 0 14 6 2 2 8 0 12 10 8 18 2 2 0 8 8 0 4 6 0 10 6 8 0 0 6 0 0 0 10 2 0 10 0 4 14 6 0 0 0 0 0 0 14 6 8 12 0 6 2 10 14 0 0 10 0 0 0 12 0 4 10 0 2 0 4 8 12 10 10 0 8 0 0 0 0 0 0 0 4 0 2 16 2 2 18 4 12 0 0 0 4 24 6 0 10 10 6 16 0 4 0 18 8 10 0 0 12 0 8 6 4 22 6 6 0 12 0 0 10 2 2 0 0 0 0 16 10 4 0 14 8 10 4 0 0 0 0 10 24 4 10 0 14 8 0 10 12 0 0 0 0 0 10 4 6 0 12 10 0 2 0 0 12 2 20 10 0 0 0 10 2 0 10 2 0 0 16 4 8 4 12 2 2 10
 8 10 0 10 0 4 0 0 0 12 0 8 12 2 2 6 14 16 12 0 18 2 8 2 12 22 2 14 6 18 8 6 0 0 12 6 14 6 6 2 10 0 8 10 16 8 6 0 8 18 18 8 0 2 0 0 0 0 0 16 8 16 0 0 20 4 10 0 0 14 6 18 2 20 0 14 18 2 2 0 24 2 12 4 6 8 20 4 0 8 6 18 0 4 16 2 6 22 10 4 10 6 26 4 8 0 4 6 0 0 0 6 16 4 0 0 0 14 6 14 0 0 10 0 8 12 12 6 12 10 0 16 0 6 18 2 0 0 0 6 14 14 2 8 4 4 8 0 8 12 4 0 12 0 24 6 6 0 8 22 6 2 18 0 8 4 8 2 0 6 18 0 6 10 10 2 2 0 20 0 18 12 10 0 6 6 2 0 8 8 6 4 18 4 4 8 4 2 2 16
 0 0 0 0 0 0 0 0 0 10 0 0 0 0 0 0 8 0 0 0 0 0 0 0 6 0 0 2 0 0 0 0 0 0 0 0 8 0 0 0 0 0 0 6 0 0 0 0 0 14 0 0 0 0 0 0 0 0 0 0 0 0 0 6 0 0 4 0 0 0 0 0 0 2 0 0 0 0 0 0 0 0 0 0 0 0 6 0 0 0 0 0 0 0 6 0 0 4 0 0 6 0 8 0 0 0 0 6 0 0 0 0 0 8 0 0 0 0 0 4 0 0 8 0 6 0 0 0 4 2 0 0 0 0 0 0 0 0 0 0 0 2 2 2 0 0 0 0 0 4 0 0 0 0 8 0 0 0 2 4 0 0 0 0 0 0 0 0 2 0 0 0 2 0 0 0 0 0 0 0 4 0 0 0 0 2 0 0 0 2 0 0 4 0 2 0 4 0 0 0
 0 0 0 0 0 0 0 0 0 8 0 0 6 0 0 0 4 0 6 0 0 0 0 0 0 4 0 0 0 0 0 0 0 0 0 0 0 0 0 0 0 0 0 2 0 0 0 0 0 0 12 8 0 0 0 0 0 0 0 2 0 6 0 0 0 0 0 0 0 0 0 0 0 0 0 0 0 0 0 0 0 0 0 0 0 0 8 0 0 0 0 0 0 0 0 0 0 0 0 0 0 0 0 0 0 0 0 0 0 0 0 0 0 2 0 0 0 0 0 2 0 0 10 0 0 0 0 0 0 0 0 0 0 0 0 0 0 0 0 0 0 2 6 0 0 0 0 0 2 0 0 0 2 0 4 8 2 0 6 8 0 0 0 0 0 0 0 0 0 0 0 0 0 0 0 0 0 0 0 0 2 0 0 0 0 0 0 0 0 0 0 0 6 0 0 0 0 0 0 4
 0 4 0 2 0 0 0 0 2 14 0 0 8 2 0 6 22 0 4 0 0 0 2 0 8 14 0 8 2 8 0 0 0 2 2 2 4 0 12 0 6 4 6 22 0 0 0 2 0 8 6 2 0 0 0 0 0 8 4 14 12 12 0 8 4 0 14 0 0 8 0 0 14 6 0 0 8 2 8 0 6 4 16 0 0 0 12 0 0 0 0 8 0 0 14 0 8 12 0 12 8 16 8 0 0 8 12 0 0 0 0 0 0 10 0 8 2 20 0 10 0 0 2 0 0 0 0 0 6 16 0 0 0 0 4 0 0 6 4 0 2 2 0 0 0 2 2 0 2 12 0 0 2 0 12 10 6 0 8 12 8 0 10 0 0 4 4 0 10 0 8 0 0 4 0 4 0 4 16 8 16 22 0 16 0 2 0 0 0 0 4 0 12 2 12 0 0 0 8 8
 0 8 0 10 0 0 0 6 4 20 0 0 18 10 6 0 24 4 14 0 6 0 12 0 4 18 6 8 8 22 4 0 0 0 4 0 8 8 8 0 0 4 14 16 6 0 10 0 0 16 10 4 0 8 0 0 2 0 0 8 16 18 6 4 4 6 4 2 0 0 14 10 0 6 0 18 20 4 0 0 0 14 16 0 16 10 16 0 0 0 8 6 8 0 0 0 6 12 0 8 6 8 22 0 8 2 2 12 6 0 0 6 6 14 2 6 0 12 16 18 0 0 10 0 4 16 12 6 8 16 0 6 4 8 2 8 4 4 0 14 2 8 10 4 0 14 4 0 0 4 10 0 22 4 18 6 4 6 8 2 0 0 14 4 4 0 14 2 12 8 0 0 6 8 0 4 0 2 16 2 16 4 0 8 2 12 2 4 0 12 0 10 16 6 0 2 18 6 0 16
 0 8 0 4 0 0 0 2 2 12 0 4 8 6 0 0 16 0 14 0 0 2 0 2 4 0 0 6 0 4 6 0 0 2 0 0 4 6 0 0 4 2 0 6 0 0 6 0 0 14 8 0 0 0 0 0 4 0 0 4 6 4 0 10 6 0 10 0 0 0 0 0 0 12 0 4 0 8 0 0 2 8 6 0 4 0 18 0 2 0 0 0 0 2 14 0 0 8 0 0 4 4 4 0 0 0 12 10 10 2 0 2 0 12 4 0 0 14 0 4 0 0 6 0 0 6 0 10 2 2 0 4 0 0 4 0 2 4 0 2 0 2 10 2 2 0 0 6 4 0 0 2 0 8 14 0 0 0 0 0 0 0 4 0 0 0 10 4 12 0 0 0 0 4 0 0 0 0 18 6 6 0 0 8 0 2 0 8 0 6 4 0 20 12 0 8 2 0 0 14
 0 0 0 6 0 0 0 4 0 16 0 0 8 2 0 2 12 0 12 0 0 12 0 0 8 8 0 0 0 10 10 6 0 0 0 2 0 0 2 0 14 4 4 16 0 4 6 0 0 18 0 6 0 0 0 0 0 0 0 12 6 12 0 10 8 4 18 0 0 2 0 4 10 0 0 0 0 0 0 0 2 10 6 0 0 0 18 0 2 0 0 2 0 0 6 0 2 10 0 2 0 6 8 0 0 0 4 4 0 0 0 0 0 10 4 2 6 2 2 10 0 0 10 0 0 2 10 10 6 6 0 6 0 0 4 4 2 2 0 2 0 14 14 8 0 10 2 0 0 8 6 0 0 10 12 0 4 0 8 8 2 0 2 0 10 0 4 0 12 2 0 0 0 0 0 0 0 0 0 4 8 20 0 0 0 2 0 0 10 8 0 0 10 0 0 0 6 0 10 8
 0 0 0 8 0 0 0 14 0 18 0 0 20 8 0 4 22 0 12 4 2 0 6 0 20 6 4 4 2 0 4 0 0 0 0 2 8 4 4 0 4 6 0 14 2 6 6 8 6 0 10 0 0 6 0 2 0 0 0 4 18 12 0 2 4 0 10 0 0 2 4 0 0 10 2 0 12 0 10 0 0 0 14 0 4 2 14 0 0 0 8 0 4 8 6 0 4 18 0 8 0 4 16 0 0 0 12 16 6 0 4 4 0 4 0 0 0 4 2 14 0 0 0 0 4 0 10 10 12 8 0 10 0 0 6 0 8 0 0 0 4 14 6 6 4 4 0 0 14 6 0 2 0 10 10 8 4 0 10 6 6 4 16 0 0 2 2 0 4 0 6 0 0 4 0 0 0 2 14 0 8 8 0 2 0 0 8 0 0 10 2 0 6 14 0 4 0 8 2 12
 0 0 0 0 0 0 0 2 0 8 0 0 2 0 0 0 0 0 0 0 0 0 2 0 6 0 0 0 0 0 0 0 0 0 0 0 0 0 0 0 0 0 0 0 0 0 0 0 0 0 10 0 0 0 0 0 0 0 0 0 0 0 0 0 0 0 0 0 0 0 0 0 2 2 0 0 0 0 0 0 0 0 2 0 0 0 0 0 0 0 0 0 0 0 0 0 4 0 0 0 0 0 0 0 0 0 0 0 0 0 0 0 0 0 0 0 0 0 0 0 0 0 0 0 0 0 0 0 0 0 0 4 0 0 0 0 0 0 0 0 0 0 0 0 0 0 0 0 0 0 0 0 6 0 6 0 0 0 0 6 0 0 0 0 0 0 0 0 0 0 0 0 0 0 0 0 0 0 0 0 0 0 0 2 0 0 0 0 0 0 0 0 0 0 0 0 0 0 0 0
 2 10 0 18 2 0 0 14 4 16 0 4 12 6 0 8 8 0 12 0 8 10 8 8 18 18 2 24 8 16 4 0 2 2 6 8 18 2 8 0 6 16 8 10 14 0 16 10 0 16 2 4 0 4 0 4 0 0 4 2 10 14 0 16 8 10 16 0 0 12 0 16 6 0 8 2 16 2 8 0 0 10 16 2 8 0 14 12 2 8 6 18 0 0 6 2 8 10 2 4 12 10 14 0 8 4 18 12 12 0 0 0 8 14 0 0 0 16 8 20 0 0 10 8 0 8 6 18 8 10 2 10 0 0 4 8 2 8 4 0 4 10 6 8 2 12 12 0 0 14 0 10 4 8 18 12 2 0 6 10 4 0 8 4 20 12 4 8 18 0 8 0 0 8 2 0 0 0 16 14 2 4 0 0 10 10 0 10 10 6 12 0 20 2 4 2 6 0 0 22
 0 4 0 0 0 0 0 0 0 12 0 0 0 8 0 0 16 0 0 0 0 10 0 6 8 10 0 0 12 4 0 0 0 4 0 0 0 0 6 2 6 0 2 14 4 8 0 0 2 6 6 0 0 0 0 0 0 0 16 2 6 12 0 8 10 0 2 0 4 0 4 2 0 16 2 8 8 4 0 0 0 0 14 0 0 2 14 0 6 0 0 0 0 0 2 0 0 0 4 0 6 8 0 0 0 2 10 4 0 0 4 0 4 14 2 0 0 0 0 10 0 0 8 0 0 2 2 6 0 6 0 4 0 2 6 0 2 4 0 0 0 0 0 4 0 0 4 0 16 10 0 0 2 0 14 0 0 0 0 6 4 0 4 2 4 0 4 4 0 6 0 0 0 2 0 0 0 0 6 6 8 4 0 0 2 0 0 0 2 2 0 10 16 0 8 2 8 0 4 4
 0 0 0 16 0 0 4 12 8 16 2 0 14 6 0 0 26 0 14 10 0 8 10 16 18 8 0 6 6 18 0 0 0 4 0 2 8 6 10 0 12 8 14 14 4 10 4 4 10 12 16 10 0 0 0 6 8 0 6 12 0 16 0 12 18 6 8 0 0 4 14 6 12 10 0 16 0 8 6 0 12 0 0 8 8 4 4 6 10 0 6 8 0 0 18 8 10 8 12 14 8 10 8 0 2 4 18 12 0 6 14 0 6 12 4 2 0 18 4 8 0 0 16 0 4 8 14 22 12 6 0 6 2 10 22 4 4 12 6 6 0 16 12 18 0 16 14 0 14 16 0 6 4 4 14 0 6 0 18 20 0 10 8 6 14 2 8 12 8 6 10 0 14 6 4 0 0 0 18 12 14 2 0 12 0 6 2 12 4 4 14 0 18 10 0 14 6 0 2 22
 0 0 0 2 0 0 0 0 0 6 0 0 2 4 0 0 2 0 4 0 2 0 0 0 8 4 0 2 0 6 0 0 0 0 0 0 0 0 0 0 0 0 2 6 4 0 0 2 0 0 14 0 0 0 0 0 0 0 2 0 4 0 0 0 0 0 0 0 0 10 0 2 0 4 0 0 0 0 0 0 4 0 8 0 0 0 0 0 0 0 0 0 0 0 2 0 0 0 0 0 0 0 2 0 0 0 0 10 0 0 0 0 0 2 0 2 0 0 0 0 0 0 4 0 0 0 0 12 0 0 0 2 0 0 4 0 0 0 0 0 0 6 0 0 0 4 2 0 0 0 0 0 8 0 6 0 2 0 4 12 16 0 0 0 0 0 0 0 6 0 0 0 0 6 0 0 0 0 2 0 12 0 0 0 0 0 0 0 2 0 0 0 0 0 0 0 0 0 0 20
 2 2 0 0 0 0 0 0 0 16 0 0 4 2 0 0 8 0 4 0 0 0 6 0 8 10 4 10 4 4 0 0 0 2 0 6 4 10 6 0 4 0 10 6 10 0 10 0 0 10 0 0 0 0 0 0 0 0 0 2 8 22 0 6 0 10 6 2 0 0 6 0 2 14 0 0 4 10 0 0 2 4 0 0 0 0 10 0 0 0 0 0 0 0 6 0 10 12 0 2 2 2 10 0 0 0 10 12 12 0 2 0 0 10 0 6 0 10 0 2 0 0 2 6 10 4 4 6 8 18 2 8 0 0 4 8 0 0 0 4 2 10 0 14 0 0 4 0 2 10 4 0 4 0 20 2 0 0 10 10 4 2 0 0 0 2 0 0 6 0 10 2 0 0 0 0 0 0 6 2 8 10 0 0 0 8 4 0 0 0 2 0 0 0 0 0 0 0 8 14
 0 0 0 0 0 0 0 0 0 10 0 0 2 0 0 0 6 0 4 0 0 0 0 0 0 0 0 0 0 0 2 0 0 0 0 0 6 2 0 0 4 0 0 4 0 0 0 0 0 2 0 0 0 0 0 0 0 0 0 6 0 4 0 0 0 0 16 0 0 0 0 0 0 0 0 0 0 0 0 0 0 2 0 0 0 0 4 0 0 0 0 0 0 0 0 0 6 2 4 0 0 6 6 0 0 0 0 0 0 0 0 0 0 0 0 0 0 2 0 0 0 0 0 0 0 0 0 0 4 0 0 2 0 0 0 0 0 0 0 0 0 2 0 0 0 4 0 0 0 0 0 0 6 0 10 0 0 0 0 0 0 0 0 0 0 0 0 0 6 0 0 0 0 0 2 0 0 0 6 0 16 0 0 0 0 0 0 0 0 0 0 0 14 0 0 0 0 0 0 2
 2 6 0 12 6 0 4 16 2 24 0 0 20 12 8 8 38 12 14 10 0 0 14 26 12 14 12 24 18 14 6 8 0 16 6 4 12 10 10 0 8 16 20 16 6 14 10 22 14 10 24 12 0 10 2 16 0 2 20 8 18 18 0 16 16 6 24 0 12 12 2 10 6 6 10 4 20 10 20 0 0 18 24 8 12 0 14 14 2 4 6 14 0 4 12 4 0 16 10 22 10 14 16 0 2 16 16 22 6 8 2 4 4 24 0 2 8 14 4 20 0 4 14 4 14 6 20 22 16 16 6 14 0 8 16 8 2 18 8 8 6 26 18 12 0 16 6 6 20 26 8 8 0 8 18 16 14 0 16 18 6 0 16 10 6 8 6 14 20 10 10 0 10 12 10 2 0 12 18 20 24 6 10 4 2 26 8 10 8 14 6 6 6 16 4 10 2 12 18 22
 0 8 0 8 0 0 0 6 4 14 8 6 10 4 0 8 14 6 18 0 0 0 0 16 14 20 8 24 6 18 8 2 2 6 0 4 8 10 4 0 4 2 8 10 10 6 2 8 0 16 10 2 2 6 0 0 14 0 10 14 22 10 10 24 10 0 10 0 0 10 6 4 0 14 0 0 6 6 14 0 6 4 16 10 4 6 16 4 0 0 6 6 0 2 24 0 6 10 6 12 14 18 4 0 0 2 4 20 4 6 12 4 8 26 2 0 4 16 4 14 0 0 18 4 6 6 20 4 8 6 4 18 0 18 8 6 2 18 0 8 6 16 6 18 2 12 6 4 0 2 0 8 4 4 22 8 16 2 18 20 14 0 16 0 2 6 12 8 4 2 0 2 18 10 10 6 12 8 22 6 14 10 2 8 0 8 4 2 0 12 4 12 8 6 2 10 6 0 8 18
 0 0 0 0 0 0 0 0 0 4 0 0 0 0 0 0 12 0 8 0 0 0 0 2 6 16 0 16 6 6 0 0 0 0 0 0 0 0 8 0 0 0 0 0 0 0 0 0 0 8 10 0 0 0 0 0 0 0 0 0 18 2 2 0 2 0 0 0 0 0 2 0 0 6 0 0 6 0 0 0 0 0 10 0 4 0 6 0 0 0 0 2 0 0 0 0 2 4 0 0 0 0 0 0 0 0 0 0 0 0 0 0 10 10 0 0 0 0 0 2 0 0 0 0 0 0 0 8 4 4 0 0 4 0 6 0 0 0 0 0 0 12 0 4 0 0 0 0 0 6 0 0 2 0 8 4 6 0 0 6 0 0 0 0 4 0 0 4 0 0 0 0 6 6 0 0 0 0 12 2 0 0 0 0 0 0 0 12 2 0 0 6 16 4 0 0 4 2 0 6
 8 6 0 16 8 0 0 0 12 8 0 0 18 4 0 0 16 2 16 0 0 4 10 10 14 16 12 12 2 16 4 0 0 4 0 8 4 8 4 0 14 4 16 4 2 0 8 0 2 20 12 4 6 0 0 0 0 0 14 12 8 4 0 16 6 0 2 0 0 4 6 0 8 16 6 2 6 0 18 0 10 0 16 12 2 0 16 0 4 0 0 6 0 0 22 6 0 10 2 10 0 6 14 4 4 10 18 22 4 4 4 0 2 8 0 8 2 8 0 10 0 0 16 0 8 2 0 18 26 8 6 0 0 12 10 8 0 8 0 0 6 10 4 2 0 10 4 0 8 10 0 0 10 14 26 14 4 0 16 10 12 0 2 0 8 0 8 0 6 6 0 0 14 8 14 0 0 0 18 6 14 4 0 0 2 10 2 0 0 2 6 16 14 6 4 0 4 0 14 20
 0 0 0 2 0 0 0 0 2 4 0 0 0 2 0 0 16 0 14 0 0 12 4 0 8 14 0 8 0 8 4 0 0 0 0 6 2 0 0 0 4 0 0 6 2 0 8 0 0 10 4 6 0 0 0 0 0 0 6 2 12 10 0 16 12 0 16 0 0 6 0 0 14 18 0 12 6 6 6 0 2 0 6 6 12 0 14 0 0 0 0 0 0 0 6 0 0 10 8 0 6 16 0 0 0 0 0 6 0 0 8 4 0 0 4 8 0 2 0 12 0 0 6 0 0 0 0 2 2 14 0 8 8 0 4 0 0 0 0 4 0 0 0 14 2 0 4 0 0 0 0 0 0 2 16 0 0 0 14 16 0 0 6 0 12 0 4 4 10 0 0 0 4 0 0 4 0 0 10 0 10 6 0 4 0 2 4 2 0 2 4 8 4 0 4 0 10 0 8 18
 0 2 0 2 0 0 0 4 0 12 0 0 0 0 0 4 6 0 4 0 4 2 0 0 10 0 4 10 0 18 0 0 0 0 0 0 0 0 2 0 0 0 0 4 0 0 0 0 0 6 4 10 0 0 0 0 0 0 0 0 8 6 0 8 0 0 2 0 0 4 0 0 0 6 0 0 6 0 0 0 6 0 6 0 2 0 6 2 0 0 0 0 0 0 0 0 2 10 0 4 6 4 0 0 0 0 6 6 6 0 0 0 10 12 0 0 0 2 0 4 0 0 0 0 0 0 4 2 0 10 0 4 0 0 0 0 8 0 0 0 0 12 0 8 0 2 2 0 6 10 0 0 0 0 4 0 0 0 0 6 0 0 0 0 2 4 0 2 0 0 0 0 0 0 0 0 2 0 10 2 2 2 0 0 0 12 0 0 0 0 0 6 22 4 0 2 0 0 0 10
 0 0 0 4 0 0 2 0 0 8 0 0 0 0 0 4 16 0 16 0 0 4 0 0 4 4 0 0 0 0 4 0 0 0 0 0 0 0 0 0 4 10 6 8 0 2 0 0 0 10 4 0 0 0 0 0 0 0 2 4 10 12 10 14 0 0 4 0 0 0 0 0 2 6 0 2 14 2 2 0 6 0 8 0 10 0 0 0 0 0 2 10 0 0 4 0 0 2 2 0 14 0 4 0 0 0 0 6 6 0 0 0 0 12 0 0 0 0 0 2 0 0 6 0 4 0 0 8 2 10 0 4 0 6 0 0 0 0 0 0 0 16 10 6 0 0 0 0 0 0 0 0 6 8 0 0 0 0 8 2 0 6 0 0 0 0 4 6 10 0 0 0 0 0 0 0 0 0 14 0 12 10 0 6 0 6 2 0 0 0 0 0 8 2 4 0 2 0 0 10
 0 0 0 0 0 0 0 0 0 18 0 0 0 0 0 0 16 0 0 0 0 0 0 0 4 6 0 0 0 2 0 0 0 2 0 0 0 0 0 0 0 0 0 0 0 0 0 0 0 0 0 0 0 0 0 0 0 0 0 4 2 4 0 0 0 0 0 0 0 0 0 0 0 2 0 0 10 0 0 0 0 0 4 0 0 0 12 0 0 0 0 0 0 0 0 0 0 0 0 0 0 0 6 0 0 0 2 4 2 0 0 0 0 12 0 0 0 0 0 2 0 0 0 0 0 0 0 0 0 8 0 0 0 0 0 0 0 0 0 0 0 0 0 0 0 0 0 0 0 4 0 0 0 0 0 0 0 0 0 10 0 0 0 0 0 0 0 0 6 0 0 0 0 0 0 0 0 0 8 0 0 0 0 0 0 6 0 0 0 0 0 0 2 0 0 0 0 0 4 0
 0 0 0 0 0 0 0 0 0 2 0 0 0 0 0 0 4 0 0 0 0 0 0 0 0 0 0 0 0 0 0 0 0 0 0 0 4 2 2 0 0 0 0 4 0 0 2 0 0 16 0 0 4 0 0 0 2 0 0 0 6 2 4 0 2 0 0 0 0 0 0 0 0 6 0 0 4 0 2 0 0 0 0 0 10 0 0 0 0 0 0 4 0 0 0 0 0 4 0 0 0 0 10 0 0 0 0 10 0 0 0 0 0 0 0 0 0 0 0 0 0 0 0 0 0 2 0 4 0 0 0 0 0 0 0 0 0 0 0 2 0 4 0 6 4 0 2 0 2 6 0 0 8 0 0 0 2 0 0 12 0 2 0 0 0 0 8 0 0 0 0 0 0 0 0 0 0 0 16 2 8 4 0 0 0 0 0 0 0 0 0 0 0 0 0 6 0 0 0 6
 0 0 0 0 0 0 0 0 0 2 0 0 0 0 0 0 8 0 4 0 0 0 4 0 6 0 0 0 0 6 0 0 0 0 0 0 4 10 0 0 0 6 8 2 0 0 0 0 0 0 2 0 0 0 0 0 0 0 10 0 8 10 0 0 0 0 0 0 0 0 0 0 0 0 0 0 0 0 0 0 0 0 2 0 0 0 0 0 0 0 0 0 0 0 0 0 0 0 0 0 12 0 4 0 0 0 0 0 0 0 0 0 0 6 0 0 0 14 0 6 0 0 0 0 0 0 0 0 6 0 0 4 0 0 0 0 0 0 0 0 0 10 4 10 0 0 0 0 0 0 0 0 0 0 10 0 0 0 0 0 0 0 0 0 0 0 0 0 2 0 0 0 0 0 0 0 0 0 2 0 0 0 0 0 0 0 0 0 0 0 0 0 4 0 0 0 0 0 0 6
 0 12 0 8 2 0 0 0 0 22 0 12 14 6 0 2 26 0 20 8 0 8 6 0 10 22 2 8 2 12 4 14 6 0 4 6 14 20 12 0 14 16 4 20 6 0 0 8 6 12 16 4 0 0 0 2 2 0 12 2 12 16 8 12 14 2 18 0 6 2 0 14 2 14 2 12 8 2 10 0 2 4 12 8 12 0 14 6 0 0 10 20 4 0 12 8 6 22 18 2 6 6 16 0 14 10 16 10 6 6 6 8 18 16 0 8 2 12 0 16 0 0 8 0 2 10 6 10 18 18 0 10 2 2 8 2 0 6 0 0 2 8 12 8 0 12 2 2 12 16 2 0 12 2 30 4 14 0 20 18 8 0 8 0 0 0 6 10 20 0 6 0 0 12 0 2 4 2 20 8 8 14 4 8 0 16 12 2 0 18 12 0 8 16 6 0 8 0 14 12
 0 0 0 0 0 0 0 0 0 8 0 0 4 2 0 0 2 0 6 0 0 6 0 0 8 0 0 8 0 0 6 0 0 0 0 0 0 6 0 0 6 4 0 14 2 0 6 0 6 14 0 4 0 0 0 0 4 0 6 2 0 0 0 2 0 0 10 0 0 0 0 0 4 0 0 0 0 0 6 0 0 4 4 0 0 0 2 0 0 0 0 0 0 0 0 0 6 0 0 0 0 0 0 0 0 0 2 16 0 0 0 0 0 0 0 0 0 0 0 0 0 0 4 2 0 0 0 12 0 0 0 0 0 2 0 0 0 0 0 0 0 6 0 0 0 2 4 0 0 6 0 0 0 0 12 0 2 0 0 0 0 0 0 0 0 0 2 0 0 0 8 0 0 4 0 0 0 0 0 0 4 0 0 0 0 0 0 0 0 0 0 0 8 8 4 0 0 0 12 0
 8 0 0 14 0 4 4 6 4 18 0 4 14 20 2 0 16 2 10 0 8 10 12 16 28 8 6 8 2 10 18 2 6 0 0 12 14 12 0 0 8 10 8 8 16 8 14 2 6 18 16 4 0 0 2 0 0 0 12 8 28 14 8 10 6 8 14 8 0 8 4 22 2 10 8 16 12 10 14 0 0 12 18 4 10 0 26 8 0 0 0 14 6 0 18 8 10 16 4 8 14 22 16 0 8 0 10 10 6 0 12 8 6 22 2 2 0 22 10 18 2 2 0 6 0 2 12 14 20 16 0 10 0 12 20 4 2 4 0 2 6 16 8 6 2 2 4 6 10 10 14 4 6 16 26 22 0 0 6 20 8 2 14 6 0 0 6 10 16 16 12 0 2 8 0 0 6 4 18 4 14 0 0 4 6 12 0 18 0 12 10 12 6 0 2 16 0 0 14 8
 0 0 0 0 0 0 2 2 6 10 0 8 4 0 0 2 16 2 6 0 0 0 4 0 0 8 0 6 0 8 4 0 0 0 0 0 6 4 0 0 10 0 0 0 0 0 12 6 0 14 22 4 0 0 0 0 0 0 0 4 12 8 0 4 0 0 0 0 0 0 10 2 0 0 0 0 0 6 6 0 2 2 4 0 0 0 2 0 8 0 0 6 0 0 10 0 0 10 0 0 2 10 12 0 0 0 8 16 0 0 0 4 2 6 0 0 0 10 0 16 0 0 2 0 0 22 0 8 6 4 0 0 0 0 8 0 0 12 0 10 2 12 6 0 0 2 10 0 4 6 0 0 2 0 14 4 4 0 4 4 8 0 2 2 0 0 12 4 2 0 2 0 6 6 0 0 0 0 4 0 0 14 0 8 0 2 0 0 0 0 0 4 4 10 0 0 8 4 2 14
 0 0 0 0 0 0 0 0 0 0 0 2 0 0 0 0 18 0 6 0 0 0 6 8 0 0 0 0 0 6 0 6 0 0 0 0 8 2 0 0 0 0 4 4 8 0 4 0 0 4 4 4 0 0 0 4 0 0 4 0 6 0 2 10 4 0 8 0 0 0 0 0 0 4 0 0 2 2 0 0 0 2 0 0 0 0 4 0 0 0 0 0 0 0 8 0 0 2 0 0 0 4 0 0 0 0 18 2 0 0 0 0 0 14 0 0 0 0 0 2 0 0 0 0 0 4 2 6 2 0 0 12 0 0 0 0 0 0 0 0 0 4 6 0 0 10 0 0 0 8 0 0 0 0 10 0 0 0 0 12 0 0 6 2 0 0 4 0 0 0 0 0 0 0 0 2 0 0 20 2 6 4 0 0 0 0 0 2 0 0 0 0 14 4 0 4 0 0 6 8
 0 0 0 8 0 0 0 2 2 10 0 0 8 2 2 4 12 0 16 0 0 6 2 12 8 22 8 2 2 16 0 2 0 0 2 10 4 0 4 0 6 4 12 20 2 2 0 6 0 24 16 0 0 2 0 0 6 0 12 8 14 10 6 8 4 2 16 0 0 6 0 10 12 4 6 2 8 4 10 0 4 14 10 0 18 0 10 0 12 0 2 2 4 4 6 0 0 8 6 14 8 2 6 0 0 0 4 24 14 0 0 0 2 12 0 12 0 20 0 0 0 0 18 0 2 12 10 16 6 20 0 16 0 4 6 0 0 2 0 0 0 18 20 12 0 2 2 0 0 0 0 12 10 2 20 0 0 6 0 18 0 0 4 6 8 14 18 0 12 0 2 0 4 0 0 0 0 4 22 4 18 8 0 14 2 20 2 4 6 8 12 14 22 12 4 6 6 0 8 12
 4 8 0 4 0 0 2 0 2 10 0 0 6 16 0 4 12 0 2 0 10 6 8 0 14 8 4 2 6 12 0 8 0 4 0 0 12 2 2 0 0 4 10 14 4 0 0 0 4 8 10 2 0 0 0 0 2 0 12 6 16 2 6 2 10 0 8 0 4 8 0 6 14 8 14 6 0 0 8 0 10 12 14 0 20 0 2 0 2 0 6 6 0 0 8 0 4 20 0 2 0 6 14 0 0 2 6 4 2 0 0 0 0 10 0 0 0 4 0 12 0 0 2 2 10 0 14 14 8 14 2 8 0 8 6 6 0 4 0 8 0 12 16 18 8 0 10 8 10 16 4 8 4 0 16 8 0 4 8 10 10 2 2 0 0 12 2 0 14 0 6 0 4 2 0 0 0 2 16 10 6 8 0 4 0 4 8 8 0 0 0 12 22 10 4 4 0 0 10 22
 0 2 0 0 0 0 0 0 0 12 0 0 0 0 0 0 22 0 0 0 0 0 0 0 6 0 8 8 2 4 6 0 0 0 0 4 0 0 0 0 6 0 12 16 0 0 0 0 0 6 2 0 0 0 0 0 0 0 12 8 10 8 0 4 8 0 2 0 0 0 6 4 8 10 0 2 0 8 0 0 4 4 0 0 6 0 6 0 6 0 0 2 0 0 10 0 4 4 2 2 0 2 6 0 2 6 6 16 0 0 0 0 0 10 0 0 0 2 8 10 0 0 12 0 8 4 2 4 10 14 0 0 0 0 10 0 0 0 0 0 0 12 8 0 4 0 4 0 2 4 0 0 0 0 12 4 2 0 4 0 0 0 2 0 4 0 0 4 2 0 0 0 0 0 0 0 0 0 8 8 22 0 0 2 0 6 0 0 2 10 0 8 12 0 0 0 6 0 0 6
 4 12 0 12 0 6 12 4 10 22 0 0 14 6 0 2 20 0 14 0 10 8 2 16 20 10 6 8 4 22 16 2 0 2 0 2 0 12 8 0 14 0 6 18 14 6 2 12 0 0 16 4 4 10 0 8 14 0 16 16 16 18 6 14 10 12 16 0 0 8 8 10 12 12 6 10 0 2 6 0 14 14 10 6 18 0 18 2 2 0 0 0 0 10 12 0 8 12 4 16 18 16 18 2 6 4 14 22 0 10 16 10 10 10 0 8 0 12 10 16 0 8 6 2 8 4 16 8 12 12 2 26 2 6 0 12 0 10 0 4 0 8 2 12 0 20 14 0 0 16 8 0 10 2 22 8 2 0 16 14 8 0 22 0 6 0 10 12 16 12 8 0 2 0 8 0 0 10 16 14 22 14 0 6 6 2 0 6 2 6 8 8 10 8 4 4 16 2 16 22
 0 6 0 20 0 0 0 0 0 14 0 0 8 2 0 0 8 6 10 0 4 0 0 0 8 10 8 18 10 8 2 0 0 0 2 0 4 8 4 0 4 10 0 8 0 0 0 0 6 6 16 8 0 0 0 0 0 0 4 0 10 10 0 10 6 6 6 0 0 4 0 0 0 6 0 0 0 0 0 0 10 0 6 0 0 0 12 2 8 0 0 2 0 0 0 0 0 18 4 2 0 8 4 0 2 0 16 10 2 0 0 0 0 16 0 10 0 12 0 14 0 0 6 0 0 2 4 10 0 10 0 0 0 0 14 6 0 6 0 0 0 16 8 2 2 0 0 4 0 4 0 4 2 4 14 6 0 0 14 10 16 0 10 0 10 0 2 4 16 0 2 0 0 6 0 0 0 0 4 0 8 2 0 6 0 12 0 0 0 6 12 0 20 14 2 0 6 0 0 0
 0 0 0 10 4 0 0 12 0 6 0 0 6 2 4 0 22 8 18 0 2 0 2 6 8 12 0 4 0 22 6 6 0 0 2 0 12 4 10 0 0 0 6 8 4 6 0 0 2 8 12 8 0 0 0 0 0 0 6 10 16 24 0 4 10 0 4 0 0 4 4 10 0 18 0 4 4 0 6 0 8 12 10 0 4 0 6 0 2 0 2 0 0 0 12 4 0 12 4 4 4 6 6 0 0 0 10 8 0 0 2 2 0 10 0 4 0 8 0 12 0 0 6 0 8 6 6 10 2 12 0 8 0 0 10 0 0 4 0 10 0 16 14 14 0 6 6 8 8 2 0 0 0 8 18 6 2 0 16 18 4 2 14 0 12 0 2 2 2 8 10 0 2 4 10 0 0 0 16 10 22 4 0 6 0 2 8 2 8 0 4 8 12 6 4 4 6 4 8 4
 0 0 0 0 0 0 0 0 0 4 0 0 0 0 0 0 2 0 4 0 0 0 0 0 0 0 0 0 0 2 0 0 0 0 0 0 10 0 0 0 0 0 0 0 0 0 0 0 0 0 2 0 0 0 0 0 0 0 0 0 4 4 0 0 0 0 2 0 0 0 0 0 0 6 0 0 0 0 0 0 0 0 10 0 2 0 0 0 2 0 0 0 0 0 0 0 0 0 0 0 0 0 0 0 0 0 0 0 0 0 0 0 0 4 0 0 0 0 0 0 0 0 0 0 0 0 0 6 0 0 0 0 0 0 0 0 0 0 0 0 0 0 0 0 0 0 0 0 0 10 0 0 0 0 6 0 2 0 0 12 0 0 0 0 0 0 0 0 0 0 0 0 0 0 0 0 0 0 0 0 2 0 0 0 0 0 0 0 0 0 0 0 0 0 0 0 4 0 0 0
 0 0 0 0 0 0 0 4 0 6 0 0 8 4 0 0 4 0 2 0 0 4 0 0 8 2 6 0 0 2 4 0 0 0 0 0 0 0 0 0 10 0 0 8 0 0 0 0 0 14 2 2 0 0 0 0 0 0 0 2 8 8 0 8 0 0 0 0 0 0 0 0 4 0 0 0 0 0 0 0 0 0 2 0 4 0 4 2 0 0 0 0 0 0 8 0 12 12 0 2 4 2 2 0 0 0 0 0 2 0 0 0 0 2 0 6 0 6 6 6 0 0 6 0 0 2 0 2 10 0 0 2 0 0 0 0 0 0 0 0 0 8 0 14 0 0 0 0 0 0 0 0 0 2 24 0 0 0 0 6 0 0 6 0 0 0 0 0 10 0 0 0 0 2 0 0 0 0 8 0 12 12 0 0 0 12 0 0 0 0 0 4 0 4 0 0 0 0 0 0
 0 0 0 0 0 0 0 0 0 6 0 0 14 0 0 0 12 0 14 0 0 2 0 6 2 4 0 0 0 10 0 0 0 0 0 0 2 0 0 0 0 2 0 10 0 0 0 6 0 4 2 0 0 0 0 0 0 0 0 0 12 2 0 8 0 0 6 0 0 0 0 0 0 0 0 8 0 2 0 0 2 0 4 0 2 0 18 0 0 0 0 0 0 0 0 0 0 8 0 8 0 0 2 0 0 0 0 2 2 0 0 0 0 0 0 0 0 0 0 4 0 0 0 0 0 0 0 8 0 0 0 0 0 0 2 0 0 2 0 0 0 0 0 0 0 0 4 0 0 2 0 0 0 0 20 0 0 0 0 6 0 0 2 0 0 0 0 0 2 0 0 0 0 4 0 0 0 0 6 2 18 0 0 0 0 6 0 0 6 0 0 0 4 0 0 4 0 0 0 0
 4 6 0 12 10 6 0 16 8 18 4 8 16 8 2 0 10 0 20 6 0 4 0 4 10 10 0 14 14 22 10 2 14 6 0 0 18 24 16 0 24 6 6 2 10 6 14 2 4 12 18 18 0 0 6 0 2 0 2 8 10 8 0 12 2 8 2 0 16 14 10 8 4 10 4 16 6 24 12 0 12 14 18 8 12 4 6 10 4 0 2 22 0 0 8 0 12 10 2 12 0 4 16 0 10 0 16 8 4 8 0 6 0 8 0 4 0 16 4 12 2 0 2 10 0 12 8 18 0 8 8 16 0 4 20 6 0 0 2 0 10 22 4 16 0 8 6 12 8 16 2 10 16 10 24 8 10 8 10 14 2 2 4 0 10 4 0 4 18 14 2 2 10 12 6 4 0 8 8 12 16 12 16 6 10 18 6 6 10 10 2 14 20 22 0 8 10 0 12 14
 0 0 0 8 0 0 0 0 6 14 0 0 2 0 0 4 2 0 0 2 0 0 6 6 6 0 0 4 0 8 0 0 0 0 0 4 0 8 2 0 0 0 0 4 0 0 2 0 0 4 10 0 0 0 0 0 0 0 0 16 0 10 0 0 0 0 2 0 0 0 0 0 6 8 0 0 0 0 2 0 0 0 0 0 6 0 20 0 8 0 0 6 0 0 16 0 0 12 0 2 0 0 0 0 0 0 8 4 0 0 0 0 0 12 0 6 0 0 12 0 0 0 12 0 4 0 0 8 12 8 0 0 0 0 0 0 6 0 0 4 0 12 4 2 0 0 0 0 4 6 0 0 0 4 6 0 0 2 4 6 4 0 0 0 4 0 2 0 6 2 0 0 2 0 0 0 0 0 10 6 8 0 0 2 0 6 0 0 2 4 0 0 0 0 0 2 8 0 16 0
 0 0 0 16 0 0 0 0 0 20 0 0 10 8 0 0 8 0 6 0 0 0 6 2 6 0 0 0 0 6 0 0 0 0 0 0 2 2 4 0 0 0 8 6 10 0 0 0 0 8 8 4 0 0 0 0 0 0 0 4 8 14 2 0 0 0 8 0 0 0 0 8 0 18 0 0 10 8 0 0 6 0 4 0 0 0 18 0 6 6 0 0 0 0 6 0 12 10 4 0 0 0 2 0 0 0 10 10 0 0 2 0 2 14 0 0 0 0 0 12 0 0 0 0 0 0 8 6 0 0 0 0 0 0 2 0 0 0 0 4 0 16 0 0 0 8 0 2 6 2 0 0 8 6 16 8 0 0 10 4 0 2 0 0 0 0 4 0 4 4 0 0 2 0 0 0 0 12 12 0 6 2 0 6 2 0 0 0 14 8 0 0 12 4 0 6 14 0 0 6
 2 4 0 18 10 0 0 4 6 22 0 10 6 6 0 2 12 4 14 0 0 0 14 4 10 10 8 4 0 2 2 14 0 2 10 0 12 2 0 0 10 10 6 14 0 4 6 4 0 18 16 4 4 0 0 0 0 0 0 2 0 20 8 12 4 6 14 6 0 0 0 6 0 14 0 0 4 0 2 0 18 18 16 4 8 0 10 0 0 0 10 18 0 0 4 0 6 10 0 6 10 10 16 0 0 6 10 20 10 4 0 4 2 18 2 10 2 8 2 18 0 0 0 10 2 0 2 18 2 2 0 6 0 8 6 16 0 4 6 0 0 26 6 8 0 0 0 0 10 16 0 2 0 6 16 2 10 10 0 22 0 12 6 6 4 0 12 4 12 8 0 0 2 18 0 0 0 6 12 10 14 4 4 10 0 8 0 2 0 4 10 6 26 16 4 6 0 0 8 10
 4 0 0 0 0 0 0 0 0 4 0 0 0 0 0 0 22 0 18 0 0 0 0 8 2 6 6 4 0 14 2 4 0 0 0 0 0 6 6 0 0 0 8 8 0 0 0 4 2 6 14 0 0 0 0 6 0 0 0 0 6 8 2 10 4 0 6 0 0 0 0 10 0 10 0 6 0 2 0 0 12 6 10 0 4 0 0 0 0 0 0 0 0 0 8 0 0 16 0 6 4 14 6 0 0 0 4 0 0 0 0 2 0 6 0 0 0 8 0 14 0 2 6 0 2 0 8 8 0 10 0 10 0 0 4 0 0 0 0 2 0 4 4 2 0 0 0 0 0 16 0 0 4 4 8 0 0 0 10 18 8 0 0 0 0 0 2 0 0 2 12 0 0 0 0 0 0 4 14 0 10 10 0 6 0 2 10 0 0 12 0 0 12 0 0 2 4 0 0 20
 0 0 0 0 0 0 0 0 0 12 0 0 4 0 0 0 0 0 8 0 0 0 0 0 6 4 0 0 0 22 0 0 0 0 0 0 0 0 0 0 0 0 12 0 0 2 0 0 0 0 0 0 0 0 0 0 0 0 0 0 6 0 0 10 2 0 0 0 0 0 0 4 0 0 0 0 0 0 0 0 0 4 0 0 6 0 0 0 0 0 0 0 0 0 0 0 0 8 0 0 0 2 10 0 4 0 0 6 0 0 2 0 0 6 0 0 0 4 0 0 0 0 0 0 4 0 8 0 0 2 0 0 0 0 0 2 0 0 0 0 0 0 4 0 0 0 0 0 0 0 2 0 0 0 6 0 0 0 0 12 0 0 0 0 0 0 0 0 0 0 0 0 6 0 0 0 0 0 6 0 10 4 0 0 0 0 0 0 0 0 0 0 0 6 0 0 0 0 0 6
 0 0 0 12 4 0 0 6 2 10 0 0 14 6 0 0 24 0 10 0 6 4 6 2 12 10 0 0 14 22 2 0 0 0 2 0 4 4 2 0 0 0 12 16 4 0 0 8 0 12 0 10 0 0 0 2 0 0 4 6 12 6 0 18 12 0 0 0 8 12 2 2 0 14 0 4 12 4 8 0 0 0 16 0 12 0 0 0 0 0 0 6 0 0 0 6 6 0 0 16 4 4 6 0 10 0 16 12 0 0 14 0 2 4 2 4 4 12 0 6 0 0 10 4 4 2 10 10 6 6 0 2 0 4 8 0 0 6 0 6 0 10 16 0 0 2 6 0 2 0 0 0 0 10 6 6 4 0 4 10 0 4 6 0 8 0 6 2 2 0 0 2 4 14 2 0 0 0 12 4 20 10 8 0 2 2 0 0 0 8 0 10 18 6 0 10 6 0 0 6
 2 4 0 6 0 0 0 0 8 16 0 0 4 6 0 0 12 0 4 0 0 0 2 12 6 12 2 2 0 16 4 0 0 0 8 8 8 10 10 0 2 0 10 2 12 0 0 4 0 2 22 16 0 6 0 4 0 0 14 6 10 12 2 12 6 14 10 0 2 2 0 0 10 14 0 0 6 12 10 0 10 10 8 6 8 0 16 0 2 0 0 4 0 0 10 0 4 12 0 0 2 2 12 0 2 4 6 18 12 2 0 6 0 22 0 6 0 18 12 10 0 0 2 0 2 6 4 12 10 14 2 8 0 6 8 0 0 10 2 0 0 14 4 4 0 0 4 0 2 8 4 0 8 4 8 6 0 0 4 16 2 0 8 4 8 0 0 0 8 4 8 0 10 0 0 0 0 2 4 8 20 2 0 2 0 0 2 0 0 2 0 0 14 0 6 10 16 0 2 10
 6 0 0 0 0 0 2 0 0 10 0 0 0 0 2 0 14 0 2 0 0 2 4 10 26 10 4 2 0 10 8 0 0 0 0 0 8 8 0 0 8 6 2 0 10 0 2 0 2 8 12 0 0 0 0 0 0 0 0 0 4 10 0 14 0 6 8 0 0 4 0 0 4 4 0 6 2 8 0 0 6 4 8 2 2 0 0 0 0 0 8 2 0 0 10 6 6 0 0 0 2 0 8 0 0 0 10 0 0 0 6 4 0 0 0 0 0 0 0 0 2 0 0 0 2 4 0 16 0 14 0 6 0 0 8 0 0 0 0 0 10 4 0 6 0 0 0 0 0 0 0 0 0 0 12 6 8 0 10 16 6 0 8 0 0 0 0 0 10 0 0 0 6 0 0 0 0 0 8 0 8 2 4 2 0 8 0 0 0 0 0 0 0 4 0 0 0 0 0 12
 0 4 0 0 0 0 0 2 6 10 0 0 0 6 0 0 18 0 8 0 8 0 2 6 14 0 2 10 0 10 6 4 0 0 0 2 16 10 0 0 0 0 4 4 8 0 0 0 0 16 0 8 0 0 0 0 0 0 12 2 14 2 0 0 10 0 6 0 0 0 0 2 8 10 2 4 4 0 0 0 10 0 18 0 8 0 12 0 0 0 0 2 0 0 4 0 2 4 0 0 0 2 4 0 0 6 6 16 0 0 0 0 0 10 0 0 0 8 8 14 0 0 2 0 0 4 0 12 10 14 0 4 0 22 4 0 0 4 0 0 0 6 0 0 0 0 0 0 0 20 0 0 4 0 20 6 4 0 4 6 8 0 8 0 0 0 0 0 4 0 4 0 0 4 0 0 0 0 14 0 6 4 0 4 0 4 0 0 0 6 0 0 8 0 0 0 2 0 0 18
 0 0 0 0 0 0 0 0 0 0 0 0 0 0 0 0 4 0 0 0 0 0 0 0 0 0 0 0 0 0 0 0 0 0 0 0 0 0 0 0 0 0 0 0 0 0 0 0 0 0 0 0 0 0 0 0 0 0 0 0 0 0 0 0 0 0 0 0 0 0 0 0 0 0 0 0 0 0 0 0 0 0 0 0 0 0 6 0 0 0 0 0 0 0 0 0 0 0 0 0 0 0 0 0 0 0 0 0 0 0 0 0 0 0 0 0 0 0 0 0 0 0 0 0 0 0 0 2 0 0 0 0 0 0 0 0 0 0 0 0 0 0 0 0 0 0 0 0 0 0 0 0 0 0 0 0 0 0 0 0 0 0 0 0 0 0 0 0 0 0 0 0 0 0 0 0 0 0 8 0 0 0 0 0 0 0 0 0 0 0 0 0 0 0 0 0 0 0 0 0
 0 4 0 0 0 0 0 0 0 4 0 0 0 10 0 0 12 0 14 0 4 2 0 0 4 0 2 0 0 10 2 0 0 0 0 0 2 2 0 0 0 4 2 8 0 0 8 0 0 6 16 0 0 0 0 0 0 0 0 12 4 4 0 2 0 0 20 0 0 0 0 2 2 4 0 2 0 8 0 0 0 4 16 0 6 0 8 4 0 0 0 2 0 4 4 0 0 6 0 2 0 2 4 0 0 0 4 0 0 0 0 2 0 14 0 6 0 6 0 2 0 0 0 0 6 6 10 4 0 6 0 10 0 0 6 8 0 0 0 0 0 14 0 2 0 0 0 0 2 4 0 0 0 0 16 0 0 0 6 8 0 0 2 0 4 0 0 0 14 0 0 0 0 8 0 0 0 0 10 0 12 2 0 0 0 0 0 0 0 0 0 0 0 0 0 2 8 0 4 0
 0 0 0 0 0 0 4 0 0 4 0 0 10 10 0 2 12 0 8 0 0 0 10 0 10 4 0 0 4 14 0 0 0 0 0 2 2 0 0 0 0 0 0 4 2 2 2 0 0 6 0 0 0 0 0 0 0 0 4 4 10 10 0 2 4 0 18 0 0 2 0 0 4 8 0 2 6 2 4 0 0 0 10 2 0 0 8 0 4 0 0 0 0 0 4 0 0 0 0 6 0 10 6 0 0 0 10 0 0 0 2 0 0 8 0 6 0 0 6 6 0 0 0 0 0 8 2 8 0 0 0 0 4 0 2 2 0 0 0 0 0 0 4 0 0 10 0 0 6 2 0 0 0 0 0 0 0 0 0 12 0 0 0 0 0 2 6 0 2 0 0 0 0 2 0 0 0 0 16 4 10 8 0 10 0 4 0 0 0 2 0 0 6 0 0 0 0 0 0 10
 2 12 0 20 4 0 4 6 0 22 0 8 18 8 6 4 28 8 30 2 0 0 12 12 16 24 0 8 18 26 10 4 6 4 16 8 16 12 16 4 0 6 0 10 12 10 10 8 8 26 14 18 0 0 0 4 6 6 8 14 8 10 0 4 4 2 10 4 2 8 6 16 12 8 4 12 14 10 6 0 0 24 22 10 14 0 22 0 12 0 4 16 10 0 18 4 8 12 10 16 12 10 16 4 6 2 14 16 4 0 6 0 18 10 4 14 6 8 10 10 0 0 16 12 10 8 22 14 14 18 4 8 4 6 6 0 0 2 6 10 10 20 20 4 0 0 14 0 12 14 6 16 12 14 22 10 14 0 8 12 4 8 14 14 8 0 12 14 12 12 0 2 2 12 6 4 2 8 24 10 22 8 2 12 10 24 4 0 18 0 2 6 26 18 8 4 16 0 4 20
 0 0 0 0 0 0 0 0 0 2 0 0 2 0 0 0 12 0 2 0 0 0 2 0 6 0 0 12 6 2 16 0 0 0 0 2 0 0 0 0 4 2 0 6 0 0 4 0 0 2 2 0 0 0 0 0 0 0 0 0 14 8 0 0 0 0 4 0 0 2 0 4 0 10 0 0 2 6 0 0 0 6 0 0 2 0 0 0 0 0 0 6 0 0 0 0 0 8 0 0 0 2 4 0 0 0 0 0 0 0 0 0 0 4 0 4 0 0 0 2 0 0 0 0 0 6 0 8 4 8 0 10 0 0 2 0 0 0 0 0 0 14 2 2 0 0 0 4 0 6 0 0 0 0 8 0 4 0 0 4 0 0 2 0 0 0 0 0 6 0 0 0 0 2 0 0 0 0 2 0 0 10 0 0 0 6 0 0 0 2 4 0 8 10 2 0 0 0 0 2
 0 0 0 0 0 0 0 0 0 4 0 0 0 0 0 0 0 0 6 0 0 0 0 0 2 0 0 2 0 2 0 0 0 0 0 0 0 0 0 0 4 0 2 0 0 0 0 0 0 0 0 0 0 0 0 0 0 0 0 0 0 0 0 0 4 0 0 0 0 0 0 0 0 0 0 0 0 0 0 0 0 0 0 0 0 0 4 0 6 0 0 0 0 0 6 0 0 10 0 0 0 4 0 0 0 0 0 0 0 0 0 0 0 0 0 0 0 0 0 10 0 0 0 0 0 0 0 0 0 0 0 6 0 0 0 0 0 0 0 0 0 0 0 0 0 0 0 0 0 0 0 0 0 0 4 0 0 0 0 0 0 0 0 0 2 0 0 0 0 0 0 0 0 0 4 0 0 0 0 0 0 2 0 0 0 0 0 0 0 0 0 0 0 0 0 0 0 0 0 0
 0 2 0 18 0 8 0 0 0 12 0 0 2 4 0 0 10 0 16 0 0 0 20 0 0 10 2 4 0 8 6 0 0 0 0 0 2 8 0 0 16 2 6 20 2 0 8 0 6 8 14 0 0 6 0 0 0 0 0 6 0 6 0 12 6 2 0 0 0 8 8 0 4 12 4 0 0 4 0 0 10 8 2 0 6 6 8 0 0 0 0 0 0 0 0 0 6 10 0 0 0 14 14 0 12 0 6 10 0 0 0 0 0 6 0 0 6 0 0 4 0 0 12 0 0 2 6 8 10 6 0 8 0 0 2 0 0 8 0 0 0 12 8 14 0 0 4 4 0 10 2 0 0 0 16 14 8 0 10 12 0 0 0 0 0 2 8 4 14 0 0 0 0 0 2 0 0 0 8 0 8 0 0 2 8 0 2 0 0 0 0 2 6 16 0 2 8 0 0 20
 0 10 0 4 0 4 0 0 6 12 0 0 2 0 0 0 14 0 12 0 0 0 0 6 14 8 0 6 10 24 6 4 0 8 2 6 6 4 0 0 0 2 4 18 4 0 4 6 6 12 16 10 0 0 0 2 0 0 10 0 12 16 0 4 0 0 8 0 4 2 0 6 6 6 2 6 4 0 4 0 16 16 16 0 12 0 20 0 0 0 0 16 0 0 2 0 0 22 6 6 8 10 12 0 0 0 10 24 6 2 2 12 0 8 0 2 0 18 0 16 4 4 6 4 2 4 0 10 0 4 0 4 0 10 2 8 0 2 0 4 0 0 12 6 0 8 0 0 10 14 0 2 4 10 12 4 10 0 8 12 4 0 12 0 8 0 16 0 0 10 0 0 2 14 0 4 0 0 16 4 8 20 0 0 0 4 0 6 4 14 4 6 14 10 0 0 8 0 18 10
 0 0 0 6 0 0 0 0 0 4 0 0 0 4 0 0 10 0 0 0 0 0 4 2 0 0 0 0 4 6 0 0 0 0 0 0 0 10 0 0 2 0 0 2 0 0 0 0 0 2 2 0 0 6 0 2 0 0 4 0 0 0 0 12 0 0 4 0 0 0 0 0 0 4 0 8 0 0 0 0 0 0 0 0 0 0 8 0 0 0 4 2 0 0 0 4 0 2 0 4 4 0 0 0 0 0 2 0 0 0 0 0 0 8 0 0 0 4 0 0 0 0 6 0 0 2 8 6 0 2 0 0 0 0 0 0 0 0 0 0 0 4 0 0 0 4 4 0 0 4 0 0 0 0 18 0 6 0 0 2 4 0 0 0 0 0 0 0 4 0 0 0 0 0 6 0 0 0 2 2 0 2 0 0 0 0 0 0 0 0 0 0 8 4 0 2 2 0 0 14
 0 14 0 14 2 0 0 0 0 16 0 2 16 8 0 0 14 0 4 0 16 8 16 14 20 20 0 4 0 16 0 6 0 0 0 0 4 8 0 0 12 0 12 12 6 4 0 0 0 6 22 0 0 8 0 8 0 0 0 10 8 12 0 14 6 0 4 0 6 8 8 2 0 10 8 6 0 0 8 0 8 2 0 4 10 0 8 0 0 0 0 8 0 0 16 0 0 6 2 6 6 10 18 0 8 4 14 8 6 0 4 10 4 6 0 0 0 12 8 12 0 2 8 0 4 8 16 10 8 2 2 4 0 0 0 0 6 4 8 4 6 12 2 4 6 10 10 0 22 16 2 0 8 10 20 6 0 0 6 10 8 2 6 0 6 0 10 14 10 2 0 0 4 0 4 0 0 0 0 4 16 12 0 0 0 18 0 4 2 4 8 8 14 20 0 8 0 0 10 8
 0 2 0 0 0 4 4 0 0 22 0 6 0 4 0 0 26 8 18 0 8 10 6 16 6 0 0 8 4 8 10 0 0 4 0 0 4 12 12 0 6 0 14 12 0 4 0 0 6 6 8 0 0 0 0 0 4 0 14 6 14 14 0 10 14 0 8 0 0 2 0 2 0 0 0 16 8 4 4 0 0 4 6 4 12 0 18 10 4 0 2 10 0 0 12 2 14 10 10 4 10 0 8 0 10 0 6 12 0 0 6 0 2 18 0 0 0 12 10 14 0 0 0 0 0 0 6 12 12 18 4 2 10 14 2 0 2 0 0 0 0 6 8 6 0 0 0 0 10 14 0 0 10 8 10 0 12 0 16 0 6 0 4 0 0 0 10 12 8 2 2 0 4 0 8 4 0 0 8 2 24 0 0 14 0 2 0 8 0 0 4 0 24 6 6 2 14 0 0 20
 0 0 0 8 0 6 4 2 0 18 0 2 14 12 0 0 22 0 0 0 10 10 16 0 8 20 6 2 8 8 0 4 0 4 0 2 0 14 0 0 6 10 10 12 2 12 10 0 0 8 14 14 0 0 0 10 0 0 16 10 4 14 10 4 12 2 4 0 0 6 8 8 8 10 10 2 0 6 2 0 6 10 16 0 14 0 4 10 6 0 6 12 8 0 10 8 4 8 0 0 12 16 10 0 6 0 18 8 0 4 2 8 0 20 0 6 0 16 0 8 0 0 6 4 2 0 10 4 10 6 0 6 0 4 8 0 0 4 0 0 2 10 16 2 0 6 2 8 10 10 2 4 0 0 10 4 0 4 0 8 0 10 6 0 2 0 10 8 10 0 0 0 8 0 0 0 0 2 8 8 10 16 0 8 0 0 8 0 0 6 6 4 2 10 10 0 16 2 4 12
 0 12 0 0 0 0 0 0 0 14 0 2 10 4 0 4 20 0 16 0 0 0 6 6 6 4 2 4 0 0 0 0 0 0 0 0 0 2 8 0 6 4 0 0 4 0 4 0 0 6 6 4 0 0 0 0 0 0 0 0 10 12 0 10 0 0 8 0 0 0 0 0 6 4 0 0 8 4 0 0 2 0 10 0 0 0 6 0 0 0 0 0 0 0 14 2 0 2 2 6 0 0 2 0 0 0 8 4 0 0 0 0 0 8 0 0 0 4 4 4 0 0 0 0 0 8 0 6 0 12 0 0 0 0 0 0 0 0 0 0 0 10 8 0 4 0 0 0 0 6 0 2 4 4 12 6 0 0 4 6 0 0 8 0 0 0 0 0 0 0 0 0 0 0 0 0 0 0 8 0 14 2 2 12 0 0 6 0 0 4 0 0 12 12 0 0 2 0 4 10
 0 0 0 4 0 0 6 0 0 18 0 0 4 4 0 2 12 0 16 0 4 6 0 8 8 12 0 2 2 6 4 0 0 8 0 8 0 6 0 2 2 0 0 0 6 0 2 0 0 2 10 4 0 0 0 0 0 0 0 0 4 12 0 4 0 6 14 0 0 4 0 2 0 4 0 2 0 0 0 0 10 0 8 0 2 0 10 0 4 0 0 0 0 0 2 0 2 10 0 4 0 0 10 0 0 0 8 16 8 0 0 6 10 20 0 0 0 8 0 10 0 0 0 0 0 0 0 0 8 10 0 10 0 0 2 0 0 0 0 0 0 10 4 8 0 4 6 0 6 6 0 2 10 2 14 10 8 0 4 6 0 4 2 0 0 0 4 0 10 0 0 0 0 0 2 0 0 0 12 10 16 4 0 2 0 2 2 6 4 4 0 0 14 2 0 0 0 0 0 18
 0 4 0 0 0 0 0 0 0 2 0 6 0 4 0 0 8 0 0 0 0 0 0 8 0 0 0 0 8 10 0 0 0 0 0 0 2 6 0 0 6 0 0 0 0 0 0 0 0 12 6 0 0 0 0 0 0 0 0 0 10 10 0 8 0 0 2 0 0 0 0 0 4 4 0 0 4 0 0 0 0 0 8 0 4 0 8 0 0 0 0 4 0 0 0 0 0 2 0 0 6 8 0 0 0 4 0 4 0 0 0 0 0 14 0 12 0 0 0 0 0 0 6 0 0 8 0 0 2 0 0 4 0 0 2 0 0 0 0 0 0 0 0 0 0 0 0 0 4 2 0 0 0 0 20 0 0 0 0 6 0 0 0 0 0 0 4 0 0 0 0 0 2 0 0 0 0 0 14 2 0 0 0 0 0 0 0 0 0 0 0 0 6 8 0 0 4 0 0 6
 6 0 0 10 2 2 4 0 2 16 0 0 4 8 0 0 22 0 4 0 8 0 2 2 16 2 0 14 12 16 4 0 0 0 0 0 0 12 0 0 4 4 16 14 6 0 0 2 0 10 2 6 0 0 0 0 0 0 6 8 22 12 4 8 0 0 4 0 0 0 10 0 6 2 0 10 0 6 0 0 6 14 12 10 6 0 16 0 4 2 0 0 0 0 4 0 2 6 4 6 10 8 18 0 0 0 16 14 2 0 10 0 2 14 0 0 0 2 12 4 0 0 8 0 6 8 4 14 10 16 0 2 0 8 16 10 4 4 0 6 0 20 6 10 0 0 0 0 0 18 0 0 6 4 20 6 8 0 8 14 2 0 16 0 0 6 0 4 22 0 0 0 0 4 0 2 0 0 12 14 20 0 0 6 0 12 2 0 6 0 0 4 16 0 4 0 12 0 14 6
 0 0 0 0 0 4 0 0 0 16 0 0 12 0 0 0 14 0 6 0 0 0 12 0 0 0 0 6 0 6 0 0 0 0 0 8 0 2 0 0 0 8 12 4 0 0 0 0 2 16 2 12 0 0 0 12 0 0 14 4 6 10 0 10 4 0 12 0 0 8 0 0 0 8 0 8 6 2 0 0 2 2 12 0 10 0 12 0 0 0 0 6 2 0 16 0 2 2 0 6 0 10 0 0 0 0 10 8 0 4 4 4 0 22 0 6 0 0 0 8 0 4 2 2 0 8 2 18 12 10 0 0 0 0 4 0 0 0 0 0 0 12 12 2 0 6 4 2 0 10 8 0 4 0 4 4 0 8 4 0 8 0 10 2 0 4 6 6 10 2 0 2 0 0 0 0 0 0 8 0 4 0 0 0 0 14 0 0 0 6 2 0 16 2 8 0 4 0 0 16
 2 14 0 14 0 2 4 18 4 16 2 2 22 6 8 6 18 0 20 0 8 6 10 6 12 20 10 14 18 18 16 6 4 8 6 0 10 4 0 0 8 0 10 16 14 0 14 8 8 24 30 12 0 0 0 4 0 0 4 20 16 18 2 30 8 0 10 4 6 14 2 4 2 18 8 14 12 4 12 6 12 18 18 0 2 0 10 2 2 0 8 8 4 0 20 0 16 8 2 8 12 14 4 0 4 8 12 14 6 8 8 10 12 12 6 10 0 18 0 28 6 0 8 4 8 8 10 16 10 6 8 12 14 2 16 12 6 2 2 2 6 12 12 18 0 10 8 10 12 6 0 0 10 8 14 2 12 0 4 18 8 0 6 0 2 8 10 12 8 10 0 0 2 4 14 6 2 10 26 0 20 14 2 0 0 14 6 12 6 8 12 12 16 10 0 18 10 4 10 18
 0 2 0 2 0 0 0 2 0 18 0 0 0 6 0 0 18 0 12 0 0 8 10 0 6 2 0 16 6 6 4 0 0 4 0 2 8 0 0 0 6 4 6 2 0 8 0 0 0 12 20 6 0 0 0 0 6 0 0 8 4 8 0 6 0 0 4 0 0 0 0 0 0 8 2 0 4 16 6 0 0 2 10 0 0 0 18 0 0 0 0 4 0 0 10 0 0 10 0 0 2 6 2 0 0 0 0 10 0 0 4 0 2 16 4 10 0 10 4 2 0 0 0 0 0 6 4 6 12 0 0 10 0 0 4 0 0 4 0 12 0 14 4 12 0 0 0 0 4 0 0 0 0 2 10 8 12 0 12 12 2 0 0 0 0 0 2 4 0 2 12 0 0 4 2 0 2 0 12 2 6 6 0 0 0 0 2 0 6 20 4 8 16 10 0 2 8 0 0 16
 0 0 0 2 0 0 0 0 0 6 0 0 4 10 0 4 16 0 6 0 4 10 6 6 2 2 2 4 4 14 0 0 0 0 0 0 0 0 4 0 14 4 10 0 8 0 0 0 0 0 10 0 0 2 0 0 0 0 2 0 8 6 0 10 6 0 8 0 0 12 6 0 2 16 0 0 6 2 10 0 0 4 8 0 0 0 4 0 0 0 2 0 0 0 10 0 0 0 0 0 4 8 2 0 0 0 8 6 0 0 0 10 0 8 0 0 0 0 4 4 0 0 0 0 2 0 4 10 2 12 0 0 0 0 6 0 0 2 2 0 0 10 0 0 0 6 0 0 4 2 0 0 0 0 4 0 0 0 0 12 2 0 2 10 0 0 0 2 0 0 6 0 0 0 0 0 0 0 10 0 8 8 0 0 4 2 0 0 0 0 6 0 10 0 0 0 6 0 0 12
 14 0 2 4 0 2 0 8 0 16 0 2 12 0 4 0 16 0 24 0 8 4 0 12 2 12 0 6 0 16 4 4 0 0 0 0 6 8 4 0 8 4 6 6 6 2 4 10 2 4 22 4 0 0 0 0 0 0 16 22 8 6 6 6 0 0 10 0 0 4 0 0 0 10 0 0 2 4 2 0 0 12 12 6 14 0 14 6 8 0 6 2 0 0 10 0 0 6 14 0 14 10 14 0 6 0 6 4 0 2 0 4 8 16 0 10 0 2 8 0 0 0 6 0 0 10 10 10 12 12 6 12 6 4 12 2 10 6 0 6 0 18 2 6 0 6 4 2 12 6 0 0 2 0 26 0 8 0 16 0 0 0 0 0 0 0 2 0 12 4 2 0 0 2 0 0 0 0 6 0 12 8 0 6 0 8 0 14 2 2 0 4 16 2 0 0 6 0 0 22
 2 4 0 14 0 6 6 14 14 12 0 4 10 18 6 12 34 14 14 0 0 4 10 2 8 10 18 12 4 16 14 0 0 2 0 0 18 4 0 0 8 4 2 0 12 6 16 2 0 18 12 12 0 0 0 4 2 0 0 22 28 14 0 16 12 0 12 0 0 2 10 6 4 18 12 10 12 0 0 0 14 4 12 2 10 2 16 0 4 0 0 6 2 0 10 6 2 16 0 8 8 8 4 2 0 0 4 24 0 0 12 0 14 16 2 2 2 14 10 12 0 0 6 0 0 16 0 22 2 12 0 8 0 2 0 6 10 2 0 2 0 20 2 0 0 14 10 0 6 16 6 16 0 2 24 4 4 0 4 14 6 0 12 2 0 12 0 16 0 0 12 0 12 8 8 0 0 0 28 2 16 10 0 4 6 8 0 4 0 12 2 8 14 10 0 14 2 0 14 22
 0 16 0 18 14 12 0 22 2 26 0 0 14 12 2 0 26 6 16 2 12 10 2 16 8 16 2 6 0 2 10 12 2 6 0 8 8 0 6 0 4 16 6 14 10 12 2 4 2 16 26 18 8 0 0 12 4 0 14 0 20 28 6 14 14 6 16 0 8 0 14 6 8 16 6 6 14 6 4 0 8 8 16 0 26 8 16 2 8 0 2 18 4 4 14 8 6 14 24 12 2 8 4 0 2 0 6 20 12 2 14 10 0 8 2 8 2 16 10 20 0 0 6 4 8 0 16 18 6 22 0 10 0 8 14 8 14 10 0 6 4 14 12 10 2 8 6 6 6 18 4 12 8 2 22 20 8 0 8 8 8 2 24 6 8 14 16 6 20 8 6 0 0 14 6 2 0 0 26 20 20 14 2 6 6 4 4 0 2 10 12 10 18 18 2 6 14 0 2 14
 0 14 0 12 0 4 14 2 2 10 0 2 12 4 0 0 20 0 10 2 8 0 12 0 10 20 0 14 10 16 18 6 0 10 0 0 8 10 8 0 4 6 16 20 10 2 4 0 12 6 14 6 0 4 0 0 0 0 6 6 10 26 2 12 8 6 12 0 4 4 0 10 2 2 0 6 14 2 0 0 0 6 10 0 10 0 6 14 4 8 0 14 0 0 4 0 6 14 0 8 4 8 16 0 6 4 6 10 0 0 12 6 0 10 0 2 0 10 6 12 0 0 4 12 4 4 10 6 12 8 0 12 0 6 12 0 0 2 0 2 2 14 2 16 0 0 0 0 0 12 4 0 4 2 12 6 6 0 20 18 8 4 6 4 16 0 12 10 14 6 2 0 2 6 12 2 2 0 12 6 14 4 0 4 0 2 4 2 0 4 4 4 12 2 2 0 12 2 2 6
 0 0 0 0 0 0 0 0 0 0 0 0 0 0 0 0 0 0 0 0 0 0 4 0 0 0 0 0 0 0 0 0 0 0 0 0 0 2 0 0 2 0 0 0 0 0 0 0 0 0 2 0 0 0 0 0 0 0 0 0 0 0 0 0 0 0 0 0 0 0 0 0 0 0 0 0 0 0 0 0 0 0 0 0 0 0 0 0 0 0 0 0 0 0 0 0 0 0 0 0 0 0 0 0 0 0 6 6 0 0 0 0 0 8 0 0 0 0 0 0 0 0 0 0 0 0 0 0 0 0 0 0 0 0 0 0 0 0 0 0 0 6 0 0 0 0 0 0 0 0 0 0 0 0 0 0 0 0 0 8 0 0 0 2 0 0 0 0 0 0 0 0 0 0 0 0 0 0 0 0 0 0 0 0 0 0 0 0 0 0 0 0 2 0 0 0 0 0 0 0
 0 4 0 4 0 0 0 0 0 14 0 0 6 2 0 0 6 4 2 0 2 0 2 8 0 10 0 2 6 10 0 0 0 0 0 0 2 0 4 0 0 0 0 6 2 0 0 0 0 8 2 0 0 0 0 0 0 0 4 8 6 0 4 2 8 0 6 0 0 4 0 0 8 6 0 4 2 0 0 0 2 0 10 0 4 0 10 0 0 0 0 4 0 0 2 0 2 10 2 0 0 2 6 0 0 2 6 6 0 0 0 0 0 16 0 0 0 2 0 10 0 0 0 0 0 0 10 0 0 10 0 8 0 2 0 0 0 0 0 2 0 2 12 0 0 0 2 0 4 10 0 0 4 0 4 0 0 0 8 16 10 0 0 0 0 0 4 0 0 0 2 0 0 0 2 0 0 0 12 0 6 2 0 2 0 0 0 0 0 8 0 0 10 0 0 0 0 0 10 2
 0 0 0 0 0 0 0 0 0 6 0 0 4 0 0 0 2 0 6 0 0 0 0 0 0 0 0 0 0 0 0 0 0 0 0 0 0 0 0 0 0 0 0 0 0 0 0 0 0 0 0 0 0 0 0 0 0 0 0 0 6 6 0 0 0 0 6 0 0 0 0 0 2 0 0 0 0 0 0 0 8 0 2 0 0 0 8 0 0 0 0 0 0 0 0 0 0 0 0 0 0 0 0 0 0 0 0 0 0 0 0 0 0 8 0 0 0 0 0 0 0 0 0 0 0 0 0 8 0 0 0 0 0 0 0 0 0 0 0 0 0 0 0 0 0 0 0 0 0 0 0 0 0 0 0 0 0 0 2 6 0 0 4 0 0 0 0 0 6 0 0 0 0 0 0 0 0 0 0 0 0 0 0 0 0 0 0 0 0 0 0 0 0 0 0 0 0 0 0 4
 0 0 0 10 0 0 0 0 0 2 0 0 8 4 0 0 8 0 0 0 0 0 0 0 0 8 8 4 4 2 0 0 0 0 0 4 2 0 0 0 0 0 2 2 0 0 0 0 0 0 12 0 0 0 0 0 0 0 6 0 8 2 0 4 10 0 0 0 0 0 0 12 0 2 0 0 0 0 2 0 0 0 10 0 0 0 0 0 0 0 0 0 0 0 8 0 0 6 2 10 0 0 0 0 0 0 8 8 0 0 4 0 0 10 0 0 0 12 0 6 0 0 0 0 0 0 0 6 0 8 0 2 0 0 0 0 0 0 0 0 0 10 0 0 0 2 0 0 0 0 0 0 0 0 14 0 0 0 0 0 0 0 0 0 2 0 0 0 0 0 0 0 0 0 0 0 0 0 6 0 0 0 0 0 0 0 0 0 4 10 6 0 12 2 0 0 0 0 2 4
 10 6 0 8 0 0 4 14 0 18 0 4 16 10 4 12 22 8 14 6 8 2 6 14 28 10 0 8 4 18 4 6 0 4 8 0 12 8 2 0 2 8 4 20 0 10 2 10 10 10 18 8 2 0 0 4 12 0 8 6 16 4 0 10 10 14 18 0 6 2 16 0 12 8 14 6 4 8 8 0 10 14 16 8 14 0 12 6 6 6 10 12 6 2 12 0 4 16 4 14 14 18 10 0 2 0 12 18 10 2 10 8 4 22 0 8 4 16 16 14 0 0 8 10 8 2 22 10 12 16 0 22 4 4 14 6 8 4 0 22 12 18 22 12 0 12 6 0 12 6 0 6 0 12 20 0 10 0 8 12 12 10 10 4 2 4 0 4 8 8 10 0 12 10 10 0 0 4 20 10 20 14 0 0 0 6 0 2 16 10 8 4 20 8 4 0 12 2 10 10
 0 0 0 0 0 0 0 0 0 6 0 0 22 0 0 0 8 0 12 0 0 0 0 0 0 6 0 0 0 4 0 0 0 0 0 0 0 4 0 0 4 2 0 2 0 6 0 0 0 12 12 2 0 0 0 0 0 0 8 12 10 0 2 0 4 0 4 0 0 4 8 0 8 0 0 0 0 0 4 0 0 0 4 0 0 0 0 0 0 0 0 0 0 10 10 0 6 8 0 6 2 8 0 0 4 0 4 8 0 0 0 4 0 0 2 2 0 0 4 6 0 0 14 4 0 4 0 8 4 0 0 2 0 0 10 0 0 0 0 0 0 14 12 4 0 0 0 0 0 2 8 0 0 0 12 8 0 0 0 4 0 6 4 0 0 0 0 0 6 0 2 0 8 0 0 0 0 0 14 0 12 6 4 0 0 4 0 0 0 0 0 0 8 4 0 0 0 0 0 8
 2 0 0 12 4 0 0 4 10 6 0 6 8 2 0 0 10 0 22 0 0 6 14 8 10 14 18 2 8 18 0 10 0 2 0 8 16 14 0 0 2 0 4 8 6 0 6 6 0 10 14 0 0 0 0 0 4 0 10 18 14 10 2 12 0 4 12 0 0 10 6 8 2 22 0 6 0 4 6 2 8 10 0 2 14 0 10 0 4 0 0 0 2 0 6 0 6 10 0 0 0 0 18 0 2 0 12 14 4 0 2 6 0 14 0 0 2 12 6 8 0 0 10 0 6 10 12 12 8 6 4 12 0 10 16 0 6 2 0 2 2 10 12 12 0 18 0 14 10 22 0 2 10 6 24 2 0 0 6 16 0 10 4 8 6 0 12 10 18 4 0 4 8 0 0 0 0 8 12 4 8 4 2 10 0 8 4 6 0 4 0 8 4 10 6 6 0 0 8 22
 0 0 0 0 0 0 0 0 0 0 0 0 0 0 0 0 16 0 2 0 0 0 2 0 8 2 0 6 0 0 4 0 0 0 0 0 2 0 0 0 0 0 0 0 4 0 0 0 0 6 8 0 0 0 0 0 0 0 0 0 8 0 0 10 0 0 0 0 0 0 0 6 2 4 0 0 12 0 0 0 0 8 16 0 0 0 14 0 0 0 0 0 0 0 4 0 2 10 0 0 6 0 2 0 0 0 0 6 0 0 0 0 4 20 0 8 0 12 0 4 0 0 2 0 0 0 0 0 4 8 0 4 0 0 6 0 0 0 0 0 0 2 0 0 0 0 0 0 0 6 0 0 0 0 22 4 0 0 0 6 0 0 14 0 0 0 0 0 0 0 0 0 2 0 0 0 0 0 4 0 0 0 0 0 0 0 0 0 0 4 0 0 12 0 0 0 0 0 2 0
 6 0 0 16 2 6 6 4 0 8 0 0 16 6 0 6 24 0 16 0 2 0 4 2 6 2 10 14 0 10 10 0 0 2 0 12 10 2 2 0 8 4 0 4 12 2 2 6 2 12 18 14 0 2 0 0 0 0 16 0 24 20 4 10 12 0 10 0 0 2 8 0 0 12 0 6 2 6 8 0 8 8 10 0 16 0 18 0 0 10 10 8 0 2 4 0 2 6 0 10 0 6 14 0 0 0 14 8 0 0 8 4 0 18 4 0 0 8 0 14 0 0 10 0 0 20 0 8 10 16 0 8 2 6 8 0 0 10 0 4 0 20 2 2 0 0 10 4 0 14 0 0 8 2 12 24 8 0 14 10 0 4 10 0 6 0 0 0 10 0 8 0 0 8 6 0 0 0 20 8 0 2 4 2 0 10 0 0 10 14 2 6 14 4 2 8 8 0 4 16
 0 4 0 12 0 0 0 2 0 10 0 4 12 6 0 4 18 2 4 0 8 0 0 8 20 12 0 6 6 12 4 0 0 6 0 4 2 12 0 0 8 0 18 18 0 4 4 0 0 2 4 0 0 0 0 0 0 0 0 10 4 0 0 0 0 8 4 0 0 8 0 6 0 14 2 2 8 0 4 0 6 2 8 6 0 0 4 0 4 0 0 0 0 0 16 0 0 10 0 4 8 12 6 0 12 0 14 14 2 0 0 0 2 14 0 6 0 12 2 16 0 0 0 2 0 2 4 8 12 20 0 2 0 0 0 0 0 4 0 2 0 14 6 4 0 0 2 0 8 10 10 6 16 6 20 6 2 0 8 12 12 0 6 0 0 0 6 0 10 0 0 0 2 4 0 0 10 0 18 12 12 8 0 2 0 6 0 0 0 0 0 2 14 0 4 6 12 0 6 8
 0 0 0 14 0 0 0 12 8 10 0 0 10 0 0 2 18 2 10 0 2 0 4 6 20 24 0 16 4 8 8 0 0 0 6 2 6 0 6 0 0 0 2 8 2 2 12 0 0 12 10 16 0 0 0 2 2 0 0 2 28 20 0 8 0 2 14 2 0 0 4 6 12 8 8 16 8 4 0 0 10 6 20 0 10 4 16 0 6 0 0 0 0 0 8 2 2 16 10 8 4 4 10 0 0 0 18 6 4 0 2 0 4 14 0 0 0 0 0 12 0 2 0 0 2 8 8 12 14 10 0 0 4 0 2 0 2 0 0 4 0 14 4 0 0 0 0 2 6 6 2 4 0 0 4 12 2 0 16 18 10 0 6 0 2 2 4 0 14 0 12 0 0 8 0 4 0 2 10 16 18 0 0 10 2 6 0 4 0 0 0 12 20 0 0 0 8 0 2 20
 0 0 0 0 0 0 0 0 0 8 0 0 0 4 0 0 8 0 16 0 0 0 0 0 2 4 2 6 4 0 0 8 0 0 0 2 6 2 4 0 0 0 2 6 6 0 0 0 2 0 6 0 0 0 0 2 0 0 2 0 0 4 0 0 0 0 0 0 0 0 0 4 0 0 0 0 10 6 0 0 0 8 20 0 0 0 4 4 0 0 0 6 0 0 0 0 0 18 0 0 0 0 6 0 0 0 0 14 0 0 0 0 0 6 0 0 0 8 6 2 0 0 14 0 0 8 8 10 4 16 0 10 0 0 2 0 0 0 0 0 2 16 14 2 0 0 0 0 0 6 0 0 0 0 22 4 0 4 0 8 4 0 10 0 4 0 0 0 0 4 0 0 0 2 0 0 0 0 8 0 8 0 0 8 0 0 0 0 4 0 0 0 14 0 0 12 0 2 0 14
 0 0 0 12 0 0 2 0 0 14 0 2 0 4 0 0 22 0 18 0 0 8 0 10 14 12 12 8 6 22 6 0 0 6 0 4 6 2 4 0 0 6 14 10 0 2 0 0 0 10 10 0 0 0 0 0 0 0 12 0 0 10 0 6 16 0 6 0 0 12 2 0 0 0 2 2 0 10 0 0 10 2 2 8 10 0 4 0 4 0 6 0 0 0 8 0 4 4 0 2 0 16 2 0 4 0 0 4 0 2 0 6 0 10 0 2 0 10 0 4 0 0 8 0 0 4 10 2 14 6 0 12 0 2 0 0 2 4 0 0 0 10 8 2 0 0 2 0 0 6 0 0 2 4 16 0 2 0 0 4 4 0 12 0 0 0 4 0 8 0 0 0 0 0 4 0 0 0 6 6 4 0 0 6 0 12 0 4 6 0 0 10 6 0 0 0 2 0 8 8
 6 2 0 12 0 2 0 0 0 14 0 2 0 6 0 0 22 0 14 0 8 10 0 0 0 14 0 10 2 10 0 6 0 0 0 4 12 8 0 0 0 4 18 0 8 2 10 0 0 8 6 4 0 2 0 0 0 0 8 0 2 16 0 2 2 0 8 0 0 0 12 2 0 8 0 12 16 8 0 0 0 6 14 0 6 0 10 0 6 0 2 6 0 0 0 0 4 0 10 0 12 0 14 0 8 0 2 12 6 0 0 8 10 6 0 0 4 8 0 12 0 0 0 0 0 0 2 12 8 10 2 14 0 0 12 0 0 0 0 6 0 8 0 6 0 2 12 0 0 6 0 4 2 0 14 0 6 0 4 12 0 0 14 0 14 0 4 0 10 0 0 0 0 4 0 0 0 0 10 2 8 10 0 6 0 6 0 0 0 0 0 0 16 0 4 0 14 0 8 10
 0 0 0 0 0 0 0 0 0 0 0 0 0 0 0 0 0 0 0 0 0 0 0 0 0 0 0 0 0 0 0 0 0 0 0 0 0 0 0 0 0 0 2 0 0 0 0 0 0 0 0 0 0 0 0 0 0 0 4 2 14 10 0 0 0 0 0 0 0 0 0 0 0 0 0 0 0 0 0 0 0 0 2 0 0 0 2 0 0 0 0 0 0 0 0 0 0 0 0 0 0 0 0 0 0 0 0 0 0 0 0 0 0 0 0 0 0 4 2 0 0 0 0 0 0 0 0 0 2 0 0 0 0 0 0 0 0 0 0 0 0 0 6 0 0 2 0 0 0 0 0 0 0 0 0 2 0 0 0 4 0 0 0 0 0 0 0 0 0 0 0 0 0 0 0 0 0 0 0 0 6 0 0 0 0 0 0 0 0 0 0 0 0 0 0 0 0 0 4 0
 0 0 0 8 0 0 0 0 0 8 0 0 0 0 0 0 8 0 0 0 0 0 0 0 2 0 4 0 0 2 4 0 0 0 0 0 8 0 0 0 0 0 4 6 0 0 6 0 0 0 12 0 0 0 0 0 0 0 12 0 14 14 0 2 0 0 6 0 0 0 0 0 0 12 0 8 0 2 8 0 0 2 4 0 10 0 2 0 0 0 0 0 0 0 4 0 0 6 0 0 0 4 0 0 0 0 6 4 0 0 0 0 0 0 0 2 0 8 4 2 0 0 0 0 2 0 0 4 4 8 0 0 10 0 0 0 0 8 0 0 0 2 0 0 0 2 0 0 2 0 0 0 0 2 10 0 2 0 0 10 0 0 0 0 0 0 0 0 0 2 0 0 0 0 0 0 0 0 2 10 0 0 0 0 0 14 0 0 2 6 4 0 12 0 0 0 0 0 0 12
 0 12 0 12 0 0 0 6 0 22 0 0 6 6 0 0 12 0 12 0 4 6 12 0 10 10 4 8 18 14 4 0 0 6 0 2 16 0 0 0 6 2 0 6 8 0 0 0 0 12 18 4 0 4 0 2 0 0 6 8 18 8 2 16 8 0 14 0 2 6 14 6 0 10 6 0 0 2 0 0 2 10 4 0 6 0 18 0 0 6 6 8 8 0 8 0 0 6 4 6 0 10 12 0 0 0 0 8 0 6 6 6 0 8 0 0 6 8 2 24 0 0 6 0 0 0 0 14 2 2 0 0 0 10 10 0 0 8 0 0 0 2 12 8 4 4 2 0 12 14 10 0 10 6 18 14 8 0 0 16 0 10 18 2 0 0 10 16 10 0 0 4 2 16 0 6 0 0 20 8 10 10 0 10 0 8 0 0 8 10 6 0 2 16 0 4 0 0 10 6
 0 6 0 4 0 0 0 0 0 10 0 4 12 0 0 0 18 0 16 0 0 4 0 14 8 2 0 6 0 0 6 2 0 0 0 0 2 0 10 0 2 2 0 14 0 2 0 4 0 0 16 2 0 0 0 0 0 0 2 16 6 0 0 0 2 0 4 0 0 0 0 2 4 2 0 2 6 0 0 0 0 0 10 0 2 0 10 10 0 0 0 4 0 4 2 2 0 2 0 0 4 4 6 0 0 0 2 14 0 0 0 0 0 14 0 0 0 6 4 2 0 0 16 2 2 0 8 12 0 6 2 0 0 0 0 0 0 4 0 6 0 12 0 0 0 0 0 0 0 0 0 0 8 8 10 0 10 0 4 4 0 2 0 0 0 4 14 4 0 0 2 0 0 2 0 0 0 2 2 16 10 2 2 10 0 6 0 0 0 0 0 2 8 6 0 0 8 2 6 6
 0 0 0 0 0 0 0 0 0 10 0 0 2 8 0 0 22 0 0 0 0 2 0 8 4 10 0 6 0 8 0 0 0 0 0 0 8 0 0 0 10 0 0 0 0 0 0 0 0 4 0 0 0 0 0 0 0 0 2 0 10 4 0 4 4 0 6 0 0 0 0 0 2 20 2 0 4 0 0 0 0 0 10 0 0 0 6 0 0 0 0 2 0 0 0 0 0 4 0 0 8 2 4 0 0 0 0 2 0 0 0 0 6 10 0 0 0 10 0 0 0 0 0 0 0 2 0 10 4 8 0 6 2 0 6 0 4 0 0 0 0 0 4 6 0 0 0 0 0 0 0 0 2 0 8 0 0 0 4 14 0 0 0 0 0 0 0 2 0 0 0 0 0 0 0 0 0 0 12 0 12 4 0 2 0 6 0 0 0 4 0 0 8 0 4 0 0 0 0 8
 2 10 0 12 0 6 10 4 0 12 4 2 16 14 0 4 12 0 16 2 0 12 12 8 12 6 2 14 8 16 6 2 2 6 0 6 14 4 0 2 16 10 8 26 22 2 14 6 0 14 20 0 0 0 0 0 4 0 20 14 22 32 2 14 14 6 22 0 0 24 6 12 2 16 18 8 0 6 16 0 0 6 24 8 10 2 18 0 6 0 6 6 2 6 14 0 0 12 0 8 0 14 16 0 0 0 2 12 2 0 12 16 0 22 2 8 2 14 8 22 0 4 0 10 8 2 8 16 10 24 0 22 6 0 10 0 12 8 0 0 0 22 6 22 0 12 10 8 4 4 12 12 10 6 8 4 16 2 10 18 0 2 12 2 10 0 16 12 4 6 12 0 12 14 6 10 4 0 8 12 16 14 0 6 2 8 6 10 6 0 12 10 2 12 12 0 8 0 10 26
 2 4 0 4 0 0 0 0 0 6 0 0 4 4 0 0 10 0 0 0 2 0 0 0 0 0 0 0 4 12 0 8 0 0 0 0 4 0 4 0 0 0 0 10 0 0 0 0 8 0 4 0 0 0 0 6 0 0 0 0 2 2 0 0 6 0 0 0 0 6 0 0 0 10 0 4 6 0 0 0 6 0 4 0 6 0 0 0 0 0 0 0 0 0 10 0 0 10 2 4 0 8 0 0 0 0 2 6 0 2 10 0 0 4 2 0 0 4 0 2 0 0 6 0 0 0 4 0 10 10 0 0 0 0 0 0 0 0 0 4 0 6 10 2 0 0 8 0 4 16 2 0 0 2 10 0 0 0 0 6 0 0 6 0 0 0 0 0 6 0 0 0 2 0 2 0 0 0 12 0 10 0 0 0 0 0 0 0 0 8 0 0 0 2 0 0 0 0 0 6
 0 0 0 0 0 0 0 0 0 0 0 0 8 0 0 0 0 0 0 0 0 0 0 2 4 4 0 0 0 0 0 0 0 0 0 0 0 0 0 0 0 0 0 4 14 0 0 0 0 4 0 0 0 0 0 0 0 0 0 0 4 8 0 0 0 0 0 0 0 2 0 0 0 2 0 0 0 0 0 0 0 0 0 0 0 0 0 0 0 0 0 0 0 0 0 0 6 0 0 6 0 0 0 0 0 0 2 0 0 0 0 0 0 0 0 0 0 0 0 0 0 0 0 0 0 0 0 6 0 0 0 4 0 0 0 0 0 0 0 0 0 2 0 2 0 2 0 0 0 0 0 0 0 0 14 8 0 0 0 4 0 0 0 0 0 0 0 0 0 0 0 0 0 0 0 0 0 0 0 0 0 0 0 0 0 2 0 0 0 0 0 0 2 0 0 0 0 0 0 0
