150
 0 7 1 17 0 0 0 3 3 7 13 0 0 7 0 0 0 11 7 0 0 0 3 1 5 5 0 3 0 0 0 0 15 0 0 0 0 0 0 9 1 7 0 3 9 0 9 1 5 0 1 0 0 9 3 0 13 0 0 0 0 1 7 1 3 15 7 0 1 0 0 0 9 0 11 0 3 0 0 13 13 11 7 11 5 0 0 15 0 0 0 0 0 5 0 7 9 11 3 0 0 0 1 3 0 13 13 0 3 1 21 0 1 9 7 0 9 0 9 7 7 0 9 0 9 0 15 3 3 5 0 0 3 0 0 0 0 5 13 3 0 15 5 0 0 5 1 0 1 0
 0 0 0 5 1 0 0 0 0 0 0 9 5 0 0 11 0 3 1 0 0 0 1 0 0 0 0 5 3 1 0 0 3 0 9 0 0 0 1 0 0 7 0 5 0 11 13 0 0 0 0 7 3 13 0 11 0 1 0 7 1 0 0 3 0 5 0 1 1 0 7 0 9 1 17 0 0 0 0 5 5 0 5 5 9 0 0 3 0 0 0 1 0 0 1 11 0 7 0 0 1 0 0 0 1 11 11 5 0 7 15 5 0 0 11 3 9 3 7 0 0 7 9 0 9 0 9 7 1 0 1 0 5 0 0 0 1 13 11 0 1 0 3 0 3 5 1 1 0 0
 0 1 0 5 0 0 13 0 0 3 0 0 0 0 0 1 0 7 11 0 0 7 5 0 5 0 1 5 7 0 0 0 11 0 5 0 0 0 0 0 0 3 0 1 5 0 1 0 0 0 5 7 7 3 5 1 0 0 0 0 0 0 3 1 3 1 13 0 1 0 1 0 0 0 0 0 9 0 5 5 1 7 17 0 0 3 0 0 0 0 0 7 0 1 0 7 9 3 0 0 1 1 3 9 0 7 11 7 0 1 7 3 3 0 1 0 11 1 3 0 9 0 7 0 7 0 5 5 0 0 1 0 0 1 0 0 0 3 5 1 1 0 3 0 0 0 0 0 1 0
 0 0 0 0 0 0 0 0 0 0 0 0 3 0 0 0 0 0 0 0 0 0 0 0 0 0 0 0 0 0 0 0 0 0 0 0 0 0 0 1 5 0 0 0 0 0 0 0 0 0 0 0 0 0 0 0 0 0 0 0 0 0 0 0 0 0 0 0 0 0 0 0 0 0 0 0 0 0 0 0 5 1 5 1 0 0 0 1 0 0 0 0 0 0 0 0 0 0 0 0 0 0 0 0 0 0 0 0 0 3 1 0 0 0 0 0 0 0 0 0 0 0 0 0 0 0 0 0 0 0 0 0 0 0 0 0 0 0 0 0 0 3 0 0 0 0 0 0 0 0
 3 0 9 9 0 9 9 1 1 11 9 3 7 7 0 7 0 3 7 0 0 3 7 1 11 1 0 7 3 0 5 7 9 0 1 0 9 11 1 0 7 9 0 3 9 13 17 13 7 0 9 9 9 15 9 17 13 1 0 9 1 5 7 7 3 15 5 7 0 0 5 0 11 0 7 0 17 1 13 9 1 9 7 5 13 1 3 11 0 0 3 17 0 15 0 3 0 19 3 0 0 0 5 7 3 9 13 5 0 7 15 0 0 15 21 3 13 0 7 0 7 5 21 5 17 3 0 17 5 3 7 3 5 0 0 0 5 3 11 11 11 0 3 0 1 1 3 0 7 0
 7 13 9 15 0 0 9 1 3 13 17 0 19 9 0 5 3 7 7 0 1 7 5 0 0 9 0 7 1 0 0 1 9 3 3 0 3 0 0 5 9 13 0 11 9 3 11 5 0 0 0 7 7 5 5 7 17 0 0 0 9 7 3 0 3 11 9 17 7 0 15 3 7 0 15 1 17 0 7 11 11 3 15 3 5 0 7 5 0 0 0 7 0 17 0 0 7 5 0 0 0 3 13 1 3 9 7 15 15 7 15 9 5 15 7 0 11 0 9 7 0 0 15 9 0 3 0 5 0 5 1 0 0 5 0 0 1 0 11 7 1 5 0 0 7 0 0 0 5 0
 1 3 0 5 0 0 0 0 0 0 0 0 9 0 0 0 0 1 0 0 0 0 1 0 7 1 0 0 3 5 0 1 7 0 0 0 0 0 0 3 0 3 0 0 0 5 9 0 1 0 0 7 11 1 9 0 5 0 0 0 0 3 0 0 0 7 1 0 0 0 5 1 1 0 11 0 0 0 1 9 11 7 13 0 0 0 0 5 0 0 0 1 0 7 0 11 0 11 1 0 0 0 0 0 0 1 5 0 0 1 11 0 0 1 13 0 9 5 0 0 0 0 5 0 9 9 1 7 0 0 3 0 0 0 0 0 0 0 3 0 11 1 1 0 0 0 0 0 0 0
 0 7 11 5 0 0 1 0 0 0 7 1 7 5 9 11 9 3 1 1 5 5 0 5 7 13 0 11 0 0 0 3 11 0 5 0 5 3 0 21 7 9 0 3 3 5 7 5 0 0 1 7 7 5 5 0 0 0 0 3 0 9 3 15 1 11 1 5 5 5 5 1 11 1 1 1 1 0 0 5 13 7 17 13 5 0 0 11 0 0 5 3 0 1 5 9 17 15 0 0 0 1 3 1 9 0 11 3 3 7 21 17 9 9 11 0 15 9 11 9 7 0 9 0 5 3 0 9 15 3 3 3 0 3 0 0 7 0 17 7 0 7 5 0 0 0 1 0 1 0
 0 5 3 11 0 0 1 9 0 3 0 5 5 5 5 9 0 5 13 0 5 3 11 1 5 17 0 19 3 3 0 1 19 1 15 0 0 0 0 9 0 5 0 7 15 13 7 5 0 0 9 9 5 13 5 7 9 3 0 5 7 3 9 3 0 11 3 3 1 0 1 0 9 1 5 1 3 5 1 7 5 9 11 1 5 7 3 1 0 3 0 15 0 11 0 19 13 7 9 0 0 0 5 7 0 5 9 9 1 13 17 1 3 9 1 0 11 9 11 1 0 0 17 1 17 9 3 15 9 0 7 7 3 3 0 0 9 5 9 0 3 1 7 0 0 0 0 1 3 5
 0 5 0 5 0 0 7 1 0 0 0 0 9 0 0 5 0 1 5 0 1 13 7 0 1 13 0 1 0 0 0 0 0 1 3 0 5 0 1 1 0 3 0 5 3 0 5 7 3 0 1 7 1 0 0 1 0 0 1 0 0 5 0 0 1 3 1 1 0 3 11 0 7 5 0 0 0 0 1 3 11 7 17 0 0 0 0 0 0 0 0 0 0 1 0 7 0 0 0 0 0 3 0 11 0 5 7 0 1 5 5 11 0 17 3 0 7 0 0 9 5 0 11 0 3 0 3 0 0 0 1 9 0 0 0 0 0 1 19 9 0 0 0 0 0 0 0 1 0 0
 0 13 7 9 0 0 11 0 1 1 0 0 13 9 0 1 9 1 9 0 3 1 5 0 3 0 0 3 0 0 0 5 7 0 3 0 0 1 0 7 9 19 0 5 0 0 17 9 0 0 0 3 3 1 0 0 11 0 0 3 0 0 7 3 1 9 3 3 1 0 0 1 3 0 5 1 0 0 0 0 7 9 11 9 9 0 0 7 0 0 0 9 0 5 9 13 5 11 0 0 0 0 5 0 0 5 21 0 0 5 5 5 3 9 11 0 5 0 5 5 3 0 3 0 3 9 7 3 0 0 0 0 0 5 0 0 1 0 13 3 0 3 9 0 0 0 0 0 0 0
 7 0 1 5 0 3 7 0 0 5 3 0 5 1 0 3 0 3 9 0 0 0 3 0 3 5 0 7 1 0 0 0 5 0 3 0 0 0 0 3 1 3 0 0 0 0 9 13 0 0 1 1 0 3 0 1 0 0 0 7 0 3 0 7 5 3 0 0 0 0 1 0 1 0 3 0 0 0 0 0 5 1 15 0 11 0 0 11 0 0 3 9 0 3 0 0 0 9 0 0 0 0 3 3 0 5 5 0 0 3 15 7 5 3 13 0 1 3 7 0 9 0 3 0 1 0 1 7 0 0 5 0 3 0 0 0 0 0 7 7 0 0 0 0 0 0 0 0 0 0
 3 0 1 0 0 0 0 0 0 0 0 0 0 0 0 0 0 0 1 0 0 0 0 0 5 0 0 0 0 0 0 0 5 0 0 0 0 0 0 1 1 1 0 0 0 0 1 0 0 0 1 0 1 0 0 7 0 0 0 0 0 0 0 0 0 0 0 0 0 0 7 0 0 0 0 0 0 0 0 0 11 0 7 0 0 0 1 3 0 0 0 1 0 0 0 0 5 1 0 0 0 0 0 0 0 0 9 0 1 0 13 0 0 0 1 0 0 1 0 1 0 0 3 0 1 0 0 5 0 0 0 0 0 0 0 0 5 0 5 3 0 0 5 0 0 0 0 0 0 0
 0 3 5 21 0 0 1 0 0 7 0 0 15 0 0 3 3 7 7 0 1 7 13 0 5 3 0 0 0 0 0 0 11 0 1 0 0 0 1 1 0 5 0 3 13 7 11 3 7 0 0 7 1 0 1 3 1 0 0 5 0 1 0 0 1 5 0 0 0 0 7 0 3 0 0 0 0 0 0 7 9 9 11 0 9 0 0 11 0 0 0 0 0 0 0 5 0 3 0 0 0 0 0 0 0 5 0 0 0 0 13 3 0 9 7 0 3 0 3 0 0 0 11 0 7 0 5 1 0 1 0 0 0 0 0 0 0 1 15 7 9 3 3 0 0 7 0 0 0 0
 5 3 3 1 1 7 1 0 0 1 3 3 7 9 0 1 0 3 7 0 0 0 1 0 5 0 0 5 5 0 0 0 13 0 0 0 5 3 0 0 0 15 0 0 3 7 15 0 0 0 5 1 13 3 3 0 1 0 0 5 0 1 0 3 3 3 1 3 0 0 0 0 0 0 0 0 0 0 7 3 0 5 13 1 11 0 0 9 0 5 0 3 0 0 0 11 3 7 0 0 0 0 1 0 3 0 11 0 0 5 7 0 0 3 5 0 7 0 0 3 3 0 5 0 11 0 9 9 7 3 1 0 0 0 0 0 0 3 9 0 0 0 3 0 3 0 0 0 0 0
 5 0 0 7 0 0 5 0 0 0 0 0 5 0 0 0 5 1 3 0 0 0 1 0 5 0 0 0 0 0 0 0 3 0 0 0 1 0 0 1 3 0 0 0 3 0 0 0 0 0 0 0 0 7 3 0 0 1 0 0 0 0 1 1 0 9 3 0 0 0 0 0 0 0 0 3 0 5 3 0 0 1 11 0 11 0 5 7 0 0 0 3 0 0 0 0 0 3 0 0 0 0 0 1 0 0 7 0 0 3 3 1 0 0 0 0 5 5 0 0 3 0 0 0 1 1 5 3 0 0 3 3 0 0 0 0 0 0 0 5 0 0 0 0 0 0 0 0 1 0
 7 3 5 3 1 0 1 0 7 1 0 3 1 0 1 0 0 0 7 0 0 1 0 3 1 0 0 0 9 0 0 0 13 0 0 1 0 1 0 7 3 9 0 3 11 0 5 3 0 5 9 0 7 7 3 3 0 0 0 0 0 3 0 1 3 0 1 0 3 0 1 0 0 3 0 7 1 0 5 0 5 1 23 0 9 0 3 7 0 3 1 0 0 0 0 3 5 17 0 0 5 0 0 3 0 7 17 0 0 3 15 13 3 3 11 3 11 1 7 3 7 0 11 0 5 0 17 9 0 3 7 0 0 0 0 0 0 9 11 13 0 1 0 0 0 0 5 0 0 3
 0 0 0 7 0 0 0 0 0 0 0 0 3 0 0 0 3 0 0 0 0 0 0 0 0 9 0 1 0 0 0 0 3 0 0 0 0 0 0 9 9 5 0 0 1 0 0 0 1 0 0 5 0 3 0 1 1 0 0 0 0 0 1 7 0 3 0 0 0 0 11 0 0 0 0 0 0 0 0 0 5 1 5 3 1 0 0 11 0 0 0 0 0 0 0 5 0 0 0 0 0 0 0 0 0 0 13 0 0 3 9 0 0 1 0 0 3 3 0 1 0 0 0 0 0 0 5 7 0 0 0 0 0 3 0 0 0 0 5 9 0 0 0 0 0 0 0 0 0 0
 0 0 0 9 0 0 1 0 0 0 0 0 0 0 0 0 0 5 0 0 0 1 0 0 9 0 0 0 0 0 0 0 11 0 0 0 0 0 0 0 0 1 0 0 0 1 0 0 0 0 0 0 1 0 11 1 0 0 0 0 0 5 0 0 0 1 0 0 0 0 0 5 0 0 0 0 0 0 0 0 5 0 11 0 0 0 0 0 0 0 0 1 0 1 0 5 1 0 0 0 0 0 0 1 1 9 0 0 0 1 0 0 0 0 0 0 0 1 0 0 3 0 0 0 11 0 0 3 0 0 3 0 0 0 0 0 0 0 1 0 0 0 3 0 0 0 0 0 0 0
 5 3 5 11 1 3 9 0 9 3 7 5 1 11 13 15 7 5 21 0 1 9 3 3 9 13 7 3 0 0 3 1 31 0 13 5 3 5 0 5 1 9 0 3 1 11 0 0 5 0 9 15 3 13 13 5 0 5 1 1 5 9 3 13 0 5 13 1 5 0 7 11 11 0 11 5 1 0 1 0 11 15 13 1 15 1 0 9 3 0 0 13 0 0 3 13 1 13 1 0 5 5 1 5 0 9 13 15 3 1 21 11 5 5 19 7 11 11 13 7 11 0 15 3 13 5 5 7 0 0 0 11 1 0 0 0 1 3 17 9 5 1 5 0 0 0 1 3 3 0
 1 1 1 11 1 0 3 0 0 0 0 1 9 0 3 7 1 3 3 0 0 0 11 5 5 0 0 0 1 0 0 0 7 0 0 0 0 0 1 7 0 15 0 0 11 7 11 1 5 0 9 1 5 1 3 13 5 0 0 0 7 5 5 5 3 1 1 1 1 0 1 9 0 0 13 0 5 0 0 0 1 17 19 7 5 0 1 5 0 0 0 0 0 1 0 13 0 1 0 0 0 0 5 3 0 0 11 0 0 3 17 0 9 7 11 0 0 5 3 3 5 0 13 3 13 0 3 9 1 3 9 0 3 0 0 0 0 3 13 0 0 3 11 0 0 0 1 0 3 0
 1 5 0 3 0 0 9 0 0 0 0 3 7 0 1 1 0 7 0 0 3 0 0 1 9 5 0 5 0 0 0 0 11 0 5 0 0 0 0 0 0 11 0 7 3 19 3 0 0 0 0 9 7 5 0 1 0 0 0 0 0 0 0 3 0 11 0 0 0 0 0 0 3 1 13 0 5 0 0 0 1 0 13 5 5 0 0 0 0 0 0 1 0 0 0 5 0 5 0 0 0 0 0 3 0 3 1 3 0 0 7 0 0 3 1 0 0 7 7 0 0 0 0 0 3 0 5 9 1 0 1 0 0 9 0 0 0 1 5 0 0 0 0 0 0 0 0 0 0 0
 0 0 0 5 0 0 0 1 0 0 0 0 5 0 0 0 1 5 1 0 0 5 0 0 3 7 0 1 1 0 0 0 7 0 0 0 0 0 0 0 0 3 0 0 7 11 13 0 0 0 0 3 3 0 0 3 0 0 0 0 0 3 5 0 1 5 0 0 0 1 0 0 0 0 0 0 0 0 0 5 0 9 7 0 1 0 0 1 0 1 0 5 0 0 0 13 5 11 0 0 0 0 1 3 0 7 3 5 1 0 13 0 0 0 9 0 0 0 9 0 0 1 3 0 3 1 11 5 3 0 7 0 9 0 0 0 0 1 13 0 0 0 0 0 0 0 0 0 0 0
 0 1 9 3 0 9 1 0 0 1 7 7 9 7 7 3 0 11 1 0 0 0 3 0 13 3 0 13 1 0 0 11 15 0 9 0 3 3 3 0 1 5 1 9 9 5 9 0 0 0 7 0 15 3 13 7 11 0 0 9 0 5 5 0 0 9 0 0 0 0 7 0 0 1 9 5 5 0 0 5 1 13 13 7 11 0 0 9 0 0 0 1 0 7 0 17 7 13 0 3 0 0 1 0 0 9 11 0 0 1 17 11 0 5 7 0 13 7 3 0 9 0 5 5 13 7 5 7 3 5 9 3 7 0 0 0 1 3 1 5 5 0 3 0 0 0 5 3 5 0
 0 7 0 7 0 1 0 0 0 0 0 0 0 0 0 0 0 5 0 0 0 0 0 0 0 9 0 1 0 0 0 0 7 0 5 0 0 5 0 1 5 0 0 0 1 0 9 0 0 0 0 1 3 0 9 0 11 0 0 0 0 0 5 0 1 5 1 0 0 0 9 0 3 0 1 0 0 0 0 0 1 5 5 0 3 0 0 0 0 0 0 0 0 0 0 9 0 3 0 0 0 0 0 0 0 7 5 0 0 0 11 3 0 7 5 0 3 0 5 5 5 0 3 0 7 1 7 1 0 0 0 0 0 0 0 0 0 0 7 7 0 9 0 0 0 0 0 0 7 0
 0 1 7 1 0 0 0 0 0 0 11 0 5 0 3 3 1 0 9 0 1 0 0 0 0 0 0 0 1 0 0 0 1 0 0 0 0 0 0 0 0 0 0 0 11 0 0 1 0 0 0 0 5 0 0 0 1 0 0 0 0 0 0 0 0 7 0 0 0 0 3 0 0 0 0 0 0 0 0 7 1 0 0 0 1 0 0 0 0 0 0 0 0 0 0 0 5 0 0 0 0 0 0 1 0 0 0 0 0 11 19 0 0 1 0 0 1 0 0 0 0 0 0 3 0 0 0 0 3 0 0 0 0 1 0 0 0 0 3 0 0 0 0 0 0 0 0 0 0 0
 7 13 0 15 5 3 7 1 7 11 9 21 5 3 7 11 3 9 3 0 3 13 7 1 7 5 0 5 9 0 1 0 13 0 9 0 3 1 0 7 7 9 9 7 5 11 7 11 3 0 5 7 3 0 13 1 17 0 0 5 5 3 7 1 3 15 11 0 7 1 0 0 7 0 11 5 3 3 0 3 13 9 17 15 5 3 0 3 0 0 1 1 0 7 0 7 11 9 3 0 3 3 5 7 7 7 11 3 11 5 19 9 7 19 1 0 9 5 5 5 9 0 3 11 17 5 9 9 3 3 13 9 1 7 0 0 3 7 15 11 1 13 11 0 0 5 0 0 1 0
 0 0 0 7 0 0 5 0 0 0 0 0 1 5 0 7 7 0 11 0 7 0 0 0 0 1 0 0 0 0 0 3 7 0 0 0 0 0 0 0 1 7 0 0 9 3 0 0 0 0 0 0 0 0 0 0 5 0 0 1 5 0 0 0 0 0 0 0 0 1 7 0 0 0 1 1 0 0 0 0 0 5 11 0 7 0 0 0 0 0 0 0 0 0 1 3 5 3 0 0 0 0 0 1 1 0 11 0 0 0 13 0 0 0 5 1 11 9 0 11 0 0 9 0 0 0 7 1 1 0 3 1 3 1 0 0 0 1 3 3 5 1 0 0 0 0 0 0 5 0
 1 0 0 9 0 0 0 11 0 7 3 0 9 9 0 7 0 3 5 1 0 1 0 0 3 0 0 7 0 0 0 0 5 0 3 0 0 0 0 5 0 7 0 7 0 9 13 7 9 0 0 1 0 1 5 5 0 0 0 11 3 1 0 1 1 5 0 0 0 0 5 5 0 0 5 1 1 0 0 3 5 0 19 5 7 0 3 3 3 0 0 13 0 7 0 3 13 15 0 0 0 0 3 0 0 3 13 0 0 0 19 0 0 9 11 0 11 3 3 0 5 0 5 0 9 0 13 13 0 5 3 0 1 0 0 0 0 5 9 1 0 5 0 0 0 0 0 0 0 1
 13 0 11 7 5 5 0 5 0 5 5 5 19 13 7 13 13 9 11 3 1 17 13 1 7 19 1 5 7 0 0 13 21 0 15 7 0 3 0 7 3 3 0 1 13 11 5 15 11 0 5 11 13 11 13 15 17 0 0 9 9 11 5 7 13 11 0 0 7 3 17 0 15 9 11 5 13 0 13 19 13 13 19 9 13 0 9 13 0 9 0 7 0 3 0 21 11 7 7 0 0 3 7 3 3 1 17 9 3 5 19 9 15 9 15 0 17 15 19 15 9 0 25 9 5 3 3 9 11 9 13 5 9 3 3 1 0 1 17 13 7 3 3 0 0 9 0 0 9 0
 11 5 9 13 0 15 15 1 1 17 11 13 15 13 7 15 9 19 9 0 5 9 15 7 15 19 0 17 15 1 0 1 11 9 7 0 11 5 5 7 13 19 7 7 9 1 19 9 5 0 13 9 19 9 3 11 11 0 5 15 5 9 13 9 7 31 15 7 11 1 11 13 3 9 5 1 17 1 17 13 17 17 21 0 15 5 5 15 0 1 1 5 0 15 5 15 19 17 1 0 5 9 15 7 1 5 23 5 7 9 19 17 7 17 17 5 17 5 19 11 5 3 15 5 19 13 15 7 7 13 9 1 11 11 3 5 1 9 23 5 3 11 9 7 3 5 13 3 13 3
 11 1 1 9 0 0 0 0 0 7 0 3 1 9 13 5 9 3 1 0 1 3 3 0 5 3 1 0 5 0 0 0 9 0 5 0 3 1 0 5 3 11 0 1 5 7 11 1 1 0 0 9 15 1 11 1 1 0 0 0 0 0 5 7 0 3 9 3 1 0 5 5 7 0 3 9 0 0 0 0 11 0 15 9 1 0 1 3 0 0 0 9 0 0 0 1 9 11 0 0 0 0 1 5 0 11 7 0 0 3 13 7 0 3 11 3 7 5 5 5 7 0 5 0 5 0 3 3 5 0 9 5 0 3 0 0 0 0 9 3 7 0 1 0 0 0 0 0 9 0
 0 0 0 3 0 0 0 0 0 1 0 0 0 0 0 0 0 0 0 0 0 0 0 0 0 0 0 0 0 0 0 0 0 0 1 0 0 0 0 0 0 3 0 0 0 1 0 0 0 0 0 0 5 0 0 0 0 0 0 0 0 0 0 0 0 0 0 0 0 0 0 0 0 0 0 0 0 0 0 0 0 0 0 0 0 0 0 0 0 0 0 0 0 0 0 3 0 0 0 0 0 0 0 0 0 0 0 0 0 0 0 0 0 3 0 0 0 0 0 0 0 0 3 0 0 0 0 1 0 0 0 0 0 0 0 0 0 0 5 0 0 0 0 0 0 0 0 0 0 0
 1 9 11 7 7 0 7 3 0 0 7 11 7 1 7 9 7 7 13 11 5 3 9 7 17 5 3 9 7 11 0 5 11 0 5 0 7 3 0 11 7 5 1 1 5 7 11 7 7 3 11 5 23 9 7 7 13 3 1 1 5 3 7 17 11 7 7 0 0 0 1 3 7 7 11 1 1 3 11 9 9 9 13 13 5 5 5 9 0 5 0 9 0 15 0 3 17 13 0 0 0 0 5 5 9 9 17 1 5 5 19 7 5 7 3 7 17 9 3 1 9 0 13 3 7 13 9 11 7 1 11 13 3 0 3 5 5 9 11 1 9 17 13 0 5 7 5 3 3 3
 1 0 0 11 0 0 1 0 0 0 0 0 9 0 1 3 7 5 3 0 1 0 5 0 0 3 0 1 0 0 0 0 0 0 0 0 0 0 5 0 5 3 0 0 11 0 3 0 0 0 0 0 3 9 1 0 5 0 0 0 0 0 0 5 0 0 0 5 0 0 5 0 0 0 1 0 0 0 0 7 5 5 11 3 3 0 1 5 0 0 0 0 0 5 0 0 3 9 0 0 0 0 0 0 0 1 7 0 0 0 13 1 0 5 7 1 7 0 0 1 0 0 5 0 0 0 0 7 0 0 0 5 0 0 0 0 0 0 7 7 0 0 0 0 5 0 0 0 0 0
 13 3 5 21 9 11 5 7 5 7 13 11 9 7 7 9 0 13 9 0 13 1 5 11 9 19 7 5 7 0 5 1 13 9 13 0 3 3 11 19 5 13 3 5 9 15 11 15 7 0 9 17 13 11 9 7 7 7 5 11 5 9 0 13 9 13 13 5 9 7 3 7 5 11 11 3 11 0 3 7 9 11 23 9 17 11 1 13 0 13 0 19 0 11 5 17 11 7 7 0 3 5 7 15 5 7 15 3 3 11 25 11 9 17 15 9 7 13 11 11 9 0 5 3 11 11 7 7 9 9 23 3 9 11 0 0 5 7 23 7 9 13 0 0 3 3 3 3 11 0
 3 1 3 17 0 0 3 0 1 0 5 1 17 3 0 0 11 13 1 0 5 3 7 0 3 7 0 9 1 3 0 0 11 0 5 0 0 1 0 9 5 1 0 0 11 7 7 7 5 0 11 19 11 3 7 5 9 3 0 0 7 1 3 1 0 11 0 0 5 1 3 3 3 1 11 0 3 3 0 7 7 3 7 11 15 3 5 15 0 1 0 1 0 0 3 5 5 9 0 0 0 3 0 1 0 0 11 0 0 3 15 3 11 5 13 9 11 9 9 3 1 0 5 1 0 5 0 13 5 3 7 5 0 0 0 0 0 1 7 5 13 7 3 0 0 5 0 5 3 0
 1 5 7 7 0 5 3 0 3 1 0 5 7 5 0 5 0 7 11 0 5 11 7 0 0 9 0 7 1 0 0 0 15 0 7 0 0 0 9 1 5 13 0 3 1 13 15 0 7 0 3 13 5 7 11 1 3 0 1 1 0 11 3 3 0 5 9 5 0 0 9 0 21 0 1 3 9 3 0 7 7 11 17 7 7 0 3 9 0 0 0 11 0 1 0 9 11 9 0 0 0 0 5 1 0 15 11 0 1 9 19 9 7 3 9 0 15 1 11 9 9 0 13 0 9 0 0 9 3 0 1 0 0 0 0 0 0 11 7 1 1 3 3 0 0 3 0 3 0 0
 1 0 5 11 0 1 13 5 1 0 7 1 15 0 13 7 11 1 13 7 0 3 5 0 11 3 3 3 3 9 0 3 11 5 0 0 5 0 0 0 7 17 3 5 0 0 15 1 0 1 7 7 11 1 3 3 9 0 0 0 3 7 3 13 5 9 3 0 0 1 9 0 0 0 7 0 3 0 13 5 9 7 19 7 1 5 0 9 0 0 0 1 0 5 0 17 11 9 0 0 0 0 9 5 1 5 17 0 3 0 13 5 7 1 7 3 0 3 5 13 0 0 13 3 13 1 9 11 13 0 13 7 0 5 0 0 3 17 15 11 9 0 9 0 0 0 3 0 11 0
 0 5 5 0 1 0 0 0 0 0 0 0 0 0 3 0 0 0 5 0 0 3 7 1 0 3 0 5 0 0 0 0 11 0 1 0 0 0 1 0 0 1 0 0 0 1 1 0 0 0 3 0 0 3 0 0 7 0 0 3 0 5 1 3 0 3 0 3 0 0 1 0 7 5 0 0 7 0 0 3 7 3 5 5 3 0 0 5 0 0 3 0 0 7 0 1 1 3 0 0 0 0 0 0 0 0 9 0 0 0 13 3 0 15 1 0 5 0 3 1 0 0 7 0 1 1 0 5 0 0 0 0 0 0 0 0 0 0 13 7 0 3 1 0 0 0 1 0 11 0
 0 7 3 0 0 0 7 0 3 1 0 0 0 5 3 0 0 0 3 0 1 5 1 0 0 3 0 0 1 0 0 0 7 0 0 0 0 0 0 1 0 3 0 9 0 0 0 0 0 0 0 0 3 5 1 0 5 0 0 0 0 0 0 0 1 3 0 0 0 0 0 0 0 0 7 0 0 0 0 0 7 3 7 7 0 0 0 0 0 0 0 3 0 1 0 0 1 11 0 0 0 0 3 0 0 1 3 0 0 1 0 0 0 5 0 0 9 0 0 3 5 0 7 0 5 1 3 0 0 0 1 11 0 0 0 0 1 0 5 7 0 0 0 0 0 0 0 0 3 0
 0 0 0 1 0 0 0 0 0 0 0 0 0 0 0 1 0 0 0 0 0 0 0 0 3 1 0 0 0 0 0 0 0 0 0 0 0 0 0 0 0 0 0 0 0 3 3 0 0 0 0 0 0 1 3 0 0 0 0 0 0 3 0 0 0 0 0 0 0 0 0 0 0 0 0 0 0 0 0 0 0 0 1 1 0 0 0 0 0 0 0 0 0 0 0 0 1 7 0 0 0 0 0 0 0 11 0 0 0 0 13 0 0 0 0 0 0 0 3 0 0 0 0 0 1 0 0 5 0 0 0 0 0 0 0 0 0 0 7 0 0 0 0 0 0 0 0 0 0 0
 11 9 9 15 7 9 5 9 9 13 17 7 9 13 21 3 1 5 13 1 11 15 9 0 13 11 0 15 13 3 0 17 15 0 13 0 5 5 0 3 7 15 0 9 15 7 21 13 5 3 3 17 15 11 3 1 5 0 0 9 15 9 3 15 5 19 3 5 7 1 9 0 3 11 9 1 9 0 9 15 19 13 21 13 19 5 7 11 3 5 1 11 0 0 0 21 13 11 1 0 1 3 5 5 0 15 19 3 13 0 23 11 15 11 11 3 17 3 15 5 5 3 13 7 19 0 13 9 7 11 13 3 5 15 0 5 0 13 19 5 7 0 0 0 3 1 13 3 7 0
 0 0 0 11 0 0 1 0 0 0 0 5 5 0 1 3 0 3 13 0 3 0 3 0 5 7 0 1 0 0 0 0 5 0 3 0 9 0 0 3 0 9 0 0 0 7 11 0 11 0 11 1 3 0 0 7 5 0 0 0 0 5 0 1 0 0 0 0 0 0 3 0 3 1 9 0 3 0 0 0 7 5 17 3 0 3 0 7 0 0 0 0 0 0 0 5 3 9 0 0 0 0 0 5 0 5 11 0 0 3 15 7 5 9 11 0 9 1 0 9 1 0 1 0 13 0 1 9 0 3 0 5 0 0 0 0 7 3 5 0 0 3 9 0 1 3 3 0 0 0
 0 1 0 17 0 0 1 0 0 0 1 3 5 0 0 0 0 0 5 0 0 0 0 0 0 0 0 0 7 0 0 0 9 0 0 0 0 0 5 3 3 1 0 1 0 3 5 0 0 0 0 5 5 0 0 1 0 0 0 0 1 11 0 0 0 1 0 1 0 0 5 0 0 0 0 0 0 0 0 3 5 1 3 0 5 0 0 9 0 0 0 0 0 1 0 0 5 0 0 0 0 0 0 0 0 5 3 0 0 3 19 0 0 3 13 0 0 7 7 1 0 0 0 3 0 0 0 0 0 0 5 0 0 0 0 0 0 0 9 5 0 0 0 0 0 0 0 0 0 0
 3 0 7 9 0 0 0 0 0 1 5 3 3 0 0 5 5 3 0 0 0 0 0 0 7 1 0 0 0 0 0 0 0 0 13 0 0 0 5 0 3 0 0 0 0 0 5 0 0 0 1 3 0 0 0 7 0 0 0 0 3 0 0 0 0 5 5 0 0 0 7 0 0 1 5 0 0 0 1 7 5 0 5 7 7 0 1 7 0 0 0 7 0 0 0 9 0 11 0 0 0 0 3 0 0 0 1 0 0 3 5 0 0 1 9 0 13 0 0 0 1 0 0 7 1 0 0 9 0 0 7 0 1 0 0 0 0 1 13 3 5 0 0 0 1 0 0 0 0 0
 0 0 0 1 0 0 0 0 0 0 0 0 0 0 0 1 0 5 1 3 0 0 0 0 0 1 0 1 0 0 0 0 5 0 0 0 0 0 0 0 5 0 0 0 0 0 0 0 0 0 0 1 1 0 0 0 0 0 0 3 0 1 0 0 0 0 1 0 0 0 0 0 0 0 0 0 0 0 0 0 9 0 7 0 3 0 0 7 0 0 0 1 0 9 0 0 0 5 0 0 0 0 0 0 0 0 0 0 0 0 7 0 0 5 0 0 5 0 0 0 0 0 0 0 0 0 0 0 0 0 7 0 0 0 0 0 0 0 3 0 0 0 0 0 1 0 0 0 3 0
 0 7 5 13 0 0 3 0 0 0 0 0 17 0 1 1 0 15 13 3 0 5 3 9 11 0 0 9 0 0 0 0 5 0 7 0 0 3 0 5 5 3 0 3 5 1 1 0 0 0 0 5 1 0 5 3 0 0 0 0 0 5 1 1 0 3 0 5 3 0 1 0 5 0 0 0 3 0 3 7 15 5 9 5 5 1 0 5 0 0 0 1 0 0 0 19 0 7 0 0 0 0 0 0 0 0 11 0 0 0 15 0 0 9 9 0 9 0 0 0 0 0 11 0 0 0 1 1 0 0 0 5 0 5 0 0 1 1 13 1 0 1 0 0 0 0 0 0 17 0
 0 1 7 5 0 1 0 5 1 0 5 5 1 0 5 5 5 0 3 0 0 1 7 3 5 7 0 13 0 0 0 0 11 0 11 0 0 0 5 9 1 7 0 0 7 3 7 5 0 0 1 3 5 0 9 3 1 0 0 0 1 5 3 5 0 3 0 3 0 0 7 0 3 0 7 0 0 0 0 3 13 5 5 3 3 1 0 11 0 0 3 0 0 3 0 19 7 11 0 0 0 1 0 5 0 1 0 7 0 7 15 5 1 13 9 0 5 0 9 3 3 0 5 5 11 1 3 15 9 1 13 1 0 0 0 0 3 3 11 3 1 3 3 0 0 0 0 5 5 0
 1 1 7 23 3 7 15 5 7 13 11 13 21 3 3 17 0 19 15 1 7 3 11 5 19 15 1 11 13 5 1 1 15 0 7 5 13 13 0 17 15 7 0 3 11 5 7 11 13 0 19 13 15 9 13 11 15 1 1 9 0 17 5 9 7 19 9 9 3 0 9 5 3 3 11 0 3 5 5 11 13 19 25 19 9 9 15 17 0 0 3 5 0 9 0 17 0 3 3 0 0 15 0 7 3 13 19 11 9 19 27 17 9 17 15 7 17 7 15 3 7 0 25 11 21 5 13 3 5 7 11 11 3 0 0 0 3 3 15 7 7 3 3 0 0 5 5 5 21 7
 0 3 0 1 0 5 9 0 0 0 3 0 0 3 0 13 0 5 3 0 0 11 3 0 5 9 0 1 1 0 0 5 11 0 1 0 0 0 0 0 9 5 0 0 1 0 5 5 0 0 0 5 0 0 0 1 3 0 0 0 0 3 0 0 3 9 5 0 0 0 5 0 7 0 3 0 1 0 0 0 3 9 11 7 1 0 0 7 0 0 0 0 0 0 1 13 0 1 0 0 0 0 3 0 0 1 5 3 0 7 5 0 0 5 9 0 9 1 7 5 9 3 11 0 9 5 5 3 7 0 0 1 0 0 0 0 0 0 17 1 7 0 3 0 0 0 0 0 1 0
 1 0 0 7 0 0 0 0 0 0 0 0 3 0 0 3 5 0 1 0 0 0 0 1 0 1 0 3 0 0 0 0 13 0 1 0 0 0 0 1 9 7 0 0 0 0 0 0 0 0 0 0 3 1 3 0 0 0 0 0 0 3 0 1 0 1 0 0 0 0 7 0 5 0 5 0 0 0 0 0 7 5 17 0 9 0 1 1 0 0 0 7 0 3 0 1 3 9 1 0 0 0 0 0 0 0 7 0 0 3 3 13 0 0 5 0 5 3 1 1 3 0 3 0 0 0 0 0 3 0 0 0 0 0 0 0 0 0 3 0 0 1 1 0 3 0 0 0 0 0
 1 0 0 1 0 0 0 0 0 0 0 3 0 0 0 3 0 5 0 0 0 0 0 0 0 0 0 3 1 0 0 0 0 0 0 0 0 0 0 5 0 1 0 0 0 3 0 0 0 0 17 0 0 9 7 9 11 0 0 5 0 3 0 0 0 9 0 0 0 0 0 0 0 0 0 0 0 0 0 0 0 5 9 9 0 0 0 7 0 0 0 0 0 7 0 3 3 0 0 0 0 0 0 0 0 5 9 0 0 0 1 1 0 0 0 0 7 0 3 0 0 0 5 0 11 0 0 15 0 0 0 0 3 0 0 0 0 0 3 3 0 0 1 0 0 0 0 0 0 0
 0 0 0 3 0 0 0 0 0 3 0 0 3 1 0 0 0 0 15 0 0 0 9 0 3 1 1 1 0 0 0 0 9 0 0 0 0 0 0 0 0 0 0 1 3 3 5 1 5 0 1 0 0 0 5 3 5 0 0 0 0 0 0 0 0 3 3 0 0 0 3 0 0 0 9 0 0 0 1 3 0 7 9 3 1 0 0 0 0 0 0 3 0 1 0 3 0 5 0 0 0 0 0 1 0 0 0 0 0 0 9 5 3 0 0 0 0 0 1 1 0 0 11 0 7 0 0 3 0 1 1 0 0 0 0 0 0 0 3 0 0 0 0 0 0 0 0 0 3 0
 0 3 0 5 0 0 0 0 0 1 1 1 7 0 0 0 0 5 0 0 0 3 7 0 0 5 0 7 0 0 0 0 11 0 0 0 0 0 0 3 0 0 0 1 3 3 5 0 0 0 1 0 0 0 0 1 5 0 0 0 0 3 0 0 0 7 1 0 0 0 7 0 0 0 9 0 0 0 0 0 9 3 11 7 0 0 1 13 0 0 0 0 0 5 0 0 5 1 0 0 0 0 0 1 0 0 7 0 0 0 9 3 0 3 9 0 1 0 7 0 0 0 1 0 0 0 11 7 0 0 3 0 0 0 0 0 0 3 7 7 0 5 5 0 0 0 0 0 0 0
 3 0 0 7 0 0 1 3 0 0 3 0 0 0 1 3 0 0 0 0 0 0 0 0 5 3 0 1 0 0 0 0 7 0 3 0 0 0 0 5 7 3 0 0 0 0 3 0 0 0 0 1 0 0 0 0 5 0 0 0 0 0 0 0 0 0 3 0 0 0 7 0 1 0 7 0 1 0 0 0 3 1 21 1 0 0 0 1 0 0 0 0 0 5 0 7 0 5 0 0 0 0 1 0 0 0 15 0 0 0 7 9 0 3 0 0 5 5 0 3 0 0 1 0 3 0 3 7 3 0 0 3 0 0 0 0 0 0 5 5 0 0 0 0 0 0 0 0 3 0
 0 5 9 3 0 0 0 1 0 7 0 1 9 0 0 7 3 0 9 3 0 9 5 0 0 0 0 0 5 0 0 0 7 0 0 0 0 0 0 0 0 1 0 0 7 3 3 1 0 0 0 3 0 0 0 0 0 0 0 0 1 0 5 1 3 1 0 0 0 0 7 1 0 0 7 0 0 0 0 0 7 5 15 7 0 0 0 7 0 0 0 1 0 0 0 3 0 9 0 0 0 0 0 0 0 1 9 0 0 3 17 0 0 1 5 0 7 0 9 7 0 0 1 0 0 0 5 3 1 0 5 0 0 0 0 0 0 0 7 0 0 0 0 0 0 0 0 0 0 0
 9 0 7 17 0 7 3 3 0 7 3 1 15 3 5 0 3 9 3 0 1 11 9 5 13 15 3 13 7 3 5 11 5 0 15 0 0 9 7 13 7 19 7 5 7 7 5 9 5 0 7 11 3 5 9 9 5 0 0 0 5 15 5 11 0 15 5 1 1 9 1 3 11 0 13 0 17 7 11 5 13 1 15 13 5 3 3 9 3 3 0 5 0 7 0 11 11 11 0 0 0 0 1 1 0 5 11 5 0 9 9 0 0 9 7 3 11 1 15 9 13 1 11 1 11 3 9 7 3 9 11 5 11 3 0 1 3 7 17 11 3 1 5 1 0 1 7 0 3 0
 11 11 1 15 3 5 1 5 1 0 3 9 11 13 3 5 5 3 13 0 9 11 5 5 9 13 7 1 5 1 0 3 21 0 7 0 3 0 7 1 7 7 1 7 19 7 7 23 13 0 7 7 11 15 7 9 7 5 0 9 3 13 7 15 3 9 1 0 7 3 15 0 11 9 5 7 3 1 7 11 11 17 17 3 11 5 0 7 0 0 1 13 0 0 5 11 9 13 1 0 5 9 0 11 1 11 9 3 0 3 5 11 5 11 17 17 9 9 7 11 3 11 27 5 13 7 7 13 7 9 13 5 3 11 0 1 0 15 11 19 3 7 1 0 0 0 15 1 3 1
 3 0 5 15 0 3 3 0 0 1 0 0 7 0 0 7 11 1 13 0 3 3 7 0 7 11 0 0 0 0 0 3 17 0 5 0 3 0 7 0 7 1 0 3 7 9 0 15 1 0 3 7 0 3 7 17 5 9 0 0 7 5 0 5 3 11 0 3 0 1 9 0 5 9 7 0 3 0 0 3 7 7 11 7 9 0 0 1 1 0 0 0 0 3 0 0 11 11 0 0 0 3 0 1 0 3 13 3 0 1 19 3 1 9 7 5 3 5 9 0 1 0 11 1 3 3 0 1 0 3 1 0 0 1 0 0 0 0 7 1 7 3 0 0 0 1 0 0 7 0
 3 0 1 17 0 0 1 1 0 9 5 5 3 9 9 13 1 1 9 0 0 1 7 9 9 9 0 0 0 0 0 7 15 0 3 0 0 5 0 7 1 9 0 7 0 0 7 1 0 3 11 11 9 9 15 11 0 0 0 0 0 11 7 5 11 11 5 0 1 0 7 7 0 0 9 0 0 0 1 0 9 23 17 5 0 0 5 3 0 0 0 9 0 3 0 5 13 9 0 0 0 1 0 11 0 3 17 1 0 5 11 9 0 3 5 0 0 7 5 0 17 0 11 1 3 1 3 3 5 0 11 1 0 3 0 0 0 0 5 11 9 0 3 0 0 0 0 0 7 0
 0 3 1 3 0 0 0 0 0 0 5 0 7 0 0 5 0 1 0 0 0 3 0 0 7 3 0 1 0 0 0 1 9 0 1 0 0 0 0 0 7 0 0 0 0 13 0 0 0 0 0 0 0 1 0 3 1 0 0 0 0 0 0 0 0 11 5 0 0 0 7 0 1 0 9 0 1 0 0 1 7 0 13 7 7 0 0 0 0 0 0 0 0 3 0 0 5 1 1 0 0 0 0 0 0 0 13 0 0 0 9 0 0 0 0 0 15 0 1 0 7 1 5 0 7 0 1 1 0 0 0 0 0 0 0 0 0 0 7 5 3 1 5 0 0 0 5 0 0 0
 0 1 0 3 0 0 7 0 0 1 0 5 5 1 1 0 3 0 9 0 0 5 0 0 0 3 0 7 9 0 0 0 11 0 7 1 0 0 0 0 9 5 0 3 1 5 13 0 0 0 5 3 9 1 3 7 0 0 0 1 0 5 0 0 0 13 5 1 0 0 5 0 11 0 3 1 0 0 3 5 3 7 21 5 9 0 1 7 0 0 1 0 0 0 0 7 7 13 1 0 0 0 0 5 0 13 9 0 0 5 9 3 0 0 17 0 11 0 3 0 1 5 0 0 5 0 7 9 0 0 1 0 1 0 0 0 0 7 9 0 0 0 1 0 0 0 0 0 3 0
 0 0 0 7 0 1 3 0 0 3 0 0 5 9 0 0 0 0 11 0 0 0 1 1 7 11 0 5 0 0 0 0 3 0 0 0 0 0 0 0 13 11 0 0 7 1 1 0 0 0 3 0 3 1 9 1 0 0 0 0 0 3 3 0 0 9 0 3 1 0 0 0 7 0 0 1 3 0 0 0 13 0 11 3 3 0 0 5 0 0 0 3 0 1 0 5 3 5 0 0 0 0 3 0 0 5 1 0 5 0 17 5 1 0 3 0 0 0 7 0 0 0 9 0 3 1 0 11 1 0 0 1 0 0 0 0 1 0 7 1 0 0 1 0 0 0 1 0 1 0
 0 11 0 9 0 0 7 0 1 0 0 0 9 0 0 5 0 5 13 5 0 11 0 9 0 5 0 5 0 0 0 3 17 0 5 0 5 1 0 1 0 11 0 5 5 11 13 9 3 0 0 9 9 1 5 5 0 1 0 0 0 9 1 5 0 7 3 3 7 1 0 3 5 0 9 7 3 0 0 5 7 0 11 13 5 0 0 3 1 0 0 0 0 3 5 3 7 13 0 0 3 1 1 3 5 11 9 3 3 0 11 15 0 9 5 0 3 1 11 1 7 0 11 5 7 0 0 13 1 5 15 7 11 0 0 0 0 0 9 7 0 3 3 0 0 0 0 0 0 3
 0 0 0 7 0 0 0 0 0 0 0 0 1 0 0 0 3 0 0 0 0 0 0 0 0 0 0 1 0 0 0 0 3 0 1 0 0 0 0 0 0 5 0 1 0 0 5 0 0 0 0 0 0 0 0 1 0 0 0 0 0 0 0 0 0 0 0 1 0 0 0 0 0 0 0 0 0 0 0 0 0 1 5 0 1 1 0 0 0 0 0 0 0 0 0 0 5 7 0 0 0 0 0 3 0 1 7 0 0 0 13 0 0 0 7 0 3 0 0 0 0 0 9 0 5 0 1 3 0 1 0 0 0 0 0 0 0 1 9 0 0 0 0 0 0 0 0 0 0 0
 0 1 0 15 0 0 0 0 0 0 0 5 7 7 0 0 0 5 1 0 0 3 1 5 0 9 0 13 5 3 0 0 5 0 7 0 9 0 0 1 7 5 0 3 5 0 0 1 1 0 0 3 11 0 0 0 7 0 0 5 0 0 0 1 0 1 0 0 0 0 1 0 9 0 3 1 1 0 0 5 3 7 7 5 1 0 3 7 0 0 0 0 0 0 5 9 0 1 0 0 1 3 3 0 0 3 7 0 0 7 13 5 0 3 1 0 1 1 0 0 3 0 9 0 11 5 0 0 9 0 1 7 1 3 0 0 0 1 0 0 1 0 0 0 0 0 0 0 0 0
 3 0 13 19 0 0 13 0 0 0 0 3 13 1 0 9 9 1 11 0 0 7 1 1 3 7 3 5 3 1 0 0 13 5 0 0 5 0 7 0 3 9 0 11 0 5 1 0 0 0 5 7 5 7 9 9 5 0 5 0 1 13 0 0 0 0 7 0 1 0 1 1 3 3 7 5 3 0 0 5 9 1 13 7 9 0 0 0 0 0 7 1 0 5 0 9 5 9 0 0 0 0 9 0 0 0 13 1 0 7 5 1 1 5 5 0 15 0 13 5 3 0 5 9 3 3 3 5 0 7 9 0 5 3 0 0 3 0 9 7 1 1 9 0 5 0 1 7 5 5
 0 0 0 9 1 0 7 0 0 5 0 3 5 5 1 3 0 5 3 0 0 7 3 3 1 13 0 1 1 0 0 0 7 5 9 0 0 1 1 1 3 5 0 9 13 3 7 0 5 0 3 5 9 5 5 9 5 0 0 1 0 9 7 0 0 13 5 0 0 0 9 0 7 0 3 1 0 0 7 0 1 3 17 1 5 0 0 0 0 0 0 0 0 0 0 17 5 7 0 0 0 3 0 0 0 1 7 0 0 0 11 7 0 7 3 9 9 9 7 11 3 1 11 3 11 0 0 1 3 0 1 3 3 0 0 0 0 0 13 3 9 3 5 0 0 0 7 0 5 5
 3 5 15 9 3 7 1 0 1 0 13 9 13 7 7 13 11 11 11 5 9 9 0 9 11 19 0 0 9 0 0 7 13 3 11 0 0 9 0 11 13 9 0 3 9 7 5 11 1 1 3 15 7 7 3 7 13 0 0 0 3 15 11 5 0 9 5 15 3 0 1 0 17 0 1 1 1 3 5 11 5 9 11 5 15 0 1 11 0 0 0 3 5 1 1 11 21 7 0 0 0 1 5 3 0 1 13 0 3 3 25 13 9 11 13 11 9 1 11 7 5 0 7 5 1 1 9 9 15 13 5 1 13 3 0 0 5 1 17 7 5 7 3 0 1 5 5 0 3 1
 1 0 0 5 0 0 0 0 0 0 5 0 0 0 1 1 0 0 13 0 0 1 1 0 0 0 7 0 0 0 0 0 11 0 0 0 0 0 0 0 1 3 0 0 0 0 5 0 0 0 0 0 1 0 0 0 0 0 0 0 0 0 0 1 5 1 0 0 0 0 0 0 1 0 7 1 1 0 0 0 3 7 9 1 0 0 0 15 0 0 0 1 0 0 0 0 0 0 0 0 0 0 0 0 0 3 11 0 0 0 0 0 0 0 3 0 1 0 0 7 1 0 11 1 0 0 0 1 0 0 7 0 0 0 0 0 0 1 0 0 0 0 0 0 1 0 0 0 0 0
 7 3 5 11 1 0 0 0 5 9 0 11 7 7 7 1 5 5 0 0 0 3 1 1 1 3 1 3 0 1 0 0 15 0 13 0 0 5 1 3 3 11 3 1 5 3 11 5 5 0 7 9 9 7 1 11 0 0 7 5 0 3 9 7 0 9 5 0 7 1 3 0 1 7 0 0 9 0 7 9 17 9 23 9 15 0 0 0 0 0 0 11 0 5 0 17 9 11 0 0 0 7 3 5 1 0 13 1 0 9 11 13 1 5 5 3 0 0 9 7 5 5 11 0 11 7 11 17 3 0 11 1 1 0 0 0 3 0 13 9 0 3 3 0 5 1 0 0 1 0
 0 0 3 5 0 0 0 0 0 0 0 0 1 0 7 3 1 1 5 0 5 0 7 1 0 5 0 1 7 0 0 0 3 0 3 0 0 0 1 0 5 7 0 0 3 5 5 0 0 0 0 0 7 9 3 0 9 0 0 0 9 0 0 0 0 5 0 0 0 0 0 0 0 0 3 9 0 0 0 0 1 0 11 0 5 0 0 3 0 0 0 0 0 0 0 1 11 5 0 0 0 0 0 0 0 1 3 5 0 0 17 9 1 1 0 0 15 0 3 0 3 0 7 0 1 0 7 7 9 1 1 1 7 1 0 0 0 0 9 0 0 0 3 0 0 0 0 0 0 0
 3 0 7 13 9 3 5 0 0 0 5 5 7 7 13 7 0 5 5 3 7 0 7 0 7 11 3 7 5 0 0 3 7 0 7 0 0 7 11 0 3 7 0 0 7 0 13 7 3 0 9 11 7 7 11 3 9 5 0 0 11 13 1 9 1 7 7 0 1 1 3 0 5 0 0 0 11 0 3 11 13 3 15 5 7 0 0 17 0 0 0 3 0 1 0 11 13 11 5 0 1 0 3 0 0 17 15 9 3 3 31 9 1 5 7 5 3 5 9 0 3 0 19 0 5 3 9 0 9 3 11 9 11 7 0 1 0 5 13 7 1 1 0 0 3 5 0 1 3 0
 0 0 7 5 0 0 0 0 0 1 0 0 1 1 3 7 1 3 9 0 0 0 7 0 0 1 0 0 0 0 0 0 11 0 0 0 0 0 0 5 0 1 0 0 1 0 3 1 0 0 0 0 3 0 0 0 0 0 0 0 0 0 0 3 0 7 0 0 0 0 0 1 0 1 0 0 0 0 0 3 1 1 9 1 0 0 0 1 0 0 0 0 0 0 0 13 1 1 0 0 0 0 0 0 0 1 7 0 0 3 5 0 0 0 1 0 0 0 5 0 0 0 3 0 0 3 0 0 0 0 1 0 0 0 0 0 0 0 9 0 7 0 0 0 1 0 0 0 1 0
 1 7 7 13 1 0 7 0 0 1 0 5 15 13 3 0 0 5 11 0 7 3 7 0 13 9 0 0 0 0 0 0 13 0 5 0 1 0 1 7 9 17 0 5 11 5 13 5 5 3 5 3 5 3 17 1 5 3 0 1 9 7 0 0 0 1 0 0 0 0 0 3 0 5 9 0 11 0 1 1 19 5 15 7 9 9 0 5 0 1 0 7 0 0 0 5 15 11 0 0 0 9 1 0 1 19 25 0 9 0 19 3 7 7 11 3 7 0 13 7 0 0 11 3 9 11 5 7 0 0 9 5 0 5 0 0 0 1 15 0 9 5 5 0 0 0 0 0 0 1
 0 1 0 17 0 0 1 0 0 5 3 7 1 1 7 9 0 3 13 0 0 0 7 0 5 9 0 3 0 0 0 5 11 0 3 0 0 0 0 0 3 5 0 0 5 3 1 0 3 0 0 7 1 3 1 0 3 0 0 0 7 0 3 0 0 1 0 0 1 0 0 0 5 0 9 0 0 0 5 5 0 0 19 3 1 0 0 5 0 0 0 0 0 1 0 15 0 5 0 0 0 0 0 0 0 0 3 0 0 3 19 0 3 3 5 1 5 7 1 7 5 0 5 0 7 0 1 9 5 0 1 0 0 0 0 0 0 0 11 1 0 1 0 0 0 0 0 0 15 0
 3 5 5 5 0 1 9 3 0 3 1 3 13 1 3 0 5 7 13 5 7 9 13 5 11 9 0 7 13 1 0 11 9 0 3 1 0 0 7 13 7 17 3 7 19 19 9 9 7 0 11 5 13 5 7 3 11 0 0 7 7 7 9 5 11 5 1 3 3 0 3 9 9 11 13 7 5 0 9 11 19 3 19 9 5 1 11 0 1 0 0 9 0 17 0 11 13 9 0 0 0 3 13 5 0 13 13 9 0 1 17 3 5 19 17 0 15 7 15 1 3 1 11 0 7 3 9 17 5 7 9 11 15 0 0 3 3 9 21 9 7 7 11 0 0 0 3 0 7 0
 5 5 0 9 0 0 0 1 0 0 1 5 1 11 0 0 0 3 15 0 1 9 5 3 13 3 7 3 5 0 0 5 7 0 1 0 3 1 0 5 5 7 0 3 3 0 7 0 5 0 5 5 9 0 9 3 5 0 0 3 0 1 0 1 1 3 5 7 0 0 7 0 1 0 3 0 0 0 0 0 3 5 13 5 0 0 0 9 0 0 0 0 0 3 0 5 5 7 0 0 0 1 0 0 0 7 3 0 0 11 19 11 11 7 9 0 3 11 1 3 7 0 3 0 0 0 9 3 3 0 1 1 0 1 0 0 0 0 3 1 0 13 0 0 0 0 0 0 5 0
 0 0 0 11 0 0 0 0 0 0 1 5 9 0 0 9 5 7 9 1 3 1 0 0 1 0 0 1 0 0 0 7 9 0 0 0 0 0 0 0 7 5 0 5 0 0 3 0 0 0 3 3 3 0 7 5 5 0 0 0 3 0 0 1 0 1 0 0 1 0 3 0 1 0 0 0 0 0 1 0 0 1 13 0 0 0 0 11 0 0 0 0 0 0 0 0 5 5 0 0 0 0 1 1 0 0 13 0 0 1 15 0 5 0 5 0 1 0 3 0 1 0 0 0 0 1 0 1 0 3 1 0 1 0 0 0 0 0 13 5 0 5 0 0 0 0 0 0 0 0
 0 0 0 0 0 0 0 0 0 0 0 0 0 0 5 7 0 0 0 0 0 0 3 0 0 0 0 3 0 0 0 0 1 0 0 0 0 0 0 0 0 3 0 0 0 0 0 0 0 0 0 0 3 1 0 0 0 0 0 0 0 0 0 0 0 3 0 0 0 0 0 0 0 0 0 0 1 0 0 3 0 0 7 0 3 0 0 0 0 0 0 0 0 3 0 5 7 1 0 0 0 0 0 0 0 1 0 0 0 0 3 3 0 0 1 0 7 0 0 0 0 0 7 0 5 0 5 0 0 3 0 0 0 0 0 0 0 0 17 0 0 3 0 0 0 0 0 0 0 0
 0 1 0 0 0 0 0 0 0 0 0 0 5 0 0 0 0 0 3 0 0 1 0 0 0 1 0 0 1 0 0 1 15 0 0 0 0 0 0 0 0 3 0 0 0 1 3 0 0 0 0 0 0 0 0 0 0 0 0 0 0 1 0 1 1 0 0 0 0 0 0 0 5 0 0 0 1 0 0 0 3 0 19 0 1 0 0 0 0 0 0 0 0 0 0 3 0 1 0 0 0 0 1 0 0 0 1 0 0 0 5 0 0 0 0 0 3 0 0 0 0 0 11 0 5 0 0 0 0 0 0 0 0 0 0 0 0 0 0 0 0 0 7 0 0 0 0 0 0 0
 0 0 0 0 0 0 0 0 0 0 0 0 0 0 0 0 0 0 0 0 0 0 0 0 0 3 0 0 0 0 0 0 7 0 0 0 0 0 0 0 0 0 0 0 0 0 0 0 0 0 0 0 0 0 0 0 0 0 0 0 0 0 0 0 0 0 0 0 0 0 0 0 0 0 0 0 0 0 0 0 0 0 0 0 0 0 0 0 0 0 0 0 0 0 0 0 0 0 0 0 0 0 0 0 0 0 0 0 0 0 0 0 0 0 0 0 0 0 0 0 0 0 0 0 0 0 0 0 0 0 0 0 0 0 0 0 0 0 1 0 0 0 0 0 0 0 0 0 0 0
 0 0 1 0 0 0 3 0 0 5 0 11 3 1 0 9 1 0 3 0 0 0 5 0 1 1 0 3 0 0 3 0 13 0 0 0 0 0 0 0 0 0 0 0 7 0 7 0 0 0 0 1 0 0 0 0 0 0 0 0 0 0 0 0 0 11 0 0 0 0 0 0 1 0 0 0 0 0 0 1 3 3 3 0 0 0 0 3 0 0 0 0 0 0 0 13 0 1 0 0 0 0 1 3 0 0 1 0 0 0 7 0 3 9 9 0 3 3 0 1 0 1 3 7 7 0 0 9 0 0 0 0 0 3 0 0 0 0 13 7 5 0 1 0 0 0 0 0 0 0
 0 0 7 9 0 0 5 0 0 1 0 0 3 0 0 0 0 0 3 0 0 0 0 0 0 0 0 0 0 0 0 0 1 0 0 0 0 0 0 0 3 1 0 7 0 0 0 0 0 0 0 0 13 0 3 5 1 0 0 0 3 0 0 0 0 0 0 0 0 0 1 0 0 0 1 0 0 0 1 1 0 0 13 5 0 0 0 0 0 0 0 1 0 0 0 5 1 13 0 0 0 0 0 0 0 5 3 0 0 0 5 7 0 9 5 0 3 1 1 0 5 0 0 0 1 0 0 1 0 0 9 0 0 0 0 0 0 0 9 5 0 0 0 0 1 0 0 0 0 0
 5 7 0 11 0 1 1 3 0 11 3 5 13 11 7 9 7 9 13 0 7 7 5 3 1 13 0 1 9 3 0 9 17 0 11 0 0 3 0 7 7 3 0 0 5 15 3 0 0 0 9 9 11 9 3 9 3 0 0 9 5 7 13 11 5 0 5 5 5 1 9 3 7 5 3 0 7 0 7 5 15 13 15 11 13 0 3 11 0 7 3 7 0 3 3 21 11 11 5 0 0 0 3 7 9 3 17 15 7 3 19 13 0 3 11 5 21 9 13 0 0 7 5 0 7 1 11 0 19 5 0 3 1 0 0 0 3 5 17 7 1 9 3 0 0 0 0 3 19 0
 7 1 3 7 0 0 3 5 0 1 1 7 0 3 5 0 0 5 7 7 0 1 11 1 11 9 3 1 0 0 0 0 7 0 0 0 0 0 1 13 7 3 0 1 9 0 3 1 5 0 9 0 3 9 0 7 1 0 3 3 0 9 0 1 9 7 0 7 9 0 7 1 1 1 19 1 7 0 1 15 3 15 17 9 7 0 0 13 1 0 0 1 0 1 0 7 3 13 1 0 1 1 7 1 0 9 7 0 0 1 17 9 5 11 5 0 5 5 3 1 3 0 11 0 13 0 3 9 1 3 1 7 0 0 0 0 5 1 9 3 1 1 1 0 0 0 3 0 5 0
 0 0 5 0 0 0 0 0 0 1 0 0 0 0 0 0 0 0 1 0 0 7 0 0 5 7 0 1 0 0 0 0 9 0 0 0 0 0 0 0 3 1 0 0 0 0 0 0 0 0 0 0 0 5 0 0 0 0 0 0 0 1 0 0 0 9 0 5 5 0 0 1 0 0 0 0 0 3 0 0 1 1 5 0 9 0 0 0 0 0 0 1 0 5 0 1 5 7 0 0 0 0 0 0 0 0 0 0 0 3 11 0 0 1 7 0 3 0 3 0 1 0 9 0 0 0 0 0 1 0 0 1 1 0 0 0 0 0 7 0 0 0 0 0 0 0 0 0 0 0
 9 17 5 19 5 5 7 7 1 3 11 3 11 15 7 11 1 17 5 0 15 13 11 7 9 17 1 11 0 11 5 9 19 3 11 3 7 1 3 11 7 23 0 9 9 7 11 9 3 7 5 9 9 15 19 9 9 0 13 0 5 9 13 11 0 13 13 9 5 9 15 7 13 13 7 1 13 0 5 13 13 11 21 7 3 3 0 9 0 3 0 3 0 19 0 17 21 17 7 0 0 7 7 3 9 17 15 15 5 11 19 9 7 11 9 3 11 9 19 11 5 13 17 5 5 13 11 17 15 15 15 5 7 1 0 3 7 3 11 7 7 1 3 0 1 5 9 7 13 0
 9 7 7 15 5 5 7 1 0 5 13 3 3 7 0 5 0 7 11 3 1 13 0 7 19 13 1 9 13 0 0 1 13 0 11 0 0 9 7 15 11 17 0 9 11 11 15 11 7 5 7 11 9 11 15 9 9 0 3 7 3 13 1 7 7 13 5 9 1 5 7 5 7 1 7 0 11 3 3 5 3 17 19 3 19 0 9 9 0 0 3 9 0 3 0 15 7 9 1 0 0 1 5 1 0 15 21 0 0 9 19 9 1 13 15 0 13 9 19 11 5 0 9 1 7 13 9 19 11 5 11 5 1 3 0 0 0 3 23 13 7 3 3 0 0 1 0 5 7 0
 13 7 7 15 0 7 17 0 1 9 3 0 13 9 7 9 0 9 13 7 7 11 1 3 9 19 0 15 9 7 0 1 15 7 17 1 3 3 1 0 7 9 0 11 13 13 7 9 0 0 11 11 13 11 9 13 7 5 0 15 11 3 0 1 9 15 7 0 11 3 19 9 5 1 9 15 17 9 1 7 7 9 23 13 19 0 5 1 1 0 0 5 0 5 7 9 13 13 0 0 0 13 15 7 3 5 9 7 3 9 13 13 1 11 9 1 15 7 13 5 11 7 9 13 13 9 15 9 1 7 5 5 11 1 0 0 5 3 13 15 5 7 5 0 0 0 1 1 13 5
 1 0 0 5 0 0 0 0 0 1 0 0 0 1 0 0 7 3 0 0 1 0 0 0 1 1 0 3 0 0 0 0 13 0 3 0 0 0 0 5 0 11 0 5 3 0 0 0 1 0 3 0 9 0 7 1 0 0 0 1 0 7 3 0 1 5 3 0 1 0 0 0 1 0 1 0 1 0 9 1 3 5 7 7 0 0 0 0 0 0 0 0 0 7 0 0 0 3 0 0 0 0 0 0 0 1 3 0 0 0 1 7 1 5 1 0 9 0 0 0 0 0 5 0 3 0 1 5 0 0 0 0 0 0 0 0 0 1 0 0 0 0 0 0 0 0 0 0 1 0
 5 7 15 17 3 11 13 7 5 11 19 13 11 13 5 23 17 15 21 11 3 9 11 3 9 17 7 7 17 15 11 9 19 3 13 7 9 11 9 11 11 21 7 7 7 5 19 11 15 15 17 15 13 13 15 29 15 11 7 9 11 15 11 13 15 17 15 13 7 0 11 11 19 5 17 13 17 5 19 13 13 15 29 13 19 9 11 9 3 5 7 11 0 13 1 17 21 17 7 1 7 3 13 11 3 17 25 19 9 19 23 19 15 19 17 7 21 13 25 13 19 0 11 5 21 13 15 15 13 5 17 9 9 0 0 0 5 13 23 11 13 0 17 0 17 3 15 5 7 0
 0 1 0 7 0 0 0 0 0 0 0 0 1 1 3 7 7 1 0 1 0 3 5 0 1 7 0 9 0 0 0 3 15 0 0 0 1 0 0 0 0 5 1 3 0 7 0 1 0 0 1 0 0 0 0 0 1 0 1 0 0 0 3 0 0 11 3 0 7 0 9 0 3 0 9 1 0 0 0 7 0 1 17 5 9 0 0 0 0 0 0 0 0 0 0 13 7 3 1 0 0 0 0 3 0 0 7 0 0 0 17 7 3 0 11 1 7 1 11 1 0 0 9 0 3 0 3 3 5 1 0 0 0 0 0 0 0 0 5 3 0 0 0 0 0 0 0 0 7 3
 1 0 1 13 3 5 7 0 3 3 0 1 17 9 9 1 7 1 17 0 3 5 5 3 11 13 1 0 9 3 0 9 13 13 7 0 0 3 1 9 9 9 1 7 13 11 3 3 9 1 0 11 15 5 11 3 5 7 0 5 9 7 5 5 0 15 0 3 1 0 5 7 3 1 5 1 5 5 5 7 3 1 25 1 13 0 7 13 5 3 0 5 0 9 0 13 15 9 0 0 0 0 5 1 0 11 17 0 3 5 15 3 5 5 9 1 7 7 7 1 0 0 11 0 9 13 7 13 1 1 5 3 0 0 0 3 0 3 15 3 1 9 3 0 0 5 0 1 1 7
 0 0 0 1 0 3 0 0 0 0 0 1 3 0 0 1 0 0 0 0 0 0 0 0 0 3 0 0 0 0 0 0 0 0 3 0 0 0 0 0 7 3 0 0 1 0 3 0 0 0 0 0 0 0 1 0 0 0 0 3 0 1 0 0 0 5 0 0 0 0 1 0 0 0 0 0 0 0 0 5 0 0 13 0 0 0 0 0 0 0 0 1 0 0 0 0 0 0 0 0 0 0 0 0 0 0 1 0 0 0 3 0 0 0 3 0 0 0 0 0 0 0 0 0 0 0 0 0 3 0 0 1 0 0 0 0 0 0 0 3 0 0 0 0 0 0 0 0 0 0
 0 1 0 5 1 0 1 0 0 1 0 9 0 3 0 9 0 5 0 0 3 3 0 0 7 0 0 0 0 0 0 0 9 0 0 0 0 0 0 0 0 0 0 0 0 1 9 3 0 1 1 0 0 5 0 5 3 0 0 0 0 0 0 0 0 0 1 0 0 0 5 0 0 0 0 0 1 0 0 0 0 9 9 1 0 0 0 0 0 0 0 3 0 0 0 5 0 1 0 0 0 0 0 0 0 1 0 0 0 0 9 0 1 3 1 0 3 0 0 3 1 0 1 0 3 0 0 9 0 1 0 0 0 0 0 0 0 0 9 5 0 0 0 0 0 0 1 0 1 0
 0 0 0 3 0 0 0 0 0 1 0 0 0 0 0 0 0 11 1 0 0 0 0 0 0 5 0 0 0 0 0 0 3 0 0 0 0 0 0 0 0 0 0 0 5 0 0 0 0 0 0 0 3 0 0 0 0 0 0 0 0 0 0 0 0 0 0 0 0 0 1 0 0 0 0 0 0 0 0 0 0 0 3 0 0 0 0 0 0 0 0 0 0 0 0 3 0 0 0 0 0 0 0 0 0 0 0 0 0 0 7 0 0 0 0 0 0 0 0 0 0 0 1 0 5 0 0 3 0 9 0 0 0 0 0 0 0 0 7 1 0 0 0 0 0 0 0 0 0 0
 0 3 3 25 0 3 0 9 0 7 9 5 13 13 9 3 5 5 1 0 3 9 5 5 19 5 0 1 3 0 0 13 13 1 1 0 5 1 1 7 15 11 0 1 11 9 5 13 1 0 3 0 11 1 1 7 1 1 0 5 9 0 0 5 3 11 3 1 3 11 11 11 11 0 9 1 3 1 5 1 13 3 13 21 5 0 0 13 0 0 9 3 0 0 3 15 15 7 0 0 0 0 0 3 0 1 15 3 0 9 19 9 5 11 11 3 0 11 7 7 3 1 7 9 1 9 11 5 7 5 7 0 5 5 0 0 0 1 13 5 0 5 11 0 0 1 1 0 5 3
 9 15 17 21 13 9 17 13 9 13 21 13 17 13 11 5 5 19 21 1 15 15 7 0 7 29 13 7 7 3 3 9 23 7 3 5 1 5 13 11 13 13 1 11 23 5 19 9 7 7 15 17 15 15 15 11 15 5 7 7 15 13 15 15 3 29 7 13 3 5 13 13 9 3 17 13 17 1 17 17 17 7 23 19 13 5 9 19 3 11 1 15 0 17 7 17 23 23 9 0 0 7 9 11 7 27 27 17 9 13 27 13 13 9 15 9 17 13 23 9 7 5 19 19 19 17 7 17 15 7 15 13 11 1 0 1 1 17 23 19 17 13 7 1 3 7 7 7 11 1
 9 0 0 23 9 3 7 9 11 1 5 13 19 7 1 11 0 13 19 0 1 13 9 13 17 7 0 11 7 3 0 3 13 5 9 0 9 3 7 13 7 15 0 7 5 13 15 13 7 3 11 23 17 13 9 13 9 9 0 13 3 15 3 7 0 11 0 9 7 3 9 11 3 0 7 7 13 5 7 15 15 7 15 11 11 5 0 5 1 1 11 7 0 9 5 17 7 3 3 1 0 7 7 1 13 3 15 1 0 3 15 11 9 9 17 9 19 13 11 1 3 3 21 9 15 9 7 15 9 7 1 15 7 1 0 0 9 7 15 7 5 7 13 1 0 0 9 1 15 5
 5 7 0 9 5 0 5 0 1 0 7 7 5 9 5 5 9 11 3 0 1 5 13 3 5 13 0 5 3 0 0 3 7 3 19 0 0 1 3 5 7 17 0 7 7 9 21 5 0 0 5 1 11 7 7 5 9 3 0 0 0 9 5 3 0 7 0 11 0 0 5 0 11 5 11 0 1 0 0 7 11 3 19 9 15 3 0 3 0 0 0 17 0 13 1 7 13 3 3 0 0 0 9 0 0 3 17 3 11 9 11 0 0 0 9 3 5 3 3 5 5 0 9 3 9 0 11 9 9 7 0 9 5 0 0 0 0 5 13 13 0 5 7 0 7 1 3 0 3 0
 0 9 0 11 0 0 3 0 0 1 0 0 9 3 0 3 5 15 11 0 0 3 0 0 7 1 0 9 0 0 0 0 7 0 1 0 1 0 0 7 0 13 0 3 3 0 5 1 3 1 0 15 3 3 11 0 13 0 1 5 1 11 1 0 0 5 0 0 5 0 1 0 9 0 3 0 13 0 9 0 9 0 15 0 9 0 0 17 0 0 0 3 0 3 0 5 9 13 1 0 0 0 0 0 0 11 11 1 0 3 21 5 7 5 13 0 7 5 1 0 3 0 1 0 1 0 11 7 0 0 1 0 0 3 0 0 0 7 11 1 9 3 0 0 0 5 0 0 0 0
 0 1 0 5 0 0 1 0 0 0 1 0 1 3 3 0 0 5 0 0 0 0 0 5 9 0 0 0 5 0 0 0 9 0 3 0 0 0 0 3 9 13 0 0 3 1 7 5 0 0 1 3 9 0 0 3 5 0 0 0 0 5 0 3 0 0 11 1 5 0 7 0 15 5 7 7 3 0 1 0 9 5 15 0 3 0 0 3 0 0 0 1 0 0 0 3 3 9 0 0 0 1 5 0 3 0 17 0 0 0 17 5 0 1 0 0 1 5 0 0 3 3 5 0 3 7 9 9 11 0 7 0 5 0 0 0 0 0 3 11 0 5 3 0 0 0 5 0 7 0
 11 0 9 13 0 0 5 0 5 15 7 9 7 15 0 13 7 1 0 5 1 11 3 3 5 9 0 0 5 0 0 9 9 0 1 0 1 5 0 7 13 13 3 1 7 5 1 7 3 0 5 17 9 11 7 5 5 5 0 1 13 5 9 17 0 21 11 7 5 7 9 0 5 7 5 0 5 5 5 13 19 5 13 7 9 0 7 21 0 1 0 13 0 9 1 9 9 1 1 0 0 3 1 0 0 0 21 5 3 5 9 7 13 1 9 1 7 5 9 3 3 7 3 5 5 5 5 15 11 0 3 3 3 9 0 0 0 0 11 13 11 1 0 0 0 5 0 5 11 3
 0 0 0 11 0 0 0 1 0 0 0 0 3 0 3 3 0 5 0 0 5 0 0 0 0 5 0 1 0 0 0 0 7 0 0 0 1 0 0 11 0 0 0 0 0 1 3 3 0 0 0 1 0 3 3 1 0 0 0 0 0 3 0 0 0 0 0 1 0 0 0 5 0 0 0 0 3 0 0 1 0 3 11 3 0 0 0 7 0 0 0 0 0 7 0 3 0 3 0 0 0 0 0 7 1 0 7 3 0 0 13 0 0 5 3 0 1 0 9 3 0 0 7 0 3 0 0 9 0 0 0 0 0 0 0 0 0 3 11 1 0 0 0 0 0 0 0 0 0 0
 0 0 0 1 0 0 0 0 0 0 0 0 0 5 0 0 0 0 1 0 0 0 0 0 0 5 0 0 0 0 0 0 13 0 0 0 0 0 0 0 0 1 0 0 0 0 3 0 3 0 0 0 0 3 0 0 0 0 0 0 0 0 0 0 0 0 0 0 0 0 0 0 0 0 0 0 0 0 0 0 1 0 5 0 0 0 0 3 0 0 0 0 0 0 0 0 1 5 0 0 0 0 0 0 0 0 0 0 0 0 5 0 0 0 0 0 3 0 0 0 0 0 3 0 0 0 3 0 0 0 0 0 0 0 0 0 0 0 7 0 0 3 0 0 0 0 0 0 0 0
 5 0 0 17 0 0 5 0 0 5 5 5 11 9 3 7 7 7 15 0 1 0 0 3 11 7 0 11 13 0 0 1 9 0 7 0 1 3 1 1 5 11 0 9 3 5 9 7 0 0 0 5 3 5 1 5 1 0 0 0 0 3 1 1 0 15 1 0 1 1 9 0 0 0 3 3 11 0 7 5 1 3 17 9 5 0 1 5 0 3 0 15 0 5 1 21 15 5 0 0 0 0 0 3 0 0 9 0 0 9 13 13 0 3 1 0 13 5 5 1 0 0 7 0 13 3 9 9 11 0 0 0 0 0 0 0 0 0 9 11 0 0 1 0 5 1 0 1 3 0
 0 1 5 13 9 0 1 0 0 0 3 7 0 5 9 9 3 9 9 0 5 5 0 7 13 13 0 9 5 0 0 1 19 0 7 0 1 0 0 3 3 11 0 11 9 11 11 1 1 0 3 1 5 13 3 9 3 1 1 1 7 5 9 0 0 19 7 3 1 0 5 3 13 0 13 0 5 1 5 7 15 9 11 13 3 0 7 1 0 3 0 9 0 11 0 9 15 17 5 0 9 0 3 7 0 3 11 1 0 13 25 5 5 9 7 0 17 1 9 5 1 7 11 5 13 0 13 13 13 13 5 9 1 7 0 0 7 0 19 5 1 1 7 0 0 0 3 0 5 0
 0 0 0 0 0 0 0 0 0 0 0 0 3 1 0 0 0 0 0 0 0 5 5 0 3 0 0 9 1 0 0 0 5 0 3 0 0 0 5 5 0 3 5 0 0 0 7 1 0 0 0 0 5 1 3 3 0 0 0 0 0 3 0 5 11 9 0 0 3 0 5 0 1 0 0 3 0 0 0 0 1 11 3 3 1 0 0 0 0 0 0 5 0 5 0 1 3 11 0 0 0 0 0 3 0 9 11 0 0 0 13 11 0 1 5 0 3 0 1 11 1 7 3 0 9 0 0 5 3 5 0 0 0 0 0 0 0 11 1 7 0 0 0 0 0 0 0 0 0 0
 0 0 0 0 0 0 0 0 0 0 0 0 0 0 0 0 0 0 1 0 0 0 0 0 0 0 0 0 0 0 0 0 11 0 0 0 0 0 0 0 3 0 0 0 0 0 0 0 0 0 0 0 0 0 0 0 0 0 0 0 0 0 0 0 0 0 0 0 0 0 1 0 0 0 0 0 0 0 0 0 0 0 7 0 0 0 0 0 0 0 0 0 0 0 0 0 0 0 0 0 0 0 0 0 0 0 0 0 0 0 0 0 0 0 0 0 0 0 0 0 0 0 0 0 0 0 0 0 0 0 0 0 0 0 0 0 0 0 0 0 0 0 0 0 0 0 0 0 0 0
 1 0 0 5 1 0 3 0 0 0 0 0 1 0 1 0 0 3 7 0 1 3 9 0 0 1 0 1 1 0 0 0 9 0 0 0 0 0 0 0 3 3 0 0 5 1 5 3 0 0 1 0 0 0 0 0 5 1 0 0 0 1 0 0 0 3 0 0 0 0 3 0 0 0 1 0 3 0 0 1 0 5 17 7 0 0 0 1 0 0 0 0 0 0 0 5 1 9 0 0 0 1 0 0 0 1 5 0 0 0 5 0 0 0 0 0 9 1 0 0 3 0 9 0 9 0 0 5 0 1 0 0 3 0 0 0 0 0 11 0 0 0 0 0 0 0 0 0 0 0
 0 1 0 19 5 0 1 0 0 9 0 0 1 3 7 7 0 5 11 0 0 9 3 9 7 7 0 9 7 0 0 3 9 0 15 0 0 0 0 9 3 1 0 0 7 7 5 5 0 0 7 3 11 0 5 3 11 3 0 0 9 3 5 0 3 5 1 0 5 0 9 0 0 0 7 0 0 0 0 0 3 3 7 0 13 1 0 3 0 0 0 0 0 0 0 11 0 9 0 0 0 5 0 9 0 3 9 15 0 5 19 7 0 15 9 0 3 11 0 1 9 0 5 0 9 0 7 5 3 0 0 11 0 5 0 0 0 0 19 13 3 0 0 0 0 0 0 0 13 0
 0 1 9 1 0 0 0 0 0 0 0 0 7 0 0 11 0 0 5 0 0 0 1 0 0 0 0 1 0 0 0 0 0 0 0 0 0 0 0 0 0 7 0 0 0 0 0 0 0 0 0 7 1 5 0 0 0 0 0 0 0 3 3 3 0 1 0 0 0 0 3 0 0 0 1 0 0 0 0 1 9 9 1 0 0 0 0 0 0 0 0 0 0 1 0 5 0 1 0 0 0 3 0 0 0 0 9 0 0 0 11 1 0 0 0 0 0 0 0 0 1 0 0 0 0 0 1 1 1 0 0 0 0 0 0 0 0 0 0 13 0 0 0 0 0 0 0 0 0 0
 0 0 0 15 0 0 0 0 0 0 0 0 0 0 0 9 0 1 3 0 0 0 0 0 0 1 0 0 0 0 0 0 1 0 0 0 0 0 0 0 3 5 0 0 0 0 1 0 0 0 0 0 5 1 0 9 0 0 0 0 0 3 0 0 0 0 0 0 0 0 0 0 1 0 0 0 0 0 0 0 0 1 13 0 0 0 0 0 0 0 0 0 0 0 0 0 0 1 0 0 0 0 0 1 0 0 7 0 0 0 9 1 0 3 0 0 3 0 0 0 5 0 5 0 1 0 0 1 0 0 0 0 0 0 0 0 0 0 1 3 0 0 0 0 0 0 0 0 0 0
 3 0 13 13 0 5 9 3 5 9 13 3 5 5 5 3 0 3 15 0 5 1 1 7 5 7 9 0 11 7 0 0 19 0 0 0 0 1 0 1 5 7 0 3 5 11 11 11 7 0 3 11 11 9 5 5 9 0 0 0 11 1 5 13 1 11 7 5 0 0 1 0 13 0 5 0 0 5 9 7 7 7 13 17 9 0 7 7 0 1 0 3 0 0 0 13 9 9 0 0 0 0 3 7 0 7 9 5 3 9 7 3 3 15 9 0 21 0 11 3 11 3 11 13 9 0 11 13 3 0 0 3 5 0 0 0 1 11 11 9 5 1 11 0 0 1 0 3 3 0
 0 0 0 1 0 0 0 0 0 0 0 0 3 0 0 0 0 0 1 0 1 1 5 0 0 0 0 0 0 0 0 0 1 0 0 0 0 0 1 0 0 9 0 0 7 0 0 0 0 0 0 0 0 5 0 0 0 0 0 0 1 0 0 3 0 0 0 0 0 0 0 1 0 0 1 0 0 0 0 0 0 0 3 0 0 0 0 0 0 0 0 0 0 0 0 3 0 3 1 0 0 0 0 0 0 0 0 0 0 0 3 0 0 1 0 0 0 5 0 0 0 0 7 0 3 0 0 0 0 0 0 0 0 0 0 0 0 5 0 0 0 0 0 0 0 0 0 0 1 0
 1 0 0 1 5 1 0 0 0 3 5 0 0 9 3 0 0 0 0 0 0 0 5 0 3 1 0 0 0 0 0 0 17 0 5 0 0 0 0 7 5 11 0 0 0 1 11 3 3 0 0 0 5 11 5 0 9 0 0 0 0 1 5 1 0 3 0 5 0 0 11 1 3 0 11 5 0 0 0 1 5 5 9 0 0 0 0 7 0 0 0 7 0 0 0 3 3 9 0 0 0 0 0 0 0 11 9 0 0 9 17 0 0 9 5 1 0 0 11 1 1 3 15 0 1 1 5 9 0 0 0 0 0 0 0 0 0 9 1 0 5 0 0 0 0 0 0 0 3 0
 0 0 0 7 0 0 1 0 0 3 0 0 3 0 3 5 0 1 5 0 0 0 0 0 0 3 0 9 0 0 0 0 3 0 3 0 0 0 0 0 5 0 0 1 0 1 7 1 0 0 0 0 0 0 0 1 0 0 0 0 0 0 0 0 0 1 3 0 0 0 1 0 0 0 0 0 0 0 0 0 3 1 7 7 0 0 0 0 0 0 0 1 0 0 0 7 1 1 0 0 0 0 0 1 0 0 1 0 0 0 13 5 1 13 1 0 3 0 0 1 0 1 3 0 1 0 0 0 0 0 0 0 0 0 0 0 0 0 13 5 0 0 0 0 0 0 0 0 0 0
 0 11 1 3 1 0 9 0 0 0 0 1 0 7 0 3 0 0 3 0 0 9 3 3 0 1 0 0 1 0 0 0 15 0 0 0 0 0 0 0 0 5 0 0 0 9 5 3 0 0 0 0 3 0 5 0 0 0 0 7 9 9 3 1 0 1 7 0 0 0 0 0 5 1 3 0 0 0 0 1 7 15 13 0 5 1 0 9 0 0 0 3 0 0 0 11 0 7 0 0 0 0 7 1 0 0 11 0 0 0 9 5 0 5 9 0 7 0 0 0 3 1 1 0 3 0 1 0 0 5 5 0 0 1 0 0 0 9 15 7 5 0 0 0 0 0 0 0 0 0
 0 3 0 7 0 1 11 0 1 0 0 0 1 5 0 0 0 9 0 0 0 5 5 0 0 3 0 9 0 0 0 0 15 0 1 0 0 0 3 5 0 3 0 0 5 0 11 7 0 0 0 0 3 11 1 7 7 0 0 0 0 0 0 1 0 3 0 0 0 0 0 0 0 0 5 1 0 0 0 0 1 7 19 1 0 5 0 0 0 0 0 7 0 1 3 9 0 5 0 0 0 0 0 0 0 7 9 1 0 0 9 0 0 0 0 0 1 0 5 0 0 0 11 9 7 1 0 7 0 0 0 7 1 1 0 0 1 7 0 3 0 0 0 0 0 0 0 0 1 0
 5 0 1 21 0 1 7 9 1 3 1 9 7 9 1 9 3 9 9 7 7 11 0 7 5 9 1 13 9 3 0 1 9 1 15 5 5 1 7 5 11 17 0 15 13 7 5 17 5 5 0 5 15 7 1 7 11 0 0 13 7 0 0 1 1 7 11 7 0 1 11 0 13 3 3 5 5 0 9 15 7 5 19 0 15 0 1 7 0 3 0 9 1 3 3 7 19 13 0 0 0 3 3 0 0 11 7 7 0 0 17 7 5 7 5 0 1 0 0 0 5 0 9 0 7 3 5 13 3 9 11 5 13 5 0 0 0 5 15 13 7 0 0 7 1 1 1 0 5 0
 0 0 0 1 0 0 0 0 0 0 0 0 0 0 0 3 0 1 3 0 0 7 0 0 0 1 0 0 0 0 0 0 0 0 0 0 0 0 0 0 0 3 0 0 5 9 3 0 0 0 0 0 0 0 0 0 0 0 0 0 0 0 3 0 0 0 0 0 0 0 0 0 0 0 0 0 0 0 0 3 0 0 3 0 1 0 0 0 0 0 0 0 0 0 0 3 0 0 0 0 0 0 0 0 0 0 0 0 0 0 3 0 0 3 0 0 0 0 0 0 0 0 0 0 3 0 0 0 0 0 0 0 5 0 0 0 0 0 7 0 0 0 1 0 0 0 0 0 0 0
 7 3 3 7 0 0 5 1 0 1 7 7 5 3 11 7 5 9 9 0 0 1 9 0 7 0 0 3 7 0 0 3 7 0 7 0 0 3 0 1 5 5 0 1 0 0 11 1 0 0 7 5 1 13 3 15 5 0 0 0 0 7 3 5 0 17 3 0 0 0 0 5 1 3 3 0 7 7 1 3 13 1 13 0 1 3 1 7 0 0 0 11 0 9 7 5 9 17 0 0 0 0 7 7 0 7 19 3 0 13 19 7 5 7 7 0 11 9 7 5 0 7 9 0 19 3 7 9 5 3 0 5 0 0 0 0 0 3 1 1 0 1 0 0 0 0 0 0 5 0
 0 0 0 3 0 1 0 0 0 0 0 0 0 0 0 0 0 3 0 0 0 0 0 0 0 1 0 3 0 0 0 0 7 0 3 0 3 0 0 0 0 0 0 0 5 0 3 9 0 0 0 3 0 0 1 0 5 0 0 0 0 0 0 0 0 0 0 0 0 0 5 0 0 0 5 0 0 0 1 1 0 0 9 0 0 0 0 3 0 0 0 0 0 0 0 15 0 0 0 0 0 0 0 0 0 0 1 0 0 0 9 0 0 3 0 0 0 0 0 0 0 0 0 0 0 0 0 0 0 0 9 0 0 0 0 0 0 0 11 0 0 0 0 0 0 0 0 0 0 0
 1 9 1 3 0 0 0 0 0 1 0 1 21 7 5 0 3 1 19 0 1 3 0 0 0 7 0 5 7 0 0 1 7 0 1 0 0 7 0 0 0 9 1 7 5 3 11 3 0 0 0 3 1 5 3 5 5 0 0 0 0 11 5 0 1 9 0 0 5 0 3 0 9 0 0 0 5 0 7 0 13 5 13 3 3 0 1 9 0 0 0 3 0 3 0 11 13 21 0 0 0 3 1 0 0 5 7 0 7 3 23 1 3 9 15 1 9 0 11 7 0 0 7 0 5 0 3 0 7 1 3 0 1 0 3 0 0 5 11 5 0 0 3 0 0 3 5 0 0 0
 0 0 0 5 1 1 0 3 0 0 0 0 9 0 0 0 0 0 9 0 0 0 0 0 0 1 0 0 0 0 0 0 7 0 3 0 3 3 0 3 0 1 0 0 5 3 13 0 0 0 0 5 3 3 0 0 0 0 0 7 0 0 0 1 3 0 5 0 3 0 3 0 0 0 1 0 0 0 0 3 0 7 9 5 1 0 0 3 0 0 0 0 0 0 0 9 3 13 0 0 0 0 0 0 0 1 0 0 0 1 17 1 0 0 7 0 5 0 5 0 3 0 1 0 7 0 0 3 0 0 13 0 0 0 0 0 0 0 9 3 0 0 0 0 0 0 0 0 0 0
 0 0 0 3 0 0 0 0 0 3 0 0 0 0 0 0 0 0 0 0 0 0 0 0 0 1 0 0 0 0 0 0 0 0 0 0 0 0 0 0 3 0 0 0 5 0 1 0 0 0 0 5 0 0 0 0 0 0 0 0 0 0 0 0 0 0 7 0 0 0 0 0 0 1 7 0 0 0 0 0 3 3 5 0 0 1 0 5 0 0 0 0 0 0 0 7 0 0 0 0 0 0 0 0 0 0 11 0 0 0 7 0 0 0 0 0 5 0 5 1 0 0 1 0 3 1 0 0 0 0 0 0 0 0 0 0 0 1 1 9 0 0 0 0 0 0 0 0 1 0
 0 0 11 9 0 3 5 0 0 1 7 9 7 7 0 1 5 1 7 1 0 0 0 0 15 0 0 0 1 0 0 0 7 0 3 0 0 0 0 1 3 13 0 1 3 1 1 1 0 0 0 0 1 5 7 0 0 0 0 5 0 7 5 0 0 3 0 1 0 0 3 0 0 0 1 9 0 0 0 5 1 7 5 5 13 0 0 0 0 0 0 5 0 0 0 0 1 9 0 0 0 0 1 0 0 9 15 0 0 0 11 9 0 0 1 0 9 1 13 1 5 0 1 0 11 0 9 11 0 0 0 3 1 1 0 0 0 0 1 3 0 0 7 0 0 0 0 0 1 0
 0 11 1 17 0 0 3 0 1 3 7 3 7 0 0 13 0 7 19 5 0 1 9 0 3 3 0 3 0 0 0 5 13 0 1 0 0 1 9 1 7 1 0 0 19 5 7 9 0 0 7 5 1 0 7 3 1 0 0 0 7 9 5 3 0 0 5 0 3 0 9 1 0 0 11 7 9 0 3 0 0 5 13 3 11 0 0 3 0 0 0 11 0 0 0 11 0 0 0 0 0 0 7 5 5 7 13 3 0 0 15 0 3 7 3 5 7 3 1 0 5 0 9 0 7 0 3 9 3 0 7 1 1 0 0 1 0 3 21 9 0 0 11 0 0 0 0 0 5 0
 3 0 0 7 0 0 0 0 0 0 3 0 5 9 0 0 0 9 0 1 0 0 0 0 5 3 0 0 0 0 0 0 7 0 3 0 0 0 0 1 0 1 0 1 0 0 0 7 0 0 1 3 7 0 0 5 0 0 0 0 0 5 0 3 0 5 0 0 0 0 0 0 0 0 0 0 0 0 0 0 5 1 3 5 0 1 0 5 0 0 0 9 0 3 0 5 5 1 0 0 0 3 0 0 0 7 9 3 0 5 15 5 3 1 1 1 3 1 7 0 1 0 13 5 0 0 0 3 1 0 0 0 0 0 0 0 0 0 5 0 0 0 1 0 0 0 0 0 0 0
 5 11 1 11 0 1 5 0 0 0 1 5 5 3 1 0 3 7 9 0 3 1 3 0 7 7 0 0 9 0 0 0 5 0 0 0 0 1 0 7 0 7 0 0 11 7 9 0 0 0 0 7 3 7 5 0 7 0 0 1 0 3 1 0 0 3 0 1 0 0 17 0 0 0 7 0 5 0 0 11 5 3 11 5 9 0 0 0 0 0 0 5 0 5 0 0 1 5 7 0 0 0 3 1 0 3 7 5 0 3 17 9 0 7 15 0 15 9 13 3 0 0 13 0 3 1 11 11 0 0 3 0 0 0 0 0 0 0 11 1 1 0 1 0 0 1 0 0 7 0
 0 0 9 15 0 1 5 1 0 1 3 0 9 7 7 7 3 5 5 0 0 3 0 0 7 3 0 0 0 0 0 7 7 0 5 0 1 3 3 1 7 3 0 1 11 0 9 3 1 0 3 9 0 5 5 7 9 0 0 1 11 7 0 3 0 5 0 0 0 0 3 0 0 0 1 1 3 0 5 0 5 5 13 3 5 0 7 0 0 0 0 7 0 3 9 9 11 5 0 0 0 0 1 0 0 5 17 11 0 1 19 0 1 1 7 0 9 7 1 5 0 0 0 5 3 0 13 7 0 0 7 1 0 3 0 0 3 1 9 0 0 5 7 0 1 0 5 0 0 0
 1 11 0 11 7 0 13 0 0 9 0 9 3 3 5 7 1 0 9 1 3 0 5 5 11 0 0 0 1 0 0 0 15 1 11 0 1 3 0 5 7 9 0 5 7 7 3 0 1 1 7 7 5 9 17 7 7 0 0 0 0 3 5 3 3 15 0 0 5 0 7 9 0 0 21 0 3 1 0 1 7 11 15 0 9 11 3 7 0 0 0 3 3 5 1 3 7 13 0 0 0 1 0 5 0 13 3 1 0 11 21 1 0 13 9 1 11 9 1 0 0 0 3 1 15 3 9 9 0 1 5 5 0 0 0 0 1 3 3 5 3 1 0 0 0 0 0 9 13 0
 1 13 11 19 13 13 9 11 15 7 13 19 27 11 13 21 5 17 25 5 15 17 11 11 13 15 7 15 9 0 0 13 19 0 9 7 7 5 7 9 13 25 7 11 21 15 13 19 17 7 3 5 25 15 3 13 11 19 3 5 1 19 17 11 5 23 19 13 1 11 17 13 13 15 19 13 17 1 17 13 15 7 23 21 15 9 17 29 11 11 1 11 11 11 1 13 9 9 17 9 13 15 5 13 7 15 13 13 5 17 25 15 11 9 21 15 17 11 13 21 13 5 23 15 19 0 15 19 17 11 19 7 17 9 0 1 9 7 23 21 3 3 17 0 3 15 9 5 13 11
 7 11 7 11 11 3 11 9 1 11 15 13 27 13 9 9 7 15 13 13 7 15 13 13 13 7 1 5 9 0 0 9 19 0 15 1 13 3 13 13 15 17 0 13 5 5 11 17 7 3 13 21 17 9 13 21 11 0 0 13 7 17 3 23 7 11 11 3 9 7 19 9 5 0 13 11 15 0 5 11 19 11 27 23 17 7 5 13 0 5 3 13 7 7 0 19 17 17 7 0 3 3 7 11 7 21 29 11 9 13 25 13 5 21 19 11 9 15 27 7 11 3 13 7 11 11 7 9 15 0 23 5 9 11 0 0 0 11 23 13 13 11 17 0 0 0 5 1 15 0
 5 0 5 11 0 0 5 0 0 5 0 9 0 7 9 9 9 15 1 0 3 1 3 0 15 3 0 3 1 1 0 7 13 0 3 0 1 1 0 9 0 3 7 0 5 13 13 0 0 0 7 15 13 3 13 7 7 0 1 9 5 9 11 0 3 5 11 0 5 0 15 0 9 1 9 5 5 0 3 5 9 9 13 3 13 0 0 7 0 3 0 7 0 3 7 13 3 5 3 0 0 1 3 1 1 11 15 13 0 11 17 13 5 3 15 0 5 17 9 1 0 5 7 1 13 7 5 11 1 9 7 1 0 0 0 1 0 11 9 5 3 0 13 0 3 0 0 0 17 0
 0 0 0 5 0 9 1 3 0 0 3 7 1 0 0 7 0 3 7 0 0 0 0 0 9 5 0 0 0 0 0 3 11 0 7 0 0 0 0 5 7 11 0 0 1 0 7 0 0 0 9 5 9 1 0 9 3 0 0 5 7 3 0 5 5 0 0 1 5 0 0 1 3 0 9 0 3 0 9 7 11 5 17 1 1 0 0 7 0 0 0 0 0 7 0 11 7 13 0 0 0 0 0 3 1 0 13 5 9 0 13 5 5 1 5 0 0 0 5 0 0 0 11 0 13 0 7 0 7 0 9 5 0 0 0 0 0 0 17 3 0 0 0 0 0 0 0 0 3 0
 0 0 0 3 0 0 0 0 0 0 0 0 0 0 0 3 0 0 0 0 0 0 0 0 0 0 0 0 0 0 0 0 0 0 0 0 0 0 0 0 0 0 0 0 0 0 0 0 0 0 0 0 0 0 0 0 0 0 0 0 0 0 0 0 0 0 1 0 0 0 3 0 0 0 0 0 0 0 0 0 0 3 0 0 0 0 0 0 0 0 0 1 0 0 0 3 0 0 0 0 0 0 0 0 0 0 0 0 0 0 3 0 0 5 0 0 5 0 0 0 1 0 0 0 0 0 0 0 0 0 0 0 0 0 0 0 0 0 0 0 0 0 0 0 0 0 0 0 0 0
 0 1 0 1 0 0 5 0 1 0 0 0 0 0 3 0 0 0 11 0 1 3 5 0 0 7 0 0 0 0 0 0 3 0 0 0 0 0 0 0 0 9 0 3 0 0 7 0 0 0 0 1 0 3 0 0 1 0 0 0 0 0 3 0 0 1 7 0 0 0 5 0 5 0 7 1 0 0 0 0 7 5 11 0 0 0 0 3 0 0 0 1 0 0 0 0 0 0 0 0 0 0 0 0 0 0 11 0 0 0 13 5 0 0 0 0 3 5 0 0 0 0 13 0 1 0 0 0 0 0 1 0 1 0 0 0 0 0 3 0 0 0 0 0 0 0 0 0 0 0
 1 0 0 15 0 0 0 7 0 11 9 11 7 0 7 11 9 7 11 0 5 3 1 0 1 11 0 0 1 0 0 0 13 0 15 0 0 0 0 5 5 5 0 3 11 0 7 3 0 0 0 11 9 1 3 9 5 0 0 0 0 0 7 11 1 9 0 0 0 0 9 1 7 0 0 0 7 0 5 1 9 11 11 0 1 0 0 9 0 0 0 3 0 3 0 3 9 7 1 0 0 5 0 11 0 5 5 11 0 5 17 1 0 7 5 0 9 0 3 0 15 0 15 1 3 1 1 9 5 3 5 0 5 0 0 0 0 1 13 3 0 0 0 0 0 0 0 0 3 0
 0 9 1 0 1 0 0 0 0 1 0 5 3 0 3 5 0 1 7 0 0 1 5 3 0 5 0 0 0 0 0 3 15 0 1 0 0 0 3 0 3 9 7 0 3 7 11 0 0 0 1 0 9 7 0 1 11 0 0 0 1 0 7 3 0 7 7 0 0 0 3 0 5 0 5 0 0 0 0 0 0 9 13 17 9 0 0 5 0 0 0 9 1 3 0 7 13 13 0 0 0 0 0 0 0 1 0 1 0 3 13 1 3 3 9 0 15 9 7 7 5 11 3 0 3 1 7 13 3 7 9 3 0 0 0 0 1 11 17 1 5 0 11 0 0 3 0 0 1 0
 0 0 0 5 0 3 0 0 0 3 0 5 0 0 0 5 3 3 0 0 0 5 3 0 7 7 0 1 1 0 0 0 3 0 5 5 0 0 0 0 9 7 3 0 11 1 1 5 0 0 0 0 0 3 0 5 5 0 0 1 0 0 0 0 0 7 3 0 0 0 1 0 0 1 13 0 1 0 5 5 1 0 13 0 9 0 0 3 0 0 0 5 0 7 0 7 1 7 0 0 0 0 1 0 1 13 11 0 0 7 5 1 3 3 3 0 9 1 5 11 3 1 0 5 13 0 1 9 0 0 0 0 0 3 0 0 0 3 7 3 7 0 0 0 0 0 0 0 9 0
 13 5 21 15 11 13 11 5 7 21 19 11 15 13 15 19 5 17 21 9 13 13 17 17 19 23 15 25 13 1 0 11 23 19 19 5 11 11 9 19 17 25 5 19 11 5 11 9 15 1 11 13 27 27 17 13 17 0 5 21 11 13 13 19 17 21 19 17 7 13 15 11 15 15 17 9 13 13 15 15 11 21 27 25 17 3 11 17 11 7 3 15 1 17 13 15 21 13 9 0 0 11 13 5 5 15 19 7 5 17 27 13 15 25 13 11 19 7 15 13 23 0 15 19 19 9 17 13 17 17 13 17 13 19 1 5 17 13 29 13 9 23 7 0 11 11 11 5 11 5
 5 0 5 13 0 0 13 5 3 11 3 3 3 9 0 11 1 9 9 1 1 11 7 11 17 5 5 5 9 1 0 9 9 0 0 0 5 3 5 9 9 11 0 0 15 0 0 19 9 3 7 0 3 13 9 19 17 1 5 9 3 1 3 3 5 15 5 0 11 0 0 0 1 0 0 11 13 1 15 3 9 1 7 5 0 1 7 13 0 1 3 7 0 15 9 7 11 19 3 0 7 0 3 3 5 11 17 0 1 15 17 11 11 9 9 9 15 7 11 7 5 0 21 9 21 5 11 23 9 3 11 5 0 3 0 3 0 1 9 5 3 1 11 0 0 13 9 3 11 0
 0 0 9 17 0 3 3 1 9 7 3 17 9 0 3 11 3 7 15 1 3 9 11 5 1 15 0 11 9 0 0 5 9 0 7 0 0 0 7 13 7 5 0 0 9 13 15 5 3 0 11 3 3 9 5 11 17 0 1 0 7 5 7 3 3 5 7 1 5 0 9 0 7 0 5 7 7 7 5 1 19 13 17 3 11 3 1 5 0 0 5 11 0 13 0 5 15 21 0 0 1 0 0 3 0 9 17 0 3 13 23 13 5 11 9 0 9 7 9 1 9 0 9 1 13 0 9 9 3 13 3 0 1 11 0 3 3 11 11 11 9 0 3 0 0 0 0 1 7 1
 0 0 1 19 0 1 3 0 1 7 13 15 5 11 1 11 0 7 3 0 0 7 5 0 3 9 11 11 11 3 0 5 19 0 11 0 3 1 0 0 1 3 0 0 7 9 13 1 5 0 13 11 11 3 11 7 19 0 0 11 5 0 3 0 5 3 3 0 0 0 1 1 3 3 3 3 1 0 3 9 9 11 15 9 13 1 0 5 0 3 0 9 0 3 1 17 0 9 0 0 0 0 9 0 7 3 7 7 0 9 23 1 9 9 7 1 13 3 15 5 7 0 9 9 13 0 11 11 1 5 3 1 0 5 0 0 1 3 11 5 7 7 7 0 0 7 0 3 7 0
 1 0 3 7 1 1 15 3 0 0 3 3 13 5 5 13 7 3 9 0 3 7 7 0 5 13 9 7 11 3 0 7 15 0 7 0 0 0 1 3 5 11 0 1 9 15 9 3 0 0 13 9 5 21 3 5 5 1 0 1 5 5 19 3 3 3 9 0 5 5 13 3 9 0 9 9 7 9 13 9 5 19 13 9 13 0 11 11 0 0 0 15 0 11 0 5 17 15 3 0 0 7 7 11 0 9 15 0 5 13 21 11 5 3 11 0 7 13 5 17 5 1 15 9 5 5 15 17 3 1 13 7 9 0 0 0 1 3 13 15 5 17 13 0 0 0 0 0 0 0
 0 1 0 7 0 0 3 0 0 1 3 3 7 3 7 0 1 3 1 0 0 7 5 0 0 9 0 0 5 0 0 0 15 0 1 0 0 1 0 0 0 7 0 7 13 3 0 0 0 0 0 9 11 0 7 0 1 0 0 0 0 3 0 0 7 5 1 0 0 0 11 0 5 0 0 3 0 0 0 3 5 7 9 5 1 0 0 11 0 0 0 0 0 0 0 7 0 3 0 0 0 0 3 0 0 3 3 0 0 1 19 9 0 7 9 0 0 0 17 1 0 0 11 0 5 1 5 0 0 0 7 0 3 0 0 0 0 0 3 7 0 0 0 0 0 0 0 1 0 0
 5 9 13 3 3 5 1 5 0 1 3 19 21 13 3 13 0 13 9 1 7 9 5 3 5 13 1 17 0 5 0 9 17 0 11 1 3 9 9 9 5 11 5 15 15 15 9 11 3 0 11 9 15 15 11 19 9 5 0 5 3 9 13 5 0 9 11 0 0 0 11 7 11 7 11 0 15 3 11 9 7 11 17 13 5 3 11 3 5 13 0 13 1 0 0 13 15 23 0 0 0 5 5 13 0 15 13 5 1 13 15 7 1 9 17 15 21 7 13 7 5 7 13 13 7 9 5 17 17 11 13 13 15 9 0 7 9 9 23 13 7 15 5 0 1 0 9 1 5 0
