50
 13745 0 0 1864 1379 94 595 14 0 50 111 258 3605 658 625 0 16 0 31 0 0 28105 0 0 0 0 0 0 0 35 44 0 128 34 0 3360 0 54 1396 320 0 0 1199 113 650 3468 0 1596 0 0
 167 50 0 51 0 0 0 95 0 5 218 0 152 207 286 5 7 0 198 0 0 0 0 0 18 0 3 9 19 0 0 0 264 9 1 75 0 31 112 5 0 0 11 66 13 198 0 23 0 0
 0 8855 0 27 253 1093 11 0 0 0 0 0 7 27 79 0 0 0 0 0 0 0 0 0 3 0 0 2 36 1 0 0 0 6 1 9 4 59 17 24 0 0 40 23 8 82 0 0 0 0
 0 0 0 2644 0 0 43 0 0 0 0 0 0 0 0 0 0 0 0 0 0 0 0 0 0 0 0 0 0 0 0 0 0 0 0 0 0 0 0 0 0 0 0 0 0 0 0 0 0 0
 0 491 0 5263 4756 2748 0 0 0 0 0 0 0 0 0 0 0 0 0 0 0 0 0 0 0 0 0 0 0 0 0 0 0 0 0 0 0 0 178 76 0 0 36 37 0 1086 0 0 0 0
 0 1 0 10 0 0 0 0 0 0 0 0 0 0 0 0 0 0 0 0 0 0 0 0 0 0 0 0 119 0 0 0 205 38 0 0 0 4 5 1 0 0 2 111 0 337 0 0 0 0
 0 0 0 0 22 0 0 0 0 0 0 0 0 40 3 5 0 0 0 0 0 0 0 0 0 0 0 0 49 0 0 0 1256 33 0 0 0 15 0 0 0 0 0 10 0 0 0 0 0 0
 0 0 17568 794 4594 2557 1 42927 223 38 526 486 1131 0 0 0 0 0 0 0 0 0 1 0 67 12 0 206 373 11 55 0 0 115 3076 637 40 0 1694 219 0 198 4951 91 268 2276 0 0 0 0
 0 1 32 149 1504 39 0 0 0 38 38 63 0 0 0 0 0 0 0 0 0 0 0 0 3 2 0 95 57 1 1 0 0 61 225 0 7 495 302 66 0 82 1226 89 94 162 0 0 0 0
 0 0 1 391 569 106 5 0 0 0 1 92 509 0 75 0 0 0 0 0 0 0 0 0 12 0 0 130 315 0 0 0 0 0 2 325 0 0 169 12 0 22 71 52 86 423 0 0 0 0
 0 0 5 480 1059 360 4 0 0 0 3111 1544 96 353 150 1 14 0 0 0 0 0 1 0 15 0 0 84 395 4 17 4 0 415 2 0 78 0 1402 105 0 10 336 188 96 402 0 0 0 0
 0 22 53 533 826 85 1 0 0 0 0 374 8 332 100 1 0 0 0 0 0 0 0 0 14 0 0 57 140 0 15 2 0 272 2 0 0 0 528 43 0 14 275 92 80 329 0 0 0 0
 0 0 0 1730 6954 761 326 0 114 0 0 0 5074 1705 55 0 0 0 0 370 0 196 0 0 25 0 0 0 2831 0 45 0 0 178 4 1682 58 113 1765 139 0 233 2400 518 748 3909 0 0 0 0
 0 0 0 295 389 40 0 2563 1249 83 0 0 0 1161 0 0 0 0 0 0 0 0 0 0 0 0 0 0 146 0 0 52 0 63 1103 2687 91 0 892 72 0 43 265 110 0 1862 0 0 0 0
 0 0 0 235 467 22 0 559 328 0 0 0 0 9720 1297 0 76 0 0 0 0 0 0 0 60 0 0 0 530 141 2 813 0 0 22 2592 275 34 732 43 0 137 188 275 319 3316 0 0 0 0
 0 0 0 12 38 2 0 13 15 5 0 0 8 160 44 11 150 0 0 0 0 0 0 0 0 0 1 4 51 2 17 104 10 3 0 39 13 0 80 0 0 17 7 37 24 133 0 0 0 0
 0 0 19 164 852 26 0 177 952 577 0 183 315 1625 0 0 3037 0 0 0 0 0 2 0 62 11 0 299 552 7 792 381 0 0 0 1969 148 0 502 30 0 99 154 0 377 2090 0 0 0 0
 0 1 0 201 710 24 0 1261 364 646 1 6 513 1416 442 6 33 4101 0 0 0 0 0 0 40 77 0 121 259 557 56 227 71 0 0 2412 96 0 338 14 0 173 311 145 123 1253 0 0 0 0
 0 0 5 93 185 5 0 926 89 4 2 14 101 707 777 1 175 10 0 0 0 0 0 0 24 19 0 50 91 33 17 63 29 0 1 339 42 21 259 0 0 0 95 58 55 358 0 0 0 0
 58418 0 0 278 401 19 61 13 0 58 1 9 0 569 113 1 0 0 0 0 2 0 1 0 13 58 0 0 448 5 153 0 196 317 0 3486 0 25 252 0 0 42 51 60 164 283 0 0 0 0
 17319 0 0 272 273 0 12 0 0 42 5 11 56 381 5 5 3 1 0 0 0 0 0 0 3 0 0 0 610 1 162 0 99 101 1 230 0 31 1195 0 0 0 123 18 59 341 0 0 0 0
 0 0 20 1185 1571 31 75 0 0 110 21 303 0 1223 128 1 15 2 0 19 1885 16177 0 0 42 0 0 18 4003 3 363 0 181 988 4 622 0 100 613 120 0 58 1981 311 411 3388 0 0 0 0
 682 1 0 332 388 57 53 0 0 268 0 9 211 408 155 0 0 2 2 0 6 1072 0 0 11 2 0 8 289 5 22 0 205 298 1 329 0 41 351 18 0 0 286 103 84 1336 0 0 0 0
 65 0 0 27 75 9 4 0 0 3 2 4 87 34 20 1 3 0 0 0 0 2 0 0 0 44 0 4 652 1 5 0 15 24 1 178 0 29 115 0 0 0 50 34 30 484 0 0 0 0
 0 0 0 174 285 10 3 0 0 0 0 0 0 20 0 1 0 0 0 0 0 0 0 0 980 4686 44 0 376 0 140 0 96 35 0 232 65 2 509 0 0 45 50 0 212 779 0 0 0 0
 72 0 1 504 1675 7 30 0 0 101 4 20 1115 277 170 2 0 0 0 0 0 47 0 0 0 10256 0 0 505 0 0 0 0 330 31 2665 54 37 774 15 0 108 237 164 603 1192 0 0 0 0
 10 0 1 44 66 0 1 0 1 0 0 0 31 108 6 0 1 0 0 74 0 0 1 0 0 61 113 0 73 6 20 0 6 37 0 163 11 10 48 0 0 9 12 26 28 60 0 0 0 0
 1287 0 0 408 969 14 0 0 0 0 0 0 1153 1107 16 0 0 0 0 13 0 0 0 0 38 753 19 4623 606 138 312 0 0 269 0 1336 2 0 2321 22 0 36 853 208 347 0 0 0 0 0
 425 0 0 364 1272 0 0 0 0 0 0 0 0 0 0 0 0 0 0 0 0 0 0 0 0 0 0 0 7395 0 0 0 0 0 235 0 0 0 519 15 0 0 0 579 0 0 0 0 0 0
 0 1 0 60 161 8 6 0 0 0 0 2 205 363 0 0 0 0 0 0 0 0 0 0 5 173 0 0 166 16 7 0 0 0 0 0 12 0 0 4 0 13 50 46 41 259 0 0 0 0
 0 0 0 124 579 19 13 0 0 25 0 0 0 147 0 0 0 0 0 0 0 0 0 0 0 138 0 0 181 0 0 0 0 0 1 0 3 17 393 34 0 0 357 63 111 0 0 0 0 0
 40 0 0 43 98 24 13 19 82 102 0 0 39 0 0 0 0 0 0 0 0 0 1 0 6 131 5 86 217 3 177 5 0 0 11 136 20 12 60 3 0 0 72 28 52 0 0 0 0 0
 0 0 42 2588 1207 0 0 9190 1128 2162 22913 11183 228 12180 3878 0 2204 0 0 0 0 0 0 0 0 46 0 8734 1004 420 2060 82 0 0 0 13352 0 88 3568 232 0 0 704 778 0 10679 0 0 0 0
 0 0 0 899 133 0 0 0 0 5 0 0 0 0 239 0 118 153 117 0 0 0 0 0 0 0 0 0 576 0 470 37 26 0 564 0 0 22 0 4 0 3 0 347 67 2361 0 0 0 0
 0 0 0 56 60 9 1 0 0 0 0 0 0 0 0 6 41 0 0 0 0 0 0 0 15 0 23 2 0 51 0 0 196 0 0 192 6 48 88 27 0 14 13 39 71 229 0 0 0 0
 0 0 0 11453 2949 198 53 0 1193 0 101 123 0 0 0 0 0 0 0 0 0 0 0 0 0 0 0 0 5735 289 492 0 0 7361 0 3132 0 0 0 0 121 392 0 5667 3158 0 0 0 0 0
 801 7 0 290 254 71 711 0 0 158 0 78 0 0 0 0 0 0 0 2322 648 1670 16910 37 0 0 0 0 133 0 0 0 954 228 0 9751 0 8 485 8 0 0 134 512 0 934 0 0 0 0
 0 0 0 709 1227 0 0 26 0 4 49 83 0 238 0 2 156 0 0 0 0 0 0 0 0 0 0 226 126 16 0 0 0 0 0 732 0 11 112 0 0 0 25 0 0 28 0 28 0 0
 0 0 0 1695 0 0 8 0 0 0 0 0 0 0 0 0 0 0 0 0 0 0 0 0 0 0 0 0 0 128 0 0 0 3588 0 803 0 0 87 0 0 0 359 26 1301 84 0 0 0 0
 0 0 0 170 0 0 0 0 0 0 0 0 0 0 0 0 0 0 402 0 0 0 0 0 0 0 0 0 0 0 0 0 0 0 0 16 0 26 19 0 0 0 57 207 174 9 0 0 0 0
 0 0 0 515 4 0 20 16 0 0 0 0 43 97 19 0 19 0 236 0 0 0 4 0 0 0 0 0 52 0 0 0 23 4 0 0 142 21 26 4 0 18 541 202 982 395 0 0 0 0
 0 0 0 478 4 0 0 0 0 0 0 0 0 0 0 0 0 0 55 0 0 0 2 0 0 0 0 0 6 0 31 0 495 0 0 0 7 21 24 4 0 0 248 432 53 324 0 0 0 0
 0 0 0 46 0 0 1 0 0 0 0 0 0 0 0 0 0 0 0 0 0 0 0 0 0 0 0 0 23 0 0 0 0 70 0 4 0 0 0 0 0 0 0 598 264 335 0 0 0 0
 0 0 0 94 0 0 0 0 0 0 0 0 0 0 0 0 416 0 0 0 0 0 0 0 55 0 0 0 0 0 0 0 0 0 0 0 0 1088 0 0 0 0 0 0 0 0 0 0 0 0
 0 0 0 92 278 9 60 0 0 0 0 0 0 112 0 0 0 0 0 0 0 0 0 0 0 0 0 0 1770 0 0 0 798 0 0 0 40 46 0 0 0 0 0 3403 61095 17907 0 0 0 0
 0 0 0 4715 0 0 1940 0 0 0 0 0 0 0 0 0 0 0 0 0 0 0 0 0 0 0 0 303 5961 0 176 15 0 0 0 1607 0 0 0 0 0 0 0 2257 0 577 0 0 0 0
 0 0 0 0 0 0 0 0 0 0 0 0 0 0 0 0 0 0 0 0 0 0 0 0 0 0 0 0 0 0 0 0 15378 0 0 0 0 0 0 0 0 0 0 0 2935 70 0 0 0 0
 0 0 0 1623 1208 49 1272 0 286 24 123 64 1803 263 0 48 61 0 0 1134 323 921 228 0 54 152 0 0 348 75 108 0 1066 178 0 2348 10 0 305 19 0 0 150 1414 57 2307 0 0 0 0
 206 40 12 1808 2208 89 458 26 0 39 145 34 408 852 1602 40 485 67 1439 162 21 106 14 87 364 101 13 90 2157 33 10 155 11803 272 0 892 389 1509 1204 74 2 16 347 1823 4175 9837 2068 716 0 0
 331 95 30 711 1211 219 382 14 0 28 17 41 212 396 22 24 94 1 0 20 36 44 2 0 52 192 0 277 2322 4 26 215 2867 22 0 597 141 2076 406 55 0 1 264 425 1412 2206 337 274 0 0
