50
 19025 0 0 2959 1420 158 595 36 0 73 120 301 6988 957 1813 0 70 0 31 0 0 0 0 0 0 0 0 0 0 167 107 0 128 34 0 3629 0 54 1495 493 0 0 1199 123 650 2999 0 1397 0 0
 160 50 0 83 0 0 0 182 0 12 224 0 159 283 836 62 32 0 317 0 0 0 0 0 20 0 28 45 25 0 0 0 261 9 3 59 0 25 118 7 0 0 11 56 8 251 0 14 0 0
 0 17453 0 52 253 1096 11 0 0 0 0 0 0 11 258 2 0 2 0 0 0 0 0 0 4 0 0 2 45 3 0 0 0 6 3 16 9 59 18 36 0 0 40 25 8 110 0 0 0 0
 0 0 0 94812 0 48 42 0 0 0 0 0 0 0 0 0 0 0 0 0 0 0 0 0 0 0 0 0 0 0 0 0 0 0 0 0 0 0 0 0 0 0 0 0 0 0 0 0 0 0
 0 1938 0 7932 4756 6178 0 0 0 0 0 0 0 0 153 0 0 0 0 0 0 0 0 0 0 0 0 0 0 0 0 0 0 0 0 0 0 0 193 116 0 0 3 50 0 1902 0 0 0 0
 0 2 0 0 0 352 0 0 0 0 0 0 0 0 0 0 0 0 0 0 0 0 0 0 0 0 0 0 73 0 0 0 201 30 0 0 0 0 5 1 0 0 2 118 0 337 0 0 0 0
 0 0 0 0 22 1 0 7 0 0 0 0 0 59 9 63 0 2 0 0 0 0 0 0 0 0 0 0 62 0 0 0 1256 33 0 0 0 15 0 0 0 0 0 13 0 0 0 0 0 0
 0 0 18965 1266 4707 4261 0 60454 3156 63 0 1819 1713 0 0 22 0 0 0 0 0 0 1 0 75 37 0 233 455 110 135 0 0 98 5539 1391 96 0 1811 336 0 300 4951 99 281 2973 0 0 0 0
 0 8 280 284 789 284 0 0 36087 59 14 39 0 0 0 0 0 0 0 0 0 0 0 0 0 4 0 53 47 6 0 0 0 61 3205 0 17 365 321 101 0 123 1226 97 100 209 0 0 0 0
 0 0 1 594 569 530 5 0 0 977 0 253 910 0 266 0 0 0 0 0 0 0 0 0 13 0 0 119 388 6 0 0 0 0 6 598 0 0 181 18 0 33 71 57 88 529 0 0 0 0
 0 0 22 779 1091 1085 3 83 0 0 3167 3097 383 518 479 14 67 58 0 0 0 0 1 0 16 18 0 127 590 24 45 7 0 413 10 87 186 0 1502 162 0 14 336 204 96 587 0 0 0 0
 0 8 221 849 826 425 1 0 0 0 0 1232 0 482 376 6 0 85 0 0 0 0 0 0 13 0 0 65 184 1 20 2 0 270 0 0 0 0 566 67 0 21 275 100 82 253 0 0 0 0
 0 0 65 5414 7125 2568 319 0 829 0 0 5407 50880 2036 58 0 0 0 0 659 0 0 0 0 0 0 0 0 1901 0 0 0 0 134 18 2919 253 60 1889 214 0 348 2316 565 712 3598 0 0 0 0
 0 0 0 416 112 191 0 10329 3683 118 0 0 0 3341 0 0 0 0 0 0 0 0 0 0 0 0 0 0 127 0 0 59 0 50 1103 3339 264 0 950 111 0 64 265 92 0 2420 0 0 0 0
 0 0 0 141 0 109 0 1258 800 0 0 0 0 13347 10000 97 1244 999 0 0 0 0 0 0 0 0 0 0 145 832 0 1402 0 0 0 3641 657 0 783 65 0 196 186 263 320 4267 0 0 0 0
 0 0 0 16 20 2 0 0 21 2 0 0 9 127 0 139 661 0 0 0 0 0 0 0 0 0 10 0 74 0 32 158 10 0 0 93 30 0 85 0 0 20 6 28 19 177 0 0 0 0
 0 0 24 229 843 123 0 197 4624 790 0 351 1210 1897 0 0 19703 0 0 0 0 0 0 0 65 5 0 353 664 38 1902 606 0 0 0 2519 334 0 535 45 0 144 154 0 391 2738 0 0 0 0
 0 0 0 327 710 96 0 2869 724 925 0 0 897 2092 0 75 142 72984 0 0 0 0 0 0 45 209 0 181 257 2024 132 296 71 0 0 2943 230 0 153 21 0 261 311 158 127 1651 0 0 0 0
 0 0 8 132 185 11 0 2270 265 6 2 56 186 1032 2339 13 822 158 2011 0 0 0 0 0 26 59 1 87 116 151 43 85 16 0 2 555 100 0 277 0 0 0 95 63 57 470 0 0 0 0
 62759 7 0 397 401 32 61 92 0 97 1 35 0 830 334 11 1 5 0 2855 11 0 1 0 14 103 0 0 558 19 371 0 196 317 1 3934 0 25 269 0 0 63 51 65 170 608 0 0 0 0
 17318 0 0 407 273 0 12 0 0 72 5 16 126 558 14 70 12 10 0 0 3017 0 0 0 3 0 0 0 759 5 394 0 99 101 2 316 0 31 1280 0 0 0 123 20 59 433 0 0 0 0
 1235 2 49 1691 1610 195 75 0 0 186 23 501 57 1791 378 13 64 28 0 556 3149 34624 0 0 46 0 3 21 4977 13 882 0 181 988 11 1530 0 100 655 185 0 87 1981 338 425 4058 0 0 0 0
 5023 1 0 488 388 96 53 0 0 803 0 20 568 600 470 4 6 72 4 0 16 1257 766 0 13 12 0 10 360 22 60 0 200 298 4 459 0 41 375 28 0 0 286 112 84 1803 0 0 0 0
 3970 0 0 35 75 14 4 0 0 5 3 6 242 49 60 12 15 3 0 0 0 2 0 47 0 131 0 5 882 1 12 0 12 24 2 210 0 29 123 0 0 0 50 37 30 651 0 0 0 0
 0 0 0 245 285 16 3 0 8 0 0 0 916 55 22 40 0 0 0 0 0 0 0 0 6404 13282 455 0 474 0 354 0 85 35 0 828 173 0 544 0 0 68 47 0 222 1041 0 0 0 0
 4620 0 1 790 1721 49 30 0 0 148 0 27 10994 261 502 35 0 0 0 0 0 25 0 0 0 25792 0 0 546 0 0 0 0 330 103 4366 112 0 826 22 0 162 237 174 632 1434 0 0 0 0
 823 0 1 63 66 1 1 0 1 0 0 0 132 143 6 0 4 0 0 689 0 0 1 0 0 12 1265 0 0 26 49 0 0 37 0 312 27 6 51 0 0 13 0 24 28 34 0 0 0 0
 3147 0 0 584 998 24 0 0 0 0 0 0 2192 1622 332 10 0 0 0 51 0 0 0 0 42 2167 170 9742 1057 673 761 0 0 265 0 3025 43 0 2482 34 0 54 837 229 356 0 0 0 0 0
 934 0 0 597 1223 0 0 0 0 0 0 0 0 0 0 0 0 0 0 0 0 0 0 0 0 0 6 0 23537 0 0 0 0 0 286 0 0 0 537 22 0 0 0 575 0 0 0 0 0 0
 0 1 0 92 161 14 6 0 0 0 0 0 2032 486 0 1 0 0 0 0 0 0 0 0 6 465 0 0 198 74 18 0 0 0 0 0 30 0 0 6 0 14 0 50 41 314 0 0 0 0
 0 0 0 183 579 32 0 0 0 30 0 0 6608 7 58 0 0 0 0 0 0 0 0 0 0 217 0 0 43 0 232 0 0 0 4 0 3 2 419 51 0 0 357 69 114 0 0 0 0 0
 84 0 0 60 98 40 13 56 311 146 0 0 435 0 0 0 0 0 0 0 0 0 1 0 6 302 42 126 448 15 430 7107 0 0 15 561 48 12 64 5 0 0 72 31 54 0 0 0 0 0
 0 0 42 3507 1241 0 0 18889 9602 2817 24623 17698 1314 15922 6325 0 3258 0 0 0 0 0 0 0 0 366 35 13382 1568 1077 5042 117 0 0 0 14861 0 88 3819 355 0 0 704 849 0 10748 0 0 0 0
 0 0 0 1218 133 0 0 0 0 10 0 0 0 0 878 10 682 7635 258 0 0 0 0 0 0 0 0 0 689 11 1185 53 26 0 564 0 0 22 0 6 0 7 0 389 67 3048 0 0 0 0
 0 0 0 72 53 9 0 0 0 0 0 61 0 0 27 78 184 46 0 0 0 0 0 0 16 0 174 1 0 250 0 0 196 0 1 282 15 48 94 41 0 21 13 42 71 229 0 0 0 0
 0 0 0 13922 3009 280 52 0 1103 0 0 140 0 0 0 0 0 0 0 0 0 0 0 0 0 0 0 0 7195 938 1383 0 0 7294 0 3431 0 0 0 0 116 617 0 6136 3157 0 0 0 0 0
 3130 9 0 345 138 96 707 0 0 288 0 248 0 0 0 0 0 0 0 2557 904 1890 21909 40 0 0 0 0 63 0 0 0 917 135 0 10661 0 8 495 12 0 0 130 546 0 1128 0 0 0 0
 0 0 0 1169 1272 0 0 906 0 9 57 83 0 408 219 44 906 619 168 0 0 0 0 0 19 5 0 390 169 115 0 0 0 0 0 809 0 517 119 0 0 0 25 0 0 67 0 28 0 0
 0 0 0 4136 0 0 8 0 0 0 0 0 0 0 0 0 0 0 0 0 0 0 0 0 0 0 0 0 0 627 0 0 0 4206 0 894 0 0 93 0 0 0 359 35 1296 243 0 0 0 0
 0 0 0 413 0 0 0 0 0 0 0 0 0 0 0 0 0 0 393 0 0 0 0 0 0 0 0 0 0 0 0 0 0 0 0 4 0 21 16 3 0 0 57 214 174 0 0 0 0 0
 0 0 0 2821 4 0 20 40 0 0 0 0 74 141 56 4 79 0 375 0 0 0 4 0 0 0 0 0 70 0 0 0 23 4 0 0 340 21 28 6 0 27 3300 213 982 558 0 0 0 0
 0 0 0 2305 4 0 0 0 0 0 0 0 0 0 0 0 0 0 1987 0 0 0 2 0 0 0 0 0 2 0 95 0 493 0 0 0 18 21 26 6 0 0 1454 394 53 450 0 0 0 0
 0 0 0 60 0 0 1 0 0 0 0 0 0 0 0 0 0 0 0 0 0 0 0 0 0 0 13 0 155 70 0 0 0 70 0 16 0 0 0 0 0 0 0 653 264 393 0 0 0 0
 0 0 0 166 0 0 0 0 0 0 0 0 0 0 0 0 401 0 0 0 0 0 0 0 87 0 0 0 0 0 0 0 0 0 0 0 0 1080 0 0 0 0 0 33 0 0 0 0 0 0
 0 0 0 197 278 28 60 0 0 0 0 0 0 249 0 0 0 0 0 0 0 0 0 0 0 0 0 0 2176 0 0 0 798 0 0 0 280 46 0 0 0 0 0 3669 63384 21978 0 0 0 0
 0 0 0 5797 0 0 1937 0 0 0 0 0 0 0 0 0 0 0 0 0 0 0 0 0 0 0 0 671 8152 0 887 36 0 0 0 1421 0 0 0 4 0 0 0 2474 0 1408 0 0 0 0
 0 0 0 0 0 0 0 0 0 0 0 0 0 0 0 0 0 0 0 0 0 0 0 0 0 0 0 0 0 0 0 0 15378 0 0 0 0 0 0 0 0 0 0 0 2935 70 0 0 0 0
 0 0 0 1991 1241 82 1272 0 1018 34 132 191 4230 383 0 615 273 0 0 1259 459 1184 309 0 63 454 18 0 473 256 263 0 1066 178 0 2549 23 0 324 28 0 0 150 1527 57 2576 0 0 0 0
 252 63 70 3182 2304 149 458 68 3 57 157 205 854 1238 4653 517 2111 1060 6549 162 32 367 20 101 364 291 93 139 2592 115 23 209 11848 340 0 934 742 1648 1252 113 2 16 347 2124 4175 10942 2068 716 0 0
 413 208 31 1145 1246 366 382 36 32 41 18 60 363 577 63 310 405 16 0 20 37 44 2 0 52 554 17 429 2714 15 64 290 2867 22 0 615 259 2076 428 84 0 1 264 459 1412 2309 337 274 0 0
