60
 18146 0 0 623 7 11 0 46 0 968 1584 2 22 29 94 49 177 834 0 0 1 0 725 443 0 53 0 86 5 60 0 97 33 0 0 0 0 0 0 0 581 394 166 2151 164 3 2106 235 67 0 429 0 39 434 0 26 986 0 0 0
 44 0 0 3 1 0 0 0 0 178 25 4 4 0 0 0 0 19 0 0 0 0 7 8 0 0 0 0 0 0 0 9 0 0 0 0 0 0 0 0 0 6 0 60 17 1 173 14 9 0 0 0 0 15 5 0 29 12 0 10
 0 0 677 1 1 0 0 34 0 27 25 31 25 0 0 0 0 26 0 0 0 68 0 39 0 25 28 21 0 0 27 84 0 84 22 0 0 0 21 0 0 44 14 147 51 1 201 36 0 0 41 0 38 0 0 0 0 0 0 0
 0 0 0 1767 2387 0 3778 0 0 0 743 0 0 0 0 0 0 0 0 0 327 0 0 0 0 0 0 0 0 0 0 0 0 0 0 0 0 0 0 0 0 0 6 0 0 32 0 0 0 0 0 0 0 0 0 0 0 0 0 0
 0 0 0 0 71 0 782 0 1801 0 592 0 0 0 0 0 0 0 0 0 586 0 16 0 2 0 96 0 0 0 0 0 0 0 0 0 0 0 0 2 0 101 50 0 55 16 89 0 0 0 0 0 0 0 0 0 42 0 0 0
 0 0 0 197 2 0 0 0 0 0 0 0 0 0 0 0 0 0 0 0 51 0 0 0 0 0 0 0 0 0 0 4 0 0 0 0 0 0 0 0 151 0 0 0 15 0 0 4 0 0 0 0 0 0 0 0 0 0 0 0
 15 140 0 0 0 141 7498 0 0 75 62 0 67 35 0 24 0 0 0 0 386 103 406 98 15 137 44 202 7 221 0 116 15 0 0 0 0 0 17 6 1196 98 39 0 424 59 452 249 48 0 35 103 78 0 43 51 1079 0 0 0
 0 0 0 126 24 14 0 506 0 0 35 3 2 6 3 0 0 0 0 0 19 0 31 1 0 0 6 16 0 7 0 29 0 3 0 0 0 0 9 3 0 24 2 0 58 3 60 29 1 0 1 13 6 0 0 0 69 0 0 0
 0 0 0 53 0 0 0 0 195 1 0 0 0 0 0 0 0 117 0 0 126 0 106 0 0 10 0 7 0 0 0 3 0 0 0 0 0 0 0 0 9 15 2 0 3 0 41 5 6 0 1 4 5 0 0 0 13 0 0 1
 0 0 0 2254 1112 151 0 547 0 26905 1494 0 0 0 0 70 107 0 0 0 1096 0 0 0 48 0 0 835 0 0 120 238 0 0 6 146 39 0 575 34 0 1612 264 0 563 66 1888 391 36 0 54 0 8 0 0 0 0 0 0 0
 0 0 0 0 0 19 0 0 402 0 1128 0 0 0 0 0 0 0 0 0 0 0 0 0 0 0 0 0 0 0 0 0 0 0 0 0 0 0 0 0 0 0 0 0 0 0 0 0 0 0 0 0 0 0 0 0 0 0 0 0
 0 0 0 332 6 10 4 0 0 3266 81 2660 0 0 0 0 0 47 0 0 0 0 0 0 0 0 0 0 0 0 2 53 0 396 0 0 0 0 0 0 0 200 41 0 68 9 317 74 27 0 15 94 34 0 13 12 230 0 0 0
 0 0 0 212 10 16 0 0 0 1155 88 119 213 13 0 0 0 1 2 0 0 0 0 0 0 0 0 11 0 73 15 40 0 395 0 0 0 0 0 1 0 109 0 0 22 0 0 50 3 0 7 37 0 0 7 0 0 0 0 0
 0 0 0 291 69 9 0 0 0 76 250 127 0 566 0 0 0 83 3 0 0 0 0 41 20 0 7 66 0 34 0 515 0 5 0 0 0 0 17 3 0 253 29 68 174 112 526 126 17 0 20 197 59 7 18 10 283 0 0 0
 0 0 0 564 248 19 224 0 0 90 611 33 26 323 3276 16 0 356 0 0 3 0 72 48 3 0 6 63 0 266 32 633 1 6 0 0 0 0 12 10 0 459 60 142 58 23 626 79 50 0 48 56 77 0 12 8 565 0 0 0
 0 0 0 70 70 4 0 6 0 0 55 102 8 61 0 97 0 0 0 0 0 0 0 0 0 0 0 13 0 0 1 12 0 25 0 0 0 0 3 0 0 59 7 1 7 5 93 27 6 0 14 0 17 0 7 0 51 0 0 0
 0 0 0 193 126 19 6 0 0 0 200 54 4 77 16 27 1236 0 37 36 0 0 0 0 4 0 0 15 0 22 9 94 2 4 0 0 0 0 0 2 0 168 16 31 23 3 196 37 9 0 11 0 18 0 8 2 22 0 0 0
 0 0 0 1952 386 168 5990 219 0 64 664 0 0 0 0 144 0 70695 292 0 0 0 0 0 0 0 0 0 0 0 0 346 0 0 0 8 0 0 31 34 0 4101 263 13 447 19 1106 174 153 0 50 509 43 0 19 47 905 0 0 0
 0 0 0 797 109 6 104 45 0 721 83 6 0 0 3 0 0 0 2913 0 0 0 0 0 0 0 0 0 0 86 0 0 0 0 0 0 0 0 0 1 0 1911 101 8 96 21 161 18 14 0 17 22 15 0 11 4 124 0 0 0
 1 0 0 164 70 18 169 8 0 356 49 7 18 140 106 27 0 1395 248 409 0 0 0 0 0 0 0 0 0 71 0 87 2 0 0 1 0 0 0 3 0 1212 65 13 65 4 193 75 17 0 10 61 57 0 14 8 309 0 0 52
 0 0 0 0 0 0 0 0 0 0 56 105 21 36 0 80 45 3388 88 318 3336 0 481 46 38 234 52 288 0 2 0 141 3 2 2 2 0 0 1 8 0 387 63 213 0 0 19 256 43 0 41 176 77 1 0 22 588 0 0 0
 0 0 0 81 6 10 0 0 0 180 56 49 54 0 0 4 0 1276 110 102 528 817 826 0 2 338 99 73 0 40 1 14 3 19 0 0 0 0 0 0 43 253 36 38 0 0 0 63 9 0 12 23 7 0 7 1 0 0 0 0
 0 0 0 744 0 50 0 0 0 565 486 803 791 1 0 80 11 3727 1102 6455 0 0 13372 0 0 3156 314 711 0 516 16 506 8 0 0 0 0 0 14 37 0 1359 320 202 83 0 905 828 117 0 147 234 273 12 96 88 2683 0 0 0
 0 0 0 878 53 57 0 0 0 1830 578 1139 1806 0 0 115 623 5528 838 3062 0 17 373 15553 47 3699 573 952 0 365 75 347 23 307 0 0 0 0 0 10 0 1034 0 0 274 0 0 412 16 0 159 207 97 0 25 28 1311 0 0 0
 0 0 0 58 0 1 0 0 0 0 29 60 6 0 0 9 0 324 57 23 0 0 129 0 1018 626 0 49 0 3 17 0 0 0 0 0 0 0 0 0 39 0 0 0 5 0 76 21 0 0 0 0 0 0 10 10 0 0 0 0
 0 0 0 698 15 53 0 0 0 799 375 2042 317 25 12 266 621 2114 3788 1211 0 0 0 0 0 12641 133 483 0 388 189 786 1 96 2 15 0 0 49 34 0 971 17 0 0 0 634 0 0 0 0 881 160 0 32 66 73 0 0 0
 1 0 0 92 0 1 0 0 0 63 45 548 3 0 0 11 119 288 4 5 0 0 0 0 8 0 910 16 0 10 1 80 44 5 1 0 0 0 0 3 0 128 21 96 0 0 121 72 14 0 8 48 6 0 16 3 398 0 0 0
 0 0 0 560 15 30 0 0 0 0 134 270 0 0 0 0 0 2839 897 916 0 0 0 0 0 0 0 1098 14 0 6 0 0 0 0 0 0 0 0 0 0 370 290 29 98 0 247 123 0 0 0 152 9 0 6 22 48 0 0 0
 0 0 46 18 1 3 0 0 0 44 18 33 20 23 0 0 27 32 0 42 0 0 3 1 0 2 3 0 184 25 0 21 5 0 0 0 0 2 0 0 0 38 7 0 3 0 0 6 0 0 0 8 3 0 0 0 0 0 0 0
 0 1371 134 485 15 8 0 0 0 613 355 1059 0 0 0 52 0 256 0 0 0 0 0 0 0 0 0 790 0 6554 0 223 0 464 0 0 0 0 0 5 0 1118 207 789 133 10 1041 351 26 0 55 215 91 2 21 18 48 0 0 0
 53 581 0 766 18 14 16 0 0 0 200 0 0 12 0 0 0 15 0 1 1 0 0 0 0 0 0 0 0 538 1127 0 0 27 0 0 0 0 0 0 0 351 7 0 99 5 495 12 7 0 0 27 0 0 3 0 0 0 0 0
 0 0 0 154 3 0 0 0 0 0 112 0 0 0 0 0 0 0 0 0 0 0 0 0 73 0 0 82 0 0 4832 3103 0 10 0 0 0 0 0 0 0 0 0 0 30 0 213 101 0 0 0 64 0 0 0 13 546 0 0 0
 0 2 0 28 0 4 0 0 0 133 69 304 126 1 0 7 0 55 0 0 0 0 0 0 5 0 0 173 0 10 25 97 605 59 69 3 0 139 2 2 0 89 50 96 0 0 87 68 7 0 17 42 17 0 12 4 0 0 0 0
 46 0 0 576 69 39 12 0 0 3364 316 0 0 0 0 0 0 30 0 0 0 0 112 0 12 0 0 12 29 0 0 0 0 5288 0 0 0 4 0 8 0 313 22 0 31 0 445 123 4 0 13 55 102 0 0 12 393 0 0 0
 987 31 0 65 7 7 4 0 0 0 205 1 10 0 0 0 0 45 0 0 0 0 6 24 11 0 0 308 2 44 1 81 0 5492 1796 0 0 33 1 2 0 331 138 411 0 0 234 258 0 0 0 0 41 0 15 0 0 0 0 0
 2018 0 348 616 81 59 64 64 0 0 500 507 1 36 0 0 359 0 0 0 0 0 6 70 25 0 0 677 0 26 18 1367 0 23 3 13151 1851 36 0 6 61 1552 423 819 170 0 1257 143 35 0 47 0 90 0 58 0 0 0 0 0
 10033 0 0 183 18 33 3 2 0 0 137 115 0 0 0 0 56 0 0 0 0 0 0 19 2 0 0 206 0 12 7 277 0 1 0 0 1151 0 0 2 8 439 253 233 60 0 325 41 6 0 12 0 20 0 2 0 173 0 0 0
 15218 0 0 201 22 42 11 55 0 121 228 111 11 1 0 0 64 6 0 0 1 0 25 49 19 8 0 448 0 5 0 242 0 0 0 0 0 1242 9 10 24 706 367 355 97 0 486 58 22 0 19 0 38 0 11 0 175 0 0 0
 2009 0 0 200 10 59 0 0 0 0 226 108 8 0 0 0 635 0 0 0 0 0 0 74 19 0 0 329 0 29 18 377 0 27 0 713 5 0 2669 3 36 495 105 0 30 0 518 97 12 0 35 0 31 0 1 0 0 0 0 0
 485 0 0 18 0 2 0 0 0 0 26 4 0 0 0 0 0 0 0 0 0 0 0 0 3 0 0 50 0 0 13 99 0 0 0 0 0 0 0 288 0 8 0 0 9 0 59 7 0 0 0 0 0 1 0 3 8 0 0 1
 0 6 223 992 71 0 0 0 0 120 1885 2286 255 5787 12734 438 471 4906 506 388 12409 0 725 339 0 3549 6 1217 11 7607 43 516 2 24 27 0 0 0 0 15 1059 3023 383 381 85 120 1674 491 103 0 436 113 31 0 0 53 8950 0 0 0
 0 0 0 372 0 80 0 0 0 0 747 0 0 0 0 0 0 0 0 0 0 0 0 0 47 0 0 0 0 0 0 126 0 0 0 0 0 0 0 0 0 154 4 0 0 0 0 962 349 0 238 1674 369 0 0 19 4421 0 0 0
 0 0 0 0 0 13 0 0 0 0 99 0 44 0 0 0 0 0 0 0 0 0 0 37 129 0 0 0 0 0 0 272 0 0 0 0 0 0 0 33 0 0 915 31 0 0 0 601 203 0 169 698 67 0 47 33 1412 0 0 0
 0 0 0 624 81 141 43 0 0 1127 1226 263 258 0 0 0 0 0 0 0 0 0 0 430 486 995 0 0 57 0 353 1998 0 4 0 0 0 0 96 220 0 158 0 905 36 10 80 1535 966 0 509 0 415 0 4279 208 5759 0 0 0
 0 0 0 344 0 0 0 0 0 0 523 0 0 0 0 0 0 0 0 0 349 34 0 0 0 79 30 0 0 0 0 0 28 0 8 0 0 0 0 0 0 136 33 0 15 0 0 82 0 0 274 138 30 0 30 13 62 0 0 0
 0 0 0 0 0 5 0 0 0 0 1141 0 11 0 0 0 0 0 0 0 37 487 9 30 4 8 1 28 6 0 0 27 4 25 0 57 41 20 107 12 0 103 70 0 5 137 0 33 6 0 47 53 22 4 6 4 68 0 0 15
 0 0 0 87 0 32 0 0 0 0 1580 0 346 0 0 0 0 0 0 0 0 243 0 2638 0 0 0 0 43 0 0 0 0 0 0 0 0 0 0 0 0 121 66 0 8 27 1368 832 56 0 1203 564 104 0 5 60 762 0 0 0
 0 0 0 573 37 0 0 0 0 0 308 0 0 0 0 0 0 0 0 0 0 0 0 0 0 6 0 0 0 0 0 0 0 0 0 0 0 0 0 0 0 0 0 0 0 0 0 47 1048 0 0 0 0 0 11 0 0 0 0 0
 0 0 0 164 28 29 0 0 0 0 113 0 0 0 0 0 0 0 0 0 0 0 0 0 37 142 0 46 16 0 0 184 0 0 11 0 0 0 0 13 0 0 0 0 1 0 0 0 2106 0 0 47 204 87 0 49 2945 0 0 0
 0 0 0 0 0 0 0 0 0 0 0 0 0 0 0 0 0 0 0 0 0 0 0 0 0 0 0 0 0 0 0 0 0 0 0 0 0 0 0 0 0 0 0 0 0 0 0 0 32610 0 0 0 0 0 0 0 0 0 0 0
 0 0 0 55 11 8 0 0 0 0 40 0 0 0 0 0 0 0 0 0 0 0 0 0 81 156 0 11 7 0 7 89 0 0 2 0 0 0 0 4 0 0 0 0 0 0 0 414 497 0 213 68 46 0 0 53 5322 0 0 0
 1581 0 578 347 95 77 0 0 0 135 272 0 0 0 0 23 81 0 0 0 0 0 0 0 21 0 0 0 0 0 0 0 0 0 6 3498 709 1068 4163 1129 0 0 0 1197 0 0 0 201 0 0 0 93 0 0 0 0 0 0 0 0
 0 0 0 37 3 3 0 0 0 0 48 0 0 0 0 0 0 0 0 0 0 0 0 0 5 0 0 0 0 0 98 1995 0 0 0 0 0 0 0 9 0 0 0 0 0 0 0 87 0 0 0 731 671 0 0 32 895 0 0 0
 0 0 608 146 25 24 6 8 0 1076 191 27 260 0 1 38 238 2 0 0 0 0 0 139 27 45 197 21 2 0 9 120 74 70 76 265 92 38 3 0 105 130 35 456 8 0 44 314 0 0 198 3 186 96 23 35 1882 145 0 0
 1006 0 0 91 8 2595 0 6 0 41 21 0 0 0 0 0 0 0 0 0 43 0 0 0 0 0 0 0 4 0 0 42 0 0 0 0 0 0 0 10 1916 0 0 0 0 0 0 0 613 0 205 59 6 0 6 207 6727 0 0 84
 0 0 0 56 11 13 0 0 0 15 32 0 0 0 0 9 0 0 0 0 0 0 0 0 0 0 0 0 0 0 3 0 0 0 73 46 184 23 1 0 0 0 0 0 0 0 0 29 0 0 0 98 0 0 0 0 0 33 0 0
 0 0 541 659 0 36 0 0 0 520 618 0 212 0 0 0 0 0 0 0 0 19 0 0 20 0 0 0 45 0 39 0 17 0 23 95 0 0 252 0 0 0 0 0 0 0 0 414 0 0 0 755 0 0 0 135 8898 0 0 0
 99 0 96 316 60 54 10 0 0 488 139 14 48 62 0 5 2 1 0 0 13 168 1 28 0 38 22 17 13 36 14 100 10 60 155 467 267 249 807 1 45 167 70 319 8 1 129 98 115 0 36 148 74 0 72 0 421 0 0 0
 0 0 0 0 0 0 0 0 0 0 0 0 0 0 0 0 0 0 0 0 0 0 0 0 0 0 0 0 0 0 0 0 0 0 0 0 0 0 0 0 0 0 0 0 0 0 0 0 0 0 0 0 0 0 0 0 0 0 0 0
 1228 0 48 1862 333 320 274 6 0 8081 1567 1020 674 244 212 381 173 142 191 0 1060 812 632 3219 623 480 1499 1433 184 101 257 2661 587 935 573 1597 450 867 348 0 1885 1791 454 2377 52 0 1407 3175 936 0 654 1077 1623 23851 0 462 2973 12632 0 11435
