60
 15660 0 0 926 1 7 0 31 0 827 1796 11 59 30 92 37 179 717 0 9 1 0 657 190 1 52 0 86 5 65 0 88 35 0 0 39 0 0 0 0 619 573 65 1843 217 34 1333 193 53 0 420 0 31 355 0 22 887 0 0 0
 45 0 0 35 2 0 0 0 0 285 10 5 5 0 0 0 0 21 0 0 0 0 10 9 0 0 0 1 0 0 0 13 1 0 0 0 0 0 0 0 0 28 3 79 31 0 117 15 11 0 0 0 1 17 8 0 36 14 0 9
 0 0 591 6 0 0 0 24 0 22 19 27 23 0 0 0 0 22 0 0 0 111 0 24 0 23 23 20 0 0 22 73 0 86 17 0 0 0 15 0 0 31 7 111 110 0 181 28 0 0 38 0 29 0 0 0 0 0 0 0
 0 0 0 1965 933 0 3057 0 0 0 1073 0 0 0 0 0 0 0 0 0 859 0 0 0 0 0 0 0 0 0 0 0 0 0 0 0 0 0 0 0 0 0 10 0 0 0 0 0 0 0 0 0 0 0 0 0 0 0 0 0
 0 0 0 0 4 0 1010 0 1442 0 724 0 0 0 0 0 0 0 0 0 221 0 0 0 1 0 87 0 0 0 0 0 0 0 0 0 0 0 4 5 0 54 46 0 108 6 70 0 0 0 0 0 2 0 4 0 0 0 0 0
 0 0 0 336 4 0 0 0 0 0 0 0 0 0 0 0 0 0 0 0 0 0 0 0 0 0 0 0 0 0 0 0 0 0 0 0 0 0 0 0 0 0 0 0 1 0 0 2 0 0 0 0 0 0 0 0 0 0 0 0
 8 131 0 0 0 103 6057 0 0 0 208 0 50 33 0 14 0 0 0 0 97 0 447 0 12 132 26 157 5 207 0 104 2 0 0 0 0 0 0 8 657 181 43 0 863 143 155 193 29 0 30 63 57 0 35 35 783 0 0 0
 0 0 0 154 4 11 12 298 0 0 69 3 3 8 3 0 0 0 0 0 16 0 55 1 0 15 8 15 0 10 0 29 0 3 0 0 0 0 11 4 0 16 4 0 63 13 58 64 1 0 1 10 5 0 0 0 53 0 0 0
 0 0 0 37 0 0 0 0 183 23 0 1 0 0 0 0 0 181 1 0 120 0 146 0 0 13 0 9 0 0 0 5 0 0 0 0 0 0 0 0 45 22 2 0 4 0 70 6 7 0 2 5 6 1 1 0 17 0 0 2
 0 0 0 2190 985 120 669 438 0 25269 3243 0 0 0 0 29 136 0 0 0 1054 0 0 0 46 0 0 1009 0 0 216 474 0 0 0 852 0 0 441 0 0 2299 415 0 595 34 1506 339 9 0 68 0 25 0 0 0 0 0 0 0
 0 0 0 0 0 18 0 0 701 0 1196 0 0 0 0 0 0 0 0 0 0 0 0 0 0 0 0 0 0 0 0 0 0 0 0 0 0 0 0 0 0 0 0 0 0 0 0 0 0 0 0 0 0 0 0 0 0 0 0 0
 0 0 0 188 10 10 2 0 0 3461 50 2222 0 0 0 0 0 49 0 0 0 0 0 0 0 0 0 0 0 0 5 19 0 641 0 0 0 0 0 0 0 457 72 0 96 3 379 82 28 0 22 80 38 0 16 14 330 0 0 0
 0 0 0 204 9 13 0 0 0 870 137 57 180 8 0 0 0 110 0 0 0 0 0 0 0 0 0 0 0 63 23 45 0 385 0 0 0 0 0 0 0 111 0 0 22 0 0 31 0 0 6 22 0 0 3 0 0 0 0 0
 0 0 0 270 53 7 0 0 0 79 469 127 0 508 0 9 0 0 1 0 0 0 1 23 16 0 9 59 0 37 0 487 0 7 0 0 0 0 19 4 0 237 40 100 210 84 490 109 15 0 23 155 52 6 17 11 253 0 0 0
 0 0 0 576 146 15 250 0 0 66 796 39 31 272 3316 14 0 200 0 0 0 0 79 39 3 0 6 75 0 321 35 676 2 7 0 1 0 0 14 9 0 484 82 260 94 37 685 77 46 0 55 50 73 0 12 9 574 0 0 0
 0 0 0 69 92 4 0 5 0 0 101 53 6 0 0 20 0 0 0 0 0 0 0 0 0 0 0 2 0 0 6 17 0 14 0 0 0 0 2 0 0 38 3 1 9 2 64 16 4 0 11 0 11 0 5 0 31 0 0 0
 0 0 0 171 142 15 1 0 0 0 296 45 4 82 16 23 1136 0 42 37 0 0 0 0 4 0 0 11 0 11 5 169 3 5 0 0 0 0 0 2 0 157 27 31 32 3 211 33 8 0 12 0 16 0 8 3 7 0 0 0
 0 0 0 1991 643 101 4017 490 0 385 1701 0 0 139 0 188 13 70327 223 0 0 0 0 0 0 0 0 0 0 0 0 517 0 0 0 17 0 0 50 37 0 8507 321 234 952 41 1480 204 195 0 85 644 48 0 33 65 1307 0 0 0
 2 0 0 677 68 8 98 61 0 644 98 10 1 0 4 0 0 0 3990 0 0 0 0 0 0 0 0 0 0 139 0 0 0 1 0 0 0 0 0 2 0 3174 114 10 127 6 237 23 17 0 25 26 18 0 15 6 161 0 0 0
 0 0 0 202 67 14 119 4 0 242 64 3 4 110 78 16 0 198 197 859 0 0 0 0 0 0 0 0 0 63 0 66 2 0 0 1 0 0 0 3 0 896 32 11 12 1 131 52 11 0 9 39 39 0 12 6 49 0 0 31
 0 0 0 0 0 5 0 0 0 0 14 109 21 44 0 68 55 4088 102 401 2277 0 1023 34 34 234 47 291 0 9 1 140 3 4 3 3 0 0 2 7 0 428 64 313 0 0 71 228 36 0 43 143 67 3 0 19 553 0 0 0
 1 0 0 99 18 7 1 0 0 236 51 55 44 0 0 4 5 1843 115 149 296 524 797 24 2 318 85 69 0 47 2 14 3 19 0 0 0 0 0 0 24 216 29 31 33 0 0 52 7 0 11 18 7 0 7 1 0 0 0 0
 0 0 0 610 45 42 0 0 0 444 484 614 674 0 0 58 13 6994 1090 4091 0 0 11708 0 0 2415 234 604 0 517 13 528 4 0 0 0 0 0 10 23 0 1061 269 283 87 0 791 622 70 0 129 154 200 9 75 68 2091 0 0 0
 0 0 0 543 140 46 53 0 0 1362 467 1410 1576 0 0 93 631 6200 761 2449 0 0 508 11828 35 3485 459 874 0 431 75 308 26 350 0 0 0 0 0 4 0 798 39 45 292 0 0 286 10 0 144 153 72 0 26 26 1233 0 0 0
 0 0 0 42 0 1 0 0 0 0 28 62 7 0 0 7 0 336 66 81 0 0 157 0 905 613 0 54 0 9 15 0 0 0 0 0 0 0 0 0 39 0 0 0 10 0 68 9 0 0 0 0 0 0 10 10 0 0 0 0
 0 0 0 222 35 45 0 0 0 966 316 2140 328 28 12 229 688 2443 3940 1351 0 0 0 0 0 13073 155 548 0 441 196 967 1 121 5 12 0 0 51 29 0 877 67 0 0 0 611 0 0 0 0 734 142 0 29 65 124 0 0 0
 1 0 0 68 0 4 0 0 0 47 47 516 3 0 0 8 93 277 19 57 0 0 0 0 6 0 899 20 0 12 14 110 45 6 0 1 0 0 0 3 0 122 14 87 14 0 159 52 9 0 8 36 5 0 14 3 310 0 0 0
 0 0 0 291 44 25 0 0 0 0 128 178 5 0 0 0 0 4251 670 600 0 0 0 0 0 0 0 996 7 0 4 0 0 17 0 0 0 0 0 0 0 316 0 46 102 0 199 82 0 0 0 87 0 0 0 17 0 0 0 0
 0 0 55 21 2 3 0 0 0 81 11 55 25 28 0 0 36 93 12 50 0 0 4 1 1 8 0 0 210 37 6 44 7 27 0 0 0 3 0 0 0 17 0 0 8 0 0 6 0 0 0 7 4 0 0 1 0 0 0 0
 0 1781 160 477 26 7 0 0 0 777 405 1126 0 0 0 64 0 87 0 0 0 0 0 0 0 0 0 852 0 7832 0 278 0 549 0 0 0 0 0 0 0 1103 149 934 221 2 1227 320 21 0 63 188 83 2 22 21 21 0 0 0
 24 666 0 634 72 11 73 0 0 0 432 0 0 13 0 0 0 10 0 19 0 0 0 0 0 0 0 0 0 652 1147 0 0 25 0 0 0 0 0 0 0 328 0 0 142 12 639 8 4 0 0 9 0 0 4 0 0 0 0 0
 0 0 0 75 6 5 0 0 0 0 120 0 0 0 0 0 0 0 1 0 0 0 0 0 72 0 0 163 0 0 4657 2217 0 15 0 0 0 0 0 0 0 0 0 0 112 0 378 70 0 0 0 65 0 0 0 20 987 0 0 0
 0 0 0 49 4 4 0 0 0 81 76 408 117 1 0 6 0 43 0 0 0 0 0 0 4 0 0 156 0 15 30 107 511 210 0 2 0 97 1 2 0 81 37 85 0 0 66 30 6 0 17 32 13 0 12 4 0 0 0 0
 27 0 0 660 45 31 37 0 0 6160 326 0 0 0 0 0 0 22 0 0 0 0 79 0 11 0 0 0 0 0 0 0 0 3816 0 0 0 0 0 6 0 255 27 0 37 0 366 84 0 0 5 19 19 0 0 0 0 0 0 0
 688 30 0 59 14 5 0 0 0 19 167 53 9 0 0 0 0 31 0 0 0 0 6 12 9 0 0 260 3 41 17 117 5 5674 1428 0 0 32 1 2 0 286 157 350 0 0 172 181 0 0 0 0 30 0 11 0 0 0 0 0
 0 0 486 462 35 45 73 57 0 0 534 518 7 49 0 0 350 0 0 0 0 0 13 62 28 0 0 716 0 33 49 1594 0 30 4 13344 1739 315 0 6 56 1064 395 825 226 0 1293 149 37 0 60 0 93 0 71 0 0 0 0 0
 9914 0 0 106 7 26 7 2 0 8 131 152 0 0 0 0 75 0 0 0 0 0 0 18 2 0 0 264 0 17 12 360 0 3 0 0 1597 0 0 2 11 317 282 266 71 0 370 47 7 0 16 0 22 0 2 0 204 0 0 0
 14081 0 0 91 17 33 23 49 0 209 264 151 13 2 1 0 80 7 0 0 1 0 29 40 19 9 0 520 0 6 21 274 0 1 0 0 0 2248 10 10 25 501 395 370 108 0 496 60 22 0 23 0 38 0 13 0 190 0 0 0
 1227 0 0 173 0 47 0 0 0 0 269 116 9 0 0 0 608 0 0 0 0 0 0 51 19 0 0 361 0 32 25 396 0 36 0 516 0 0 2776 2 29 304 40 0 37 0 416 93 4 0 43 0 33 0 2 5 0 0 0 0
 521 0 0 13 0 1 0 0 0 58 56 17 0 0 0 0 0 0 0 0 0 0 0 0 4 0 0 76 0 1 35 167 0 0 0 0 0 0 0 328 0 0 0 0 9 0 57 9 0 0 3 0 0 1 0 5 36 0 0 9
 0 5 216 802 71 64 0 0 0 86 2183 2279 253 6136 13744 311 485 4751 745 682 13672 0 986 159 0 3513 6 1242 11 10170 44 495 3 27 27 0 0 0 0 6 1068 3017 408 750 185 92 1991 425 70 0 474 83 23 0 0 45 8614 0 0 0
 0 0 0 327 0 67 0 0 0 0 998 0 0 0 0 0 0 0 0 0 0 0 0 0 69 0 0 0 0 0 0 394 0 0 0 0 0 0 0 32 0 123 0 109 0 0 0 1060 361 0 321 1958 417 0 24 36 5305 0 0 0
 0 0 0 0 0 12 0 0 0 0 187 0 49 0 0 0 0 0 0 0 0 0 0 0 118 0 0 35 6 0 7 235 0 0 0 0 0 0 0 29 0 63 1066 56 0 0 0 583 184 0 195 674 63 0 58 30 1452 0 0 0
 0 0 0 498 124 112 40 0 0 1034 698 301 252 0 0 0 0 0 0 0 0 0 0 0 397 946 0 0 59 0 356 2114 0 47 0 0 0 0 114 181 0 0 0 815 39 4 0 1311 759 0 515 0 350 0 3922 167 5189 0 0 0
 0 0 0 469 0 0 0 0 0 0 559 0 0 0 0 0 0 0 0 0 241 0 0 0 0 63 0 0 0 0 0 0 30 0 7 0 0 0 0 0 0 67 38 0 7 0 0 73 1 0 294 109 24 0 30 12 59 0 0 0
 0 0 0 35 0 5 0 0 0 0 898 0 15 0 0 0 0 0 0 0 30 786 8 33 4 15 1 34 8 0 0 28 5 31 1 63 38 27 108 12 0 56 59 0 5 512 0 30 5 0 50 45 20 5 7 5 69 0 0 18
 0 0 0 115 0 29 0 0 0 0 1807 0 433 0 0 0 0 0 0 0 0 1 0 3075 0 0 0 0 46 0 0 0 0 0 0 0 0 0 0 0 0 81 118 135 12 472 1032 816 69 0 1360 443 96 0 34 62 887 0 0 0
 0 0 0 91 6 0 0 0 0 0 306 0 0 0 0 0 0 0 0 0 0 0 0 0 0 259 0 0 0 0 0 0 0 0 0 0 0 0 0 0 0 0 0 0 0 0 0 58 0 0 0 0 0 0 20 0 0 0 0 0
 0 0 0 117 12 24 0 0 0 0 97 0 2 0 0 0 0 0 0 0 0 0 0 0 35 175 0 65 15 0 0 191 0 6 16 0 0 0 0 10 0 0 0 0 0 0 0 640 1775 0 0 39 193 83 0 47 2891 0 0 0
 0 0 0 0 0 0 0 0 0 0 0 0 0 0 0 0 0 0 0 0 0 0 0 0 0 0 0 0 0 0 0 0 0 0 0 0 0 0 0 0 0 0 0 0 0 0 0 0 29650 0 0 0 0 0 0 0 0 0 0 0
 0 0 0 20 5 7 0 0 0 0 36 0 0 0 0 0 0 0 0 0 0 0 0 0 69 152 0 14 6 0 7 75 0 0 4 0 0 0 0 0 0 0 0 0 0 0 0 325 396 0 221 47 33 0 0 46 4835 0 0 0
 733 0 606 288 41 61 0 0 0 153 312 0 0 0 0 29 103 0 0 0 0 0 0 0 19 0 0 0 0 0 0 0 0 0 24 2916 655 1343 4974 988 0 0 0 1068 0 0 0 178 0 0 0 80 0 0 0 0 0 0 0 0
 0 0 0 23 0 4 0 0 0 0 16 0 4 0 0 0 0 0 0 0 0 0 0 0 1 0 0 2 0 0 110 1679 0 0 0 0 0 0 0 1 0 0 0 0 0 0 0 24 0 0 0 493 491 0 0 25 545 0 0 0
 0 0 465 114 13 19 4 4 0 745 211 25 202 0 1 23 197 1 0 0 0 0 0 79 16 32 134 17 2 0 7 89 58 65 57 182 64 35 0 0 80 69 25 336 1 0 5 213 0 0 159 1 85 63 16 25 1029 96 0 0
 822 0 0 20 0 2056 0 5 0 45 12 0 0 0 0 0 0 0 0 0 26 0 0 0 0 0 0 1 3 0 0 37 0 4 0 0 0 0 0 8 1294 0 0 0 0 0 0 0 518 0 222 45 7 0 6 183 6396 0 0 0
 0 0 0 38 3 10 0 0 0 22 32 0 1 0 0 6 0 0 0 0 0 0 0 0 0 0 0 0 0 0 2 0 0 1 63 25 149 27 0 0 0 0 0 0 0 0 0 18 0 0 0 70 0 0 0 0 0 24 0 0
 0 0 493 232 3 74 0 0 0 331 808 0 213 0 0 0 0 0 0 0 0 4 0 0 1 0 0 77 40 0 36 0 30 236 39 80 0 0 208 0 0 0 0 0 0 0 0 72 0 0 0 271 0 0 0 111 8049 0 0 0
 71 0 78 264 19 43 10 0 0 448 127 14 51 58 1 5 2 2 0 0 9 22 1 22 0 36 21 18 13 35 16 101 10 72 143 399 230 255 894 1 44 121 59 267 5 1 100 88 86 0 39 120 65 0 65 0 277 0 0 0
 0 0 0 0 0 0 0 0 0 0 0 0 0 0 0 0 0 0 0 0 0 0 0 0 0 0 0 0 0 0 0 0 0 0 0 0 0 0 0 0 0 0 0 0 0 0 0 0 0 0 0 0 0 0 0 0 0 0 0 0
 631 0 47 1052 360 257 206 4 0 7800 1856 1037 657 222 206 308 184 59 164 0 600 817 704 2995 505 491 1247 1419 166 126 233 2489 568 1184 570 1375 385 957 312 0 1921 1213 440 2029 60 0 766 2667 730 0 670 832 1319 18664 57 468 2751 10807 0 10746
