60
 11954 0 19 604 0 6 0 23 0 716 942 11 25 28 72 28 148 651 0 0 1 0 664 198 1 46 0 100 4 69 0 68 40 0 0 845 0 0 0 0 103 601 66 1418 185 25 1084 135 33 0 162 0 23 451 0 15 573 0 0 0
 39 0 0 26 1 0 0 0 0 169 4 3 5 0 0 0 0 17 0 0 0 0 7 7 0 0 0 1 0 0 0 9 0 0 0 0 0 0 0 0 0 16 3 55 22 1 79 10 6 0 0 0 1 11 6 0 21 8 0 5
 0 0 365 5 0 0 0 15 0 16 10 20 17 0 0 0 0 18 0 0 0 42 0 20 0 16 16 16 0 0 16 55 0 71 0 0 0 0 12 0 0 24 5 78 86 0 195 20 0 0 19 0 20 0 0 0 0 0 0 0
 0 0 0 1438 514 0 2750 0 0 0 348 0 0 0 0 0 0 0 0 0 570 0 0 0 0 0 0 0 0 0 0 0 0 0 0 0 0 0 0 0 0 0 0 0 0 0 0 0 0 0 0 0 0 0 0 0 0 0 0 0
 0 0 0 0 2 0 621 0 853 0 400 0 0 0 0 0 0 0 0 0 77 0 0 0 0 0 42 0 0 0 0 0 0 0 0 0 0 0 1 3 0 69 37 0 72 1 54 0 0 0 0 0 1 0 2 0 0 0 0 0
 0 0 0 92 2 0 0 0 0 0 0 0 0 0 0 0 0 0 0 0 0 0 0 0 0 0 7 0 0 0 0 0 0 0 0 0 0 0 0 0 0 0 0 0 0 0 0 0 0 0 0 0 0 0 0 0 0 0 0 0
 5 99 0 0 0 31 4521 0 0 0 15 0 40 27 0 11 0 0 0 0 67 0 361 0 8 97 6 127 2 165 0 82 0 0 0 0 0 0 0 7 241 189 21 0 815 69 105 144 16 0 13 52 43 0 28 18 453 0 0 0
 0 0 0 120 2 2 15 249 0 0 43 3 3 2 0 0 0 0 0 0 10 0 53 1 0 9 6 14 0 8 0 25 0 3 0 0 0 0 6 3 0 16 2 0 66 26 72 44 1 0 1 8 4 0 0 0 39 0 0 0
 0 0 0 28 0 0 0 0 20 22 0 2 0 0 0 0 0 210 2 0 120 0 164 0 0 15 0 12 0 0 0 7 0 0 0 0 0 0 0 0 43 30 4 0 6 2 11 7 7 0 2 7 7 2 2 0 18 0 0 3
 0 0 0 1482 543 44 390 242 0 14838 1442 0 0 0 0 0 0 0 0 0 577 0 0 0 4 0 0 550 0 0 93 272 0 0 0 315 30 0 347 0 0 1439 247 0 462 33 1008 152 0 0 0 0 0 0 0 0 0 0 0 0
 0 0 0 0 0 7 0 0 853 0 678 120 0 0 0 0 0 0 0 0 270 0 0 0 1 0 0 152 0 0 0 50 0 0 0 0 0 0 0 0 0 0 0 0 0 0 0 0 0 0 3 31 16 0 8 0 0 0 0 0
 0 0 0 133 4 7 2 0 0 1867 0 1182 0 0 0 0 0 59 0 0 0 0 0 0 0 0 0 0 0 0 3 6 0 400 0 0 0 0 0 0 0 258 35 0 57 5 246 49 15 0 9 48 24 0 11 7 105 0 0 0
 0 0 0 146 4 8 0 0 0 631 82 47 218 0 0 0 0 95 0 0 0 0 0 0 0 0 0 33 0 50 19 36 0 349 0 0 0 0 0 0 0 56 0 0 20 0 0 22 0 0 3 17 0 0 1 0 0 0 0 0
 0 0 0 197 28 6 0 0 0 16 240 51 3 390 0 24 0 0 4 0 0 0 0 16 9 0 7 22 0 26 0 242 0 5 0 0 0 0 14 3 0 158 26 53 117 43 260 53 9 0 11 80 32 4 12 7 101 0 0 0
 0 0 0 418 80 9 180 2 0 9 412 25 21 197 2773 8 0 0 0 0 0 0 55 32 1 0 4 55 0 166 24 396 2 7 0 1 0 0 11 7 0 386 54 166 40 26 618 50 27 0 26 36 49 0 9 7 277 0 0 0
 0 0 0 27 51 1 0 1 0 26 54 39 5 0 0 16 0 0 8 0 0 0 0 0 0 0 0 5 0 0 6 19 0 28 0 0 0 0 2 0 0 29 5 2 7 3 56 12 3 0 6 0 9 0 4 0 27 0 0 0
 0 0 0 125 78 6 0 14 0 24 156 33 4 66 11 16 901 0 35 30 0 0 0 0 3 0 0 8 0 46 3 121 3 5 0 0 0 0 0 2 0 139 23 23 29 1 171 23 5 0 6 0 12 0 7 3 0 0 0 0
 0 0 0 1448 438 65 2327 279 0 72 400 0 0 439 49 81 9 45165 361 0 0 0 0 0 0 0 0 0 0 0 0 273 0 0 0 8 0 0 29 17 0 6128 334 165 669 5 1023 66 75 0 22 287 32 0 22 29 488 0 0 0
 2 0 0 496 37 1 90 94 0 102 50 6 3 0 3 0 0 0 1988 0 0 0 0 0 0 0 0 0 0 66 0 7 0 1 0 0 0 0 0 2 0 2481 82 5 92 11 144 15 10 0 2 19 12 0 12 5 64 0 0 0
 0 0 0 152 37 12 82 34 0 219 29 2 9 104 65 13 0 836 139 674 0 0 0 0 0 0 0 0 0 53 0 54 4 0 0 1 0 0 0 3 0 868 22 5 12 1 97 40 9 0 6 34 31 0 11 5 27 0 0 15
 0 0 0 0 0 5 0 0 0 0 0 72 15 32 1 47 40 3341 114 459 1025 0 678 28 13 160 30 216 0 9 1 98 3 3 3 3 0 0 2 5 0 378 53 219 0 0 85 149 21 0 20 102 46 2 0 10 269 0 0 0
 1 0 0 75 9 2 3 0 0 142 27 39 41 0 0 3 4 1096 77 99 189 505 547 23 1 212 42 65 0 35 1 13 3 17 0 0 0 0 0 0 8 169 30 32 0 0 23 36 5 0 7 14 7 0 6 1 0 0 0 0
 0 0 0 324 25 26 0 0 0 349 200 489 529 6 0 35 13 4966 1191 3851 0 0 8003 0 0 1853 162 525 0 368 35 345 7 0 0 0 0 0 8 16 0 1050 175 10 121 0 598 350 40 0 35 143 139 6 57 42 1022 0 0 0
 0 0 0 608 75 46 24 0 0 947 158 1049 1597 0 0 64 527 5328 922 2033 0 0 290 10370 19 2626 313 705 0 332 60 234 19 291 0 0 0 0 0 1 0 699 0 0 252 0 0 170 1 0 44 139 53 0 19 17 732 0 0 0
 0 0 0 31 0 0 0 0 0 0 0 41 6 0 0 3 0 258 39 61 0 0 129 0 302 418 0 44 0 13 10 7 0 0 0 0 0 0 0 0 0 0 0 0 7 0 53 14 0 0 0 0 5 0 7 6 19 0 0 0
 0 0 0 5 19 42 0 0 0 629 119 1339 229 19 9 156 510 1897 2952 1032 0 0 0 0 0 8624 59 455 0 308 131 646 0 93 4 8 0 0 33 19 0 578 67 0 0 0 405 0 0 0 0 433 93 0 4 30 0 0 0 0
 1 0 0 51 0 0 0 0 0 30 15 253 3 0 0 4 69 204 95 42 0 0 0 0 2 0 524 15 3 8 6 74 40 4 0 1 0 0 0 2 0 81 12 58 9 0 103 31 5 0 4 25 4 0 10 2 114 0 0 0
 0 0 0 206 23 5 0 0 0 0 0 144 0 0 0 0 0 3667 868 494 0 0 0 0 0 0 0 824 9 0 19 0 0 12 0 0 0 0 0 0 0 0 9 26 93 0 156 52 0 0 0 0 1 0 0 12 0 0 0 0
 0 0 43 13 1 0 0 6 0 58 10 36 21 4 0 0 2 57 0 38 0 0 2 1 1 2 0 0 30 21 3 30 5 19 0 0 0 1 0 0 0 0 0 0 6 0 0 4 0 0 0 3 3 0 0 1 0 0 0 0
 0 1431 69 333 14 2 0 0 0 482 205 506 0 0 0 37 0 122 0 0 0 0 0 0 0 0 0 619 0 5348 0 188 0 368 0 0 0 0 0 0 0 874 113 537 169 3 795 174 22 0 38 131 55 1 15 15 0 0 0 0
 24 487 0 464 40 4 71 0 0 0 207 0 0 6 0 0 0 8 0 4 0 0 0 0 0 0 0 0 0 402 779 0 0 0 0 0 0 0 0 0 0 236 0 0 98 7 342 2 0 0 0 13 0 0 3 0 0 0 0 0
 0 0 0 13 2 1 0 0 0 0 0 0 0 0 0 0 0 0 0 0 0 0 0 0 0 0 0 98 0 0 3198 1473 0 0 0 0 0 0 0 0 0 0 0 0 81 0 238 0 0 0 0 35 0 0 0 8 256 0 0 0
 0 2 2 38 2 1 3 0 0 66 39 325 137 2 0 6 0 27 0 0 0 0 0 0 3 1 0 162 0 18 26 87 577 228 0 2 0 98 2 2 0 80 49 72 0 0 61 21 5 0 10 29 11 0 11 4 0 0 0 0
 143 0 0 477 22 12 41 0 0 2722 160 0 0 0 0 0 0 18 0 0 0 0 42 0 4 0 0 0 0 0 1 37 0 5401 0 0 0 0 0 5 0 354 44 0 39 0 297 83 0 0 0 14 16 0 0 0 0 0 0 0
 927 42 556 36 6 1 1 0 0 17 80 45 19 0 0 0 0 24 0 0 0 0 2 11 5 0 0 138 0 28 13 79 19 4699 764 0 0 9 1 2 0 243 113 177 0 0 109 85 0 0 0 0 22 0 8 0 0 0 0 0
 0 0 237 342 20 18 67 34 0 0 280 285 8 35 0 0 260 0 0 0 0 0 11 49 16 0 0 499 0 26 30 971 0 21 2 9315 927 282 0 0 12 840 315 549 169 0 852 93 24 0 31 0 65 0 55 0 0 0 0 0
 7102 0 0 78 3 13 8 1 0 0 67 56 0 0 0 0 35 0 0 0 0 0 0 13 0 0 0 110 0 12 9 155 0 3 0 0 843 0 0 2 0 243 260 196 53 0 163 27 4 0 7 0 13 0 2 0 74 0 0 0
 11729 0 73 67 9 11 22 32 0 144 136 105 10 2 1 0 58 5 0 0 1 0 20 33 10 6 0 369 0 6 18 187 0 7 0 0 0 1807 7 7 12 733 110 316 93 0 337 38 13 0 11 0 25 0 10 0 112 0 0 0
 780 0 0 123 0 24 6 0 0 0 124 77 8 0 0 0 384 0 0 0 0 0 0 42 11 0 0 190 0 23 19 271 0 25 0 506 1 0 1964 2 14 282 52 0 27 0 244 60 1 0 11 0 23 1 2 7 0 0 0 0
 201 0 0 8 0 1 0 0 0 52 20 15 0 0 0 0 0 0 0 0 0 0 0 0 3 0 0 63 0 1 28 129 0 0 0 2 0 0 0 223 0 0 0 0 11 0 52 7 0 0 1 0 0 1 0 4 25 0 0 1
 0 15 0 591 34 6 0 0 0 175 934 1536 189 4256 9159 458 606 3284 728 565 9480 0 555 136 3 2876 5 1323 10 6966 34 361 4 23 25 0 0 0 0 18 275 2408 307 953 216 87 1706 236 77 0 149 68 25 0 0 34 5918 0 0 0
 0 0 0 182 0 45 0 0 0 0 370 0 0 0 0 0 0 0 0 0 0 0 0 0 9 0 0 107 16 0 0 469 0 0 0 0 0 0 0 21 0 186 2 0 0 0 0 750 205 0 111 1601 285 0 0 21 2910 0 0 0
 0 0 0 5 0 38 0 0 0 0 97 0 63 0 0 0 0 0 0 0 0 0 0 14 54 0 0 0 5 0 29 213 0 0 0 0 0 0 0 20 0 0 786 43 0 0 0 560 149 0 72 758 46 0 20 22 791 0 0 0
 0 0 0 618 66 118 43 0 0 840 802 362 296 0 0 0 0 0 0 0 0 0 0 55 201 689 0 0 52 0 322 1526 0 59 0 0 0 0 126 112 0 154 0 750 24 5 0 904 454 0 197 0 292 0 3187 78 3152 0 0 0
 0 0 0 310 0 2 0 0 0 0 193 0 0 0 0 0 0 0 0 0 149 28 0 0 0 73 0 0 0 0 0 0 20 0 9 0 0 0 0 0 0 67 23 0 12 0 0 43 2 0 128 76 12 1 16 9 34 0 0 0
 0 0 0 19 0 4 0 0 0 0 435 0 14 0 0 0 0 0 0 0 21 449 6 44 2 15 1 28 7 0 0 27 5 46 2 88 31 41 137 10 0 48 42 0 5 330 0 35 4 0 27 62 16 4 7 4 51 0 0 12
 0 0 0 69 0 36 0 0 0 0 1149 0 308 0 0 0 0 0 0 0 0 0 0 2256 0 0 0 0 43 0 0 0 0 0 0 0 0 0 0 0 0 84 82 117 14 248 729 534 61 0 405 346 75 30 0 44 457 0 0 0
 0 0 0 61 3 13 0 0 0 0 140 0 0 0 0 0 0 0 0 0 0 0 0 0 0 309 0 0 0 0 0 35 0 0 0 0 0 0 0 0 0 0 0 0 0 0 0 49 0 0 0 0 36 0 34 0 0 0 0 0
 0 0 0 86 6 14 0 0 0 44 16 0 1 0 0 0 0 0 0 0 0 0 0 0 9 169 0 65 11 0 0 200 0 3 13 0 0 0 0 6 0 0 0 0 0 0 0 371 721 0 0 26 118 101 0 27 1357 0 0 0
 0 0 0 0 0 0 0 0 0 0 0 0 0 0 0 0 0 0 0 0 0 0 0 0 0 0 0 0 0 0 0 0 0 0 0 0 0 0 0 0 0 0 0 0 0 0 0 0 15590 0 0 0 0 0 0 0 0 0 0 0
 0 0 0 21 2 5 0 0 0 11 0 0 0 0 0 0 0 0 0 0 0 0 0 0 22 108 0 12 5 0 5 89 0 11 4 0 0 0 0 0 0 0 0 0 0 0 0 179 194 0 157 27 51 0 0 23 2101 0 0 0
 1171 0 308 210 22 15 0 0 0 103 0 0 0 0 0 20 66 0 0 0 0 0 0 0 1 0 0 22 0 0 0 0 0 0 23 2434 544 1116 3766 718 0 0 0 702 0 0 0 113 0 0 0 60 0 0 0 0 0 0 0 0
 0 0 0 14 0 0 0 0 0 6 0 0 1 0 0 0 0 0 0 0 0 0 0 0 0 0 0 0 0 0 109 1098 0 0 0 0 0 0 0 0 0 0 0 0 0 0 0 0 0 0 0 334 316 0 0 13 142 0 0 0
 0 0 211 82 7 6 4 2 0 393 108 14 155 0 1 14 120 0 0 0 0 0 0 88 3 13 55 14 2 0 5 54 35 55 39 115 64 40 0 0 10 53 16 179 0 0 0 87 0 0 19 1 48 60 9 12 346 60 0 0
 1299 0 0 14 0 1197 0 3 0 83 0 0 0 0 0 0 0 0 0 0 32 0 0 0 0 0 0 33 3 0 0 45 0 3 0 0 0 0 0 6 37 21 0 0 0 0 7 0 533 0 223 99 28 0 5 190 5116 0 0 409
 0 0 0 30 2 3 0 0 0 37 5 0 2 0 0 3 0 0 0 0 0 0 0 0 0 0 0 0 0 0 2 0 0 1 63 18 162 23 0 0 0 0 0 0 0 0 0 11 0 0 0 53 0 0 0 0 0 8 0 0
 0 0 188 157 9 136 0 0 0 412 261 0 130 0 0 0 3 0 0 0 0 2 0 0 0 54 0 193 33 60 34 0 7 167 69 95 0 0 182 0 0 0 0 0 0 0 0 59 0 0 0 143 0 0 0 18 2820 0 0 0
 32 0 52 195 10 18 9 0 0 255 60 9 36 41 1 4 2 2 0 0 6 17 1 19 0 22 15 13 11 16 12 77 8 56 123 281 160 158 654 1 18 99 41 179 0 0 52 60 42 0 19 88 46 0 47 0 126 0 0 0
 0 0 0 0 0 0 0 0 0 0 0 0 0 0 0 0 0 0 0 0 0 0 0 0 0 0 0 0 0 0 0 0 0 0 0 0 0 0 0 0 0 0 0 0 0 0 0 0 0 0 0 0 0 0 0 0 0 0 0 0
 655 0 66 922 203 139 171 1 0 4409 911 648 466 212 178 152 121 156 149 0 356 556 640 2048 197 468 614 909 126 78 157 1617 428 832 456 974 256 602 194 0 273 1033 316 1412 12 0 480 1310 300 0 202 634 728 9324 0 142 1020 4917 0 4148
