44
 225 177 0 4 0 0 1 11155 6831 194 638 1292 0 0 1145 123 0 406 0 0 0 0 0 0 4 0 0 108 0 0 12 0 0 0 32 0 212 0 0 0 0 0 0 0
 0 27 2738 6 0 74 468 59 138 14 0 80 0 0 0 0 1 1 101 68 107 37 0 0 0 0 0 0 897 0 573 46 0 13 92 3 67 0 0 0 0 0 0 0
 20 0 0 15 1 1 187 6 19 7 0 0 0 0 0 0 1 0 109 1513 100 19 111 17 5 0 0 0 16 1460 13 29 0 5 25 1 24 0 0 0 0 0 0 0
 0 0 0 0 0 0 0 0 0 0 0 0 0 0 0 0 0 0 179 1396 0 237 27 0 0 0 0 0 0 0 0 0 0 0 0 0 0 0 0 0 0 0 0 0
 0 0 0 0 0 2642 0 0 0 0 0 0 0 0 0 0 0 0 0 0 0 0 0 0 0 0 0 0 0 22 0 0 0 0 0 0 0 0 0 0 0 0 0 0
 2513 0 0 0 0 0 0 274 278 811 0 0 0 0 0 0 0 0 51 0 0 0 0 0 0 0 0 0 0 0 0 0 0 0 31 0 164 0 0 0 0 0 0 0
 0 0 0 0 0 0 0 14 218 0 0 0 0 0 0 0 0 0 0 0 0 0 0 0 0 0 0 0 0 0 0 0 0 0 0 0 3 0 0 0 0 0 0 0
 0 0 0 0 0 0 0 16 88 0 0 0 2 0 0 0 5 1 0 0 0 2 0 0 0 0 0 0 0 0 12 78 4 15 79 4 315 0 0 0 0 0 0 0
 0 0 0 0 0 0 0 0 0 0 0 50 96 0 0 0 13 0 0 0 0 0 0 0 0 0 0 0 0 0 0 0 0 0 2 0 74 0 0 0 0 0 0 0
 0 0 0 0 0 0 116 76 48 62 12 164 24 0 682 0 34 22 39 21 128 15 0 377 124 122 0 1573 36 0 26 0 5 8 46 3 114 0 0 0 0 0 0 0
 0 1 4 0 2 0 354 120 395 0 152 146 28 63 112 811 1852 36 375 5 83 13 0 108 218 0 0 70 0 0 6 0 5 2 33 1 110 0 0 0 0 0 0 0
 0 0 10 3 2 57 69 54 0 0 0 71 13 0 43 0 0 9 134 56 55 20 11 0 70 0 0 13 0 0 87 845 63 117 573 36 553 0 0 0 0 0 0 0
 23 8 3 1 0 16 23 0 0 0 0 0 6 0 14 0 25 28 67 13 8 0 0 96 46 678 0 53 0 0 315 396 0 32 116 11 18 0 0 0 0 0 0 0
 906 218 56 9 12 630 259 167 83 180 0 1421 58 48 275 89 247 296 1219 250 438 148 98 623 631 526 3 658 254 76 76 216 7 30 626 10 413 0 0 0 0 0 0 0
 0 38 42 11 2 0 84 34 4 0 0 0 0 0 0 0 0 0 0 260 5731 5 331 1988 618 1220 0 386 0 0 164 0 0 0 0 0 0 0 0 0 0 0 0 0
 0 135 59 6 39 70 109 189 152 1 0 89 130 0 363 42 76 7 420 177 183 94 32 2531 524 1345 0 302 174 0 361 670 6 92 295 40 445 0 0 0 0 0 0 0
 0 0 0 0 0 0 18 0 0 0 0 34 0 0 4 0 70 5 233 95 926 420 252 760 1189 243 0 0 0 0 0 0 0 0 23 0 17 0 0 0 0 0 0 0
 0 0 5 0 0 0 1 0 0 0 0 0 0 0 0 0 0 0 0 59 221 18 0 1604 307 678 23 206 172 45 0 0 0 0 0 0 0 0 0 0 0 0 0 0
 1123 0 0 0 36 0 50 14 28 0 0 0 0 0 36 0 0 8 191 155 66 50 31 0 0 2 0 492 0 0 170 529 9 101 384 35 1987 0 0 0 0 0 0 0
 23 0 0 0 2 14 22 13 20 0 0 0 0 0 0 0 0 0 0 31 0 0 9 488 0 0 0 143 243 0 43 244 114 35 107 10 452 0 0 0 0 0 0 0
 93 0 0 1 5 24 38 23 19 0 0 0 0 0 0 0 0 0 0 72 65 69 32 92 0 0 0 0 0 0 1001 887 16 65 184 33 856 0 0 0 0 0 0 0
 1 0 0 0 0 0 0 0 4 0 0 0 103 0 0 0 0 0 0 117 0 100 76 0 46 35 0 0 0 0 0 0 0 0 93 0 47 0 0 0 0 0 0 0
 148 184 0 0 1 17 20 20 23 9 4 0 0 0 0 0 0 3 0 0 0 0 7 0 0 0 0 0 0 0 24 213 30 34 458 1516 1834 0 0 0 0 0 0 0
 276 512 0 25 8 138 365 76 106 0 0 5 0 0 0 0 0 0 412 0 0 140 22 200 38 0 0 19 0 0 253 111 4 28 146 53 274 0 0 0 0 0 0 0
 0 92 0 0 0 78 93 23 42 0 0 0 0 0 0 0 0 0 75 31 120 0 13 0 27 0 0 0 0 0 0 0 0 0 116 303 50 0 0 0 0 0 0 0
 295 75 122 12 13 279 384 259 320 0 11 21 0 0 0 0 0 0 0 52 469 0 92 275 156 244 0 874 30 0 1103 295 149 39 321 85 954 0 0 0 0 0 0 0
 557 159 77 2 10 584 440 1320 1259 512 20 957 535 0 716 188 16 0 1048 494 1192 40 121 1580 804 749 256 1132 115 0 391 0 5 112 592 27 977 0 0 0 0 0 0 0
 0 16 19 2 10 25 48 82 105 0 0 0 0 0 0 0 9 0 0 0 8 41 24 0 74 0 0 142 0 0 261 1087 0 185 494 0 169 0 0 0 0 0 0 0
 363 0 0 3 13 40 91 55 109 0 77 86 53 0 64 0 41 0 135 0 105 32 43 91 56 0 0 136 103 0 431 1222 17 334 539 1086 1060 0 0 0 0 0 0 0
 71 15 0 1 0 27 64 13 66 69 59 33 19 0 18 13 44 0 183 24 104 15 29 108 103 45 13 37 10 9 57 1033 44 132 45 763 2312 0 0 0 0 0 0 0
 0 0 0 0 0 0 0 0 0 0 0 0 0 0 0 0 0 0 0 0 0 0 0 0 0 0 0 0 0 0 0 0 0 0 233 0 0 0 0 0 0 0 0 0
 56 0 0 4 14 27 60 0 75 10 4 0 0 0 27 0 53 8 0 0 0 14 0 0 52 0 17 0 0 0 154 826 0 145 389 289 200 0 0 0 0 0 0 0
 0 0 0 0 0 0 0 0 0 0 0 0 0 0 0 0 0 0 0 0 0 0 0 0 0 0 0 0 0 0 0 0 0 0 0 0 0 0 0 0 0 0 0 0
 0 0 0 0 0 0 0 0 0 0 0 0 0 0 0 0 0 0 0 0 0 0 0 0 0 0 0 0 0 0 0 0 0 0 0 0 0 0 0 0 0 0 0 0
 0 0 0 0 0 0 0 0 0 0 0 0 0 0 0 0 0 0 0 0 0 0 0 0 0 0 0 0 0 0 0 0 0 0 0 0 0 0 0 0 0 0 0 0
 0 0 0 0 0 0 0 0 0 0 0 0 0 0 0 0 0 0 0 0 0 0 0 0 0 0 0 0 0 0 0 0 0 0 0 0 0 0 0 0 0 0 0 0
 0 0 0 0 0 0 0 0 0 0 0 0 0 0 0 0 0 0 0 0 0 0 0 0 0 0 0 0 0 0 0 0 0 0 0 0 0 0 0 0 0 0 0 0
 0 0 0 0 0 0 0 0 0 0 0 0 0 0 0 0 0 0 0 0 0 0 0 0 0 0 0 0 0 0 0 0 0 0 0 0 0 0 0 0 0 0 0 0
 0 0 0 0 0 0 0 0 0 0 0 0 0 0 0 0 0 0 0 0 0 0 0 0 0 0 0 0 0 0 0 0 0 0 0 0 0 0 0 0 0 0 0 0
 0 0 0 0 0 0 0 0 0 0 0 0 0 0 0 0 0 0 0 0 0 0 0 0 0 0 0 0 0 0 0 0 0 0 0 0 0 0 0 0 0 0 0 0
 0 0 0 0 0 0 0 0 0 0 0 0 0 0 0 0 0 0 0 0 0 0 0 0 0 0 0 0 0 0 0 0 0 0 0 0 0 0 0 0 0 0 0 0
 0 0 0 0 0 0 0 0 0 0 0 0 0 0 0 0 0 0 0 0 0 0 0 0 0 0 0 0 0 0 0 0 0 0 0 0 0 0 0 0 0 0 0 0
 0 0 0 0 0 0 0 0 0 0 0 0 0 0 0 0 0 0 0 0 0 0 0 0 0 0 0 0 0 0 0 0 0 0 0 0 0 0 0 0 0 0 0 0
 0 0 0 0 0 0 0 0 0 0 0 0 0 0 0 0 0 0 0 0 0 0 0 0 0 0 0 0 0 0 0 0 0 0 0 0 0 0 0 0 0 0 0 0
