44
 511 58 0 0 0 0 0 0 0 0 0 0 0 0 0 9681 6545 5109 419 349 1751 0 980 155 486 0 0 0 0 0 0 8 3 0 0 0 0 0 0 0 0 0 0 0
 0 81 1571 0 420 0 30 193 0 0 0 1 1 11 2 17 11 59 11 2 78 6 3 50 0 0 0 0 127 0 222 0 11 0 0 0 0 0 0 127 180 0 0 0
 0 0 2 0 512 0 1495 43 217 50 0 1 1 6 5 5 0 9 0 0 3 0 0 3 1 2 0 0 5 0 0 0 0 0 0 0 0 0 0 6 42 0 0 0
 830 46 0 3130 413 0 188 396 122 71 106 14 62 65 41 55 44 124 36 1 167 49 61 120 126 46 826 209 1102 0 500 646 41 34 0 0 0 0 0 503 464 0 0 0
 248 0 0 0 279 0 341 210 516 204 88 13 39 93 73 35 28 123 42 3 299 35 40 204 67 15 0 49 238 0 138 3 19 0 0 0 0 0 0 343 15 0 0 0
 0 0 0 0 0 0 0 0 0 0 0 0 0 0 0 0 0 0 0 0 0 0 0 0 0 0 0 0 0 0 0 0 0 0 0 0 0 0 0 0 0 0 0 0
 121 0 0 0 0 0 4635 0 138 2755 2396 16 856 1158 627 0 0 0 0 0 10 10 25 0 0 87 1679 0 0 0 0 0 0 0 0 0 0 0 0 0 171 0 0 0
 246 0 0 0 0 0 62 183 428 0 44 6 95 76 44 13 7 62 112 0 10 10 47 0 0 55 3882 0 53 0 0 0 6 0 0 0 0 0 0 0 8 0 0 0
 1528 59 0 0 0 0 0 0 1769 0 239 14 280 212 83 1 0 0 0 1 1121 82 44 0 853 54 595 0 0 0 0 0 16 0 0 0 0 0 0 40 293 0 0 0
 160 18 0 0 0 0 0 8 140 101 2246 44 324 474 631 70 51 277 87 0 83 31 0 2 61 18 1565 48 0 0 0 6 25 0 0 0 0 0 0 129 327 0 0 0
 3 48 5 0 0 0 0 0 0 0 363 0 0 1697 312 16 14 49 22 0 0 0 0 0 0 56 770 212 0 0 0 0 0 0 0 0 0 0 0 0 1271 0 0 0
 0 0 0 0 0 0 0 0 0 0 7 50 0 0 4 0 0 0 0 0 0 0 0 0 0 0 0 4 0 0 10 0 0 0 0 0 0 0 0 0 144 0 0 0
 12 0 0 0 0 0 0 0 0 0 353 17 97 260 332 0 0 0 0 0 0 2 0 0 0 0 848 170 0 0 0 24 20 40 0 0 0 0 0 0 924 0 0 0
 0 0 0 0 0 0 0 0 0 0 0 0 0 2 0 0 0 0 0 0 0 0 0 0 0 0 0 1432 0 0 0 0 0 0 0 0 0 0 0 0 461 0 0 0
 61 0 0 0 0 0 0 0 0 0 0 0 0 0 72 0 0 0 0 0 0 0 0 0 0 0 0 16 0 0 0 202 0 0 0 0 0 0 0 0 2099 0 0 0
 0 0 0 0 0 0 0 0 0 0 0 0 0 0 0 0 0 107 0 0 230 424 0 0 0 2 0 0 0 0 0 0 2 0 0 0 0 0 0 0 202 0 0 0
 0 0 0 0 0 0 0 0 14 0 0 0 0 0 0 0 4 263 0 0 0 0 0 0 0 9 0 0 0 0 0 0 0 0 0 0 0 0 0 0 87 0 0 0
 0 0 0 0 0 0 4 0 289 0 0 0 0 0 0 0 0 1730 197 0 77 3 0 0 0 15 0 0 0 0 0 0 0 0 0 0 0 0 0 0 150 0 0 0
 0 0 0 0 0 0 0 0 81 0 0 0 0 0 0 0 0 0 62 0 0 0 0 0 0 0 0 0 0 0 0 6 5 0 0 0 0 0 0 0 1 0 0 0
 0 0 0 0 0 0 0 0 0 0 0 0 0 0 0 0 0 0 0 0 0 0 0 0 0 0 0 0 0 0 0 0 0 0 0 0 0 0 0 0 1 0 0 0
 0 0 0 0 0 0 0 0 0 0 23 0 56 211 30 0 1 0 8 2 5174 0 142 0 0 26 32 0 0 0 0 0 15 0 0 0 0 0 0 0 69 0 0 0
 61 0 0 0 0 0 0 0 0 0 22 2 0 0 1 0 0 0 0 0 70 627 0 0 0 0 0 0 0 0 0 0 0 0 0 0 0 0 0 0 3 0 0 0
 0 0 0 0 0 0 0 0 0 32 43 3 31 19 43 2 5 0 15 0 0 0 119 0 0 57 1102 0 0 0 0 0 0 0 0 0 0 0 0 0 238 0 0 0
 0 0 0 0 0 0 51 127 363 0 80 18 108 62 19 2 59 240 126 42 180 26 28 1552 18 84 64 0 613 0 0 31 68 0 263 0 0 0 0 790 474 0 0 0
 0 24 0 0 0 0 16 9 0 0 377 27 159 816 156 10 10 14 25 4 146 224 81 0 60 411 242 5 291 0 167 0 5 0 0 0 0 0 0 0 89 0 0 0
 3 3 0 0 0 0 0 0 0 0 0 0 2 7 0 0 0 0 0 0 0 4 0 0 0 0 0 0 0 0 0 0 0 0 0 0 0 0 0 0 144 0 0 0
 287 4 8 0 419 0 0 0 0 0 0 11 0 69 63 18 15 41 14 3 0 18 0 0 0 15 0 0 0 0 43 10 27 0 0 0 0 0 0 0 2302 0 0 0
 970 7 0 0 0 0 645 18 52 0 0 0 0 0 0 4 8 22 10 5 58 12 24 134 0 15 56 0 74 0 190 1 15 5 0 0 0 0 0 199 0 0 0 0
 368 0 0 0 0 0 94 0 239 174 507 18 101 300 119 265 9 555 77 18 182 22 21 0 0 38 1052 0 0 0 0 0 8 0 0 0 0 0 0 113 352 0 0 0
 0 0 0 0 0 0 0 0 0 0 0 0 0 0 0 0 0 0 0 0 0 0 0 0 0 0 0 0 0 0 0 0 0 0 0 0 0 0 0 0 0 0 0 0
 98 0 38 0 0 0 399 119 340 32 255 0 34 154 55 175 80 98 75 9 215 32 66 260 0 38 0 0 3271 0 0 5 0 29 0 0 0 0 0 216 319 0 0 0
 0 10 4 0 0 0 43 15 22 0 44 4 0 28 0 8 10 20 0 2 42 0 7 0 9 11 0 0 320 0 0 0 0 73 0 0 0 0 0 0 50 0 0 0
 0 0 0 0 0 0 0 0 0 0 0 0 0 0 0 0 0 0 0 0 0 0 0 0 0 0 0 0 0 0 1174 1208 0 0 0 0 0 0 0 0 0 0 0 0
 8 10 0 0 13 0 64 3 66 57 94 6 0 29 18 40 25 49 16 8 59 17 40 93 14 8 58 0 688 0 0 0 65 0 0 0 0 0 0 474 498 0 0 0
 800 44 7 87 72 0 157 102 143 94 181 21 97 80 60 44 34 125 58 44 220 44 64 0 48 35 379 70 758 0 166 112 69 223 0 0 237 0 0 0 146 0 0 0
 0 0 0 0 0 0 0 0 0 0 0 0 0 0 0 0 0 0 0 0 0 0 0 0 0 0 0 0 0 0 0 0 0 0 0 0 0 0 0 0 0 0 0 0
 0 0 0 0 0 0 0 0 0 0 0 0 0 0 0 0 0 0 0 0 0 0 0 0 0 0 0 0 0 0 0 0 0 0 0 0 0 0 0 0 5 0 0 0
 0 0 0 0 0 0 0 0 0 0 0 0 0 0 0 0 0 0 0 0 0 0 0 0 0 0 0 0 0 0 0 0 0 0 0 0 0 0 0 0 0 0 0 0
 0 0 0 0 0 0 0 0 0 0 0 0 0 0 0 0 0 0 0 0 0 0 0 0 0 0 0 0 0 0 0 0 0 0 0 0 0 0 0 0 0 0 0 0
 951 0 0 0 0 0 126 53 0 0 376 44 115 106 74 85 97 272 204 30 311 56 8 0 53 46 1294 0 0 0 0 43 87 0 43 0 54 0 0 26 2490 0 0 0
 79 0 0 0 0 0 0 0 0 0 0 0 0 0 0 0 0 0 0 0 0 0 0 0 0 0 0 82 0 0 0 0 0 0 0 0 0 0 0 0 0 0 0 0
 0 0 0 0 0 0 0 0 0 0 0 0 0 0 0 0 0 0 0 0 0 0 0 0 0 0 0 0 0 0 0 0 0 0 0 0 0 0 0 0 0 0 0 0
 0 0 0 0 0 0 0 0 0 0 0 0 0 0 0 0 0 0 0 0 0 0 0 0 0 0 0 0 0 0 0 0 0 0 0 0 0 0 0 0 0 0 0 0
 0 0 0 0 0 0 0 0 0 0 0 0 0 0 0 0 0 0 0 0 0 0 0 0 0 0 0 0 0 0 0 0 0 0 0 0 0 0 0 0 0 0 0 0
