44
 47845 85 432 0 0 0 0 0 0 0 0 0 0 0 0 494532 269506 892104 28302 25522 194977 3734 49616 16250 23437 5941 2336 0 0 0 0 0 115 0 0 0 0 0 0 0 8917 0 0 0
 0 4 39307 0 24365 0 421 12080 1707 171 171 12 36 9 77 32 10 1712 75 106 310 27 11 138 170 17 0 0 956 0 8125 387 0 39 0 0 0 0 0 740 3787 0 0 0
 0 0 417 0 2917 0 25225 5599 15258 4420 1064 22 134 121 202 6 0 1755 11 0 344 52 19 0 1157 0 10912 0 0 0 0 0 0 0 0 0 0 0 0 1532 6377 0 0 0
 28125 88 3085 302775 62863 0 5834 26883 62488 1586 6856 302 8386 5049 2653 0 1695 18797 2935 498 11323 1149 1957 6718 1191 487 33060 2485 48029 0 105346 34310 4871 0 0 0 0 0 0 49569 32434 0 0 0
 36979 0 0 0 14695 0 62535 32842 70113 10402 11407 1170 0 4705 4035 1474 2353 26931 1831 485 27340 3807 5246 13530 0 995 4048 501 38892 0 11963 0 533 0 0 0 8230 0 0 24132 22932 0 0 0
 0 0 0 0 0 0 0 0 0 0 0 0 0 0 0 0 0 0 0 0 0 0 0 0 0 0 0 0 0 0 0 0 0 0 0 0 0 0 0 0 0 0 0 0
 3788 0 0 0 0 0 285765 5765 7100 181426 99824 21374 121111 76905 64284 143 833 5002 396 0 0 0 3824 0 932 2701 153725 0 0 0 0 0 0 0 0 0 0 0 0 0 3935 0 0 0
 2733 0 0 0 0 0 0 70629 21111 3975 2763 3099 5795 6825 3667 0 450 6694 4995 0 548 20 0 0 0 1901 480295 0 0 0 0 0 0 0 0 0 4000 0 0 564 4435 0 0 0
 117344 0 0 0 0 0 0 0 156797 7619 3573 173 7541 5194 3572 0 0 0 7105 545 126790 13794 26519 7260 72146 4427 31601 0 0 0 0 0 0 0 0 0 2171 0 0 15743 8988 0 0 0
 5545 0 0 0 0 0 0 0 0 30403 83325 1336 21401 52233 25124 834 50 15373 1544 0 0 924 10618 0 304 508 55597 0 0 0 0 2249 0 0 0 0 0 0 0 0 18681 0 0 0
 0 0 0 0 0 0 0 0 0 0 6727 0 0 11300 8522 0 0 0 0 0 0 0 0 0 0 0 7588 5662 0 0 0 0 19 0 0 0 0 0 0 0 1436 0 0 0
 0 0 0 0 0 0 0 0 0 0 596 0 0 6994 6444 0 0 0 0 0 0 0 0 0 0 0 1782 1717 0 0 0 641 100 46 0 0 0 0 0 0 5836 0 0 0
 634 0 0 0 12849 0 0 0 0 0 29834 373 13408 26582 12028 4 12 0 0 0 0 0 0 0 0 0 53991 12597 0 0 0 23 303 5343 0 0 0 0 0 0 14623 0 0 0
 0 0 0 0 0 0 0 0 0 0 0 0 0 10914 0 0 0 0 0 0 0 0 0 0 0 0 0 18135 0 0 0 0 0 0 0 0 0 0 0 0 8438 0 0 0
 0 0 0 0 0 0 0 0 0 0 0 0 0 0 0 0 0 0 0 0 0 0 0 0 0 0 0 6045 0 0 18127 17530 0 0 0 0 0 0 0 0 20229 0 0 0
 0 0 0 4488 0 0 0 0 13340 0 0 0 0 0 0 29261 971 5887 0 0 310 60034 0 0 0 1803 0 0 0 0 0 0 0 0 0 0 0 0 0 0 0 0 0 0
 0 0 0 0 0 0 0 0 3269 0 0 0 0 0 0 0 0 11934 0 0 0 0 0 0 0 0 0 0 0 0 0 0 0 0 0 0 0 0 0 0 0 0 0 0
 0 0 0 0 0 0 0 0 22737 0 0 0 0 0 0 0 0 152555 8115 2 0 33 362 0 0 0 0 0 0 0 0 0 0 0 0 0 0 0 0 0 0 0 0 0
 0 0 0 0 0 0 0 0 0 0 0 0 0 0 0 0 0 0 1514 0 0 0 0 0 0 0 0 0 0 0 0 0 0 0 0 0 0 0 0 0 0 0 0 0
 0 0 0 0 0 0 0 0 0 0 0 0 0 0 0 0 0 0 0 8657 0 0 0 0 0 0 0 0 0 0 0 0 0 0 0 0 0 0 0 0 0 0 0 0
 0 0 0 0 0 0 0 0 0 1814 0 0 3841 2833 309 0 212 3375 3 158 374457 0 6425 0 17352 0 0 0 0 0 0 0 0 0 0 0 0 0 0 8467 133 0 0 0
 0 0 0 0 0 0 0 0 0 0 176 504 0 723 1138 0 0 0 0 0 1139 81448 0 0 0 639 0 0 0 0 0 0 27 0 0 0 0 0 0 0 2194 0 0 0
 0 0 0 0 0 0 0 1701 0 0 3825 1483 9677 1123 2265 299 380 0 2689 782 0 64 63890 0 0 2615 149191 0 5030 0 0 6744 400 0 0 0 26226 0 0 0 12520 0 0 0
 0 0 1144 0 0 0 1289 15526 0 812 8451 1402 10404 6359 4051 1199 3104 29618 7870 4084 15212 5682 2817 125267 2797 1675 1607 0 44967 0 0 558 2343 3249 9487 0 1023 0 0 42924 36675 0 0 0
 0 0 0 0 793 0 0 505 0 0 9740 539 17567 32310 6364 119 221 3614 973 10 0 7470 7111 0 1456 2085 11590 1103 4772 0 24758 0 0 0 0 0 0 0 0 2231 2915 0 0 0
 0 0 4 0 0 0 0 0 0 0 164 10 74 99 82 0 47 451 95 80 1563 0 0 0 0 0 872 0 1335 0 0 0 395 0 0 0 0 0 0 2072 2511 0 0 0
 0 0 0 0 0 0 0 0 0 0 0 0 0 587 517 141 205 2978 196 64 1386 472 0 0 0 0 0 0 0 0 0 0 0 674 0 0 44966 0 0 2147 129355 0 0 0
 5712 33 472 0 0 0 124437 7975 13356 423 0 0 0 0 0 624 1270 14946 1739 194 34432 1578 1832 21104 0 429 10110 23 12076 0 32174 4741 2134 483 0 0 34782 0 0 13944 11566 0 0 0
 22561 0 1713 0 0 0 8791 17081 10167 1632 3699 460 3100 3832 3860 4332 3536 32013 3352 700 52880 10509 0 0 0 0 36377 0 0 0 3405 2965 0 0 0 0 1713 0 0 0 16272 0 0 0
 0 0 0 0 0 0 0 0 0 0 0 0 0 0 0 0 0 0 0 0 0 0 0 0 0 0 0 0 0 0 0 0 0 0 0 0 0 0 0 0 0 0 0 0
 16216 0 3935 0 0 0 13590 25226 41502 17482 11424 872 9812 10918 0 6242 5880 29788 5240 344 11700 3566 6211 11712 0 496 87264 0 0 0 4985 951 0 8298 0 0 569 0 0 6633 27470 0 0 0
 1013 0 263 0 1078 0 2391 2166 4628 0 1144 0 0 1751 0 478 633 3667 1368 52 2148 299 0 0 478 5 6070 0 0 0 0 0 0 3298 0 0 34 0 0 0 5252 0 0 0
 0 14 0 0 0 0 1384 203 3401 960 0 0 0 0 0 121 0 718 0 0 1005 0 0 0 91 0 0 0 11736 0 47650 68070 0 0 0 0 0 0 0 0 1907 0 0 0
 98 0 130 367 5682 0 3303 2597 18821 3863 5818 0 0 3467 2857 780 1530 7424 3299 13 5271 337 40 0 1395 39 0 0 29829 0 0 0 2186 0 0 0 0 0 0 0 13367 0 0 0
 61200 1590 1218 14511 26485 0 23157 18712 23868 9626 13114 2236 9681 7174 6815 4896 2546 17136 2403 1455 22623 5589 8969 0 3112 2119 66230 11738 74624 0 15283 15329 970 7088 0 0 5649 0 0 0 31273 0 0 0
 0 0 0 0 0 0 0 0 0 0 0 0 0 0 0 0 0 0 0 0 0 0 0 0 0 0 0 0 0 0 0 0 0 0 0 0 0 0 0 0 0 0 0 0
 0 0 0 0 0 0 0 0 0 0 0 0 0 0 0 0 0 0 0 0 0 0 0 0 0 0 0 0 0 0 0 0 0 0 0 0 0 0 0 0 0 0 0 0
 0 0 0 0 0 0 0 0 0 0 0 0 0 0 0 0 0 0 0 0 0 0 0 0 0 0 0 0 0 0 0 0 0 0 0 0 0 0 0 0 0 0 0 0
 0 0 0 0 0 0 0 0 0 0 0 0 0 0 0 0 0 0 0 0 0 0 0 0 0 0 0 0 0 0 0 0 0 0 0 0 0 0 0 0 0 0 0 0
 8621 0 0 0 0 0 5142 0 0 5447 8116 566 5056 5689 4678 730 1458 9514 4872 2836 0 1062 1716 0 0 0 0 0 14151 0 0 2227 62 1617 1707 0 39403 0 0 1292 70861 0 0 0
 0 0 0 0 0 0 0 0 0 0 0 0 0 0 0 0 0 0 0 0 0 0 0 0 0 0 0 0 0 0 0 0 0 0 0 0 0 0 0 0 0 0 0 0
 0 0 0 0 0 0 0 0 0 0 0 0 0 0 0 0 0 0 0 0 0 0 0 0 0 0 0 0 0 0 0 0 0 0 0 0 0 0 0 0 0 0 0 0
 0 0 0 0 0 0 0 0 0 0 0 0 0 0 0 0 0 0 0 0 0 0 0 0 0 0 0 0 0 0 0 0 0 0 0 0 0 0 0 0 0 0 0 0
 0 0 0 0 0 0 0 0 0 0 0 0 0 0 0 0 0 0 0 0 0 0 0 0 0 0 0 0 0 0 0 0 0 0 0 0 0 0 0 0 0 0 0 0
