44
 1990 520 0 0 0 0 0 0 0 0 0 0 0 0 0 15480 8530 6460 930 1190 7450 170 1560 330 380 230 0 0 0 0 0 0 0 0 0 0 0 0 0 0 170 0 0 0
 0 0 6880 0 1600 0 0 600 60 0 0 0 0 0 40 10 0 130 30 0 80 0 0 0 0 0 0 0 0 0 610 70 10 0 0 0 0 0 0 0 430 0 0 0
 0 0 10 210 1760 0 5660 180 140 130 0 0 10 0 10 0 0 10 10 0 0 0 0 0 30 0 70 0 10 0 0 0 0 0 0 0 0 0 0 140 70 0 0 0
 590 70 0 7240 350 0 450 610 260 80 130 0 90 60 50 200 130 310 210 10 390 30 90 140 0 0 340 410 2580 0 1250 1080 20 0 10 0 0 0 0 620 1630 0 0 0
 300 0 0 0 1030 0 1790 840 1340 0 120 10 105 60 115 230 50 400 190 10 780 50 210 230 60 10 90 20 560 0 220 0 150 0 0 0 0 0 0 710 960 0 0 0
 0 0 0 0 0 0 0 0 0 0 0 0 0 0 0 0 0 0 0 0 0 0 0 0 0 0 0 0 0 0 0 0 0 0 0 0 0 0 0 0 0 0 0 0
 270 570 0 0 0 0 20040 0 240 4720 710 70 1755 210 1085 0 10 110 0 20 0 0 0 0 0 290 4790 0 0 0 0 0 0 0 0 0 0 0 0 0 60 0 0 0
 200 0 0 0 0 0 450 8060 750 100 0 10 0 120 120 50 30 110 140 0 20 40 0 0 0 60 9240 0 0 0 0 0 0 0 0 0 310 0 0 0 190 0 0 0
 2510 0 0 0 0 0 0 0 4100 0 40 0 265 110 150 0 10 20 40 70 2150 180 440 0 340 220 625 0 0 0 0 320 0 0 0 0 340 0 0 680 530 0 0 0
 0 230 0 0 30 0 0 0 430 760 1810 0 185 0 685 110 210 220 350 10 50 70 180 0 30 10 3710 0 0 0 0 80 0 0 0 0 50 0 0 0 280 0 0 0
 230 350 20 0 0 0 0 190 0 0 530 0 0 130 585 50 60 100 60 10 110 20 0 30 0 0 1515 250 0 0 0 50 40 0 0 0 10 0 0 0 1070 0 0 0
 0 0 0 0 0 0 0 0 0 0 40 90 30 0 0 0 0 0 0 0 0 0 0 0 0 0 0 0 0 0 0 0 0 0 0 0 0 0 0 0 60 0 0 0
 10 230 0 0 0 0 0 40 0 0 560 0 1105 0 315 0 0 10 0 0 0 10 0 0 0 0 750 170 0 0 340 100 0 0 0 0 20 0 0 0 350 0 0 0
 10 20 0 0 0 0 0 0 0 0 0 10 20 7270 60 0 0 0 0 0 0 0 0 0 0 0 0 830 0 0 240 0 0 0 0 0 0 0 0 0 20 0 0 0
 10 0 0 0 0 0 0 0 0 0 0 0 0 0 450 0 0 0 0 0 0 0 0 0 0 0 0 20 0 0 710 880 0 0 0 0 0 0 0 0 1500 0 0 0
 0 0 0 0 0 0 0 0 130 0 0 0 0 0 0 1030 0 10 0 0 0 590 0 0 0 0 0 0 0 0 0 0 0 0 0 0 0 0 0 0 110 0 0 0
 0 0 0 0 0 0 0 0 0 0 0 0 0 0 0 10 0 670 0 0 0 0 0 0 0 0 0 0 0 0 0 0 0 0 0 0 0 0 0 0 30 0 0 0
 0 0 0 0 0 0 0 0 0 0 0 0 0 0 0 0 0 7000 660 0 10 0 0 0 0 0 0 0 0 0 0 0 0 0 0 0 0 0 0 0 100 0 0 0
 0 0 0 0 0 0 30 0 0 0 0 0 10 10 0 20 0 0 50 0 0 0 0 0 0 0 0 0 0 0 0 0 0 0 0 0 0 0 0 0 30 0 0 0
 0 0 0 0 0 0 0 0 0 0 0 0 0 0 0 0 0 0 0 0 0 0 0 0 0 0 0 0 20 0 0 0 0 0 0 0 0 0 0 0 0 0 0 0
 0 0 0 0 0 0 40 0 0 0 0 0 30 30 10 10 0 0 0 0 13340 0 240 0 160 10 0 0 0 0 0 0 0 0 0 0 0 0 0 0 210 0 0 0
 0 160 0 0 0 0 10 0 0 0 0 0 0 50 40 0 0 20 0 0 220 1430 30 0 0 30 0 0 0 0 10 30 10 0 0 0 0 0 0 0 30 0 0 0
 0 10 0 0 0 0 60 50 0 0 70 0 45 10 85 0 20 40 120 10 0 0 680 0 0 40 4780 0 0 0 0 0 0 0 0 0 120 0 0 150 190 0 0 0
 0 30 10 0 0 0 280 260 290 80 0 20 215 80 95 190 80 1050 100 220 480 70 120 4040 80 20 420 0 3410 0 0 90 0 0 590 0 160 0 0 590 940 0 0 0
 0 100 0 50 0 0 80 40 0 0 190 0 40 580 610 0 0 0 10 0 0 160 0 0 10 0 0 790 110 0 300 80 20 0 0 0 0 0 0 440 50 0 0 0
 0 0 0 0 0 0 0 0 0 0 0 0 0 0 0 0 0 0 0 0 0 0 0 0 0 0 0 0 0 0 0 0 0 0 0 0 0 0 0 20 130 0 0 0
 80 90 0 0 0 0 0 0 0 0 0 0 0 20 20 60 20 90 70 10 190 10 0 0 0 0 0 0 0 0 0 0 10 0 0 0 2360 0 0 0 3230 0 0 0
 260 0 10 0 0 0 2250 130 50 270 0 0 0 0 0 140 30 20 70 0 20 30 30 270 0 0 260 410 1930 0 580 0 0 30 0 0 0 0 0 140 70 0 0 0
 1030 80 0 0 0 0 1720 440 70 500 590 20 340 390 210 1130 80 1160 280 0 1780 190 770 0 0 30 1430 0 0 0 0 0 0 0 0 0 510 0 0 0 790 0 0 0
 0 0 0 0 0 0 0 0 0 0 0 0 0 0 0 0 0 0 0 0 0 0 0 0 0 0 0 0 0 0 0 0 0 0 0 0 0 0 0 0 0 0 0 0
 500 0 670 0 0 0 1200 460 240 100 20 0 0 0 0 170 230 250 140 10 350 0 120 50 0 10 1650 0 90 0 140 0 0 200 0 0 80 0 0 310 690 0 0 0
 70 0 260 0 120 0 380 300 0 0 0 0 0 20 0 0 0 80 0 0 120 0 10 0 0 0 210 0 250 0 0 0 0 0 0 0 0 0 0 0 130 0 0 0
 100 0 40 0 0 0 280 40 120 0 0 0 0 0 0 0 0 160 10 0 20 0 30 0 0 0 0 0 10 0 0 770 0 0 0 0 0 0 0 0 10 0 0 0
 10 40 10 20 40 0 170 110 200 140 150 10 145 50 55 100 20 140 80 20 230 40 60 20 40 10 70 0 1010 0 0 40 20 0 600 0 0 0 0 540 340 0 0 0
 420 550 20 0 90 0 200 200 120 180 200 10 125 70 115 100 50 330 220 20 430 30 180 0 40 20 570 20 1110 0 290 500 120 0 0 0 0 0 0 630 400 0 0 0
 0 0 0 0 0 0 0 0 0 0 0 0 0 0 0 0 0 0 0 0 0 0 0 0 0 0 0 0 0 0 0 0 0 0 0 0 0 0 0 0 0 0 0 0
 0 0 0 0 0 0 0 0 0 0 0 0 0 0 0 0 0 0 0 0 0 0 0 0 0 0 0 0 0 0 0 0 0 0 0 0 0 0 0 0 0 0 0 0
 0 0 0 0 0 0 0 0 0 0 0 0 0 0 0 0 0 0 0 0 0 0 0 0 0 0 0 0 0 0 0 0 0 0 0 0 0 0 0 0 0 0 0 0
 0 0 0 0 0 0 0 0 0 0 0 0 0 0 0 0 0 0 0 0 0 0 0 0 0 0 0 0 0 0 0 0 0 0 0 0 0 0 0 0 0 0 0 0
 1210 40 0 0 0 0 240 30 0 190 230 0 120 100 60 90 60 230 380 10 280 10 0 0 0 0 810 0 300 0 0 130 30 0 0 0 150 0 0 1320 1830 0 0 0
 0 0 0 0 0 0 0 0 0 0 0 0 0 0 0 0 0 0 0 0 0 0 0 0 0 0 0 0 0 0 0 0 0 0 0 0 0 0 0 0 0 0 0 0
 0 0 0 0 0 0 0 0 0 0 0 0 0 0 0 0 0 0 0 0 0 0 0 0 0 0 0 0 0 0 0 0 0 0 0 0 0 0 0 0 0 0 0 0
 0 0 0 0 0 0 0 0 0 0 0 0 0 0 0 0 0 0 0 0 0 0 0 0 0 0 0 0 0 0 0 0 0 0 0 0 0 0 0 0 0 0 0 0
 0 0 0 0 0 0 0 0 0 0 0 0 0 0 0 0 0 0 0 0 0 0 0 0 0 0 0 0 0 0 0 0 0 0 0 0 0 0 0 0 0 0 0 0
