44
 24 1 0 0 0 0 0 0 0 0 0 0 0 0 0 1456 1325 924 20 161 221 0 39 24 40 0 0 0 0 0 0 0 0 0 0 0 0 0 0 0 6 0 0 0
 0 0 346 0 273 0 0 18 25 0 0 0 0 0 3 4 4 9 0 1 4 0 0 9 0 0 0 1 0 0 0 34 1 0 0 0 0 0 0 33 30 0 0 0
 5 0 4 0 208 0 54 5 81 2 0 1 2 0 0 2 2 7 0 0 5 0 1 0 1 0 44 0 0 0 0 0 0 0 0 0 0 0 0 0 12 0 0 0
 107 0 35 1470 30 0 34 43 99 0 0 0 13 2 9 4 37 64 4 4 24 4 5 21 0 0 101 6 165 0 123 343 6 10 0 0 0 0 0 57 152 0 0 0
 15 0 0 0 15 0 20 30 51 23 11 1 0 2 20 9 12 41 4 1 36 4 8 20 6 5 10 9 55 0 54 20 6 7 7 0 0 0 0 61 92 0 0 0
 0 0 0 0 0 0 0 0 0 0 0 0 0 0 0 0 0 0 0 0 0 0 0 0 0 0 0 0 0 0 0 0 0 0 0 0 0 0 0 0 0 0 0 0
 26 11 0 0 0 0 576 31 33 579 226 13 201 14 215 2 0 4 1 1 0 0 0 0 0 12 217 0 0 0 0 1 1 0 0 0 0 0 0 0 7 0 0 0
 28 0 0 0 0 0 0 63 12 0 0 0 31 1 0 2 11 13 16 0 0 0 0 0 0 134 755 0 0 0 0 0 0 0 0 0 0 0 0 0 25 0 0 0
 265 0 0 0 0 0 0 0 576 0 4 0 34 5 25 0 9 0 6 3 184 27 10 0 105 0 87 0 1 0 0 112 0 0 0 0 0 0 0 80 34 0 0 0
 41 27 0 2 0 0 0 0 5 89 85 3 25 11 74 38 84 86 10 2 18 9 9 0 0 15 265 25 3 0 0 37 8 0 0 0 0 0 0 0 17 0 0 0
 17 24 4 1 0 0 0 5 0 0 155 11 8 18 332 0 2 6 0 2 9 2 0 0 0 32 6 23 0 0 0 25 10 0 0 0 0 0 0 0 45 0 0 0
 16 4 0 7 0 0 0 2 0 0 0 17 0 6 49 0 0 0 0 0 0 0 0 0 0 0 70 6 0 0 0 2 2 0 0 0 0 0 0 10 17 0 0 0
 7 2 0 0 3 0 0 0 0 0 0 40 331 7 51 0 2 6 0 1 0 0 0 0 0 60 224 0 0 0 0 40 0 3 0 0 0 0 0 0 22 0 0 0
 5 0 0 0 0 0 0 0 0 0 0 0 0 142 0 0 2 2 0 0 0 0 0 0 0 0 1 59 7 0 5 0 0 0 0 0 0 0 0 0 54 0 0 0
 9 0 0 0 0 0 0 0 0 0 0 0 0 0 70 0 0 0 0 0 0 0 0 0 0 0 0 0 0 0 0 306 3 0 0 0 0 0 0 0 137 0 0 0
 0 0 0 0 0 0 0 0 7 0 0 0 0 0 0 71 0 88 0 0 2 76 0 0 0 0 0 0 0 0 0 2 0 0 0 0 0 0 0 0 1 0 0 0
 0 0 0 0 0 0 0 0 0 0 0 0 0 0 0 0 0 30 0 0 0 0 0 0 0 0 0 0 0 0 0 2 0 0 0 0 0 0 0 0 0 0 0 0
 0 0 0 0 0 0 0 0 91 0 0 0 0 0 0 0 0 1103 25 0 0 3 0 0 0 0 0 0 0 0 0 0 0 0 0 0 0 0 0 0 4 0 0 0
 0 0 0 0 0 0 0 0 0 0 0 0 0 0 0 0 0 0 4 0 0 0 0 0 0 0 0 0 0 0 0 4 0 0 0 0 0 0 0 0 0 0 0 0
 0 0 0 0 0 0 0 0 0 0 0 0 0 0 0 0 0 0 0 0 0 0 0 0 0 0 0 0 0 0 0 0 0 0 0 0 0 0 0 0 0 0 0 0
 0 0 0 0 0 0 2 2 0 0 0 3 17 9 8 0 0 4 1 1 1071 16 20 0 0 0 0 0 0 0 0 6 5 0 0 0 0 0 0 0 20 0 0 0
 3 0 0 0 0 0 0 0 0 0 0 1 0 1 11 0 0 0 0 0 0 117 0 0 0 0 0 0 0 0 0 1 0 0 0 0 0 0 0 0 1 0 0 0
 0 2 0 0 0 0 1 4 0 0 4 3 8 2 53 2 7 22 2 20 0 1 133 0 0 0 420 0 0 0 0 42 6 0 0 0 0 0 0 0 21 0 0 0
 0 0 2 0 0 0 3 15 57 19 8 5 39 3 10 8 23 112 33 19 40 10 12 460 0 0 24 0 294 0 0 12 6 0 47 0 0 0 0 82 96 0 0 0
 0 7 0 3 0 0 2 1 0 6 11 0 21 30 17 2 2 4 1 2 9 41 0 10 7 0 4 8 54 0 20 17 1 1 0 0 0 0 0 15 8 0 0 0
 14 3 0 4 0 0 0 0 2 0 0 0 0 4 40 2 4 12 2 1 5 6 4 2 3 0 52 5 0 0 0 1 1 0 0 0 0 0 0 2 20 0 0 0
 57 5 0 0 0 0 0 0 0 0 0 0 0 0 16 2 6 19 3 1 7 1 0 0 0 0 0 0 0 0 0 6 18 0 0 0 320 0 0 0 171 0 0 0
 24 0 0 0 0 0 18 5 2 0 0 0 0 0 2 1 8 8 1 1 29 2 3 9 0 0 24 26 85 0 96 0 1 0 0 0 0 0 0 0 5 0 0 0
 120 0 3 0 0 0 112 33 0 0 12 1 17 0 23 49 21 127 5 14 18 34 15 0 0 7 141 0 0 0 0 0 0 0 0 0 0 0 0 0 21 0 0 0
 0 0 0 0 0 0 0 0 0 0 0 0 0 0 0 0 0 0 0 0 0 0 0 0 0 0 0 0 0 0 0 0 0 0 0 0 0 0 0 0 0 0 0 0
 2 5 4 0 0 0 4 6 5 2 0 0 0 0 2 3 27 9 1 2 6 3 2 0 0 1 2 0 694 0 133 21 0 0 0 0 0 0 0 0 69 0 0 0
 3 0 0 0 0 0 0 0 0 0 0 0 0 0 0 0 0 3 0 0 0 0 0 0 0 0 0 6 181 0 0 0 0 0 0 0 0 0 0 0 1 0 0 0
 2 0 0 0 0 0 0 0 0 0 0 0 0 0 0 0 0 0 0 0 0 0 0 0 0 0 0 0 146 0 0 238 0 0 0 0 0 0 0 0 0 0 0 0
 11 0 1 0 0 0 2 4 7 3 4 1 0 3 6 2 4 11 2 1 14 3 3 19 0 2 19 5 116 0 4 54 11 0 47 0 0 0 0 69 61 0 0 0
 56 4 2 3 0 0 28 7 27 22 15 0 26 4 25 4 8 20 3 2 25 5 4 0 0 1 26 2 100 0 23 142 8 0 14 0 11 0 0 0 40 0 0 0
 0 0 0 0 0 0 0 0 0 0 0 0 0 0 0 0 0 0 0 0 0 0 0 0 0 0 0 0 0 0 0 0 0 0 0 0 0 0 0 0 0 0 0 0
 0 0 0 0 0 0 0 0 0 0 0 0 0 0 0 0 0 0 0 0 0 0 0 0 0 0 0 0 0 0 0 0 0 0 0 0 0 0 0 0 0 0 0 0
 0 0 0 0 0 0 0 0 0 0 0 0 0 0 0 0 0 0 0 0 0 0 0 0 0 0 0 0 0 0 0 0 0 0 0 0 0 0 0 0 0 0 0 0
 0 0 0 0 0 0 0 0 0 0 0 0 0 0 0 0 0 0 0 0 0 0 0 0 0 0 0 0 0 0 0 0 0 0 0 0 0 0 0 0 0 0 0 0
 49 0 1 0 0 0 23 23 0 19 6 0 33 6 30 2 9 31 9 2 42 2 6 0 0 0 22 0 114 0 20 137 6 0 68 0 0 0 0 35 344 0 0 0
 0 0 0 0 0 0 0 0 0 0 0 0 0 0 0 0 0 0 0 0 0 0 0 0 0 0 0 0 0 0 0 0 0 0 0 0 4 0 0 0 0 0 0 0
 0 0 0 0 0 0 0 0 0 0 0 0 0 0 0 0 0 0 0 0 0 0 0 0 0 0 0 0 0 0 0 0 0 0 0 0 0 0 0 0 0 0 0 0
 0 0 0 0 0 0 0 0 0 0 0 0 0 0 0 0 0 0 0 0 0 0 0 0 0 0 0 0 0 0 0 0 0 0 0 0 0 0 0 0 0 0 0 0
 0 0 0 0 0 0 0 0 0 0 0 0 0 0 0 0 0 0 0 0 0 0 0 0 0 0 0 0 0 0 0 0 0 0 0 0 0 0 0 0 0 0 0 0
