44
 8501664 55968 0 0 0 0 0 0 0 0 0 0 0 0 0 8319280 5032301 4259501 469477 500908 1281523 105898 859415 158070 0 32383 0 0 0 725580 0 12508 0 0 0 0 0 0 0 0 67501 14276 37548 19931
 0 360777 1414687 0 655177 0 92920 121000 28931 0 0 415 0 6621 0 5226 7016 36298 9202 0 30693 309 0 3563 0 0 0 0 0 0 76975 0 0 0 0 203 0 2806 1346 0 41951 18086 5346 905
 276 0 28743 0 0 0 999730 49613 130005 8003 3478 820 0 2556 0 1191 974 5952 1779 0 693 268 616 0 258 0 787 0 3426 0 0 0 0 218 0 0 0 0 776 0 23572 4216 4563 703
 435148 39687 13202 4191494 221179 0 227987 415426 226112 74933 152923 23242 54208 143720 41777 24120 43293 227798 95636 7129 131778 29258 82349 121248 72158 22886 560326 89473 820226 94395 983598 367510 19610 18036 7235 34776 0 11450 174504 235204 473990 96309 59930 10000
 295832 0 205609 0 722366 0 967163 384672 884564 263321 211844 29293 0 80940 48607 48209 43240 245368 70011 6399 232961 28978 105612 166191 58417 19359 0 22286 445428 127191 49067 4039 10737 14096 6962 10718 30852 12498 82865 73642 299869 88696 61661 10918
 0 0 0 0 0 0 0 0 0 0 0 0 0 0 0 0 0 0 0 0 0 0 0 0 0 0 0 0 0 0 0 0 0 0 0 0 0 0 0 0 0 0 0 0
 88184 0 0 0 0 0 13727406 0 103822 3902344 1941493 220635 1584438 1251628 574596 2198 4394 16187 0 0 12212 390 0 0 16203 208604 2015153 0 0 0 0 0 0 0 0 0 0 0 6672 0 53858 31120 485 500
 160068 0 0 0 0 0 381464 983675 356988 133295 0 61840 214183 118542 19644 3882 11319 107040 113851 0 0 7846 52294 0 0 20501 6186813 0 0 0 0 0 0 0 0 0 0 0 35058 0 97950 16816 22680 9000
 1114088 0 0 0 0 0 0 0 5553795 0 0 41118 370140 318932 73973 0 0 0 106929 9701 1433106 119380 241211 0 1391635 79969 379881 14479 0 0 0 0 0 0 0 0 0 0 386198 0 101931 123546 123800 14810
 94348 116302 0 0 0 0 0 0 57438 906818 2311270 255990 646954 1284013 452450 52920 58963 275120 80360 24151 113608 41376 107539 0 0 38017 2915094 99267 23374 0 0 0 0 0 4970 0 0 0 15957 0 132647 24270 7610 6133
 481875 43058 0 0 0 0 0 36188 6908 0 1457295 0 0 134162 343401 8471 10516 43758 15845 1089 11335 0 0 0 0 0 580251 230637 0 0 0 33092 0 0 0 0 0 0 10469 0 1774403 7360 1668 250
 14367 0 0 0 0 0 0 0 0 0 34673 177603 0 129918 57362 552 1031 2314 208 0 0 0 0 0 0 0 99446 18228 0 0 0 2107 0 0 0 0 0 6822 25534 0 123374 45108 13160 0
 29102 31581 25913 0 32762 0 0 0 0 0 293523 58550 1987683 492203 204643 24197 13474 50649 23869 10013 0 2165 0 0 0 0 901312 224276 54407 0 0 0 0 9214 0 0 0 0 23801 0 488707 36286 8812 2750
 2568 0 0 0 0 0 0 0 0 0 0 0 0 2510662 25825 0 2762 0 0 0 0 0 0 0 0 0 0 789995 0 0 0 0 0 0 0 0 0 0 0 0 377911 5349 203 203
 22897 26201 10864 0 0 0 0 0 0 0 0 0 0 0 86315 20 0 0 0 0 0 0 0 0 0 0 0 76721 0 0 185489 219302 0 0 0 0 0 0 0 0 1146948 2127 0 250
 0 0 0 0 0 0 0 0 70621 0 0 0 0 0 0 702278 1844 74013 0 0 60082 381704 0 0 0 11951 0 0 0 585286 0 17293 0 0 0 0 0 0 126284 0 46588 25857 14458 9228
 0 0 0 0 0 0 0 0 29479 0 0 0 0 0 0 0 2269 303902 0 0 0 0 0 0 0 864 0 0 0 277085 0 9182 0 0 0 0 0 0 37755 0 11860 560 24980 12155
 0 0 0 0 0 0 0 0 146736 0 0 0 0 6343 960 0 0 4671973 164607 543 0 5389 0 0 0 0 0 0 0 1570339 0 6157 0 0 0 0 0 0 87738 0 93888 37014 47200 22870
 0 0 0 0 0 0 802 0 0 0 0 0 0 1500 1000 1350 1448 0 371894 0 0 730 0 0 0 0 0 0 0 2456331 0 9927 0 0 0 0 0 0 17511 0 2610 2560 1830 250
 0 29 250 0 0 0 1434 1035 0 0 0 474 0 1250 1000 1000 500 0 480 50405 0 570 0 0 0 0 2794 0 0 532439 0 5670 0 0 0 0 0 0 0 0 1310 0 0 250
 0 0 0 0 0 0 0 1410 0 0 0 11752 72710 260680 31347 0 2890 38972 20481 282 8573224 0 227516 0 112531 0 69635 54921 0 0 0 0 0 0 0 0 0 0 69739 0 140391 50017 24380 7073
 0 0 0 0 0 0 0 0 0 0 14415 7316 0 28808 7790 0 0 0 0 0 12454 895358 0 0 0 6887 0 21956 0 0 0 121 0 0 0 0 0 0 5080 0 46568 3954 4330 0
 0 12455 0 0 0 0 21140 0 0 0 163476 28143 94086 101714 50430 3731 7117 27363 35525 16250 0 11270 2034464 0 0 45655 2571713 17082 0 0 0 573 0 0 0 0 3240 8006 3345 0 100134 45078 4084 8383
 0 0 17428 0 0 0 151765 203473 275170 41001 120890 56148 226617 104430 24324 45584 71294 446018 133177 98372 156673 26964 62756 3577308 68230 47006 248425 0 1094873 18346 0 20011 8840 0 205320 0 0 15573 50769 531382 547698 106555 29632 75261
 66516 6202 0 0 0 0 0 7976 0 74673 480603 71122 350372 710047 100123 8228 9147 39787 14625 1623 0 169562 90867 0 99261 160270 554949 68330 145898 0 88248 2780 0 0 0 7465 0 313 45019 0 112210 17271 22884 1500
 0 1298 101 0 0 0 0 0 0 0 14128 21017 6236 3928 1761 0 0 6439 3027 559 15384 0 0 0 0 244008 8106 0 12626 0 0 9437 0 0 0 230 0 3154 3667 0 78548 18167 1822 2370
 135218 83201 0 0 29983 0 0 0 0 0 0 0 0 43827 21101 8586 7981 40371 12246 0 0 9969 0 0 0 0 84390 0 0 0 0 0 0 0 0 0 1205576 25497 82148 0 1700766 159107 33871 43067
 390621 4812 5469 0 0 0 753162 47679 0 0 0 0 0 0 0 12055 24186 74466 28990 4372 0 0 0 91371 0 5786 190831 12237 135554 4772 398288 6080 20735 0 4768 15471 18097 7477 56853 39301 45864 6950 12030 0
 795407 28543 0 0 0 0 429922 283168 509301 0 362484 13713 0 304220 84100 347582 43153 621042 142838 12263 454799 159412 173741 0 0 0 1781159 0 486028 360761 0 0 0 0 0 0 0 0 207032 0 328452 181503 101891 25605
 0 9935 7220 0 0 0 146988 43961 141101 20166 97694 24066 39642 67379 17406 0 0 0 0 0 37618 12860 6510 0 32308 1764 101735 0 0 250 1709 420 0 0 49221 0 0 0 29178 193431 129142 22773 5024 13571
 284567 0 35653 0 0 0 847065 299141 394366 243305 229652 39127 115584 56736 0 70516 52502 301705 104756 22168 156492 36357 121303 147547 0 2973 518194 0 257613 0 611004 0 0 0 0 0 0 0 28407 87172 189622 33036 15258 22757
 0 772 525 0 0 0 7801 4481 2461 1488 0 0 8620 8455 0 0 0 0 0 0 5941 0 0 0 0 0 4183 0 29539 0 7023 78182 0 0 0 1132 0 0 5240 0 54731 4760 96 1215
 43548 3479 8213 0 0 0 96085 34676 46473 21388 26445 3422 14179 24351 10306 5686 2909 33186 11164 499 36290 6409 12492 0 59 3205 43547 0 244358 918 143854 511149 3604 0 0 0 0 63 1609 0 45988 0 349 608
 51630 31383 0 0 0 0 73171 45272 119719 115937 114897 21412 0 60902 15514 23008 19624 70790 40739 5293 108753 23000 59036 70258 29657 6426 159221 6224 952308 94695 44042 23590 26569 34117 222302 15929 2179 10083 53148 225678 401770 28069 25455 15120
 157279 10243 2098 0 0 0 86630 44912 90605 0 63916 970 1533 43283 19485 22948 16133 60764 21165 8608 77754 18307 47867 0 19778 3838 236595 0 397636 0 1279 57483 5577 0 6491775 0 80515 0 24693 0 302653 40751 19926 12098
 6157 0 139 0 0 0 19865 7248 21416 31624 21052 4803 24777 4592 9 2423 13510 24051 22367 765 24807 3341 435 18346 0 0 1666 0 126368 47 141100 0 1177 0 53056 100 0 448 3848 4118 33485 8471 5539 0
 12853 2703 2316 15674 0 0 44273 34289 51700 21046 46673 10922 26152 19709 16355 8449 12086 50192 19727 2332 79952 23655 0 24822 26981 8379 0 0 601502 104053 11563 3287 36749 0 0 7653 3000 5150 59521 0 118646 19401 7485 12153
 4592 0 251 0 0 0 4648 3207 17874 9701 16841 0 3700 3714 920 1290 860 4890 2380 1410 447 80 0 0 0 0 0 0 31265 8631 11006 4605 0 0 4239 0 0 590 10016 0 62687 9945 0 0
 25016 0 0 0 0 0 0 0 0 0 0 0 0 297 0 0 0 0 0 250 0 0 0 0 0 0 0 0 0 0 0 0 0 0 0 0 0 0 12400 0 91461 19043 1203 0
 261083 41919 16290 0 0 0 240975 132277 148718 165740 412247 68845 190507 174249 86049 47151 46582 163906 115018 21144 183019 57990 85738 0 86063 34196 1969462 0 657216 0 0 39597 94702 0 1289014 0 877726 12349 103872 663020 1369998 102349 140900 54195
 0 0 0 0 0 0 0 0 0 0 0 0 0 0 0 0 0 0 0 0 0 0 0 0 0 0 0 0 0 0 0 0 0 0 0 0 0 0 0 0 83301 0 2824 0
 0 0 0 0 0 0 0 0 0 0 0 0 0 0 0 0 0 0 0 0 0 0 0 0 0 0 0 0 0 0 0 0 2892 0 0 0 0 0 0 0 11561 3815 0 0
 0 0 0 0 0 0 0 0 0 0 0 0 0 0 0 0 0 0 0 0 0 0 0 0 0 0 0 0 0 0 0 0 0 0 0 0 0 0 0 0 0 0 0 0
 0 0 0 0 0 0 0 0 0 0 0 0 0 0 0 0 0 0 0 0 0 0 0 0 0 0 0 0 0 0 0 0 0 0 0 0 0 0 0 0 0 0 0 0
