44
 811 4 0 0 0 0 0 0 0 0 0 0 0 0 0 2459 2114 918 29 214 205 0 59 30 0 10 0 0 0 34 0 5 0 0 0 0 0 0 0 0 22 0 0 0
 0 92 302 0 206 0 4 0 0 0 0 0 0 0 1 0 2 6 1 0 2 0 0 0 0 0 0 4 3 3 0 0 0 0 3 0 0 1 5 0 15 14 0 0
 1 0 0 0 0 0 106 3 0 0 1 0 0 0 0 2 0 4 0 0 0 0 0 0 0 0 7 0 0 0 0 0 0 0 0 0 0 1 1 0 0 0 0 0
 135 0 0 1993 110 0 26 165 158 0 5 0 25 5 10 17 66 132 9 4 34 5 11 45 0 0 248 0 212 20 255 393 7 0 13 0 0 4 36 10 154 25 0 0
 18 0 38 0 38 0 47 41 129 25 8 5 21 5 17 13 15 49 8 2 39 5 12 21 5 1 16 6 97 47 50 2 12 7 14 0 0 18 19 0 113 31 0 0
 0 0 0 0 0 0 0 0 0 0 0 0 0 0 0 0 0 0 0 0 0 0 0 0 0 0 0 0 0 0 0 0 0 0 0 0 0 0 0 0 0 0 0 0
 10 0 0 0 0 0 2129 26 13 751 244 40 341 54 191 0 0 1 0 0 0 0 0 5 0 0 414 0 0 0 0 0 0 0 0 0 0 2 2 0 24 0 0 0
 19 2 0 0 0 0 0 79 24 2 0 0 33 7 0 1 8 18 45 0 0 0 0 0 0 0 1421 0 0 2 0 0 0 0 0 0 0 0 6 0 5 3 0 0
 389 15 15 0 0 0 0 0 1598 5 22 0 89 24 41 0 14 0 7 9 438 31 35 0 91 5 298 0 2 0 0 38 0 0 0 0 0 0 76 64 39 6 0 0
 35 19 0 18 0 0 0 0 0 181 114 113 30 42 97 50 93 74 19 5 0 10 34 0 0 2 702 53 26 0 0 1 0 0 0 0 0 0 4 0 17 5 0 0
 25 25 0 0 0 0 0 6 0 0 443 0 0 30 218 2 2 16 2 1 3 2 8 0 0 0 101 52 0 1 15 156 2 0 0 0 0 0 3 0 377 0 0 0
 48 2 0 7 0 0 0 2 4 0 49 94 0 25 16 2 3 15 2 1 3 3 4 0 0 0 258 0 3 3 0 5 3 0 0 0 0 24 21 0 50 18 0 0
 18 2 0 0 0 0 0 0 0 0 148 1 1100 49 98 0 2 6 0 1 0 0 0 0 0 0 188 71 0 0 0 10 0 0 0 0 0 0 3 0 107 14 0 0
 8 0 0 0 0 0 0 0 0 0 0 0 0 218 0 0 10 6 0 0 0 0 0 0 0 0 0 126 0 0 5 0 0 0 0 0 0 1 0 0 49 0 0 0
 10 0 0 0 0 0 0 0 0 0 0 0 0 0 21 0 0 0 0 0 0 0 0 0 0 0 0 54 0 0 41 314 7 0 0 0 0 0 0 0 37 0 0 0
 0 0 0 0 0 0 0 0 36 0 0 0 0 0 0 129 0 119 0 0 15 71 0 0 0 0 0 0 0 64 0 26 0 0 0 0 0 0 15 0 3 0 0 0
 0 0 0 0 0 0 0 0 0 0 0 0 0 0 0 0 3 191 2 0 0 0 0 0 0 0 0 0 0 54 0 18 0 0 0 0 0 0 13 0 1 0 0 0
 0 0 0 0 0 0 0 0 15 0 0 0 0 0 0 0 0 1976 96 0 0 3 0 0 0 0 0 0 0 121 0 24 0 0 0 0 0 0 30 0 7 0 0 0
 0 0 0 0 0 0 0 0 0 0 0 0 0 0 0 0 0 0 14 0 0 0 0 0 0 0 0 0 0 212 0 15 0 0 0 0 0 0 0 0 1 0 0 0
 0 0 0 0 0 0 0 0 0 0 0 0 0 0 0 0 0 0 0 62 0 0 0 0 0 0 0 0 0 0 0 22 0 0 0 0 0 0 0 0 0 0 0 0
 0 0 0 0 0 0 0 3 0 1 0 0 13 21 4 0 3 5 1 1 2184 9 83 0 21 1 0 0 0 0 0 5 0 0 0 0 0 2 12 0 16 7 0 0
 3 1 0 0 0 0 0 0 0 0 0 0 4 1 0 0 0 0 0 0 0 126 0 0 0 0 0 9 0 0 0 2 0 0 0 0 0 0 0 0 2 0 0 0
 0 9 0 0 0 0 1 8 0 0 0 0 5 12 59 3 8 31 11 18 0 0 369 0 0 2 898 0 0 0 0 1 0 0 0 0 0 23 1 0 15 23 0 0
 0 6 0 0 0 0 0 16 97 28 19 11 76 4 11 18 50 249 44 39 49 15 22 1059 3 2 58 0 487 16 0 12 10 0 86 0 0 0 25 3 83 66 0 0
 18 1 0 6 0 0 1 3 0 6 4 2 17 36 8 0 6 9 2 0 0 22 13 0 13 0 6 14 18 0 38 1 0 0 0 0 0 0 11 0 7 1 0 0
 0 0 0 0 0 0 0 1 0 0 0 13 14 0 7 0 0 5 0 0 0 1 0 0 0 104 7 0 0 0 0 40 0 0 0 0 0 8 2 0 1 4 0 0
 83 9 0 0 0 0 0 0 0 0 0 0 0 0 16 4 10 35 5 3 11 1 0 0 0 0 72 0 0 9 0 1 0 0 0 0 505 55 36 0 294 90 0 0
 57 0 1 6 0 0 66 10 9 0 0 5 0 0 0 2 11 23 3 2 11 0 8 46 0 0 38 9 106 0 165 1 2 1 7 0 0 1 8 5 37 1 0 0
 95 0 4 0 0 0 22 48 0 0 14 0 9 10 15 47 25 159 11 20 47 15 19 0 0 2 63 0 572 0 0 0 0 0 0 0 0 0 0 175 0 0 0 0
 0 0 0 0 0 0 2 0 1 2 0 0 9 1 3 0 0 0 0 1 0 2 2 0 1 0 0 0 14 0 0 0 2 0 6 0 0 0 1 20 38 0 0 0
 99 4 5 0 0 0 13 45 81 30 0 14 22 0 0 20 40 130 15 5 62 9 29 47 0 2 216 0 13 17 209 0 0 0 0 0 0 0 8 0 123 5 0 0
 0 0 0 0 0 0 1 1 0 0 0 0 0 0 0 0 0 0 0 0 0 0 0 0 0 0 0 0 8 0 0 0 0 0 0 0 0 2 0 0 8 0 0 0
 21 0 0 0 0 0 1 6 8 1 0 0 2 1 0 4 1 19 1 1 2 0 4 0 1 0 26 0 42 0 49 545 2 0 0 0 0 0 1 0 1 0 0 0
 22 0 0 1 0 0 9 6 19 8 4 3 6 4 8 4 8 21 5 2 17 4 8 37 1 1 34 0 174 13 14 94 36 11 96 0 0 5 20 20 87 5 0 0
 57 0 0 0 0 0 14 6 21 12 9 0 20 5 7 3 8 16 4 2 18 4 9 0 0 0 9 0 78 0 20 65 9 0 1014 0 20 0 0 0 37 0 0 0
 0 0 0 0 0 0 0 0 0 0 0 0 0 0 0 0 0 0 0 0 0 0 0 0 0 0 0 0 0 0 0 0 0 0 0 0 0 0 0 0 0 0 0 0
 0 0 0 0 0 0 0 0 0 0 0 0 0 0 0 0 0 0 0 0 0 0 0 0 0 0 0 0 0 0 0 0 0 0 0 0 0 1 0 0 0 0 0 0
 18 0 0 0 0 0 0 0 28 31 41 0 6 0 0 0 0 0 0 0 0 0 0 18 0 0 0 0 72 33 55 0 0 0 24 0 0 0 33 0 195 36 0 0
 30 0 0 0 0 0 0 0 0 0 0 0 0 0 0 0 0 0 0 0 0 0 0 0 0 0 0 0 0 0 0 0 0 0 4 0 0 0 3 0 242 61 0 0
 28 20 0 0 12 0 36 61 0 37 26 36 55 8 42 5 13 25 10 5 71 3 60 0 4 11 770 0 0 0 23 53 11 0 530 0 1 22 23 259 165 18 0 0
 0 0 0 0 0 0 0 0 0 0 0 0 0 0 0 0 0 0 0 0 0 0 0 0 0 0 0 0 0 0 0 0 0 0 0 0 0 0 0 0 0 0 0 0
 12 0 0 0 0 0 0 0 0 0 1 0 0 1 0 2 0 5 0 0 0 0 0 0 0 0 0 0 48 0 0 6 17 0 5 0 5 0 0 0 47 10 0 0
 0 0 0 0 0 0 0 0 0 0 0 0 0 0 0 0 0 0 0 0 0 0 0 0 0 0 0 0 0 0 0 0 0 0 0 0 0 0 0 0 0 0 0 0
 0 0 0 0 0 0 0 0 0 0 0 0 0 0 0 0 0 0 0 0 0 0 0 0 0 0 0 0 40 0 0 0 0 0 0 0 0 0 0 0 0 0 0 0
