44
 11831 345 0 0 0 0 0 0 0 0 0 0 0 0 0 21995 9800 6259 1526 2073 10027 326 2116 494 0 89 59 0 0 1721 0 0 0 0 0 0 0 19 0 0 45 29 85 0
 0 928 6534 0 1887 0 0 394 0 0 0 0 0 0 11 7 4 131 19 3 50 0 0 0 0 3 0 0 0 26 0 0 0 0 0 0 0 111 0 0 95 235 50 0
 0 0 25 0 0 0 6470 260 202 94 0 0 0 0 5 1 0 13 14 0 1 0 3 0 0 0 72 0 0 0 0 0 0 0 0 0 0 0 0 0 29 34 0 0
 550 233 32 13766 955 0 714 1036 602 201 49 4 90 120 99 122 138 465 226 20 450 36 132 298 56 7 1320 106 5204 117 2136 1675 8 43 74 0 0 316 498 987 721 326 350 0
 334 0 1496 0 2523 0 3858 1033 1815 276 228 0 0 153 98 120 94 577 165 24 988 46 273 414 67 26 103 91 603 339 84 8 183 0 0 202 0 229 395 245 885 285 219 0
 0 0 0 0 0 0 0 0 0 0 0 0 0 0 0 0 0 0 0 0 0 0 0 0 0 0 0 0 0 0 0 0 0 0 0 0 0 0 0 0 0 0 0 0
 24 287 0 0 0 0 93959 0 0 5832 1252 87 3002 482 1153 11 10 220 9 29 0 1 56 0 0 165 9149 0 0 0 0 0 0 0 0 0 0 0 331 0 12 17 4 0
 113 0 0 0 0 0 502 6175 1463 0 0 23 116 9 19 26 46 238 297 3 0 23 0 0 0 8 17512 0 0 247 0 0 0 0 0 5 0 0 116 0 102 42 60 0
 3713 73 0 0 0 0 487 0 10908 0 0 0 510 389 107 0 60 111 322 25 4611 176 542 239 2526 52 123 15 0 6 0 0 0 0 103 0 0 0 1308 0 189 90 220 0
 28 928 0 0 0 0 0 169 708 3163 5363 182 683 338 937 175 353 1041 351 26 0 115 568 0 0 3 6537 0 0 27 0 54 0 0 0 0 0 0 150 0 233 124 90 0
 1006 54 26 0 0 0 0 782 151 0 2097 146 0 0 328 98 98 492 289 37 464 0 58 201 0 0 2370 122 0 0 0 0 0 0 0 0 0 0 0 0 2430 15 53 0
 0 0 1 0 47 0 0 0 3 0 0 58 36 3 2 0 0 1 0 0 2 0 0 0 0 0 0 56 0 0 0 3 0 44 0 0 0 12 230 0 44 109 80 0
 12 36 21 0 141 0 0 0 0 0 690 0 6567 44 165 2 5 31 0 3 0 8 0 0 0 0 1185 363 0 14 102 0 0 1 0 0 0 0 80 0 567 91 65 0
 0 3 1 0 0 0 0 0 0 0 3192 0 0 21904 0 0 0 0 0 0 0 0 0 0 0 0 0 2409 0 0 0 0 0 0 0 0 0 0 0 0 650 25 0 0
 8 0 0 0 0 0 0 0 0 0 0 0 0 60 776 1 0 2 0 0 0 0 0 0 0 1 0 0 0 0 247 610 0 0 0 0 0 0 0 0 2107 90 0 0
 0 0 0 0 0 0 0 0 471 0 0 0 0 0 0 870 0 399 0 0 0 612 0 0 0 48 0 0 0 1127 0 0 0 0 0 0 0 0 359 0 20 8 80 0
 0 0 0 0 0 0 0 0 0 0 0 0 0 0 0 27 72 1215 0 0 0 0 0 0 0 0 0 0 0 730 0 0 0 0 0 0 0 0 210 0 12 3 24 0
 0 0 0 0 0 0 0 0 0 0 0 0 0 0 0 0 0 14530 560 2 51 13 0 0 0 0 0 0 0 992 0 0 0 0 0 0 0 0 333 0 31 9 60 0
 0 0 0 0 0 0 0 0 0 0 0 0 0 0 0 5 0 0 429 1 0 0 0 0 0 0 0 0 0 11890 0 1 0 0 0 0 0 0 87 0 2 3 4 0
 0 0 0 0 0 0 0 0 0 0 0 0 0 0 0 0 0 0 0 43 0 0 0 0 0 0 9 0 0 35 0 0 0 0 0 0 0 0 0 0 3 0 0 0
 0 0 0 0 0 0 31 2 0 28 0 0 96 324 19 2 1 0 0 0 31426 0 1432 0 111 0 0 1222 0 8 0 0 0 0 0 0 0 0 81 0 269 126 60 0
 0 55 1 0 0 0 0 0 0 0 5 4 0 0 0 0 0 0 1 9 358 1477 2 0 0 9 0 149 0 0 0 0 0 0 0 0 0 0 4 0 43 3 4 0
 0 85 0 0 0 0 0 271 0 0 0 8 100 68 71 8 3 113 20 56 0 0 4000 0 0 35 7797 0 0 2 0 0 0 0 0 18 0 82 1 83 92 67 5 0
 0 0 0 0 0 0 211 311 0 125 0 9 127 159 40 124 113 1021 257 395 590 89 275 10760 55 44 901 0 4202 128 0 78 235 0 408 153 0 749 127 3478 1079 344 110 0
 121 230 5 0 0 0 73 97 0 91 168 33 371 428 53 60 20 112 52 4 0 113 266 0 127 71 1787 318 976 70 600 45 93 0 1 35 0 18 121 75 112 26 63 0
 0 0 0 0 0 0 0 0 0 0 205 0 20 12 0 0 0 12 10 0 175 0 0 0 0 5192 85 106 0 46 0 0 0 0 0 18 0 23 0 0 104 38 0 0
 0 151 0 0 0 0 0 0 0 0 0 5 0 35 14 26 22 113 80 0 130 43 0 0 0 0 0 42 0 382 0 238 0 0 0 89 5631 491 240 0 1714 825 190 0
 309 1 1 0 0 0 5315 79 0 458 0 0 0 0 3 34 28 68 88 7 0 0 45 195 0 0 0 9 659 29 1434 0 17 0 0 17 0 0 25 0 218 35 16 0
 1399 104 159 0 0 0 799 704 1118 1159 1000 35 276 583 249 1224 521 1705 462 38 2689 331 978 0 0 99 6336 0 0 4304 445 125 34 0 0 45 0 156 595 0 343 256 350 0
 0 0 0 0 0 0 51 0 0 0 31 2 0 0 5 0 0 0 0 0 0 6 0 0 0 0 0 0 0 0 0 162 2 0 142 0 0 0 4 0 438 69 5 0
 1029 4 766 0 0 0 1764 514 754 217 222 3 0 146 0 172 377 1024 267 23 684 54 435 416 0 26 3109 0 0 230 124 114 0 0 0 19 0 26 9 0 1318 381 15 0
 0 0 0 0 0 0 138 33 31 0 55 0 3 47 0 11 0 0 0 0 142 0 0 0 0 10 0 3 0 0 0 10 0 0 0 0 0 0 0 0 35 3 0 0
 638 8 356 0 0 0 1747 657 178 247 123 0 9 72 3 12 0 190 38 1 435 2 150 0 0 2 253 0 0 0 28 2198 0 0 0 0 0 0 0 0 18 0 0 0
 4 34 3 0 81 0 47 170 312 133 146 0 0 22 32 25 14 193 117 43 341 22 209 190 67 9 132 108 2003 30 361 187 120 91 555 225 0 164 319 136 782 78 255 0
 145 225 14 0 180 0 48 82 0 62 59 5 47 34 19 33 28 120 61 10 171 59 148 0 0 12 99 47 911 0 489 372 30 0 15896 0 500 1 2 0 463 274 25 0
 8 4 10 3 0 0 74 0 5 53 140 28 39 181 41 30 20 91 20 18 53 5 0 0 0 0 0 0 0 26 0 31 2 0 369 5 1 0 0 0 63 10 48 0
 0 0 0 0 0 0 0 0 0 0 0 0 0 0 0 0 0 0 0 0 0 0 0 0 0 0 0 0 0 0 0 0 0 0 0 0 0 0 0 0 0 0 0 0
 0 0 24 0 0 0 135 96 419 142 196 0 139 162 46 27 18 157 94 58 76 4 0 0 0 0 0 94 0 71 0 268 7 0 0 8 4 17 0 0 266 0 0 0
 306 26 0 0 0 0 0 0 0 0 0 0 0 0 0 0 0 0 0 0 0 0 0 0 0 0 0 0 0 0 0 0 0 0 0 0 0 5 0 0 157 59 0 0
 51 188 94 0 0 0 514 339 554 760 1061 121 529 279 142 192 114 881 851 280 793 29 0 0 0 61 1255 564 62 434 65 503 41 0 4255 35 20 186 665 584 1501 570 500 0
 0 0 0 0 0 0 0 0 0 0 0 0 0 0 0 0 0 0 0 0 0 0 0 0 0 0 0 0 0 0 0 0 0 0 0 0 0 0 0 0 0 0 0 0
 0 0 0 0 0 0 0 0 0 0 0 0 0 0 0 0 0 0 0 0 0 0 0 0 0 0 0 0 0 0 0 0 0 0 0 0 0 0 0 0 0 0 0 0
 0 0 0 0 0 0 0 0 0 0 0 0 0 0 0 0 0 0 0 0 0 0 0 0 0 0 0 0 0 0 0 0 0 0 0 0 0 0 0 0 0 0 0 0
 0 0 0 0 0 0 0 0 0 0 0 0 0 0 0 0 0 0 0 0 0 0 0 0 0 0 0 0 0 0 0 0 0 0 0 0 0 0 0 0 0 0 0 0
