44
 18093 37 0 0 0 0 0 0 0 0 0 0 0 0 0 15026 8571 4702 713 428 1925 0 1613 187 0 22 0 0 0 2454 0 29 0 0 0 0 0 0 0 0 32 16 0 12
 0 568 1431 0 664 0 78 266 0 0 0 1 0 28 0 14 13 87 10 3 78 7 6 55 0 0 0 0 30 34 111 0 0 0 17 1 4 4 2 0 99 36 6 2
 0 0 80 0 0 0 1605 33 183 60 10 0 0 11 10 3 2 7 2 0 1 0 0 0 2 2 0 0 7 7 0 0 0 0 0 0 0 1 0 0 21 5 2 1
 807 23 0 5624 451 0 171 528 365 131 197 24 128 89 71 42 50 215 74 0 237 67 143 293 250 80 1289 332 1514 89 452 702 0 6 16 168 0 7 401 322 615 33 11 0
 477 0 162 0 755 0 1148 357 1327 337 49 15 0 150 80 56 81 377 109 5 267 22 126 275 82 28 0 0 657 208 92 12 12 0 38 40 14 13 196 151 585 147 30 7
 0 0 0 0 0 0 0 0 0 0 0 0 0 0 0 0 0 0 0 0 0 0 0 0 0 0 0 0 0 0 0 0 0 0 0 0 0 0 0 0 0 0 0 0
 408 0 0 0 0 0 15913 0 498 4722 3051 199 1724 1805 782 0 2 12 0 3 0 8 36 0 10 275 3407 0 0 0 0 0 0 0 0 0 0 0 0 0 87 17 2 0
 287 0 0 0 0 0 426 696 319 0 0 63 261 199 13 14 23 128 172 2 13 8 42 0 0 20 9243 0 0 0 0 0 0 0 0 0 0 1 29 0 9 1 0 0
 2291 19 0 0 0 0 0 0 5386 0 63 31 823 366 100 0 0 0 164 1 1884 104 114 0 2053 140 764 126 0 0 0 0 0 0 0 0 0 4 714 0 249 23 5 4
 29 22 0 0 0 0 0 218 291 1626 2619 297 1216 2050 1142 36 66 358 90 0 40 28 0 9 25 9 4355 203 0 7 0 1 0 0 0 0 0 1 40 0 303 23 4 13
 19 43 0 0 0 0 0 94 0 0 1804 22 0 675 723 7 24 88 30 2 0 0 0 0 0 0 321 446 0 0 0 0 0 0 0 0 0 2 55 0 966 14 3 0
 3 0 0 0 0 0 0 0 0 0 0 39 0 72 128 0 1 2 2 0 0 0 0 0 0 0 0 0 0 0 0 0 0 0 40 0 0 1 13 0 207 150 4 0
 23 9 12 0 26 0 0 0 0 0 490 185 2756 384 547 4 3 12 8 1 0 0 0 0 0 0 1603 527 0 0 0 0 0 4 0 0 0 2 87 0 1883 128 5 0
 3 0 0 0 0 0 0 0 0 0 0 0 0 3139 10 0 0 0 0 0 0 0 0 0 0 0 0 2611 0 0 0 0 0 0 0 11 0 0 1 0 563 27 1 1
 77 11 0 0 0 0 0 0 0 0 0 0 0 0 9 0 0 0 0 0 0 0 0 0 0 0 0 140 0 0 83 279 0 0 0 4 0 0 0 0 3504 1 0 0
 0 0 0 0 0 0 0 0 61 0 0 0 0 0 0 451 0 0 0 0 275 431 0 0 0 0 0 0 0 2213 0 25 0 0 0 0 0 0 465 0 82 0 3 11
 0 0 0 0 0 0 0 0 3 0 0 0 0 0 0 0 0 690 0 0 0 0 0 0 0 8 0 0 0 625 0 18 0 0 0 0 0 0 92 0 21 0 0 2
 0 0 0 0 0 0 0 0 353 0 0 0 0 0 0 144 0 6161 138 0 63 1 0 0 0 5 0 0 0 1225 0 1 0 0 0 0 0 0 218 0 52 6 0 8
 0 0 0 0 0 0 0 0 0 0 0 0 0 0 0 0 0 0 196 0 0 0 0 0 0 0 0 0 0 3647 0 32 0 0 0 0 0 0 49 0 3 0 0 0
 0 0 0 0 0 0 0 0 0 0 0 0 0 0 0 0 0 0 0 0 0 0 0 0 0 0 0 0 0 0 0 0 0 0 0 0 0 0 0 0 0 0 0 0
 0 0 0 0 0 0 7 0 0 0 80 8 149 480 118 0 0 0 17 1 12481 133 237 0 0 50 235 382 0 0 0 0 0 0 0 0 0 1 221 0 20 25 0 9
 79 0 0 0 0 0 0 0 0 0 17 7 13 0 4 0 0 0 0 0 0 1624 0 0 0 3 0 53 0 0 0 0 0 0 0 0 0 0 0 0 0 3 0 0
 0 0 0 0 0 0 0 0 0 103 134 35 109 28 29 2 10 2 44 0 0 11 2705 0 0 30 3371 0 0 85 0 0 0 0 0 0 0 5 8 0 155 166 5 13
 0 0 0 0 0 0 64 313 683 0 34 47 215 124 29 3 111 457 250 35 202 8 67 6229 91 116 139 0 1478 0 0 42 0 0 337 0 0 4 116 2436 683 209 19 63
 123 25 0 0 0 0 0 48 0 0 458 121 774 1020 311 10 18 6 28 2 101 258 151 0 118 696 752 57 619 0 169 9 0 0 0 33 0 1 48 0 79 4 0 0
 0 3 0 0 0 0 0 0 0 0 35 11 43 22 5 0 0 0 8 0 0 0 0 0 0 60 0 0 29 6 0 0 0 0 0 0 0 3 1 0 334 72 6 8
 532 96 6 0 375 0 0 0 0 0 0 22 0 195 101 28 19 147 63 3 0 38 0 0 0 29 0 0 0 0 799 0 0 0 0 0 0 22 280 0 3097 421 83 46
 1653 3 0 0 16 0 1112 120 0 0 0 14 0 0 0 1 67 94 54 0 0 0 90 143 0 14 518 6 0 0 502 25 14 0 0 71 0 41 146 0 0 9 3 0
 751 0 0 0 0 0 136 50 146 198 188 120 282 60 37 1038 25 661 120 0 438 221 75 0 0 0 2765 496 906 912 0 0 0 0 0 0 0 2 324 0 130 33 6 2
 0 0 0 0 0 0 71 35 21 0 56 10 57 38 23 0 0 0 0 1 2 22 0 51 68 0 7 6 0 0 10 0 8 0 0 1 0 2 146 244 313 51 8 67
 570 0 24 0 0 0 1153 512 505 238 332 22 192 34 0 67 59 315 175 10 93 38 152 226 0 11 0 0 776 0 757 0 0 30 85 0 0 4 26 115 400 33 11 42
 0 4 0 0 0 0 3 2 20 0 23 3 46 13 0 0 0 0 0 3 8 1 2 0 0 5 37 0 108 6 6 385 0 4 6 8 1 1 24 0 241 28 0 6
 126 16 5 33 0 0 278 74 171 57 113 24 76 92 58 20 13 111 50 1 126 33 50 20 15 21 198 0 947 0 22 332 4 0 0 0 0 1 5 0 193 8 0 3
 31 8 2 0 8 0 102 9 119 130 114 18 0 59 16 28 27 59 65 4 67 21 71 126 39 4 153 14 1094 96 0 0 12 7 346 64 57 13 83 586 987 45 4 8
 277 0 0 0 0 0 67 34 89 69 68 0 52 39 22 36 36 88 30 0 99 25 86 0 35 12 194 32 903 84 0 0 27 0 9917 0 236 10 61 0 230 24 3 19
 22 0 0 0 0 0 82 34 65 143 70 17 107 0 0 9 59 95 105 2 109 16 5 111 0 1 12 0 611 0 682 0 4 0 137 0 0 3 19 29 153 2 0 0
 39 0 0 31 0 0 85 69 110 140 126 14 101 51 27 15 32 92 62 1 129 27 50 121 93 11 195 38 1032 35 67 0 15 0 0 32 0 1 173 0 210 33 5 60
 0 0 0 0 0 0 0 0 0 0 0 0 0 0 0 0 0 0 0 0 0 0 0 0 0 0 0 0 0 0 0 0 0 0 0 0 0 0 0 0 0 0 0 0
 8 0 0 0 0 0 0 0 0 0 0 0 0 0 0 0 0 0 0 0 0 0 0 0 0 0 0 0 0 0 0 0 0 0 0 0 0 0 0 0 106 5 1 0
 1244 76 18 0 0 0 478 321 963 809 1490 176 876 533 281 117 121 344 319 3 576 242 227 0 456 132 4496 176 1380 0 0 67 428 0 1845 0 990 17 149 36 1119 57 8 96
 0 0 0 0 0 0 0 0 0 0 0 0 0 0 0 0 0 0 0 0 0 14 0 0 0 0 0 42 0 0 0 0 0 0 0 0 0 0 0 0 0 0 0 0
 0 0 0 0 0 0 0 0 0 0 0 0 0 0 0 0 0 0 0 0 0 0 0 0 0 0 0 0 0 0 0 0 0 0 0 0 0 0 0 0 0 0 0 0
 0 0 0 0 0 0 0 0 0 0 0 0 0 0 0 0 0 0 0 0 0 0 0 0 0 0 0 0 0 0 0 0 0 0 0 0 0 0 0 0 0 0 0 0
 0 0 0 0 0 0 0 0 0 0 0 0 0 0 0 0 0 0 0 0 0 0 0 0 0 0 0 0 0 0 0 0 0 0 0 0 0 0 0 0 0 0 0 0
