44
 7410 160 0 0 0 0 10 0 0 0 0 0 0 1 0 11674 7341 5191 874 967 1218 409 1353 309 0 32 0 0 0 410 0 0 0 0 0 0 0 0 0 0 168 48 135 70
 0 807 3187 0 1635 0 0 200 145 0 0 3 0 4 0 9 15 57 26 0 53 1 0 0 14 0 0 0 0 0 181 0 0 0 0 0 0 0 0 0 42 7 10 2
 0 0 41 0 0 0 1713 126 308 0 5 3 0 1 0 0 2 6 4 0 1 1 2 0 0 0 0 0 17 0 0 0 0 5 0 0 0 0 2 0 41 8 11 2
 720 121 45 4637 0 0 545 555 0 205 339 55 40 423 61 29 25 308 250 17 132 38 167 34 50 15 462 35 208 77 1935 0 0 72 33 0 0 0 119 207 951 293 171 40
 422 0 483 107 1792 0 1862 729 1345 610 667 82 86 114 66 105 61 322 143 13 351 44 220 220 126 32 175 70 509 6 0 0 0 57 59 0 12 0 38 103 335 148 155 38
 0 0 0 0 0 0 0 0 0 0 0 0 0 0 0 0 0 0 0 0 0 0 0 0 0 0 0 0 0 0 0 0 0 0 0 0 0 0 0 0 0 0 0 0
 0 49 0 0 0 0 24988 0 114 8472 3600 521 3203 2295 958 5 8 0 0 0 59 0 0 0 45 327 2375 0 0 0 0 0 0 0 0 0 0 0 0 0 57 109 0 2
 205 0 0 0 0 0 1073 1766 943 729 0 166 511 219 48 1 11 216 182 0 0 14 232 0 16 48 9169 14 0 0 0 0 0 0 0 0 0 0 92 0 317 56 84 36
 1010 0 0 247 0 0 0 0 9235 31 0 121 555 820 134 0 0 0 159 21 2136 225 601 0 2267 126 161 5 0 0 0 0 0 0 0 0 0 0 453 8 53 453 452 56
 265 355 39 0 0 0 0 0 0 1489 5626 513 1268 2675 491 99 51 483 173 89 430 133 349 0 0 139 6269 251 469 0 0 0 0 0 126 0 52 6 15 111 183 63 20 14
 1804 106 0 0 0 0 0 9 139 0 3028 0 0 52 316 12 5 12 10 0 43 0 0 0 0 0 1460 0 0 0 0 0 0 0 0 0 0 0 0 0 5374 18 0 1
 2 0 0 0 0 0 0 0 0 0 148 413 0 324 35 0 0 0 0 0 0 0 0 0 0 2 20 12 76 0 0 0 0 0 0 0 0 0 50 0 197 30 43 0
 70 114 93 0 0 0 0 0 0 0 710 106 3078 1214 172 91 47 168 88 37 0 21 0 0 0 27 1175 143 533 0 0 0 0 61 112 0 17 1 15 58 149 16 23 11
 0 0 0 0 0 0 0 0 0 0 0 0 0 4285 100 0 0 0 0 0 0 0 0 0 0 4 0 268 0 0 0 0 0 0 0 0 0 0 0 0 693 0 0 0
 0 98 53 0 0 0 0 0 0 0 0 0 0 0 55 0 0 0 0 0 0 0 0 0 0 6 22 110 0 0 342 0 0 0 0 0 0 0 0 0 991 0 0 1
 0 0 0 0 0 0 0 0 85 0 0 0 0 0 0 236 0 188 0 0 3 559 0 0 0 13 0 0 0 162 0 0 0 0 0 0 0 0 12 0 115 105 49 28
 0 0 0 0 0 0 0 0 112 0 0 0 0 0 0 0 0 233 0 0 0 0 0 0 0 0 0 0 0 458 0 0 0 0 0 0 0 0 34 0 29 2 98 47
 0 0 0 0 0 0 3 0 253 0 0 9 0 32 4 0 0 5213 283 2 0 16 0 0 0 0 31 0 0 3422 0 0 0 0 0 0 0 0 56 0 325 148 184 85
 0 0 0 0 0 0 8 0 0 0 0 3 0 6 4 5 8 0 1079 0 0 3 0 0 0 0 18 0 0 5034 0 0 0 0 0 0 0 0 0 0 7 10 7 1
 0 3 1 0 0 0 11 6 0 0 3 3 0 5 4 4 2 0 2 1 3 3 0 0 0 0 17 0 0 2129 0 0 0 0 0 0 0 0 0 0 5 0 0 1
 0 0 0 0 0 0 0 9 0 0 0 40 147 562 23 0 6 186 67 0 11488 0 345 0 406 0 115 32 0 0 0 0 0 0 0 0 0 0 30 0 510 162 91 21
 0 0 0 0 0 0 5 0 0 0 44 14 0 94 14 0 0 0 0 0 145 1144 0 0 0 15 0 4 0 0 0 0 0 0 0 0 0 0 20 0 186 12 17 0
 0 38 0 0 0 0 138 0 0 0 529 80 214 346 39 3 7 54 73 38 0 30 3644 0 0 125 4720 171 0 0 0 0 0 0 0 0 0 0 2 0 181 5 4 23
 0 24 68 0 0 0 537 380 554 125 370 144 496 231 36 137 80 793 190 261 237 14 149 4981 167 62 708 0 1669 82 0 0 0 0 280 0 49 7 35 0 1206 76 46 250
 107 0 0 0 0 0 0 0 0 293 1420 154 528 1443 85 18 9 78 15 1 0 281 151 0 249 39 1272 140 0 0 0 0 0 0 0 0 0 0 103 0 331 58 85 6
 0 3 2 0 0 0 0 0 0 0 7 0 0 0 0 0 3 16 4 2 148 0 0 0 0 394 26 0 41 0 14 0 0 0 0 0 0 0 0 0 26 0 0 3
 42 233 15 0 0 0 0 0 0 0 0 0 0 3 0 3 1 0 0 0 0 0 0 0 0 0 258 0 0 0 0 0 0 0 0 0 3204 0 0 0 2937 2 0 135
 20 21 18 0 0 0 530 0 0 0 12 0 0 0 0 35 18 64 34 14 0 0 0 93 0 6 143 21 389 0 606 0 0 0 65 0 11 1 43 241 46 0 25 0
 1610 141 0 0 0 0 1475 919 1776 0 1062 0 0 982 221 209 51 1307 373 21 602 295 765 0 101 0 3850 0 0 162 0 0 0 0 0 0 0 0 349 0 1036 716 358 145
 0 79 46 0 0 0 485 158 549 53 302 85 85 196 34 0 0 0 0 0 150 26 123 0 74 24 490 13 0 1 93 0 0 0 232 0 42 6 0 607 116 1 4 0
 309 0 35 0 45 0 1884 410 765 569 507 104 203 29 0 134 34 425 191 70 255 55 235 250 101 0 1418 0 271 0 1472 0 0 0 127 0 62 4 50 226 44 45 38 57
 0 0 0 0 0 0 0 0 0 0 0 0 0 0 0 0 0 0 0 0 0 0 0 0 0 0 0 0 0 0 0 0 0 0 0 0 0 0 0 0 0 0 0 0
 0 0 0 0 0 0 0 0 0 0 0 0 0 0 0 0 0 0 0 0 0 0 0 0 0 0 0 0 0 0 0 0 0 0 0 0 0 0 0 0 0 0 0 0
 149 117 0 0 0 0 141 120 116 293 267 59 0 127 13 48 25 104 50 11 278 63 149 57 56 19 511 21 1991 214 257 0 0 64 316 0 2 8 90 279 462 28 37 54
 120 40 4 0 0 0 165 67 162 0 110 23 0 65 23 39 16 82 40 26 72 19 59 0 28 0 274 0 356 0 0 0 0 0 9259 0 43 0 14 0 76 0 13 33
 0 0 0 0 0 0 0 0 0 0 0 0 0 0 0 0 0 0 0 0 0 0 0 0 0 0 0 0 0 0 0 0 0 0 0 0 0 0 0 0 0 0 0 0
 16 14 9 16 0 0 80 27 89 0 31 12 0 24 3 20 10 42 19 7 18 6 21 0 9 2 0 0 87 0 0 0 0 0 0 0 12 0 0 0 132 0 0 0
 1 2 1 3 2 0 10 7 12 0 8 1 0 3 0 3 2 7 2 1 0 0 4 0 1 1 19 0 62 0 0 0 0 0 5 0 1 1 4 12 14 0 0 0
 128 0 0 0 0 0 2 0 0 0 6 0 0 2 0 0 0 0 2 1 0 0 0 0 0 1 8 0 0 3 0 0 0 0 0 0 4 0 0 0 0 0 4 0
 98 69 41 0 0 0 470 151 0 0 285 80 0 186 33 109 57 217 100 41 133 27 115 377 12 18 3184 0 1287 0 0 0 0 0 1787 0 2621 0 100 1717 3866 144 168 139
 0 0 0 0 0 0 0 0 0 0 0 0 0 0 0 0 0 0 0 0 0 0 0 0 0 0 0 0 0 0 0 0 0 0 0 0 0 0 0 0 0 0 0 0
 0 0 0 0 0 0 0 0 0 0 0 0 0 0 0 0 0 0 0 0 0 0 0 0 0 0 0 0 0 0 0 0 0 0 0 0 0 0 0 0 0 0 0 0
 0 0 0 0 0 0 0 0 0 0 0 0 0 0 0 0 0 0 0 0 0 0 0 0 0 0 0 0 0 0 0 0 0 0 0 0 0 0 0 0 0 0 0 0
 0 0 0 0 0 0 0 0 0 0 0 0 0 0 0 0 0 0 0 0 0 0 0 0 0 0 0 0 0 0 0 0 0 0 0 0 0 0 0 0 0 0 0 0
