44
 50381 0 0 0 0 0 0 0 0 0 0 0 0 0 0 116683 35447 7365 4864 58186 3660 0 1082 152 16 0 0 0 0 0 0 0 0 0 0 0 0 0 0 0 0 0 1773 0
 0 0 0 0 675 0 3 56 0 34 0 0 1 6 0 9 99 312 195 1 19 6 0 92 0 1 82 0 634 324 0 0 16 0 19 0 0 0 0 19 0 0 724 611
 0 0 0 0 0 0 0 2 0 0 0 0 0 0 0 0 0 0 0 0 0 0 0 0 0 0 0 0 0 0 0 0 0 0 0 0 0 0 0 0 0 0 0 0
 6329 18 0 20026 4422 0 268 2398 749 555 122 69 357 200 70 806 631 1595 543 80 1129 255 596 515 204 190 3636 186 6532 983 2723 3240 788 95 1304 0 0 0 0 1274 0 0 624 2834
 1348 0 0 0 368 0 0 0 520 372 79 48 0 213 124 602 595 1396 340 40 1070 180 324 652 279 47 943 36 1649 994 0 0 283 29 131 0 0 0 0 630 0 0 648 895
 0 0 0 0 0 0 0 0 0 0 0 0 0 0 0 0 0 0 0 0 0 0 0 0 0 0 0 0 0 0 0 0 0 0 0 0 0 0 0 0 0 0 0 0
 2285 0 0 0 181 0 6984 1330 0 11266 2014 171 4674 258 831 32 15 51 14 5 51 5 70 0 0 128 3363 0 0 0 0 0 0 0 0 0 930 0 0 0 0 0 0 70
 1605 0 0 0 4710 0 0 7329 5097 0 0 0 28 399 3 161 692 850 623 3 220 29 0 0 0 0 28845 0 486 49 0 0 86 0 0 0 1479 0 0 0 0 0 35 353
 17919 1 0 0 0 0 764 0 17558 0 0 106 405 331 74 0 9 1194 232 26 11583 676 560 0 5046 137 1595 0 0 0 0 0 0 0 0 0 1455 0 0 1940 0 0 5612 0
 195 0 0 0 0 0 0 24 89 2218 128 23 933 483 165 596 196 2432 196 178 328 621 211 0 0 616 11950 380 1904 441 303 0 130 0 0 0 3206 0 0 0 0 0 4 194
 2446 13 0 0 0 0 0 4963 478 0 2897 84 154 53 1959 962 483 1567 475 154 1186 162 106 969 225 42 1099 31 0 0 0 319 71 0 0 0 0 0 0 6 0 0 0 72
 0 0 0 0 0 0 0 33 0 0 0 2393 0 1 0 16 4 19 4 2 14 0 0 0 0 0 18 0 323 29 43 0 4 0 0 0 0 0 0 0 0 0 232 451
 23 0 0 0 1846 0 0 0 0 0 0 216 13624 272 144 34 17 45 19 5 40 6 0 0 0 12 9365 2224 218 0 0 0 0 0 0 0 0 0 0 9 0 0 4 309
 38 0 0 0 0 0 0 0 0 0 0 0 0 27533 0 0 0 0 0 0 0 0 0 0 0 0 0 6517 0 0 2706 0 0 0 0 0 0 0 0 0 0 0 0 0
 70 0 0 0 0 0 0 0 0 0 0 0 0 0 2558 0 0 0 0 0 0 0 0 0 0 0 0 0 0 0 2891 6242 26 0 0 0 0 0 0 0 0 0 0 559
 0 0 0 0 0 0 0 0 117 0 0 0 0 0 0 3212 0 1296 0 0 0 3382 89 0 0 0 0 0 0 0 0 0 0 0 0 0 0 0 0 0 0 0 1633 0
 0 0 0 0 0 0 0 0 0 0 0 0 0 0 0 0 96 6428 0 0 0 0 0 0 0 0 0 0 0 0 0 0 0 0 0 0 0 0 0 0 0 0 754 0
 0 0 0 0 0 0 0 0 0 0 0 0 0 0 0 0 0 42132 1414 0 0 66 0 0 0 0 0 0 0 0 0 463 0 0 0 0 0 0 0 0 0 0 1072 0
 0 0 0 0 0 0 0 0 0 0 0 0 0 0 0 0 0 0 4084 0 0 0 0 0 0 0 0 0 0 0 0 0 0 0 0 0 0 0 0 0 0 0 0 0
 0 0 0 0 0 0 0 0 0 0 0 0 0 0 0 0 0 0 0 0 0 0 0 0 0 0 0 0 0 0 0 0 0 0 0 0 0 0 0 0 0 0 0 0
 0 0 0 0 0 0 0 0 0 0 0 0 0 679 72 100 0 180 0 0 39613 0 812 0 509 12 1156 0 0 0 0 0 0 0 0 0 0 0 0 0 0 0 676 0
 0 0 0 0 0 0 0 0 0 0 0 4 0 0 0 0 0 0 0 0 51 4982 0 0 0 2 0 0 0 0 0 0 0 0 0 0 0 0 0 0 0 0 0 0
 0 5 0 0 0 0 0 23 0 0 0 7 276 177 177 0 17 64 22 42 0 6 7179 0 0 676 15829 0 0 0 0 0 0 0 0 0 0 0 0 0 0 0 233 78
 0 0 0 0 0 0 188 1096 261 36 0 261 476 265 60 1196 776 4730 447 2176 1460 582 240 18149 0 164 1572 0 4644 972 0 0 272 0 516 0 0 0 0 6530 0 0 312 2273
 0 0 0 0 0 0 29 716 0 87 0 176 998 1469 58 383 143 1734 64 118 0 982 402 100 2328 124 1140 6025 447 0 0 0 0 0 0 0 0 0 0 0 0 0 296 0
 0 0 0 0 0 0 0 16235 0 0 0 5 0 14 3 19 9 45 12 6 0 0 0 0 0 1386 19 0 0 0 0 0 0 0 0 0 0 0 0 0 0 0 10 0
 2 0 0 0 0 0 0 0 0 0 0 0 0 4 1 7 3 12 4 2 0 3 0 0 0 0 16701 0 0 0 0 0 356 3294 0 0 2969 0 0 0 0 0 1487 18023
 1687 2 0 0 0 0 874 75 80 0 0 15 0 0 10 125 61 174 69 32 513 45 48 522 0 6 197 4 4242 853 2365 45 405 144 85 0 0 0 0 564 0 0 396 663
 13816 0 0 0 0 0 460 0 239 0 132 0 0 436 111 703 455 5268 489 162 547 958 367 0 0 1 11389 0 3547 1163 0 0 0 0 0 0 1522 0 0 0 0 0 2646 0
 0 0 0 0 0 0 178 0 145 0 47 0 32 166 38 196 128 470 158 70 413 107 128 0 46 6 246 0 0 0 0 0 0 0 0 0 0 0 0 0 0 0 0 0
 3223 3 0 0 22 0 123 447 86 0 37 0 6 0 0 213 91 422 116 51 382 83 98 114 29 15 2453 0 4109 134 0 0 4 618 720 0 0 0 0 382 0 0 0 2883
 0 2 0 0 22 0 144 161 160 67 0 53 107 132 0 157 104 0 127 55 410 86 103 92 38 17 208 0 1582 32 15 6849 0 337 0 0 0 0 0 0 0 0 112 265
 0 0 0 0 0 0 52 0 119 0 0 0 28 117 0 243 58 288 89 49 366 75 59 0 28 13 0 0 463 220 0 4618 242 0 0 0 0 0 0 0 0 0 0 0
 87 7 0 0 0 0 467 598 510 307 79 186 423 406 89 496 317 1167 388 169 1112 260 317 114 113 59 0 0 3633 757 0 0 565 1144 1335 0 0 0 0 1408 0 0 337 4391
 58 0 0 0 0 0 247 240 562 151 82 126 267 703 157 675 607 1958 434 83 2706 591 878 0 124 86 371 0 1951 495 0 2165 226 0 37013 0 0 0 0 0 0 0 1371 573
 0 0 0 0 0 0 0 0 0 0 0 0 0 0 0 0 0 0 0 0 0 0 0 0 0 0 0 0 0 0 0 0 0 0 0 0 0 0 0 0 0 0 0 0
 0 0 0 0 0 0 0 0 0 0 0 0 0 0 0 0 0 0 0 0 0 0 0 0 0 0 0 0 0 0 0 0 0 0 0 0 0 0 0 0 0 0 0 0
 0 0 0 0 0 0 0 0 0 0 0 0 0 0 0 0 0 0 0 0 0 0 0 0 0 0 0 0 0 0 0 0 0 0 0 0 0 0 0 0 0 0 0 0
 0 0 0 0 0 0 0 0 0 0 0 0 0 0 0 0 0 0 0 0 0 0 0 0 0 0 0 0 0 0 0 0 0 0 0 0 0 0 0 0 0 0 0 0
 5521 0 0 0 0 0 658 390 0 239 0 186 0 586 129 3627 424 1586 533 238 1701 358 429 0 56 83 4874 0 9518 2430 0 1028 1132 0 3461 0 0 0 0 6577 0 0 2943 2243
 0 0 0 0 0 0 0 0 0 0 0 0 0 0 0 0 0 0 0 0 0 0 0 0 0 0 0 0 0 0 0 0 0 0 0 0 0 0 0 0 0 0 0 0
 0 0 0 0 0 0 0 0 0 0 0 0 0 0 0 0 0 0 0 0 0 0 0 0 0 0 0 0 0 0 0 0 0 0 0 0 0 0 0 0 0 0 0 0
 0 0 0 0 0 0 0 0 0 0 0 0 0 0 0 0 0 0 0 0 0 0 0 0 0 0 0 0 0 0 0 0 0 0 0 0 0 0 0 0 0 0 0 0
 330 0 0 0 0 0 0 0 81 0 0 0 0 125 0 283 134 281 122 28 359 80 0 0 31 12 0 0 462 21 0 0 580 0 0 0 0 0 0 0 0 0 562 520
