44
 862 0 0 0 0 0 0 0 0 0 0 0 0 0 0 676 726 0 101 134 0 0 50 0 0 0 9 0 0 0 0 0 0 0 0 0 0 0 0 0 0 0 0 0
 0 0 0 0 26 0 4622 16 13 25 1 0 0 0 0 0 0 0 1 1 1 0 0 0 10 0 0 0 7 8 0 0 0 8 0 0 0 0 0 0 0 0 0 0
 0 0 0 0 0 0 0 0 0 0 0 0 0 0 0 0 0 0 0 0 0 0 0 0 0 0 0 0 0 0 0 0 0 0 0 0 0 0 0 0 0 0 0 0
 31 0 0 0 15 0 416 27 4 13 3 0 1 0 0 14 6 12 7 5 0 0 5 2 31 0 86 7 230 26 89 0 0 10 3 0 0 0 0 0 0 0 0 0
 37 0 0 0 241 0 219 33 3 2 5 0 0 0 0 9 8 18 5 2 1 0 3 3 42 0 0 0 31 23 26 0 0 3 0 0 0 0 0 0 0 0 0 0
 0 0 0 0 0 0 0 0 0 0 0 0 0 0 0 0 0 0 0 0 0 0 0 0 0 0 0 0 0 0 0 0 0 0 0 0 0 0 0 0 0 0 0 0
 0 0 0 0 0 0 2646 0 0 0 0 0 29 0 0 0 0 0 0 0 0 0 0 0 0 0 130 22 0 0 0 0 0 0 0 0 0 0 0 0 0 0 0 0
 2 0 0 0 0 0 482 124 0 4 0 0 0 0 0 0 12 4 1 0 0 0 4 0 0 0 748 0 0 1 0 0 0 0 0 0 0 0 0 0 0 0 0 0
 141 0 0 0 0 0 161 1 253 0 0 0 16 0 0 0 2 0 2 0 0 0 1 1 1149 0 0 5 0 48 0 0 0 0 0 0 0 0 0 0 0 0 0 0
 3 0 0 0 0 0 40 0 3 11 0 0 0 0 0 22 0 2 11 0 0 0 19 0 5 0 417 50 0 25 0 0 0 0 0 0 0 0 0 0 0 0 0 0
 0 0 0 0 0 0 449 12 1 30 37 0 2 0 0 0 0 0 0 0 0 0 0 0 0 0 0 37 0 0 23 0 0 0 0 0 0 0 0 0 0 0 0 0
 0 0 0 0 0 0 2 0 0 0 0 0 0 0 0 0 0 0 0 0 0 0 0 0 0 0 0 14 0 0 0 0 0 2 2 0 0 0 0 0 0 0 0 0
 0 0 0 0 14 0 0 0 0 1 0 0 22 0 0 0 0 0 0 0 0 0 0 0 0 0 269 0 0 6 3 0 0 9 0 0 0 0 0 0 0 0 0 0
 0 0 0 0 0 0 0 0 0 0 17 0 0 0 0 0 0 0 0 0 0 0 0 0 0 0 0 133 0 0 11 0 0 13 0 0 0 0 0 0 0 0 0 0
 0 0 0 0 0 0 0 0 0 0 0 0 0 0 0 0 0 0 0 0 0 0 0 0 0 0 0 0 0 0 5 0 0 0 0 0 0 0 0 0 0 0 0 0
 0 0 0 0 0 0 0 0 0 0 0 0 0 0 0 28 0 3 0 0 0 0 0 0 0 0 0 0 0 0 0 0 0 0 0 0 0 0 0 0 0 0 0 0
 0 0 0 0 0 0 0 0 0 0 0 0 0 0 0 0 0 7 0 0 0 0 0 0 0 0 0 0 0 0 0 0 0 0 0 0 0 0 0 0 0 0 0 0
 180 0 0 0 0 0 0 0 0 0 0 0 0 0 0 0 0 437 65 0 0 0 0 0 0 0 0 0 0 0 0 0 0 0 0 0 0 0 0 0 0 0 0 0
 0 0 0 0 0 0 0 0 0 0 0 0 0 0 0 0 0 0 4 0 0 0 0 0 0 0 0 0 0 0 0 0 0 0 0 0 0 0 0 0 0 0 0 0
 0 0 0 0 0 0 0 0 0 0 0 0 0 0 0 0 0 0 0 0 0 0 0 0 0 0 0 0 0 0 0 0 0 0 0 0 0 0 0 0 0 0 0 0
 13 0 0 0 0 0 25 0 0 0 0 0 0 0 0 0 0 0 0 0 86 0 13 0 131 0 13 78 0 5 1 0 0 9 0 0 0 0 0 0 0 0 0 0
 0 0 0 0 0 0 0 0 0 0 0 0 0 0 0 0 0 0 0 0 29 0 0 0 0 0 0 14 0 0 0 0 0 0 0 0 0 0 0 0 0 0 0 0
 0 0 0 0 0 0 5 0 0 0 0 0 0 0 0 0 0 0 1 0 0 0 112 0 0 0 25 0 0 0 2 0 0 0 0 0 0 0 0 0 0 0 0 0
 4 0 0 0 0 0 61 23 0 2 1 0 0 0 0 0 12 4 7 9 0 0 0 73 9 0 18 0 328 0 0 0 0 90 30 0 0 0 0 0 0 0 0 0
 1 0 0 0 0 0 0 0 0 0 0 0 0 0 0 0 0 2 0 0 0 0 10 0 0 0 3 1 3 0 0 0 0 0 0 0 0 0 0 0 0 0 0 0
 1 0 0 0 0 0 80 47 10 15 51 0 0 0 0 0 0 0 0 0 0 0 0 0 50 0 66 0 68 0 16 0 0 9 1 0 0 0 0 0 0 0 0 0
 0 0 0 0 11 0 0 0 4 0 8 0 0 0 0 3 6 10 11 2 0 0 0 0 0 0 0 0 0 55 0 0 0 0 0 0 0 0 0 0 0 0 0 0
 51 0 0 0 5 0 0 14 0 0 0 0 1 0 0 3 6 11 11 1 0 0 3 1 0 0 73 4 120 0 22 0 0 26 0 0 0 0 0 0 0 0 0 0
 17 0 0 0 0 0 204 18 1 20 18 0 5 0 0 49 7 56 20 2 5 0 18 0 0 0 45 0 0 73 0 0 0 0 0 0 0 0 0 0 0 0 0 0
 10 0 0 0 0 0 0 0 0 0 4 0 0 0 0 2 1 3 9 0 0 0 2 1 21 0 0 2 0 0 0 0 0 0 0 0 0 0 0 0 0 0 0 0
 38 0 0 0 0 0 627 12 1 2 0 0 0 0 0 8 19 9 9 1 0 0 0 2 3 0 100 0 28 0 0 0 0 19 0 0 0 0 0 0 0 0 0 0
 0 0 0 0 0 0 0 0 0 0 0 0 0 0 0 0 0 0 0 0 0 0 0 0 0 0 0 0 0 0 0 0 0 0 0 0 0 0 0 0 0 0 0 0
 0 0 0 0 0 0 0 0 0 0 0 0 0 0 0 0 0 0 0 0 0 0 0 0 0 0 0 0 0 0 0 0 0 0 0 0 0 0 0 0 0 0 0 0
 14 0 0 0 0 0 4 28 13 0 17 0 0 0 0 5 3 15 26 11 0 0 3 0 85 0 27 0 123 73 0 0 0 0 0 0 0 0 0 0 0 0 0 0
 14 0 0 0 6 0 99 6 2 5 5 0 1 0 0 6 5 7 6 1 1 0 3 0 12 0 45 12 27 30 11 0 0 18 0 0 0 0 0 0 0 0 0 0
 0 0 0 0 0 0 0 0 0 0 0 0 0 0 0 0 0 0 0 0 0 0 0 0 0 0 0 0 0 0 0 0 0 0 0 0 0 0 0 0 0 0 0 0
 0 0 0 0 0 0 0 0 0 0 0 0 0 0 0 0 0 0 0 0 0 0 0 0 0 0 0 0 0 0 0 0 0 0 0 0 0 0 0 0 0 0 0 0
 0 0 0 0 0 0 0 0 0 0 0 0 0 0 0 0 0 0 0 0 0 0 0 0 0 0 0 0 0 0 0 0 0 0 0 0 0 0 0 0 0 0 0 0
 0 0 0 0 0 0 0 0 0 0 0 0 0 0 0 0 0 0 0 0 0 0 0 0 0 0 0 0 0 0 0 0 0 0 0 0 0 0 0 0 0 0 0 0
 0 0 0 0 0 0 0 0 0 0 0 0 0 0 0 0 0 0 0 0 0 0 0 0 0 0 0 0 0 0 0 0 0 0 0 0 0 0 0 0 0 0 0 0
 0 0 0 0 0 0 0 0 0 0 0 0 0 0 0 0 0 0 0 0 0 0 0 0 0 0 0 0 0 0 0 0 0 0 0 0 0 0 0 0 0 0 0 0
 0 0 0 0 0 0 0 0 0 0 0 0 0 0 0 0 0 0 0 0 0 0 0 0 0 0 0 0 0 0 0 0 0 0 0 0 0 0 0 0 0 0 0 0
 0 0 0 0 0 0 0 0 0 0 0 0 0 0 0 0 0 0 0 0 0 0 0 0 0 0 0 0 0 0 0 0 0 0 0 0 0 0 0 0 0 0 0 0
 0 0 0 0 0 0 0 0 0 0 0 0 0 0 0 0 0 0 0 0 0 0 0 0 0 0 0 0 0 0 0 0 0 0 0 0 0 0 0 0 0 0 0 0
