44
 1566587 293 0 0 0 0 0 0 0 0 0 0 0 0 0 765354 416562 1021369 41255 43257 206378 8724 84271 15535 0 9628 2879 0 0 51507 0 3283 334 0 0 0 0 157 14382 15090 7526 1106 1311 0
 0 3 71239 0 10480 0 979 5921 1171 133 74 9 9 6 19 0 0 93 0 21 45 11 10 50 24 0 0 0 1089 887 6517 24 0 5 0 50 0 0 50 6 3347 298 394 0
 0 0 1118 0 0 0 54816 3375 10026 2325 279 56 117 61 163 7 43 1043 59 0 138 24 35 0 0 0 1487 0 1277 1789 0 0 0 0 0 38 0 0 0 0 5305 327 880 0
 26736 74 820 667020 66745 0 17074 64306 98853 0 16156 4053 5972 10101 4627 592 3627 38279 6876 796 20239 2554 3660 21856 5586 1745 54444 8046 183951 30458 183346 52035 15125 0 0 505 0 2098 27267 59832 34194 1843 4970 0
 50827 0 7268 0 34790 0 109133 60916 129709 18810 17687 3321 0 11010 5779 2778 3375 39419 4108 665 37860 7013 10160 25843 4217 3057 0 2906 91017 39586 16044 560 832 683 0 0 15635 508 12823 9826 30445 4786 7784 0
 0 0 0 0 0 0 0 0 0 0 0 0 0 0 0 0 0 0 0 0 0 0 0 0 0 0 0 0 0 0 0 0 0 0 0 0 0 0 0 0 0 0 0 0
 3001 0 0 0 0 0 1085632 0 0 315379 212532 23330 174796 179824 63050 455 1118 6144 636 80 0 0 3328 0 2915 43408 269607 0 0 0 0 0 0 0 0 0 0 0 0 0 9448 54 0 0
 26961 0 0 0 0 0 9019 158373 12972 0 1649 4795 13832 13357 2894 0 338 10813 9451 0 0 1416 0 0 322 3441 790409 0 0 0 0 0 0 0 0 0 0 163 1379 0 8410 590 300 0
 133130 0 0 0 0 0 10112 0 930910 4121 7528 3596 18491 15868 4220 0 0 0 15967 789 190180 18738 29589 14792 194008 11182 62614 0 0 0 0 0 0 0 0 0 0 269 50733 23586 14808 1362 3367 0
 7460 0 0 1349 0 0 0 1282 0 57339 147588 20455 38579 113546 33033 1954 59 25347 3995 0 0 0 12512 0 0 707 82961 0 0 0 0 0 0 0 0 0 0 0 0 0 10105 0 0 0
 0 0 0 0 0 0 0 0 0 0 106150 5304 23669 25209 31985 963 1183 5421 585 261 4175 0 0 0 0 0 46933 78597 0 0 0 0 0 0 0 0 0 0 0 0 51560 0 0 0
 0 0 0 0 0 0 0 0 0 0 0 24579 3111 17105 11391 0 0 0 0 0 0 0 0 0 0 0 17332 11278 0 0 0 796 382 0 0 0 0 0 0 0 10940 46 0 0
 1082 0 0 0 32311 0 0 0 0 0 0 0 140193 60318 12798 373 290 2463 155 140 0 308 0 0 0 0 126163 34331 0 0 0 0 1217 0 0 0 0 52 0 0 18224 420 468 0
 0 0 0 0 0 0 0 0 0 0 0 0 0 190817 0 0 0 0 0 0 0 0 0 0 0 0 0 67807 0 0 0 0 0 0 0 0 0 0 0 0 40056 0 0 0
 2736 0 0 0 0 0 0 0 0 0 0 0 0 0 30888 0 0 0 0 0 0 0 0 0 0 0 0 3754 0 0 41757 39906 0 0 0 0 0 0 0 0 85689 78 0 0
 0 0 0 0 0 0 0 0 11032 0 0 0 0 0 0 311458 1490 9542 0 0 0 76751 0 0 0 4838 0 0 0 35227 0 3292 0 0 0 0 0 0 11109 5637 0 0 0 0
 0 0 0 0 0 0 0 0 3737 0 0 0 0 0 0 0 0 17931 0 0 0 0 0 0 0 0 0 0 0 4059 0 352 0 0 0 0 0 0 1768 0 0 0 0 0
 0 0 0 0 0 0 0 0 6289 0 0 3 0 0 0 0 0 797261 16804 2 0 61 0 0 0 0 0 0 0 258444 0 0 0 0 0 0 0 0 9147 0 0 0 0 0
 0 0 0 0 0 0 0 0 0 0 0 0 0 0 0 0 0 0 31198 0 0 0 0 0 0 0 0 0 0 101843 0 0 0 0 0 0 0 0 3966 0 0 0 0 0
 0 0 0 0 0 0 0 0 0 0 0 0 0 0 0 0 0 0 0 20105 0 0 0 0 0 0 0 0 0 0 0 125 0 0 0 0 0 0 0 0 0 0 0 0
 0 0 0 0 0 0 0 578 0 724 0 625 168 6672 132 296 338 3045 7 346 1212279 1319 25896 0 13030 9195 0 0 0 17 0 0 0 0 0 0 0 199 7838 1483 0 0 269 0
 0 0 0 0 0 0 0 0 0 1630 265 1967 0 3145 2175 0 0 0 0 0 0 135044 0 0 0 1641 0 2797 0 0 0 0 197 0 0 0 0 0 0 0 932 179 0 0
 0 0 0 0 0 0 0 4164 0 0 4659 1249 9454 3042 10680 992 670 1647 3065 411 0 989 244621 0 0 4422 190257 0 36168 4735 0 439 1088 0 0 136 11636 0 580 2441 10941 1569 1232 0
 0 0 268 0 0 0 308 21234 0 812 12659 4631 22209 10799 3507 2046 7812 41199 11003 4487 19482 9950 224 350734 3712 4111 5543 0 95703 760 0 4143 3393 0 21590 673 0 1878 5673 38645 39593 12569 7552 0
 4650 0 29 0 0 0 0 0 0 1943 17731 4313 30927 77620 7881 314 746 8941 2257 555 0 24198 8388 0 4362 5703 29484 7211 13261 0 35519 0 872 0 0 51 0 0 2555 5565 5803 728 234 0
 0 0 4 0 0 0 0 0 0 0 105 9811 6 145 209 0 4 1144 129 37 0 0 0 0 0 491 1579 0 0 1313 0 0 680 0 0 45 0 79 1976 812 1275 1074 379 0
 0 0 0 0 2523 0 0 0 0 0 0 0 0 1800 902 300 350 3886 490 100 835 710 0 0 0 0 0 0 0 6848 0 0 5500 7557 0 0 119969 486 7931 0 139828 19982 8287 0
 17413 24 420 0 0 0 169584 13907 6379 6926 0 0 0 0 0 1131 1498 19683 4215 100 33384 0 2668 14081 0 2231 24402 1891 58692 5436 44005 500 10629 2016 0 469 14403 329 8638 15374 17681 2594 3033 0
 116393 0 0 0 0 0 4680 9744 8688 23359 21673 5335 8511 20090 7645 29151 4921 50790 7877 430 92949 18834 0 0 0 1453 70991 0 90317 32414 0 0 0 0 0 0 0 375 26410 0 22663 2474 2610 0
 0 0 0 0 0 0 6115 1803 251 5513 6517 987 2975 6504 2074 0 0 0 0 20 0 770 0 0 461 0 0 0 0 0 0 0 0 0 2711 169 0 0 0 0 10929 6758 1440 0
 26985 0 3338 0 0 0 56946 43740 39595 25113 22387 2965 13729 25800 0 8950 8176 46925 7435 488 26949 7090 9434 11205 0 2183 126052 0 23396 8919 18412 0 0 15524 0 0 0 1161 5157 9395 23290 3813 2019 0
 0 0 328 0 0 0 2598 1962 5180 1904 2652 0 1253 3051 0 0 0 422 449 0 1789 143 0 0 137 250 1078 0 4971 1003 5055 0 0 3317 0 82 0 0 237 0 1879 429 60 0
 0 49 50 0 0 0 2850 3056 3792 2891 1031 0 0 2500 270 181 0 1034 0 0 948 0 0 0 0 0 0 0 26013 1957 78314 155869 1401 0 1861 0 0 0 200 0 3912 115 218 0
 1040 0 354 1227 0 0 8597 4895 34292 7178 12932 1942 3368 9948 3858 2270 3347 14299 6770 63 8966 907 597 11416 2776 369 0 0 88989 10062 0 0 7371 7400 22475 0 0 493 1207 18118 29175 5633 6434 0
 32654 9 511 5867 9770 0 15626 11161 17686 4937 11798 2039 7822 10670 4353 2686 1232 9675 1652 835 19556 3880 6370 0 3418 742 77146 3596 53392 0 21701 20814 0 0 981443 0 4024 997 6189 0 135991 19869 9730 0
 963 0 0 0 890 0 1110 288 5094 1000 2546 500 1453 2000 0 0 725 1868 437 0 1043 0 0 0 0 0 635 0 2194 0 2088 0 204 959 11204 0 0 0 0 0 772 4916 2862 0
 596 8 41 3372 0 0 4410 8477 4481 3556 8376 3179 6215 2112 6335 257 1940 13161 1512 237 30827 10429 0 7852 3684 3532 0 0 231700 67165 8432 2181 21069 6166 0 745 0 3126 15925 0 26944 8811 4045 0
 0 0 0 0 0 0 0 0 0 0 0 0 0 0 0 0 0 0 0 0 0 0 0 0 0 0 0 0 0 0 0 0 0 0 0 0 0 0 0 0 0 0 0 0
 0 0 0 0 0 0 0 0 0 0 0 0 0 0 0 0 0 0 0 0 0 0 0 0 0 0 0 0 0 0 0 0 0 0 0 0 0 0 7232 0 0 0 0 0
 0 0 321 0 0 0 4020 3674 0 2629 6747 520 1125 7500 4025 0 1220 9658 3514 2066 0 509 0 0 0 0 15620 0 64406 2866 0 828 2595 0 148157 660 13297 1318 18149 89532 63278 24020 54550 0
 0 0 0 0 0 0 0 0 0 0 0 0 0 0 0 0 100 280 40 0 600 0 0 0 0 0 0 0 0 0 0 0 0 0 0 0 0 0 0 0 52063 889 1765 0
 0 0 0 0 0 0 0 0 0 0 0 0 0 215 0 0 0 0 0 0 0 0 0 0 0 0 0 0 0 0 0 0 0 0 0 0 0 0 0 0 0 658 0 0
 0 0 0 0 0 0 0 0 0 0 0 0 0 0 0 0 0 0 0 0 0 0 0 0 0 0 0 0 0 0 0 0 0 0 0 0 0 0 0 0 0 0 0 0
 0 0 0 0 0 0 0 0 0 0 0 0 0 0 0 0 0 0 0 0 0 0 0 0 0 0 0 0 0 0 0 0 0 0 0 0 0 0 0 0 0 0 0 0
