44
 1423157 0 0 0 0 0 0 0 0 0 0 0 145 0 0 658048 672676 399771 158447 136466 100885 75425 33354 0 0 5457 0 0 0 125564 0 6764 0 0 0 0 0 0 0 0 36000 3300 28600 23400
 89 46854 262694 0 982128 0 12830 24473 0 0 0 0 0 9054 1236 27 267 3748 623 0 162 0 0 4015 0 165 0 0 0 0 0 0 0 0 0 0 0 0 0 0 6300 4700 8300 1500
 175 0 15977 0 0 0 248077 4321 7729 16080 1702 0 0 2983 321 0 1 1100 589 0 0 0 0 6 0 44 0 0 0 0 0 0 0 0 0 0 0 0 0 0 3100 3800 6400 1100
 71161 22440 3100 4766171 913910 0 162633 314533 440207 74543 95367 11524 64093 129289 58680 43427 38730 146315 99666 4477 101720 7416 84260 106802 43218 6513 156750 0 76316 0 654083 956075 0 12365 9905 0 11014 0 0 143056 200200 52000 44500 6900
 46724 0 32027 0 126907 0 197565 140981 238600 14635 26323 8874 0 70067 51016 16909 13127 78695 36247 3714 81262 4382 21142 53016 50387 5254 0 0 295899 100666 41403 24960 0 8841 49635 0 4747 0 0 0 128200 90400 49700 15200
 0 0 0 0 0 0 0 0 0 0 0 0 0 0 0 0 0 0 0 0 0 0 0 0 0 0 0 0 0 0 0 0 0 0 0 0 0 0 0 0 0 0 0 0
 3890 0 0 0 0 0 1850756 0 50001 921143 769574 37283 600762 539142 205551 3142 9632 29868 4185 4651 5125 0 20096 5483 24344 16702 655292 0 0 0 0 0 0 6135 0 0 0 0 0 0 11700 3400 3400 0
 17453 0 0 0 0 0 242286 295486 0 14117 0 5352 76201 38458 2969 1886 8748 32903 47354 38 8552 891 13243 0 0 0 1701886 0 0 14147 0 0 0 0 0 0 0 0 0 0 98800 47500 27200 1200
 335561 2569 0 0 0 0 0 22043 2655275 0 49641 15630 174536 53241 26680 0 6758 51496 0 6193 489877 25408 29425 0 482283 13600 253411 0 0 0 0 0 0 0 0 0 0 0 0 0 64800 52600 380700 14500
 14208 2131 0 0 0 0 0 0 114882 568049 555184 55202 281036 558958 167957 13847 11869 185440 97804 9483 51972 9099 35349 0 5447 7564 466995 0 0 0 0 0 0 0 0 0 0 0 0 0 111000 8200 9700 3300
 59034 103451 0 0 0 0 0 41223 0 0 1222814 14916 0 0 146252 5836 5458 33802 9157 1980 38729 0 0 0 0 10301 550984 0 0 0 0 0 0 0 0 0 0 0 0 0 235900 12100 1300 7400
 4 246 12 0 0 0 0 0 0 0 0 89015 0 4233 8800 26 16 131 0 20 0 0 0 0 0 0 453 0 0 0 0 0 0 0 4717 0 0 0 0 0 111100 7500 120100 4500
 0 26756 555 0 13334 0 0 0 0 0 85302 214615 793376 206707 180775 136 133 672 0 81 0 0 0 0 0 0 245508 0 0 0 3436 0 0 154997 0 0 0 0 0 0 413200 22500 14900 6400
 3707 0 0 0 0 0 0 0 0 0 38747 0 0 1021373 66560 0 0 349 0 0 0 0 0 0 0 0 36584 0 0 0 101749 2841 0 0 0 0 0 0 0 326112 71600 1300 8400 10900
 13691 0 0 0 0 0 0 0 0 0 0 0 0 0 613113 0 0 43 0 6 0 0 0 0 0 0 0 0 0 0 122782 216335 0 0 0 0 0 0 0 0 1023600 23600 8100 5600
 0 0 125 0 0 0 0 0 1708 0 0 0 0 16 6 65946 0 35339 0 0 214 0 3707 0 0 120 0 0 0 186807 0 11597 0 0 0 0 0 0 0 0 26600 1600 14800 50000
 0 0 0 0 0 0 0 0 0 0 0 0 0 0 0 18334 168279 108175 730 7 0 0 0 0 0 0 0 0 0 89804 0 9214 0 0 0 0 0 0 0 0 41100 2600 10400 26100
 0 0 0 0 0 0 0 0 0 0 0 0 0 0 0 0 0 2014697 63758 89 6101 0 0 0 0 0 0 0 0 326441 0 7594 0 0 0 0 0 0 0 0 56100 3900 34100 50200
 0 0 0 0 0 0 0 0 80018 0 0 174 3427 480 782 389 0 0 254099 90 1639 0 0 0 0 0 0 0 0 769106 0 15614 0 0 0 0 0 0 0 0 8500 600 2700 0
 0 0 0 0 0 0 0 0 0 0 0 0 0 9 0 1 0 0 0 3201 0 0 0 0 0 0 0 0 0 107029 0 0 0 0 0 0 0 0 0 0 1100 500 0 0
 0 0 610 0 0 0 0 0 0 0 0 3511 14852 36288 8011 0 662 0 0 473 1893340 21849 75726 0 37202 11530 39908 0 0 25244 0 0 0 0 0 0 0 0 0 0 85000 21900 50500 13900
 0 857 628 0 0 0 1629 0 0 0 198 5580 1764 3993 2745 372 552 703 494 117 0 172415 0 0 0 0 261 0 0 0 0 0 0 0 0 0 0 0 0 0 2900 1300 6500 700
 0 21424 55 0 0 0 0 0 0 0 8656 4636 40682 21616 16443 0 1375 13578 4636 764 0 1056 757392 0 0 4410 757349 0 7469 93917 0 9470 0 0 2377 0 2076 0 0 0 55000 28900 17300 11100
 13460 0 0 0 0 0 0 70472 25040 23132 20347 24524 111267 57629 15921 29860 27108 259040 67703 121112 58440 18789 24615 2084981 15221 22670 36414 0 506177 28910 0 12580 0 0 287890 0 59166 0 0 58789 116400 101900 26600 38200
 15941 4682 13 0 0 0 0 33914 0 0 95774 41910 121865 263834 22970 8294 20167 79587 16770 2555 0 31827 45089 0 100882 12465 276072 0 50782 16295 143430 8389 0 9484 1691 0 0 0 0 0 30200 500 6600 200
 0 0 0 0 0 0 0 3532 0 0 0 12881 48409 12117 1086 0 0 995 1113 140 0 11051 0 0 0 131993 14467 0 0 2443 15278 0 0 0 0 0 0 0 0 45181 19500 20300 5500 2800
 120707 84475 0 0 54379 0 0 0 0 0 0 0 0 0 8173 401 1003 2924 3357 562 0 0 0 0 0 0 3027041 0 0 0 0 0 0 0 0 0 183943 0 0 0 767600 180800 59500 44400
 0 0 0 0 0 0 0 0 0 0 0 0 0 0 0 0 0 0 0 0 0 0 0 0 0 0 0 0 0 0 0 0 0 0 0 0 0 0 0 0 0 0 0 0
 237703 13719 4363 0 0 0 480265 47458 206150 266737 332632 44155 129179 220102 75448 151677 137492 270757 98854 11792 7822 24776 0 0 0 16887 432848 0 78373 0 0 0 0 0 0 0 0 0 0 179094 80700 69000 143600 101300
 0 4368 3320 2423 0 0 20749 0 18966 2677 26097 5126 19029 7098 13447 0 0 0 0 0 0 2817 0 0 0 0 18894 0 10322 15492 0 37956 0 0 0 0 0 0 0 0 6800 13500 10200 2700
 69244 18888 22669 0 0 0 186988 173315 84844 116212 126481 11666 0 0 0 23657 35725 125561 22803 7363 22871 1474 23460 19372 0 0 270010 0 1309659 94307 43470 7386 0 0 0 0 0 0 0 0 81800 42500 11600 5000
 0 8192 9869 0 0 0 18853 24129 40133 8638 25004 8657 10997 0 0 0 0 0 0 2756 18893 2879 0 0 0 3110 1059 0 826927 0 0 1648102 0 0 0 0 0 0 0 0 70900 15100 4900 4900
 0 0 0 0 0 0 0 0 0 0 0 0 0 0 0 0 0 0 0 0 0 0 0 0 0 0 0 0 0 0 0 0 0 0 0 0 0 0 0 0 0 0 0 0
 17320 2746 281 0 0 0 0 6905 14652 20622 37573 10365 0 15875 11497 2192 174 8687 802 1569 9651 531 5112 20849 0 1867 46546 0 378730 73599 10386 18222 0 253163 351766 0 51462 0 0 412185 154500 32200 21400 30700
 26900 41 230 0 0 0 6004 5435 12712 10953 22785 0 14746 8877 18054 914 0 5345 410 1243 18129 1925 0 0 0 3431 27645 0 203726 50544 149727 50667 0 0 4692408 0 0 0 0 0 6200 8000 4000 1100
 0 0 0 0 0 0 0 0 0 0 0 0 0 0 0 0 0 0 0 0 0 0 0 0 0 0 0 0 0 0 0 0 0 0 0 0 0 0 0 0 0 0 0 0
 39406 3922 1833 0 0 0 17636 20064 16013 18694 28560 7656 23614 10560 16334 3760 2087 12550 2889 899 10227 4029 0 0 4536 1126 0 0 279860 69648 20988 52899 0 0 87797 0 14197 0 0 0 11400 30000 41100 2100
 0 0 0 0 0 0 0 0 0 0 0 0 0 0 0 0 0 0 0 0 0 0 0 0 0 0 0 0 0 0 0 0 0 0 0 0 0 0 0 0 0 0 0 0
 0 0 0 0 0 0 0 0 0 0 0 0 0 0 0 0 0 0 0 0 0 0 0 0 0 0 0 0 0 0 0 0 0 0 0 0 0 0 0 0 0 0 0 0
 131479 153547 37091 0 292885 0 212531 191947 312984 149459 263505 14963 183262 0 111322 57274 16222 346445 208650 61933 185176 3301 17071 0 113574 0 28329 0 0 1043872 100632 165833 0 0 252285 0 4800 0 0 1838618 836800 107200 800100 212100
 0 0 0 0 0 0 0 0 0 0 0 0 0 0 0 0 0 0 0 0 0 0 0 0 0 0 0 0 0 0 0 0 0 0 0 0 0 0 0 0 0 0 0 0
 0 0 0 0 0 0 0 0 0 0 0 0 0 0 0 0 0 0 0 0 0 0 0 0 0 0 0 0 0 0 0 0 0 0 0 0 0 0 0 0 0 0 0 0
 0 0 0 0 0 0 0 0 0 0 0 0 0 0 0 0 0 0 0 0 0 0 0 0 0 0 0 0 0 0 0 0 0 0 0 0 0 0 0 0 0 0 0 0
 0 0 0 0 0 0 0 0 0 0 0 0 0 0 0 0 0 0 0 0 0 0 0 0 0 0 0 0 0 0 0 0 0 0 0 0 0 0 0 0 0 0 0 0
