44
 9598473 29913 0 0 0 0 0 0 0 0 0 0 0 0 0 12154358 5768783 4920116 898499 792163 1223759 36112 1509062 305770 7958 13168 0 0 0 985779 0 6594 0 0 0 0 184971 0 0 5424 183223 27146 27334 48789
 0 340919 1730475 1055 1125267 0 73390 50068 80593 0 0 0 0 12778 0 5325 2813 29147 8298 0 17688 5738 0 6188 0 0 0 0 0 0 67263 0 2316 0 0 0 0 0 1249 0 50643 23348 1743 273
 9990 0 26777 0 0 0 1597100 53443 100691 0 4920 0 0 3286 1086 216 183 5763 1608 453 4334 0 2203 0 1746 0 8785 0 12729 7145 0 0 0 0 0 0 0 0 2260 0 15345 4981 4300 820
 588071 0 22996 8076176 839771 0 481906 699092 1022751 41115 143420 30447 119612 219188 37165 82120 65347 334917 117043 19166 202542 28542 109280 136205 32315 8787 785399 85690 1356379 148251 1169370 692916 0 52116 29974 135469 8978 0 279525 69770 580458 182071 62147 39791
 390862 0 223508 0 1054016 0 1439940 702453 1110452 295949 225878 40185 0 292655 64569 57512 54001 289744 76343 16386 334384 48759 169854 210264 197778 24237 0 60950 980122 256685 98815 20828 17832 8967 73780 0 101715 0 105124 55338 518399 245949 80828 37893
 0 0 0 0 51228 37089 0 0 2 2 0 0 0 0 0 0 0 0 0 0 0 0 0 0 0 0 0 0 0 0 11 0 0 0 0 0 0 0 0 0 0 34022 0 0
 204233 0 0 0 0 900 21010120 0 163596 7558036 3882325 354148 2931684 2624134 840545 2921 3613 20002 17144 0 5182 3762 82655 0 124167 580520 3410653 0 0 0 0 0 0 0 0 0 0 0 18528 0 76786 31992 0 546
 151199 0 0 0 0 0 330684 2725223 317792 34534 0 41915 267040 258073 28264 39308 18561 165120 164824 0 0 3362 0 0 0 58599 10282157 0 0 13003 0 0 0 0 0 0 0 0 46436 0 132558 40203 28840 19191
 1688822 0 0 0 0 0 0 0 8969643 0 183881 24962 632944 589474 91332 24305 0 0 0 34853 2632933 212575 441461 0 2245202 79793 677383 0 0 91433 0 0 0 0 0 0 0 0 708673 290618 211732 171430 243414 35882
 203828 90761 3418 0 0 0 0 0 102200 3142868 2975054 250598 1263377 2624524 647595 153873 77661 465659 97182 32654 189013 89711 413430 0 0 105103 4003523 0 0 84362 0 1605 0 0 0 0 96461 0 22418 0 566602 66479 12022 8146
 541213 107142 0 0 0 0 0 137970 0 0 3071342 0 0 306181 528266 21813 8662 57067 24516 248 171585 588 110 0 0 0 914372 167985 0 0 0 0 0 0 0 0 0 0 1127 0 1128581 25479 546 3825
 1099 1262 1687 0 0 0 0 0 0 0 73356 515404 0 169422 60173 2306 1326 6383 3612 626 0 0 0 0 0 0 35821 16942 0 0 0 0 0 0 0 0 0 0 82522 4243 101755 46752 25594 1093
 31339 13532 22562 0 53172 0 0 0 0 0 428448 290722 4017141 882165 342440 3973 2132 15572 0 0 0 0 0 0 0 8419 1703528 366201 0 0 0 0 0 130556 0 0 0 0 19939 0 384340 72111 12827 4098
 7134 0 0 0 0 0 0 0 0 0 0 0 0 4861062 0 1449 2031 1261 0 0 0 0 0 0 0 0 0 2453143 0 0 0 0 0 0 0 0 0 0 1912 0 891622 1800 1639 546
 38323 2623 0 0 0 0 0 0 0 0 0 0 0 28145 903919 0 276 276 0 0 0 0 0 0 0 0 0 10676 0 0 156873 488918 7513 0 0 0 0 0 0 0 1322886 5054 0 7377
 0 0 0 0 0 0 0 0 0 0 0 0 0 0 180 1390184 0 150054 0 0 14384 463958 0 0 0 1632 0 0 0 1218008 0 29734 0 0 0 0 0 0 152348 8640 148074 42766 31321 42612
 0 0 0 0 0 0 0 0 503 0 0 0 0 0 0 12062 35012 771878 1705 0 0 0 0 0 0 0 0 0 0 423051 0 20492 0 0 0 0 0 0 72994 7216 68970 8285 41617 33709
 0 0 0 0 0 0 0 0 136262 0 0 0 0 0 0 0 0 6838673 392018 1959 0 1508 0 0 0 0 0 0 0 2023335 0 25431 0 0 0 0 0 0 134139 0 169369 27775 83507 57072
 0 0 0 0 0 0 0 0 65090 0 0 0 3005 193 20 1659 0 0 602221 0 0 566 0 0 0 0 0 0 0 2923147 0 9646 0 0 0 0 0 0 13447 0 31991 8423 726 8479
 0 335 0 0 0 0 2609 1783 0 0 0 0 3375 2166 0 1913 546 0 1366 40111 0 1093 0 0 0 0 0 0 0 623387 0 6604 0 0 0 0 0 0 0 0 6681 20 0 273
 0 0 0 0 0 0 0 20030 0 0 0 8116 50127 173741 34985 0 3308 17638 9463 875 12381367 39293 542643 0 187593 9806 138682 0 0 0 0 0 0 0 0 0 0 0 98559 29393 288893 76876 34699 31496
 0 0 700 0 0 0 0 0 0 0 0 18072 3681 36537 2450 0 0 0 0 0 0 1172944 79 0 0 0 0 13037 0 0 0 0 0 0 0 0 0 0 13342 12542 161010 20968 15847 7237
 0 38492 0 0 0 0 0 46705 0 0 0 17434 126646 117032 103016 30291 14626 73969 44766 3279 0 0 3597011 37247 0 25457 4116602 0 0 0 0 0 0 0 0 0 16919 0 32331 0 208423 70546 16939 15831
 0 0 10730 0 0 0 99266 372631 320051 82125 156699 74116 368142 145454 24265 118129 143665 822194 188179 147367 304730 112043 0 6486809 36590 56712 320322 0 2178999 6549 0 28717 0 0 335418 563399 1988 153496 325823 163556 746617 292669 46804 102573
 0 846 0 0 0 0 0 45477 0 53433 333805 148538 671922 1440568 89286 66262 68478 257719 90034 11789 0 255159 360822 0 726966 89835 880406 340666 169756 0 162700 33837 0 0 0 0 0 0 95284 4803 138463 83731 45768 4070
 0 183 526 0 0 0 0 0 0 0 12431 3509 0 15816 17003 0 2649 14352 5092 1988 0 939 0 0 0 352910 49479 6995 36594 0 0 1050 0 0 8475 0 0 9029 28601 51560 85235 47364 2187 20555
 267894 60760 0 0 199409 0 0 0 0 0 0 0 0 63361 71168 29529 13446 116018 45394 24256 0 4872 0 0 0 0 220447 0 0 16870 0 0 0 0 0 0 2364072 0 112823 0 1905891 275039 50520 71440
 275969 7798 7064 0 0 0 2494465 176836 2728 30540 0 0 0 0 0 36571 26363 130186 40975 4909 261675 0 14164 264225 0 0 212267 86024 491534 0 726360 22234 49951 0 0 20599 50670 13948 193737 94033 225284 18607 23803 3583
 1350847 25877 0 0 0 0 910479 467924 557155 195725 931117 86285 846733 1026501 128595 941391 213146 1217809 273638 31947 964939 273994 340928 0 0 0 1563187 0 1759837 0 0 55684 0 0 0 0 0 12840 333654 0 636588 567577 159380 91807
 0 5463 0 0 0 0 116084 0 0 0 87640 12547 106598 114199 13899 0 0 0 0 0 15557 12222 22653 0 14361 647 0 9486 765721 98844 0 35413 41395 0 20723 0 0 4106 33812 3443 83499 16274 2554 60780
 245496 0 30685 0 0 0 822546 472526 486717 267020 153490 25786 101160 107613 0 119768 92406 359731 119318 17811 166573 35652 114234 109019 0 7950 917223 0 2737398 19966 645966 68353 0 0 0 0 0 959 58566 51652 358394 85075 24924 34497
 0 902 1796 0 0 0 28972 25928 53056 0 16828 5009 33294 5729 0 0 0 0 0 0 9057 4421 11428 0 0 0 3447 0 0 0 0 613164 0 0 0 0 0 4283 29588 7775 74572 9147 793 4615
 249235 0 11976 9664 0 0 232344 241222 221955 58303 63556 14947 64778 81286 0 52907 30655 167823 78446 18449 80580 15295 50715 372152 18526 22051 132696 0 779306 0 445308 768494 379703 0 0 0 0 0 0 0 95903 5364 974 6388
 58631 23832 1300 0 0 0 80906 68487 197806 164604 167089 23215 0 110391 31624 26478 26517 106538 49597 4355 134746 29152 97740 88414 39888 4163 121923 44448 1536048 153720 4644 26265 87583 303349 443096 275017 0 7247 87371 124080 597114 117866 28589 24743
 246933 11366 1906 0 0 0 80486 93913 79340 71721 92528 7731 30608 78708 33594 26982 17338 132461 33238 7195 155708 26913 104143 0 34026 0 231626 18705 661531 0 130666 90542 49342 0 13039466 0 222630 0 50878 0 180871 56577 12841 13923
 191155 31607 21020 0 48734 0 276663 238799 741905 235515 458363 141359 425551 363177 225182 83762 97608 408274 247096 68737 381019 79072 162311 0 151327 44110 2724447 0 2587608 33566 65822 41257 85233 0 2565659 1502778 1238633 103572 154213 206724 1776321 296283 93561 77837
 0 5206 1168 0 0 0 21715 34394 288 0 48468 20346 20487 27522 15449 7464 6003 56147 7770 162 75952 26227 0 0 13734 8795 0 0 662485 129478 27986 4137 47479 19091 0 0 180 21519 104341 0 179626 70268 16483 12312
 208 794 2434 474 2972 866 19770 1330 87700 6075 5938 17484 15058 15064 87974 1372 1009 6993 550 2049 4735 2173 2947 0 24729 0 2937 0 0 0 0 0 547 0 17123 0 0 6267 3573 4245 461786 141094 1093 546
 136880 0 0 0 0 0 0 0 0 0 0 0 0 0 0 0 0 0 0 273 0 0 0 0 0 0 0 0 0 0 0 0 1575 0 0 0 0 0 0 0 168274 67848 7848 3421
 0 5760 1639 0 0 0 44133 37789 0 21674 16515 0 9699 54024 12774 0 0 5597 24508 4244 0 0 11444 0 0 0 195454 0 247914 0 0 0 4616 0 178506 0 66991 0 38224 425757 487283 78899 27170 12778
 0 0 0 0 0 0 0 0 0 0 0 0 0 0 0 0 0 0 0 0 0 0 0 0 0 0 0 0 0 0 0 0 0 0 0 0 0 0 0 0 12431 0 0 5525
 0 0 0 0 0 0 0 0 0 0 0 0 0 0 0 0 0 0 0 0 0 0 0 0 0 0 0 0 0 0 0 0 0 0 0 0 0 0 0 0 0 2762 0 0
 0 0 0 0 0 0 0 0 0 0 0 0 0 0 0 0 0 0 0 0 0 0 0 0 0 0 0 0 0 0 0 0 0 0 0 0 0 0 0 0 0 0 0 0
 0 0 0 0 0 0 0 0 0 0 0 0 0 0 0 0 0 0 0 0 0 0 0 0 0 0 0 0 0 0 0 0 0 0 0 0 0 0 0 0 0 829 0 0
