44
 1753496 47 0 0 0 0 0 0 0 0 0 0 0 0 0 1442065 488791 1175497 60678 85833 212162 13500 118711 29561 0 10204 869 0 0 105537 0 4521 0 0 0 0 0 272 17475 2270 22251 6724 1777 13326
 0 2 97244 0 20929 0 818 2133 1150 356 72 11 11 9 42 0 0 146 0 7 68 19 14 45 0 0 0 0 439 456 4377 121 0 10 0 67 0 117 77 15 883 910 748 0
 0 0 1186 0 0 0 97417 4126 3605 4831 0 0 0 33 104 10 2 973 5 0 33 16 0 0 62 0 0 0 1180 2407 0 0 0 0 0 0 0 0 0 0 1355 272 1663 0
 33653 48 2738 1270916 155365 0 28050 108321 146027 0 28792 10342 11005 16271 6543 3984 5560 57289 12270 332 32882 4958 6111 34662 8054 1913 73708 5422 221263 36022 193625 69551 19335 0 0 81469 0 2853 50452 17983 39532 6245 8446 4671
 66232 0 14822 0 100474 0 169842 100258 183283 13814 28224 5413 0 19555 7859 5153 5145 55885 5802 832 59269 13393 17388 42006 20642 4787 0 2277 138908 54089 21837 2911 3409 0 3841 4180 22092 0 25660 16242 39271 6520 9767 825
 0 0 0 0 3210 0 0 0 1 1 0 0 0 0 0 0 0 0 0 0 0 0 0 0 0 0 0 0 0 0 7 0 0 0 0 0 0 21 0 0 0 446 0 0
 7956 0 0 0 0 0 1031738 0 0 878616 465605 24813 362573 387312 96567 728 1740 8153 864 73 0 0 5480 0 5798 125510 516037 0 0 0 0 0 0 0 0 0 0 0 0 0 19064 486 0 0
 2877 0 0 0 0 0 9444 281709 41012 0 0 7680 15854 26079 3618 0 365 19292 12996 0 224 2542 0 0 0 7044 1311896 0 0 0 0 0 0 0 0 0 0 0 1552 155 6562 1422 1119 41
 238081 0 0 0 0 0 18729 0 1019250 6038 11196 2090 46919 32797 6911 0 0 7341 22957 1222 322545 36308 46793 13306 403887 11757 127687 11650 0 2737 0 0 0 0 0 0 0 0 135970 55293 24675 2349 7616 6018
 8937 0 0 158 0 0 0 8008 0 239386 453760 38523 103567 247719 70351 3592 875 39734 6462 0 5281 4421 10385 0 0 1032 250712 37695 0 0 0 0 0 0 0 0 0 0 363 808 52365 3079 0 0
 23 0 536 0 0 0 0 10223 0 0 176569 8163 7613 40592 50273 1431 1502 4912 645 218 5441 781 0 0 0 0 47253 90353 0 0 1186 0 0 0 0 0 0 0 0 0 19956 0 0 0
 0 0 188 0 0 0 0 0 0 0 0 19279 0 29438 14748 0 0 1138 0 0 0 0 0 0 0 0 22820 7210 0 0 0 1381 0 265 0 0 0 0 134 1543 4042 807 2164 0
 1305 0 1028 0 34530 0 0 0 0 0 0 17440 199396 134854 24261 1101 912 5698 448 219 3521 869 0 0 0 219 243170 90929 0 0 0 0 0 0 0 0 0 0 481 86 44430 1365 1528 0
 0 0 0 0 0 0 0 0 0 0 0 0 0 213222 0 0 0 0 0 0 0 0 0 0 0 0 0 192945 0 0 0 0 0 0 0 0 0 0 0 0 57080 0 0 0
 7235 0 0 0 0 0 0 0 0 0 0 0 0 0 43541 0 0 0 0 0 0 0 0 0 0 0 0 7002 0 0 0 70479 0 0 0 0 0 0 0 0 111712 0 0 0
 0 0 0 0 0 0 0 0 16823 0 0 0 0 0 0 154758 2315 15836 0 0 797 137501 0 0 0 5289 0 0 0 77354 0 11293 0 0 0 0 0 0 27367 0 8759 1340 0 4719
 0 0 0 0 0 0 0 0 4646 0 0 0 0 0 0 0 0 28321 0 0 0 0 0 0 0 0 0 0 0 9982 0 0 0 0 0 0 0 0 7777 0 1224 187 0 659
 0 0 0 0 0 0 0 0 0 0 0 0 0 0 0 0 0 896505 20502 4 0 73 0 0 0 0 0 0 0 395428 0 0 0 0 0 0 0 0 17321 0 6471 990 0 3483
 0 0 0 0 0 0 0 0 0 0 0 0 0 0 0 0 0 0 4834 0 0 0 0 0 0 0 0 0 0 165196 0 0 0 0 0 0 0 0 2453 0 2839 436 0 1528
 0 0 0 0 0 0 0 0 0 0 0 0 0 0 0 0 0 0 0 0 0 0 0 0 0 0 0 0 0 0 0 190 0 0 0 0 0 0 0 0 0 0 0 0
 0 0 0 0 0 0 0 0 0 0 0 458 0 8327 204 0 544 4484 10 75 1810782 12238 23212 0 11402 0 5863 0 0 0 0 0 0 0 0 0 0 238 13497 2100 1779 988 0 2516
 0 0 0 0 0 0 0 0 0 0 0 394 0 903 567 0 0 0 0 0 0 278638 0 0 0 507 0 6801 0 0 0 0 0 0 0 0 0 0 0 38 8825 895 0 425
 0 0 23 0 0 0 0 8781 0 0 9283 1009 16999 6282 18464 1837 610 2695 4965 133 0 981 400562 0 0 5992 284159 0 51705 7836 0 979 0 0 0 0 18251 254 1114 4880 8859 4311 2336 1046
 0 0 338 0 0 0 945 38149 0 1769 20597 7581 36842 19586 5425 3288 13627 72564 17867 5365 38692 20777 815 734805 5025 3118 8038 0 185227 834 0 10559 5527 0 27743 0 0 2636 8908 24709 47365 31196 11039 13839
 7371 3 0 0 0 0 0 1374 0 3745 42362 9658 89879 169156 16207 793 3016 23894 3806 424 0 19063 19154 0 23276 11471 84253 10103 23060 796 39597 0 0 0 0 3187 0 0 4755 4831 9476 489 1624 103
 0 0 0 0 0 0 0 0 0 0 221 10159 0 405 348 0 6 428 65 47 1583 0 0 0 0 8851 409 0 0 0 0 0 0 0 0 0 0 797 989 0 1526 1388 684 7
 0 0 464 0 34176 0 0 0 0 0 0 0 0 7843 2436 858 684 12624 819 160 0 2308 0 0 0 0 9827 0 0 11812 0 0 485 19987 0 0 250781 0 18068 2853 161576 30803 15356 463
 24396 8 1000 0 0 0 274974 30168 0 0 0 0 0 0 0 2065 2433 34287 7026 103 44105 0 4021 40242 0 1351 57548 1355 152419 10117 73665 3386 26804 13377 0 28229 26719 2680 19653 11958 20151 5234 3094 314
 151816 0 0 0 0 0 35646 24542 3903 34497 60210 12815 31642 44524 15083 69934 13783 105642 11900 410 170160 52596 0 0 0 6796 74190 0 439625 34649 23654 10898 0 0 0 0 0 1434 29420 4512 36432 6691 4667 4837
 0 0 0 0 0 0 9995 2790 0 7907 9484 1175 4065 11366 2730 0 0 0 0 19 3669 1566 0 0 0 794 0 0 0 0 0 2449 0 0 7703 5480 0 0 0 0 9450 6036 1596 47
 36377 0 4476 0 0 0 70597 64257 41152 28385 0 4657 16662 16149 7895 17396 10211 61662 8741 2046 41362 12039 13172 21312 0 4850 160539 0 0 15478 30840 0 0 19046 0 595 0 561 7715 4805 26173 4382 5277 1028
 0 0 610 0 0 0 6243 3618 12760 4480 5725 0 2200 6626 0 0 62 2168 1605 0 3676 537 0 0 1024 432 7294 0 0 0 7651 0 0 3247 0 0 0 29 744 0 6951 1085 325 106
 30 20 310 0 0 0 10426 3318 8738 11297 23285 2965 5319 11167 2057 629 600 9212 2000 80 10405 1243 784 0 1471 437 0 0 57303 4823 44881 252648 2100 0 0 0 0 0 380 0 3415 96 438 81
 1236 0 350 2779 887 0 15457 10625 61582 14504 30995 0 4269 21449 5291 4450 5437 25703 10483 57 13718 1821 697 28274 4536 307 0 0 164434 23032 0 0 9403 11500 47382 15637 0 1602 2271 10999 37142 8978 7622 419
 53716 78 687 2500 0 0 11989 22889 15228 23594 27811 3110 15826 8897 5672 5011 1279 46961 5776 653 59963 9528 31177 0 7687 2650 82181 12168 115776 0 7978 14502 2554 0 1659505 0 24221 2158 17724 0 31462 18315 5464 1270
 11055 0 491 0 0 0 26086 11313 60410 25872 39094 15066 41894 25023 9213 2865 4122 26661 7603 1646 35660 6348 5744 109 0 668 95543 0 168606 0 0 3481 6237 0 279565 23618 112865 21600 25100 43995 307743 24746 28250 1606
 684 9 47 2867 0 0 2500 9885 3630 4082 9616 4846 6069 2424 7273 295 2227 15109 1736 272 35389 11972 0 9034 4152 4764 0 0 286112 82117 9687 3206 24187 7376 0 0 0 4389 22359 55970 32100 24200 3700 0
 0 0 0 0 1438 0 3837 328 47498 252 2122 11273 10500 4900 1743 0 0 597 0 487 0 0 0 0 16724 0 1540 0 0 0 0 0 0 0 0 0 0 0 0 864 0 0 0 0
 0 0 0 0 0 0 0 0 0 0 0 0 0 0 0 0 0 0 0 0 0 0 0 0 0 0 0 0 0 0 0 0 0 0 0 0 0 0 0 0 0 0 0 0
 0 0 0 0 0 0 649 0 0 0 569 0 0 931 406 1314 1647 15829 8039 256 0 0 0 0 0 833 0 0 0 11530 0 24 141 0 8635 0 0 0 3059 66008 48266 6549 12200 0
 0 0 0 0 0 0 0 0 0 0 0 0 0 0 0 0 0 0 0 0 0 0 0 0 0 0 0 0 0 0 0 0 0 0 0 0 0 0 0 0 0 0 0 0
 0 0 0 0 0 0 0 0 0 0 0 0 0 0 0 0 0 0 0 0 0 0 0 0 0 0 0 0 0 0 0 0 0 0 0 0 0 0 0 0 0 0 0 0
 0 0 0 0 0 0 0 0 0 0 0 0 0 0 0 0 0 0 0 0 0 0 0 0 0 0 0 0 0 0 0 0 0 0 0 0 0 0 0 0 0 0 0 0
 0 0 0 0 0 0 0 0 0 0 0 0 0 0 0 0 0 0 0 0 0 0 0 0 0 0 0 0 0 0 0 0 0 0 0 0 0 0 0 0 0 0 0 0
