44
 588 0 0 0 0 0 0 0 0 0 0 0 0 0 0 295 1113 121 478 0 0 0 45 0 0 0 54 0 0 0 0 0 0 0 0 6 0 0 8 0 7 0 0 0
 0 0 0 0 0 0 104 5 4 9 0 0 0 0 0 0 0 0 2 0 0 0 0 0 4 0 0 0 0 0 0 0 0 0 0 0 0 0 0 0 0 0 0 0
 0 0 0 0 8 0 4534 0 0 0 0 0 0 0 0 0 0 0 0 0 0 0 0 0 0 0 0 0 0 0 0 0 0 0 0 0 0 0 0 0 0 0 0 0
 14 0 0 0 57 0 477 21 64 8 0 0 0 0 0 4 0 8 0 0 0 0 0 0 17 0 27 0 106 0 108 24 0 0 0 0 0 0 0 0 0 0 0 0
 32 0 0 0 1284 0 2422 101 40 44 33 0 0 2 0 7 21 37 41 0 6 0 7 10 170 0 0 0 19 123 28 0 15 0 0 41 0 0 55 0 69 0 0 0
 0 0 0 0 0 0 0 0 0 0 0 0 0 0 0 0 0 0 0 0 0 0 0 0 0 0 0 0 0 0 0 0 0 0 0 0 0 0 0 0 0 0 0 0
 0 0 0 0 0 0 3794 0 0 4 0 0 28 4 0 0 0 0 0 0 0 0 0 0 0 0 150 19 0 0 0 0 0 0 0 0 0 0 33 0 1 0 0 0
 1 0 0 0 0 0 682 212 0 4 0 0 0 0 0 0 17 6 2 0 0 0 4 0 0 0 866 0 0 3 0 0 0 0 0 3 0 0 7 0 5 0 0 0
 96 0 0 0 0 0 229 2 1372 0 0 0 15 2 0 0 3 0 4 0 0 0 1 0 2653 0 0 0 0 89 0 0 4 0 0 18 0 0 78 0 13 0 0 0
 2 0 0 0 0 0 0 0 24 18 0 0 0 2 0 10 0 3 22 0 0 0 15 0 12 0 482 38 0 54 0 1 0 0 7 0 0 0 9 0 17 0 0 0
 1 0 0 0 0 0 296 91 61 55 313 0 0 0 0 0 0 0 0 0 0 0 0 0 116 0 48 3 0 0 32 0 0 0 0 0 0 0 14 0 85 0 0 0
 0 0 0 0 0 0 0 0 0 0 0 0 0 0 0 0 0 0 0 0 0 0 0 0 0 0 0 0 0 0 0 0 0 0 0 0 0 0 0 0 0 0 0 0
 0 0 0 0 70 0 0 0 0 4 14 0 25 0 0 0 0 0 0 0 0 0 0 0 0 0 314 0 0 13 4 1 0 0 0 0 0 0 5 0 12 0 0 0
 0 0 0 0 0 0 0 0 0 0 58 0 0 113 0 0 0 0 0 0 0 0 0 0 0 0 0 118 0 0 17 8 0 5 0 0 0 0 0 0 71 0 0 0
 0 0 0 0 0 0 0 0 0 0 0 0 0 0 0 0 0 0 0 0 0 0 0 0 0 0 0 0 0 0 0 0 0 0 0 0 0 0 0 0 0 0 0 0
 0 0 0 0 0 0 0 0 0 0 0 0 0 0 0 12 0 5 0 0 0 0 0 0 0 0 0 0 0 0 0 0 0 0 0 0 0 0 19 0 11 0 0 0
 0 0 0 0 0 0 0 0 0 0 0 0 0 0 0 0 0 10 0 0 0 0 0 0 0 0 0 0 0 0 0 0 0 0 0 0 0 0 8 0 4 0 0 0
 0 0 0 0 0 0 0 0 0 0 0 0 0 0 0 0 0 645 136 0 0 0 0 0 0 0 0 0 0 0 0 0 0 0 0 0 0 0 18 0 11 0 0 0
 0 0 0 0 0 0 0 0 0 0 0 0 0 0 0 0 0 0 8 0 0 0 0 0 0 0 0 0 0 0 0 0 0 0 0 0 0 0 4 0 2 0 0 0
 0 0 0 0 0 0 0 0 0 0 0 0 0 0 0 0 0 0 0 0 0 0 0 0 0 0 0 0 0 0 0 0 0 0 0 0 0 0 0 0 0 0 0 0
 9 0 0 0 0 0 36 0 0 0 0 0 0 0 0 0 0 0 0 0 294 0 12 0 303 0 14 78 0 11 0 0 1 0 0 0 0 0 8 0 13 0 0 0
 0 0 0 0 0 0 0 0 0 0 0 0 0 0 0 0 0 0 0 0 0 0 0 0 0 0 0 0 0 0 0 0 0 0 0 0 0 0 0 0 0 0 0 0
 0 0 0 0 0 0 12 0 0 0 0 0 0 0 0 0 0 0 2 0 0 0 100 0 0 0 31 0 0 0 6 0 1 0 0 11 0 0 0 0 2 0 0 0
 3 0 0 0 0 0 87 39 1 3 4 0 0 1 0 0 17 6 35 0 1 0 0 146 21 0 19 0 178 0 0 1 19 27 71 54 0 0 5 0 37 0 0 0
 1 0 0 0 0 0 0 0 0 0 0 0 0 2 0 0 0 4 0 0 0 0 8 0 0 0 0 0 0 0 0 1 12 0 0 6 0 0 7 0 2 0 0 0
 0 0 0 0 0 0 0 0 0 0 0 0 0 0 0 0 0 0 0 0 0 0 0 0 0 0 0 0 0 0 0 0 0 0 0 0 0 0 0 0 0 0 0 0
 0 0 0 0 14 0 0 0 22 0 0 0 0 0 0 1 9 15 27 0 0 0 0 0 12 0 0 0 0 123 0 3 0 0 0 9 297 0 14 0 96 0 0 0
 35 0 0 0 65 0 0 25 14 0 0 0 1 0 0 1 9 16 24 0 0 0 2 4 27 0 85 4 64 0 33 0 3 7 0 4 0 0 2 0 7 0 0 0
 11 0 0 0 0 0 292 31 35 32 26 0 6 4 0 21 10 83 45 0 13 0 18 0 40 0 86 0 0 165 0 1 2 0 0 10 0 0 39 0 9 0 0 0
 7 0 0 0 0 0 0 0 0 0 14 0 0 1 0 1 1 4 18 0 0 0 2 2 49 0 0 2 0 0 0 3 0 0 0 1 0 0 0 0 13 0 0 0
 26 0 0 0 0 0 899 22 18 7 0 0 0 0 0 4 27 13 20 0 0 0 0 4 26 0 116 0 11 0 0 2 0 0 2 3 0 0 3 0 36 0 0 0
 0 0 0 0 0 0 0 0 0 0 0 0 0 0 0 0 0 0 0 0 0 0 0 0 0 0 0 0 0 0 0 0 0 0 0 0 0 0 0 0 0 0 0 0
 0 0 0 0 0 0 0 0 0 0 0 0 0 0 0 0 0 0 0 0 0 0 0 0 0 0 0 0 0 0 0 21 0 0 0 0 0 0 0 0 2 0 0 0
 10 0 0 0 31 0 8 48 86 11 65 0 3 0 0 2 4 22 75 0 5 0 5 0 223 0 63 0 68 158 3 4 17 0 97 17 0 0 24 0 30 0 0 0
 10 0 0 0 3 0 142 10 4 0 18 0 1 0 0 3 7 9 14 0 1 0 3 0 30 0 4 7 2 60 0 8 8 0 2102 0 41 0 0 0 18 0 0 0
 0 0 0 0 0 0 0 0 0 0 0 0 0 0 0 0 0 0 0 0 0 0 0 0 0 0 0 0 0 0 0 7 17 0 734 9 2 0 38 0 80 0 0 0
 0 0 0 0 0 0 0 0 0 0 0 0 0 0 0 0 0 0 0 0 0 0 0 0 0 0 0 0 0 0 0 0 0 0 0 0 0 0 0 0 28 0 0 0
 0 0 0 0 0 0 0 0 0 0 0 0 0 0 0 0 0 0 0 0 0 0 0 0 0 0 0 0 0 0 0 0 0 0 0 0 0 0 0 0 0 0 0 0
 0 0 0 0 0 0 0 0 0 0 0 0 0 0 0 0 0 0 0 0 0 0 0 0 0 0 0 0 0 0 0 0 0 0 0 0 0 0 0 0 6 0 0 0
 0 0 0 0 0 0 0 0 0 0 0 0 0 0 0 0 0 0 0 0 0 0 0 0 0 0 0 0 0 0 0 0 0 0 0 0 0 0 0 0 0 0 0 0
 0 0 0 0 0 0 0 0 0 0 0 0 0 0 0 0 0 0 0 0 0 0 0 0 0 0 0 0 0 0 0 0 0 0 0 0 0 0 0 0 0 0 0 0
 0 0 0 0 0 0 0 0 0 0 0 0 0 0 0 0 0 0 0 0 0 0 0 0 0 0 0 0 0 0 0 0 0 0 0 0 0 0 0 0 0 0 0 0
 0 0 0 0 0 0 0 0 0 0 0 0 0 0 0 0 0 0 0 0 0 0 0 0 0 0 0 0 0 0 0 0 0 0 0 0 0 0 0 0 0 0 0 0
 0 0 0 0 0 0 0 0 0 0 0 0 0 0 0 0 0 0 0 0 0 0 0 0 0 0 0 0 0 0 0 0 0 0 0 0 0 0 0 0 0 0 0 0
