44
 1570 0 0 0 0 0 0 0 0 0 0 0 0 0 0 6515 5175 910 68 275 37 0 126 0 0 0 0 0 0 42 0 0 0 0 0 0 0 0 0 24 51 2 0 0
 0 0 0 0 0 0 0 0 0 0 0 0 0 0 0 0 0 0 0 0 0 0 0 0 0 0 0 0 0 0 0 0 0 0 0 0 0 0 0 0 0 0 0 0
 0 0 0 0 0 0 0 0 0 0 0 0 0 0 0 0 0 0 0 0 0 0 0 0 0 0 0 0 0 0 0 0 0 0 0 0 0 0 0 0 0 0 0 0
 285 0 0 13088 4955 0 166 79 1399 0 0 1 63 6 9 30 86 157 19 14 25 6 46 27 0 3 639 9 439 21 822 1375 15 7 79 0 0 57 149 0 426 121 0 0
 319 0 0 0 1602 0 409 309 1095 63 33 7 0 26 49 51 100 304 41 8 116 8 53 175 35 31 143 71 407 145 177 13 70 25 143 12 0 28 269 76 359 179 0 0
 0 0 0 0 0 0 0 0 0 0 0 0 0 0 0 0 0 0 0 0 0 0 0 0 0 0 0 0 0 0 0 0 0 0 0 0 0 0 0 0 0 0 0 0
 36 0 0 0 0 0 1812 120 0 1708 868 17 615 198 679 1 7 10 0 1 0 0 8 0 0 30 780 0 0 0 0 0 0 0 0 0 0 0 2 0 48 0 0 0
 73 0 0 0 0 0 0 731 315 0 0 0 171 29 0 5 15 101 100 6 17 1 0 0 0 7 3554 0 0 0 0 2 0 0 0 0 0 29 4 0 162 24 0 0
 753 0 0 0 0 0 650 0 4965 0 22 9 338 97 73 0 56 35 64 40 643 33 66 0 678 0 659 29 0 0 0 2 9 0 0 0 0 60 321 33 107 64 0 0
 132 0 0 124 0 0 0 21 127 479 29 47 0 103 431 93 201 278 101 20 1 19 52 0 0 49 2278 131 0 4 83 0 34 3 1 0 32 3 40 0 186 91 0 0
 108 0 0 30 0 0 0 18 0 0 1353 72 0 215 1110 4 4 25 3 2 6 1 3 5 0 0 207 206 0 0 25 7 14 0 19 0 0 0 42 0 143 11 0 0
 0 0 0 0 0 0 0 0 0 0 0 263 206 7 13 0 0 0 0 0 0 0 0 0 0 74 0 0 0 0 0 0 0 0 0 0 0 0 0 0 9 0 0 0
 24 0 0 0 61 0 0 0 0 165 53 0 3861 198 193 1 1 11 0 1 0 0 0 0 0 116 665 221 0 0 79 8 7 0 0 0 0 0 47 0 443 22 0 0
 9 0 0 0 0 0 0 0 0 0 0 0 0 612 0 1 3 6 0 0 0 0 0 0 0 0 8 701 0 0 0 0 0 0 0 0 0 0 0 0 125 0 0 0
 55 0 0 0 0 0 0 8 0 0 0 0 0 2 385 1 1 6 1 0 0 0 0 0 0 0 0 4 0 0 174 185 21 0 0 0 0 0 24 0 368 4 0 0
 0 0 0 0 0 0 0 0 25 0 0 0 0 0 0 75 0 174 0 0 2 51 0 0 0 0 0 0 0 134 0 53 0 0 0 0 0 0 47 0 0 3 0 0
 0 0 0 0 0 0 0 0 0 0 0 0 0 0 0 5 120 658 3 0 0 0 0 0 0 2 0 0 0 87 0 34 0 0 0 0 0 0 34 0 4 7 0 0
 0 0 0 0 0 0 0 0 0 0 0 0 0 0 0 0 0 4944 244 0 0 1 0 0 0 0 0 0 0 223 0 59 0 0 0 0 0 0 79 0 0 8 0 0
 0 0 0 0 0 0 0 0 0 0 0 0 0 0 0 0 0 0 159 0 0 0 0 0 0 0 0 0 0 654 0 52 0 0 0 0 0 0 3 0 17 0 0 0
 0 0 0 0 0 0 0 0 0 0 0 0 0 0 0 0 0 0 0 257 0 0 0 0 0 0 0 0 0 0 0 44 0 0 0 0 0 0 0 0 14 0 0 0
 0 0 0 0 0 0 3 0 0 0 0 1 19 43 8 0 2 13 1 21 3584 0 115 0 0 0 2 0 0 8 7 3 10 0 0 0 0 0 29 0 26 19 0 0
 2 0 0 0 0 0 0 0 0 0 0 0 6 13 2 0 0 0 0 0 2 127 32 0 0 0 0 4 0 0 0 0 0 0 0 0 0 0 0 0 2 4 0 0
 0 0 0 0 0 0 0 18 0 0 0 5 8 13 246 1 3 42 14 9 0 0 931 0 0 0 1946 0 0 0 27 1 4 0 0 0 0 0 0 0 57 21 0 0
 12 0 0 0 0 0 16 17 197 53 0 13 214 23 24 84 193 655 102 125 124 14 25 4722 0 30 139 0 1055 46 0 32 83 0 258 0 0 60 98 0 339 235 0 0
 80 0 0 30 0 0 4 16 0 62 35 1 169 78 28 43 55 106 24 19 50 26 86 13 144 10 527 4 244 18 110 11 13 4 0 0 0 25 59 19 29 8 0 0
 4 0 0 0 0 0 0 0 27 0 22 0 0 16 22 1 0 2 1 0 5 0 0 0 0 271 14 14 0 0 10 4 2 2 0 0 0 0 58 8 47 13 0 0
 265 0 0 0 0 0 0 0 0 0 0 4 0 0 355 28 19 103 17 8 0 6 0 0 0 0 2350 0 0 0 5 2 61 0 0 0 1550 13 160 0 1128 260 0 0
 202 0 0 0 0 0 88 50 0 0 0 1 0 0 0 20 41 89 13 9 41 0 15 86 0 0 112 13 242 0 402 6 1 11 39 0 0 9 34 7 130 7 0 0
 642 0 0 0 0 0 89 240 218 20 141 27 108 23 84 199 99 958 78 46 177 23 164 0 0 31 1173 0 1940 59 0 0 0 0 0 0 0 19 112 0 79 29 0 0
 0 0 0 0 0 0 7 0 12 0 9 2 26 3 9 0 0 0 0 4 0 3 13 0 0 0 10 2 0 0 32 112 0 0 29 0 0 0 14 0 96 32 0 0
 34 0 0 0 0 0 6 20 12 0 0 3 0 4 0 14 65 89 8 5 0 3 0 26 0 0 0 0 3610 0 502 0 0 0 0 0 0 9 15 0 220 89 0 0
 9 0 0 0 0 0 2 0 0 0 0 2 0 2 0 0 0 0 0 0 0 1 0 0 0 0 0 0 95 0 7 653 0 0 0 0 0 6 5 0 27 14 0 0
 12 0 0 0 0 0 0 1 0 0 0 0 0 0 0 0 7 17 0 0 0 0 0 0 0 0 0 0 1264 6 2 250 24 0 0 0 0 0 1 0 0 5 0 0
 79 0 0 0 0 0 20 22 25 0 5 5 31 8 3 21 20 87 16 11 26 5 26 40 0 0 103 0 573 19 38 44 62 0 548 0 0 28 77 11 313 51 0 0
 150 0 0 0 0 0 46 21 85 0 0 4 51 14 22 13 21 75 18 9 30 4 21 0 4 5 35 0 275 0 55 24 6 0 8178 0 74 0 18 0 84 5 0 0
 151 0 0 194 0 0 23 32 199 58 91 12 104 22 87 20 29 111 20 19 52 7 49 205 14 2 440 7 717 73 118 71 129 0 695 435 55 33 121 102 424 162 0 0
 0 0 0 0 0 0 0 0 0 0 0 0 0 0 0 0 0 0 0 0 0 0 0 0 0 0 0 0 0 0 0 0 0 0 0 0 0 0 0 0 0 0 0 0
 3 0 0 0 0 0 7 0 0 0 2 0 8 1 7 2 12 23 3 2 13 3 3 0 0 1 0 0 0 3 0 0 6 0 6 0 0 12 38 0 820 51 0 0
 118 0 0 0 0 0 0 0 0 0 0 0 0 0 0 0 0 0 0 0 0 0 0 0 0 0 0 0 0 0 0 0 0 0 0 0 0 0 66 0 64 483 0 0
 0 0 0 116 0 0 0 3 0 6 56 13 79 22 62 0 10 61 24 10 3 0 6 28 0 0 161 0 139 37 37 31 39 0 393 0 0 13 244 466 389 271 0 0
 0 0 0 0 0 0 0 0 0 0 0 0 0 0 0 26 0 13 0 0 0 0 0 0 0 0 0 0 0 0 0 0 32 0 0 0 19 0 0 0 0 0 0 0
 0 0 0 0 0 0 0 0 0 0 0 0 0 0 0 0 0 0 0 0 0 0 0 0 0 0 0 0 0 0 0 0 0 0 0 0 0 0 0 0 0 0 0 0
 0 0 0 0 0 0 0 0 0 0 0 0 0 0 0 0 0 0 0 0 0 0 0 0 0 0 0 0 0 0 0 0 0 0 0 0 0 0 0 0 0 0 0 0
 0 0 0 0 0 0 0 0 0 0 0 0 0 0 0 0 0 0 0 0 0 0 0 0 0 0 0 0 30 10 0 0 0 0 0 0 0 0 0 0 0 0 0 0
