44
 125900 0 0 0 0 0 0 0 0 0 0 0 0 0 0 361500 472600 141300 58900 111400 72300 8700 0 0 26500 600 0 0 0 0 0 3100 0 0 0 0 0 0 0 0 73200 0 0 0
 500 26500 106900 0 342400 0 0 25900 16700 0 0 100 0 1500 1900 700 800 7000 3600 0 4700 800 0 12500 0 400 0 0 0 0 0 0 0 0 0 0 0 0 0 0 35400 0 0 0
 0 0 400 0 0 0 66300 3000 10700 17600 0 0 200 200 300 0 0 300 100 0 3500 100 200 300 0 0 300 0 0 0 0 0 0 0 0 0 0 0 0 0 16000 0 0 0
 71000 4100 1900 808900 127500 0 73600 99300 140000 47300 20500 3700 19300 29000 13700 9000 9700 55500 19400 1600 34200 3600 20500 33100 10300 25200 172300 0 94600 0 200400 167400 0 5700 64800 0 0 0 0 0 82000 0 0 0
 29300 0 1700 0 31600 0 131300 30900 91100 25000 19700 5800 0 26000 19100 4400 4800 28600 7700 1200 38300 3300 7700 19000 13900 0 0 0 166000 0 0 19800 0 0 0 0 0 0 0 0 132600 0 0 0
 0 0 0 0 0 0 0 0 0 0 0 0 0 0 0 0 0 0 0 0 0 0 0 0 0 0 0 0 0 0 0 0 0 0 0 0 0 0 0 0 0 0 0 0
 800 4800 0 0 0 0 1528500 0 46400 373200 449800 40000 400600 258500 104000 7200 8200 19500 2300 4800 4500 500 9900 6900 0 17300 189900 0 0 0 0 0 0 13500 0 0 0 0 0 0 7600 0 0 0
 37100 0 0 0 0 0 43900 138300 0 0 0 6800 68500 34100 5300 10200 9200 12500 29800 0 0 300 8900 0 0 11200 688700 0 0 0 0 300 0 0 0 0 0 0 0 0 35600 0 0 0
 112800 0 0 0 0 0 0 9300 726900 0 0 5900 63100 29700 9300 1600 7300 7900 10600 4200 296800 18500 27700 0 181000 19100 47600 0 0 0 0 0 0 0 0 0 0 0 0 0 245100 0 0 0
 8100 11500 0 0 0 0 0 4900 33700 121700 373700 38400 186800 285200 38700 26900 26600 50600 32000 4700 27200 15200 32900 0 2900 0 156300 0 0 0 0 0 0 0 0 0 0 0 0 0 45300 0 0 0
 29300 46100 300 0 0 0 0 16600 21200 0 345000 0 6300 0 82300 4500 4900 21500 12100 3400 26600 2000 0 0 0 0 309200 0 0 0 0 0 0 0 0 0 0 0 0 0 97500 0 0 0
 0 0 0 0 0 0 0 0 0 0 15000 36200 0 9800 19400 200 200 600 300 300 0 0 0 0 0 0 0 0 0 0 0 0 0 0 0 0 0 0 0 0 117800 0 0 0
 200 14300 0 0 46500 0 0 0 0 0 0 69900 199400 93800 93200 0 0 0 0 0 0 0 0 0 0 0 74500 0 6500 0 30600 0 0 61000 0 0 0 0 0 0 208600 0 0 0
 4200 0 0 0 0 0 0 0 0 0 0 0 0 25500 0 300 300 900 600 0 0 0 0 0 0 0 4000 0 0 0 20400 0 0 0 0 0 0 0 0 0 49800 0 0 0
 8400 0 0 0 0 0 0 0 0 0 0 0 0 2400 27300 0 0 0 0 0 0 0 0 0 0 0 0 0 0 0 85500 65600 0 0 0 0 0 0 0 0 581700 0 0 0
 0 0 0 0 0 0 0 0 0 0 0 0 400 0 0 5500 0 0 1000 0 700 38500 0 0 0 200 0 0 0 0 0 0 0 0 0 0 0 0 0 0 35900 0 0 0
 0 0 0 0 0 0 0 0 0 0 0 0 0 0 0 4400 37900 58000 1000 0 300 0 0 0 0 100 0 0 0 0 0 0 0 0 0 0 0 0 0 0 40200 0 0 0
 0 0 0 0 0 0 0 0 0 0 0 0 2900 0 100 22600 0 575300 32100 0 500 0 0 0 0 1000 0 0 0 0 0 0 0 0 0 0 0 0 0 0 62500 0 0 0
 0 0 0 0 0 0 0 0 0 0 0 0 0 0 0 0 0 0 8600 0 0 0 0 0 0 0 0 0 0 0 0 1300 0 0 0 0 0 0 0 0 3700 0 0 0
 0 0 0 0 0 0 0 0 0 0 0 0 0 0 0 0 0 0 0 0 0 0 0 0 0 0 0 0 0 0 0 0 0 0 0 0 0 0 0 0 400 0 0 0
 0 0 0 0 0 0 0 13500 0 0 0 3400 7200 27200 4500 0 0 0 500 0 836100 0 34800 0 6600 2800 0 0 2700 0 0 0 0 0 0 0 0 0 0 0 56300 0 0 0
 0 0 0 0 0 0 0 0 0 0 0 100 0 2500 100 0 0 0 0 0 7600 60500 0 0 0 0 0 0 0 0 0 0 0 0 0 0 0 0 0 0 4800 0 0 0
 11100 10000 0 0 0 0 0 0 0 0 10500 4000 22500 19800 12000 1000 1200 3300 22100 300 0 2900 280500 0 0 0 335100 0 0 0 0 0 0 0 0 0 0 0 0 0 31900 0 0 0
 1000 0 0 0 0 0 0 25000 29800 15300 10300 9600 38700 11100 6700 23700 22900 104700 25400 51200 26400 10900 12300 707400 12500 9900 27600 0 122500 0 0 0 0 0 500300 0 0 0 0 0 139900 0 0 0
 0 3400 200 0 0 0 5300 5400 0 0 25600 14700 64200 148500 12400 4900 5500 13300 13600 800 0 15600 10700 0 5500 5500 55700 0 20600 0 34800 0 0 0 19200 0 0 0 0 0 7500 0 0 0
 0 0 0 0 1300 0 0 0 0 900 1600 2100 5300 6700 600 0 0 0 300 100 0 2400 10100 0 0 25400 0 0 4200 0 0 0 0 0 213600 0 0 0 0 0 17500 0 0 0
 45300 33800 0 0 57200 0 0 0 0 0 0 600 0 0 5800 1300 1400 5100 13900 700 4700 900 0 0 0 500 0 0 0 0 0 0 0 0 0 0 0 0 0 0 250200 0 0 0
 0 0 0 0 0 0 0 0 0 0 0 0 0 0 0 0 0 0 0 0 0 0 0 0 0 0 0 0 0 0 0 0 0 0 0 0 0 0 0 0 0 0 0 0
 95300 5200 100 0 0 0 160100 15700 15200 71000 94200 10900 0 52100 17400 21800 16300 76700 16000 4200 0 17000 12900 0 0 0 40600 0 0 0 0 3500 0 0 0 0 0 0 0 0 158300 0 0 0
 0 0 0 0 0 0 0 0 0 0 0 0 0 0 0 0 0 0 0 0 0 0 0 0 0 0 0 0 0 0 0 0 0 0 0 0 0 0 0 0 0 0 0 0
 38200 27600 20300 0 19900 0 70900 156100 104900 63200 44100 2300 0 0 0 24000 22900 81800 24100 5700 32600 4600 23200 56500 0 2500 126600 0 533100 0 100 0 0 12400 0 0 0 0 0 0 40800 0 0 0
 0 0 0 0 0 0 13700 0 15600 3900 9300 2200 700 6200 0 800 400 11100 0 2200 11400 1900 7800 4200 2200 1000 1400 0 0 0 2000 0 0 33200 0 0 0 0 0 0 32900 0 0 0
 0 0 0 0 0 0 0 0 0 0 0 0 0 0 0 0 0 0 0 0 0 0 0 0 0 0 0 0 0 0 0 0 0 0 0 0 0 0 0 0 0 0 0 0
 8200 1600 0 0 2000 0 0 3700 10900 8300 17800 1100 0 3100 4000 1300 1400 5100 2600 900 9500 1500 3100 12000 4500 1000 12400 0 59500 0 0 0 0 0 338200 0 0 0 0 0 85900 0 0 0
 31700 4200 4200 0 12700 0 276300 70200 261800 95000 309900 25500 42600 14500 71000 55500 25700 172200 124200 62400 104900 17600 22000 0 0 0 141800 0 172900 0 91100 1048300 0 0 1496000 0 0 0 0 0 502500 0 0 0
 0 0 0 0 0 0 0 0 0 0 0 0 0 0 0 0 0 0 0 0 0 0 0 0 0 0 0 0 0 0 0 0 0 0 0 0 0 0 0 0 0 0 0 0
 0 0 0 0 0 0 0 0 0 0 0 0 0 0 0 0 0 0 0 0 0 0 0 0 0 0 0 0 0 0 0 0 0 0 0 0 0 0 0 0 0 0 0 0
 0 0 0 0 0 0 0 0 0 0 0 0 0 0 0 0 0 0 0 0 0 0 0 0 0 0 0 0 0 0 0 0 0 0 0 0 0 0 0 0 0 0 0 0
 0 0 0 0 0 0 0 0 0 0 0 0 0 0 0 0 0 0 0 0 0 0 0 0 0 0 0 0 0 0 0 0 0 0 0 0 0 0 0 0 0 0 0 0
 0 0 0 0 0 0 0 0 0 0 0 0 0 0 0 0 0 0 0 0 0 0 0 0 0 0 0 0 0 0 0 0 0 0 0 0 0 0 0 0 0 0 0 0
 0 0 0 0 0 0 0 0 0 0 0 0 0 0 0 0 0 0 0 0 0 0 0 0 0 0 0 0 0 0 0 0 0 0 0 0 0 0 0 0 0 0 0 0
 0 0 0 0 0 0 0 0 0 0 0 0 0 0 0 0 0 0 0 0 0 0 0 0 0 0 0 0 0 0 0 0 0 0 0 0 0 0 0 0 0 0 0 0
 0 0 0 0 0 0 0 0 0 0 0 0 0 0 0 0 0 0 0 0 0 0 0 0 0 0 0 0 0 0 0 0 0 0 0 0 0 0 0 0 0 0 0 0
 0 0 0 0 0 0 0 0 0 0 0 0 0 0 0 0 0 0 0 0 0 0 0 0 0 0 0 0 0 0 0 0 0 0 0 0 0 0 0 0 0 0 0 0
