44
 3274 0 0 0 0 0 0 0 0 0 0 0 0 0 0 10847 5313 653 167 335 102 5 361 0 0 0 0 0 0 193 0 0 0 0 0 0 0 0 0 0 203 0 0 0
 0 0 0 1 654 0 0 101 0 0 0 0 0 0 0 0 0 3 7 0 0 0 0 14 0 0 0 0 0 0 0 0 0 0 0 0 0 0 0 0 0 0 0 0
 0 0 0 0 0 0 0 0 0 0 0 0 0 0 0 0 0 0 0 0 0 0 0 0 0 0 0 0 0 0 0 0 0 0 0 0 0 0 0 0 0 0 0 0
 780 0 0 5049 1748 0 63 152 271 58 52 1 14 0 28 57 82 273 38 4 49 9 31 47 33 3 988 19 317 32 526 1951 20 35 20 10 6 15 12 90 296 0 0 1
 307 0 0 0 55 0 53 122 103 63 0 4 0 0 37 74 49 172 29 4 52 6 61 56 39 11 0 24 229 79 0 5 14 9 45 0 271 0 25 121 523 0 0 2
 0 0 0 0 0 0 0 0 0 0 0 0 0 0 0 0 0 0 0 0 0 0 0 0 0 0 0 0 0 0 0 0 0 0 0 0 0 0 0 0 0 0 0 0
 0 0 0 0 0 0 451 80 22 1304 883 24 300 0 706 0 63 17 0 0 2 0 49 31 4 78 489 1 0 0 0 0 0 0 0 0 0 0 23 0 11 0 0 0
 23 0 0 0 0 0 0 892 32 0 0 0 0 0 26 12 6 102 140 0 0 0 80 0 0 5 4377 6 0 0 0 0 0 0 0 0 0 0 0 0 47 0 0 0
 1906 0 0 0 0 0 0 0 1908 32 69 27 123 0 92 0 9 0 0 0 191 58 278 0 426 92 404 69 0 0 0 0 0 0 0 0 3 0 15 121 745 0 0 1
 18 0 0 0 0 0 0 55 0 715 1045 16 104 0 431 200 56 153 198 17 0 16 58 0 0 32 2260 57 0 0 0 0 0 0 0 0 1 0 2 0 313 0 0 0
 853 0 0 0 18 0 0 72 0 0 1537 0 0 0 296 37 7 67 14 4 8 2 0 0 0 13 778 97 0 0 0 122 0 0 0 0 0 0 5 0 342 0 0 1
 4 0 0 0 0 0 0 3 0 0 22 101 0 0 199 3 1 5 0 0 1 0 0 25 0 0 0 8 0 0 0 20 0 0 0 0 1 0 26 47 171 0 0 0
 20 0 0 0 0 0 0 13 0 0 293 114 915 0 195 17 4 31 8 2 0 1 0 0 0 13 1603 214 0 0 0 55 0 0 0 0 1 0 3 101 276 0 0 0
 0 0 0 0 0 0 0 0 0 0 0 0 0 0 0 0 0 0 0 0 0 0 0 0 0 0 0 0 0 0 0 0 0 0 0 0 0 0 0 0 0 0 0 0
 189 0 0 0 0 0 0 0 0 0 0 0 0 0 1055 6 1 9 2 0 0 0 0 0 0 3 0 688 0 0 60 581 0 0 0 0 0 0 1 22 421 0 0 0
 0 0 0 0 0 0 0 0 1 0 0 0 0 0 0 3212 0 0 0 0 9 52 0 0 0 12 0 0 0 464 0 0 0 0 0 0 0 0 0 0 244 0 0 0
 0 0 0 0 0 0 0 0 0 0 0 0 0 0 0 12 1058 247 0 0 0 0 0 0 0 0 0 0 0 169 0 0 0 0 0 0 0 0 0 0 206 0 0 0
 0 0 0 0 0 0 0 0 111 0 0 0 0 0 0 12 0 2326 120 0 4 2 2 0 0 0 0 0 0 506 0 0 0 0 0 0 0 0 0 0 292 0 0 0
 0 0 0 0 0 0 0 0 31 0 0 0 0 0 0 3 3 0 126 0 2 0 0 0 0 0 0 0 5 1348 0 0 0 0 4 0 4 0 2 0 146 0 0 0
 0 0 0 0 0 0 0 1 0 0 0 0 0 0 0 1 1 0 0 7 0 0 0 0 0 0 4 0 0 0 0 1 0 0 0 0 1 0 1 0 20 0 0 0
 0 0 0 0 0 0 0 9 0 7 0 0 3 0 27 0 1 0 0 4 2705 0 177 0 0 0 195 0 0 0 0 0 0 0 0 0 2 0 1 0 357 0 0 0
 0 0 0 0 0 0 0 0 0 0 0 0 0 0 0 0 0 0 0 0 56 147 48 0 0 3 0 0 0 0 0 0 0 0 0 0 0 0 0 7 42 0 0 0
 0 0 0 0 0 0 0 0 0 0 14 5 25 0 52 1 2 0 32 2 0 0 1112 53 0 27 2384 56 0 0 0 0 0 0 0 0 0 0 0 0 11 0 0 0
 47 0 0 0 0 0 0 139 51 6 59 0 67 0 21 84 215 392 50 49 51 25 0 3757 0 80 200 32 869 0 0 60 0 0 144 1147 38 0 21 57 1092 0 0 3
 88 0 0 0 0 0 0 69 0 25 208 33 44 0 33 105 38 214 29 10 35 53 135 25 181 128 365 47 286 0 93 37 0 0 2 0 1 2 2 26 239 0 0 0
 0 0 0 0 0 0 0 0 0 0 0 0 0 0 0 0 1 3 0 0 18 0 0 0 0 29 36 0 0 0 0 0 0 0 0 0 1 0 1 7 91 0 0 0
 126 0 0 0 396 0 0 0 0 0 0 0 0 0 10 34 14 43 7 0 0 2 0 0 0 0 54 0 0 156 0 42 79 658 78 0 2897 5 34 119 2095 0 0 2
 170 0 0 0 0 0 0 0 0 0 0 0 0 0 0 9 35 64 0 0 4 1 0 0 0 1 256 19 0 0 770 0 0 21 0 0 0 16 6 117 41 0 0 1
 1737 0 0 0 0 0 145 231 97 296 584 31 138 0 281 88 65 559 0 1 96 32 371 0 0 64 1260 440 485 192 0 20 0 0 0 0 7 8 24 0 1110 0 0 1
 0 0 0 0 0 0 2 30 41 25 60 10 25 0 19 0 0 0 0 6 11 2 26 17 1 5 0 14 0 36 38 52 39 0 170 27 31 1 13 0 553 0 0 2
 110 0 0 0 3 0 10 230 81 65 41 5 16 0 0 112 38 207 151 11 82 18 84 214 0 11 709 0 1516 0 334 0 276 56 0 0 12 0 5 15 1040 0 0 1
 10 0 0 0 0 0 6 33 26 4 0 0 0 0 0 32 20 39 22 0 5 1 10 0 0 0 0 0 0 0 25 711 0 0 0 0 8 0 3 0 327 0 0 1
 87 0 0 0 0 0 6 36 68 39 75 7 18 0 25 23 87 59 3 0 71 4 41 23 9 11 0 4 569 0 0 1794 1211 0 0 0 3 0 1 0 144 0 0 0
 63 0 0 0 0 0 3 43 67 25 50 12 20 0 20 37 19 68 22 7 31 3 34 39 0 6 0 0 237 23 0 47 52 30 228 125 44 1 17 58 957 0 0 3
 95 0 0 0 0 0 2 17 14 6 12 1 2 0 8 21 13 32 0 0 7 2 15 0 0 0 0 6 164 0 35 40 5 0 7909 0 174 0 7 0 143 0 0 1
 192 0 0 0 6 0 9 139 209 98 253 39 102 0 77 113 59 210 56 20 90 9 126 0 23 18 2060 72 784 0 53 200 151 0 677 727 135 1 53 41 1426 0 0 9
 0 0 0 0 0 0 0 0 0 0 0 0 0 0 0 0 0 0 0 0 0 0 0 0 0 0 0 0 0 0 0 0 0 0 0 0 0 0 0 0 370 0 0 0
 0 0 0 0 0 0 0 0 1 0 0 0 0 0 0 0 0 0 0 0 0 0 0 0 0 0 0 0 0 0 0 1 0 0 0 0 0 0 0 0 3 0 0 0
 182 0 0 0 0 0 0 0 0 0 0 0 0 0 0 0 0 0 0 0 0 0 0 0 0 0 0 0 0 0 0 0 0 0 0 0 0 0 122 0 2024 0 0 0
 31 0 0 0 0 0 1 22 0 7 9 0 0 0 0 19 10 35 7 2 5 0 13 0 0 0 0 0 0 54 0 27 23 0 87 0 541 0 26 237 829 0 0 4
 0 0 0 0 0 0 0 0 0 0 0 0 0 0 0 0 0 0 0 0 0 0 0 0 0 0 0 0 0 0 0 0 0 0 0 0 0 0 0 0 0 0 0 0
 0 0 0 0 0 0 0 0 0 0 0 0 0 0 0 0 0 0 0 0 0 0 0 0 0 0 0 0 0 0 0 0 0 0 0 0 0 0 0 0 0 0 0 0
 0 0 0 0 0 0 0 0 0 0 0 0 0 0 0 0 0 0 0 0 0 0 0 0 0 0 0 0 0 0 0 0 0 0 0 0 0 0 0 0 0 0 0 0
 0 0 0 0 0 0 0 0 0 0 0 0 0 0 0 0 0 0 0 0 0 0 0 0 0 0 0 0 0 0 0 0 0 0 0 0 0 0 0 0 0 0 0 0
