44
 1978900 0 0 0 0 0 0 0 0 0 0 0 0 0 0 6630500 2134700 800500 64600 232900 98500 1800 260700 0 0 0 0 0 0 173200 0 0 0 0 0 0 0 0 0 0 125700 0 0 0
 0 0 0 0 189900 0 0 15900 0 0 0 0 200 0 0 0 200 1000 0 0 100 100 200 0 0 0 0 0 0 0 0 0 0 0 0 0 0 0 0 0 0 0 0 0
 0 0 0 0 0 0 0 0 0 0 0 0 0 0 0 0 0 0 0 0 0 0 0 0 0 0 0 0 0 0 0 0 0 0 0 0 0 0 0 0 0 0 0 0
 255100 0 0 1782300 357800 0 5800 800 27400 3600 2900 0 0 1000 7500 16100 34800 81900 27700 2400 14800 3800 14500 13800 7400 1800 580500 23600 238600 28100 188400 403100 10700 18300 16400 9200 4800 1900 11300 57500 160600 0 0 1300
 157500 0 0 0 20300 0 16300 71800 39300 32300 1300 0 1500 1300 22100 39000 18600 60800 16100 2700 30900 3300 31200 21400 15900 3900 0 1100 67700 20300 0 200 1800 0 7400 0 238100 200 7000 40400 122300 0 0 900
 0 0 0 0 0 0 0 0 0 0 0 0 0 0 0 0 0 0 0 0 0 0 0 0 0 0 0 0 0 0 0 0 0 0 0 0 0 0 0 0 0 0 0 0
 5000 0 0 0 0 0 550700 77100 0 971100 381500 10700 471100 72000 277700 2300 12600 18700 500 200 1100 100 26500 23600 0 88700 567600 46100 0 0 0 0 0 200 400 0 0 100 21100 700 17200 0 0 0
 16000 0 0 0 0 0 0 535600 39900 0 0 0 0 5300 30700 16900 3400 23700 74100 0 0 0 15700 0 0 3700 2659900 0 0 0 0 0 0 0 0 0 0 0 100 0 45300 0 0 0
 802100 0 0 0 0 0 12300 0 886900 14100 48800 15400 101300 9100 65600 0 37800 0 0 0 108300 19900 114900 21300 316300 57100 333000 40300 15800 0 0 0 0 0 0 0 1500 200 7000 75700 397600 0 0 900
 31400 0 0 0 0 0 0 38400 0 562700 818200 23500 224800 23700 211500 207900 15500 99600 96200 17400 33800 20300 46700 600 0 9500 1616600 85700 0 0 0 0 0 0 0 0 800 300 1100 2400 104300 0 0 100
 36100 0 0 0 0 0 0 3800 0 0 403400 0 0 2300 109200 16700 4400 10000 1700 800 0 600 9800 0 0 300 259600 174900 0 0 0 57400 0 0 0 0 1300 500 1900 0 113000 0 0 200
 3200 0 0 300 200 0 0 300 0 0 9600 24900 15400 5000 44200 1500 600 1000 300 200 1100 100 0 14200 0 0 1500 10200 0 0 0 23900 0 0 800 0 600 100 15100 40300 94000 0 0 0
 35900 0 0 1800 0 0 0 5600 0 0 115700 0 540400 5900 100300 16600 4100 10000 2300 1000 0 800 0 0 0 400 1208300 168300 0 0 0 21100 0 0 0 0 800 400 1700 83200 106100 0 0 200
 3600 0 0 0 0 0 0 0 0 0 0 0 0 204800 0 1700 400 1000 200 100 300 100 0 0 0 0 2700 296800 0 0 0 700 0 0 0 0 0 0 100 0 22500 0 0 0
 67900 0 0 0 0 0 0 0 0 0 0 0 0 300 325300 700 100 300 0 0 0 0 0 0 0 0 0 89100 0 0 15000 281300 0 0 0 0 0 0 100 39300 191100 0 0 0
 0 0 0 0 0 0 0 0 18300 0 0 0 0 0 0 2177400 0 100200 0 0 31200 44300 0 0 0 0 0 0 0 302100 0 0 0 0 0 0 0 0 0 0 113700 0 0 0
 0 0 0 0 0 0 0 0 0 0 0 0 0 0 0 5200 280700 79000 0 0 0 0 0 0 0 0 0 0 0 104200 0 0 0 0 0 0 0 0 0 0 111800 0 0 0
 0 0 0 0 0 0 0 0 118000 0 0 0 0 0 0 0 0 1384500 125300 0 0 2500 5000 0 0 0 0 0 0 300100 0 0 0 0 0 0 0 0 0 0 137200 0 0 0
 0 0 0 0 0 0 0 0 21000 0 0 0 0 0 800 1700 1400 0 32600 100 1700 300 0 0 0 0 0 0 7100 660400 0 0 0 0 0 0 2200 200 1000 0 77100 0 0 100
 0 0 0 0 0 0 0 200 300 0 0 0 0 0 200 500 400 400 0 27100 0 100 0 0 0 0 500 0 0 0 0 0 0 0 0 0 600 100 300 0 23400 0 0 0
 0 0 0 0 0 0 0 4800 0 0 800 0 3700 0 34800 0 700 2800 0 4800 1983000 0 169300 0 0 0 100200 0 0 0 0 0 0 0 0 0 1000 100 500 0 200600 0 0 0
 0 0 0 0 0 0 0 100 0 0 0 0 0 0 0 0 0 0 0 0 29000 144800 0 1500 0 0 0 0 0 0 0 0 0 0 0 0 0 0 0 18000 23000 0 0 0
 0 0 0 0 0 0 0 0 0 0 0 9400 16600 14200 72300 200 16000 0 6100 9400 0 13700 703600 69200 0 13400 1344000 16900 0 0 0 0 0 0 0 0 0 0 0 3100 0 0 0 0
 37300 0 0 0 0 0 0 71200 0 0 54300 0 53900 2200 13500 65100 99500 224600 36800 20900 42100 0 0 2111600 23400 30600 126400 0 559100 0 0 36800 0 0 89200 630700 30600 2700 11700 0 637400 0 0 1200
 5100 0 0 0 0 0 300 16800 0 20300 105600 42500 36900 21200 26100 30700 53300 49000 5200 1000 15200 11800 102500 0 102400 17200 107900 28900 223800 0 42000 39100 0 0 900 0 1000 400 1400 19900 133400 0 0 100
 900 0 0 0 0 0 0 0 0 0 0 900 0 0 700 500 700 900 300 200 14900 2600 0 0 0 16700 29100 0 0 0 0 1000 0 0 800 0 800 100 400 5500 66000 0 0 0
 81800 0 0 0 199200 0 0 0 0 0 0 0 0 0 11100 27800 10600 23800 4300 0 0 1300 0 0 0 0 37100 0 0 84100 0 24600 39300 254100 50700 0 2034400 2900 17000 69400 1249200 0 0 700
 563300 0 0 0 0 0 0 18900 0 0 0 0 0 0 0 13100 14500 25400 9400 1900 12500 2200 0 200 0 2600 228200 40100 0 0 498600 3700 1200 7000 700 0 0 4900 4800 40100 47500 0 0 500
 993200 0 0 0 0 0 182800 99900 0 207800 225300 2300 114900 21600 103900 45200 48100 331900 0 14600 60600 20900 145300 0 0 20000 588800 211400 332600 138400 0 26100 0 0 0 0 5700 3600 13700 15100 661700 0 0 600
 0 0 0 0 0 0 600 9500 25900 11700 20000 2100 14900 1400 6500 0 0 0 0 4100 10100 2200 13200 10000 4300 2400 0 7200 0 23400 9200 26200 16200 0 88700 0 19400 1500 6100 0 249700 0 0 800
 76400 0 0 0 8200 0 9000 174700 27900 31200 25100 2100 11700 1000 0 120900 98700 84500 36300 2100 18600 2400 52800 63100 0 2900 584100 0 1019200 0 59700 0 114500 45300 1100 4900 7200 500 2100 600 509100 0 0 300
 3800 0 0 0 0 0 9800 11300 9400 600 0 0 0 0 0 25200 11000 16000 21000 300 2400 600 9400 0 0 0 0 0 0 0 11900 315700 0 0 0 0 2600 200 700 0 98800 0 0 100
 57600 0 0 0 0 0 5700 20100 57200 27600 39600 2500 18600 2700 5300 52900 22500 33800 8900 5100 40000 2300 29300 14300 7600 3500 0 0 149400 0 0 1228000 556700 0 4100 0 2800 200 800 0 66500 0 0 100
 56600 0 0 0 14100 0 0 18800 44200 16500 27600 3200 18600 1700 11000 24600 17800 16900 21000 7200 31000 4000 23100 42900 6900 4600 0 0 194200 28800 0 40300 32200 21800 169000 80200 38600 2700 10900 32900 548600 0 0 1300
 42200 0 0 0 0 0 0 5700 6300 1400 1200 0 200 200 3100 8600 5800 7000 200 400 6500 1100 6700 0 0 0 0 0 53500 0 0 44400 0 0 3301500 0 114700 700 3200 0 22700 0 0 300
 109400 0 0 0 29100 0 2600 37200 88700 41600 71300 6500 55200 5500 22100 47700 34400 32800 36400 12800 58500 7600 52600 0 20500 8400 1264000 29000 394900 9900 0 91200 56300 0 309800 255300 71200 5300 21100 0 553500 0 0 2600
 0 0 0 0 0 0 0 0 0 0 0 0 0 0 0 0 0 0 0 0 0 0 0 0 0 0 0 0 0 0 0 0 0 0 0 0 0 0 0 0 196800 0 0 0
 0 0 0 0 0 0 0 0 0 0 0 0 0 0 0 0 0 0 0 0 0 0 0 0 0 0 0 0 0 0 0 0 0 0 0 0 0 0 0 0 0 0 0 0
 115700 0 0 0 0 0 0 0 0 0 0 0 0 0 0 0 0 0 0 0 0 0 0 0 0 0 0 0 0 0 0 0 0 0 0 0 0 0 64100 0 896000 0 0 0
 14300 0 0 0 0 0 0 4600 0 0 1600 0 0 0 0 6200 4500 4200 3300 1200 1400 0 0 5700 0 0 0 0 0 35300 0 10400 5600 0 32600 7000 332900 700 12400 140000 316700 0 0 1700
 0 0 0 0 0 0 0 0 0 0 0 0 0 0 0 0 0 0 0 0 0 0 2200 0 0 0 0 0 0 0 0 0 0 0 0 0 0 700 0 0 66200 0 0 300
 0 0 0 0 0 0 0 0 0 0 0 0 0 0 0 0 0 0 0 0 0 0 0 0 0 0 0 0 0 0 0 0 0 0 0 0 0 0 0 0 0 0 0 0
 0 0 0 0 0 0 0 0 0 0 0 0 0 0 0 0 0 0 0 0 0 0 0 0 0 0 0 0 0 0 0 0 0 0 0 0 0 0 0 0 0 0 0 0
 0 0 0 0 0 0 0 0 0 0 0 0 0 0 0 0 0 0 0 0 0 0 0 0 0 0 0 0 0 0 0 0 0 0 0 0 0 0 0 0 0 0 0 0
