44
 13934 144 2 0 0 0 0 0 0 0 0 0 0 0 0 12244 7097 6172 1273 940 2505 0 1925 382 229 39 0 0 0 1781 0 0 0 0 0 0 1293 0 0 0 748 57 153 44
 0 525 4100 15 3095 0 0 43 49 0 0 0 0 30 2 22 8 59 6 0 42 5 0 0 0 1 0 0 0 0 0 0 0 0 0 0 0 0 0 0 112 3 2 1
 0 0 21 0 523 0 2827 118 362 141 21 0 2 5 1 3 1 14 0 0 3 0 5 0 0 0 21 0 0 7 0 0 0 4 3 1 0 0 4 0 59 9 6 4
 1231 0 54 8452 1875 0 247 1086 1621 0 55 23 178 203 34 175 82 338 158 27 304 51 262 187 0 17 1114 35 1590 18 1688 593 115 182 31 285 0 3 135 7 1018 99 98 44
 655 0 0 0 2109 0 2333 1122 1989 18 351 15 56 708 87 88 96 387 147 6 559 41 357 547 307 14 642 50 974 249 251 12 51 78 137 298 1209 12 97 23 826 330 228 121
 0 0 0 0 0 0 0 0 0 0 0 0 0 0 0 0 0 0 0 0 0 0 0 0 0 0 0 0 0 0 0 0 0 0 0 0 0 0 0 0 0 0 0 0
 10 21 0 0 0 0 51602 0 794 17328 5055 645 4591 4814 1300 3 0 0 0 0 10 11 0 0 161 465 2858 0 0 0 0 0 0 0 0 0 0 0 0 0 19 108 0 1
 337 0 0 0 0 0 747 6024 231 195 0 72 815 650 13 96 42 350 387 0 0 6 0 0 0 116 15285 0 0 0 0 0 0 0 0 0 0 0 136 0 472 100 109 49
 1059 0 0 0 0 0 0 0 18959 0 322 24 815 1132 163 136 0 0 0 69 3929 105 576 0 3400 80 281 0 0 81 0 0 0 0 61 427 89 3 422 37 3615 571 820 33
 814 640 0 405 0 0 0 0 825 5812 5732 415 2532 5005 682 391 120 535 210 66 178 200 804 0 0 54 13788 0 0 0 0 21 0 0 17 0 59 0 18 0 1789 107 45 19
 747 407 0 0 0 0 0 16 0 0 9394 0 0 582 678 28 9 46 0 0 177 0 0 0 0 1 648 0 0 0 0 0 0 0 0 0 0 0 0 0 679 19 2 1
 17 5 13 0 0 0 0 0 0 0 37 1259 0 348 83 14 2 18 14 1 5 0 0 0 0 0 18 33 193 0 0 0 0 0 54 0 0 0 96 0 831 143 73 6
 79 106 0 0 0 0 0 0 0 0 2034 450 10804 2851 266 7 0 0 0 0 0 0 0 0 0 8 3036 428 0 0 0 0 0 337 280 0 0 0 19 0 525 46 43 19
 73 0 0 0 0 0 0 0 0 0 0 0 0 9436 44 2 1 0 0 0 0 0 0 0 0 0 0 2057 0 0 1381 21 0 0 0 0 0 0 5 0 2127 8 6 2
 43 0 0 0 0 0 0 0 0 0 0 0 0 0 878 0 0 0 0 0 0 0 0 0 0 0 0 20 0 0 0 632 0 0 0 0 0 0 0 0 1306 0 0 39
 0 0 0 0 0 0 0 0 0 0 0 0 0 0 0 2239 0 313 0 0 136 338 0 0 0 4 0 0 0 1239 0 40 0 0 0 0 0 0 43 31 405 122 193 72
 0 0 0 0 0 0 0 0 28 0 0 0 0 0 0 0 964 973 0 0 0 0 0 0 0 0 0 0 0 622 0 79 0 0 0 0 0 0 66 166 145 18 155 118
 0 0 0 0 0 0 9 0 433 0 0 0 7 10 0 0 0 11779 617 2 0 3 0 0 0 0 0 0 0 2712 0 242 0 0 0 75 0 0 119 29 706 94 339 171
 0 0 0 0 0 0 45 0 345 0 1 0 36 14 0 8 1 0 2056 0 0 2 0 0 0 0 0 6 0 3969 0 143 0 0 0 163 0 1 0 0 22 172 10 650
 0 7 0 0 0 0 20 12 0 0 13 0 19 12 0 7 2 0 1 249 7 2 0 0 0 0 18 14 127 734 0 8 0 0 5 0 6 0 0 0 0 0 0 1
 0 0 0 0 0 0 0 62 0 0 0 0 119 354 22 0 4 33 27 0 14567 199 385 0 798 11 59 193 0 45 0 0 0 0 61 42 0 3 114 74 1238 264 218 111
 9 0 2 0 0 0 0 0 0 0 10 41 0 33 4 0 0 0 0 0 0 994 0 0 0 5 7 56 0 0 0 0 0 0 0 0 0 0 35 0 428 27 27 6
 0 179 0 0 0 0 132 160 0 0 419 23 338 409 50 4 13 27 29 1 0 20 6070 155 0 38 7735 305 0 0 0 0 0 0 0 0 0 0 1 0 63 19 3 12
 0 39 7 0 0 0 266 948 318 178 474 82 954 378 21 244 183 1108 320 169 183 130 0 10170 96 42 469 0 3164 0 0 4 57 81 483 0 70 5 113 0 1968 670 95 102
 0 38 1 9 0 0 0 109 0 234 1138 375 1647 2959 104 138 65 312 97 17 0 492 590 0 1686 65 1895 155 544 0 74 0 0 0 0 0 0 0 183 0 741 312 148 13
 0 0 3 0 0 0 0 0 0 0 0 6 0 0 0 0 0 0 0 0 0 0 0 0 0 335 10 23 52 0 49 0 0 0 16 21 3 0 2 0 67 83 4 4
 91 394 0 0 0 0 0 0 0 0 0 0 0 6 8 12 0 12 9 0 0 0 0 0 0 0 390 0 0 0 0 0 0 0 0 0 594 0 11 0 726 213 39 0
 167 31 2 0 0 0 6396 66 70 318 71 0 0 0 0 40 12 69 0 0 0 0 0 69 0 0 144 237 193 0 624 0 21 0 85 100 137 0 92 0 391 113 77 7
 2331 131 33 0 0 0 1949 1014 851 1798 1238 0 145 1284 208 1168 706 1727 301 0 829 216 1549 0 0 0 3669 0 2669 0 258 134 0 0 0 0 0 0 248 0 2173 361 350 176
 0 61 0 0 0 0 312 4 0 122 349 11 464 341 18 0 0 0 0 0 0 33 139 384 62 6 75 389 1484 60 243 48 130 0 85 144 99 1 1 54 871 4 7 86
 875 208 672 0 0 0 1542 1147 1097 399 574 109 186 0 16 305 179 795 147 28 325 19 908 668 0 0 1960 0 0 0 203 22 0 0 0 0 2 0 3 0 459 91 56 34
 68 35 59 0 0 0 76 150 126 0 121 39 69 0 0 0 0 0 0 0 23 10 38 0 21 2 98 63 0 0 0 1869 338 0 3 0 14 0 2 0 191 23 14 5
 744 23 1 0 0 0 195 260 320 27 48 15 75 54 0 125 82 276 132 38 50 12 44 0 39 6 17 0 104 0 266 0 148 0 0 0 0 0 0 0 0 1 0 17
 168 149 0 0 0 0 78 146 149 279 352 25 0 176 36 39 27 93 60 7 140 20 176 0 69 4 236 56 2180 115 508 52 41 161 556 43 0 3 88 8 1057 221 56 50
 220 32 0 0 0 0 103 95 0 0 75 0 0 86 12 24 11 55 10 0 0 15 60 0 23 0 223 0 1143 0 488 0 64 0 16556 0 756 0 0 0 387 117 27 32
 409 435 0 0 0 0 567 545 0 661 1258 154 201 1153 47 114 81 0 0 37 0 62 321 402 130 0 6006 0 7123 0 341 36 83 0 3445 3287 5077 0 347 0 672 486 228 4
 0 26 2 7 0 0 39 29 0 0 54 17 3 40 6 10 2 55 2 0 5 11 15 0 12 0 0 0 3209 0 0 0 9 34 0 0 5 0 9 0 0 67 38 21
 1 2 3 0 0 0 5 6 0 1 4 0 7 4 0 2 0 4 0 1 0 0 5 0 0 0 3 1 16 0 22 1 1 0 7 0 1 0 3 0 109 45 4 0
 244 0 0 0 0 0 1 0 0 0 6 0 0 0 0 0 0 0 1 1 0 0 0 0 0 0 0 0 0 0 0 0 7 0 82 0 0 0 60 0 9453 24 5 0
 14 11 2 0 0 0 24 8 0 31 38 8 23 20 1 0 0 0 8 3 0 4 10 23 5 1 30 9 103 0 14 4 5 0 43 0 189 0 9 0 0 0 4 1
 0 0 0 0 0 0 0 0 0 0 0 0 0 0 0 0 0 0 0 1 0 0 0 0 0 0 0 0 0 0 0 0 15 0 0 0 476 0 0 4 271 81 0 0
 0 0 0 0 0 0 0 0 0 0 0 0 0 0 0 0 0 0 0 0 0 0 0 0 0 0 0 0 0 0 0 0 0 0 0 0 0 0 0 0 0 0 0 0
 0 0 0 0 0 0 0 0 0 0 0 0 0 0 0 0 0 0 0 0 0 0 0 0 0 0 0 0 0 0 0 0 0 0 0 0 0 0 0 0 6928 0 0 0
 0 0 0 0 0 0 0 0 0 0 0 0 0 0 0 0 0 0 0 0 0 0 0 0 0 0 0 0 0 0 0 0 0 0 0 0 0 13 64 0 1715 0 8 0
