44
 215502 0 4 0 0 0 0 0 0 0 0 0 0 0 0 189611 53277 117424 18474 7569 5175 636 17403 7193 0 606 0 0 0 53355 0 0 0 0 0 0 412 73 0 763 0 268 5262 705
 62 359 22259 0 11979 0 1378 1332 1382 0 0 3 0 201 0 34 54 138 36 2 157 0 0 129 32 28 46 10 0 310 5 0 38 0 0 0 760 186 52 135 76 224 300 0
 0 0 18 0 0 0 27106 25 909 323 23 0 47 21 25 0 0 84 0 0 0 0 0 0 0 0 1479 0 0 0 0 0 0 0 0 0 0 0 0 0 0 0 0 0
 48951 30 24 220610 31493 6 5069 16239 18126 1141 83 29 737 980 370 464 550 4789 1019 30 943 196 432 3176 1183 59 7646 37 0 1158 47333 32087 0 293 0 0 1871 139 50 321 3289 423 656 23
 8391 0 1248 0 16193 0 18370 8566 10166 7211 1304 31 1718 2049 1055 441 419 3342 1058 88 4115 501 1811 3137 1756 550 2846 469 3920 11030 0 0 431 193 3286 0 2040 1478 291 1284 5254 1717 1782 117
 0 0 0 0 434 48 0 0 0 0 0 0 0 0 0 0 0 0 0 0 0 0 0 0 0 0 0 0 0 0 0 0 0 0 0 0 0 0 0 0 0 0 0 0
 40 0 0 0 0 0 137890 0 0 77440 15045 1002 27737 24405 22015 565 860 3668 162 10 0 0 244 0 875 9088 101018 0 0 0 0 0 0 0 0 0 0 0 0 96 0 0 0 0
 822 0 0 0 0 0 1260 25994 11690 98 0 519 1371 1468 429 102 395 1342 5245 0 0 2 1093 0 0 568 135548 0 0 1596 0 0 0 0 0 0 69 18 67 92 0 11 102 0
 45907 0 0 0 0 30 876 0 139308 730 142 0 3766 2113 1242 0 0 843 667 179 29135 6592 3115 0 45887 5521 14753 0 0 1250 0 0 0 0 0 0 713 154 1806 6117 633 157 12502 0
 3941 238 0 0 0 2 0 0 0 23474 20835 1334 14798 20426 12423 433 406 4322 1894 89 541 1293 1142 0 2222 3541 65232 0 0 1649 0 0 0 0 0 0 245 21 34 96 594 19 340 0
 6052 375 0 0 0 2 0 694 0 0 26146 9 0 6968 6357 74 78 447 108 20 166 151 0 102 0 0 827 102 0 0 0 0 0 0 0 0 8 6 5 26 0 10 45 0
 16 0 0 0 0 0 0 0 22 0 0 7774 0 1215 895 4 14 30 7 4 0 0 0 0 0 0 0 21 0 0 0 9 0 0 0 0 0 23 15 62 698 26 56 0
 77 44 0 0 0 2 0 0 0 0 1834 141 33833 6557 3230 32 40 226 72 31 160 24 0 0 0 0 20519 3575 0 0 0 0 0 342 0 0 284 52 39 351 939 70 347 0
 2 0 0 0 0 0 0 0 0 0 0 0 0 44392 0 0 0 0 0 0 0 0 0 0 0 0 0 4055 0 0 5830 0 0 0 0 0 0 0 0 0 3839 0 0 0
 714 71 0 0 0 0 0 0 0 0 0 0 0 0 4321 0 0 0 0 0 0 0 0 0 0 0 0 223 0 0 1205 8036 0 0 0 0 0 0 0 0 8734 0 0 0
 0 0 0 0 0 0 0 0 2646 0 0 0 0 0 0 1142 0 2213 0 0 280 11115 5 0 0 175 0 0 0 31815 0 515 0 0 0 0 0 231 92 0 0 113 1307 65
 0 0 0 0 0 0 0 0 395 0 0 0 0 0 0 0 763 1730 0 0 0 0 0 0 0 0 0 0 0 5864 0 127 0 0 0 0 0 77 20 0 0 130 572 84
 0 0 0 0 0 0 0 0 0 0 0 0 0 4 6 0 0 90133 5820 0 0 172 0 0 0 17 0 0 0 30995 0 0 0 0 0 0 0 281 132 28 0 173 1782 307
 0 0 1 0 0 0 0 0 0 0 0 0 0 6 6 12 8 0 2554 3 0 12 0 0 0 0 0 0 0 44113 0 732 0 0 0 0 3 21 25 5 0 23 313 0
 0 0 0 0 0 0 0 0 0 0 0 0 0 0 0 0 0 0 0 66 0 0 0 0 0 0 0 0 0 597 0 0 0 0 0 0 0 0 0 0 0 0 0 0
 0 0 5 0 0 0 109 113 0 0 0 51 0 1974 725 0 26 913 20 24 116048 0 1462 0 5567 0 116 0 0 3646 0 53 0 0 0 0 68 33 174 194 0 39 208 0
 0 9 1 0 0 0 44 0 0 0 0 9 0 53 73 0 6 0 0 2 4409 25297 0 0 0 120 34 22 0 0 0 0 0 0 0 0 0 1 1 47 0 4 13 0
 0 100 5 0 0 1 0 0 0 0 751 157 1494 1182 1926 0 304 1092 959 165 0 654 29223 0 0 1358 33418 0 0 326 0 0 0 0 0 0 53 26 15 166 0 40 116 0
 0 0 20 0 0 1 104 4357 1277 763 0 296 1767 596 240 284 765 6333 814 2327 1584 1866 471 81181 1053 1084 3343 0 10496 1070 0 0 0 655 11397 0 87 740 97 0 8526 913 409 61
 2502 0 11 0 0 0 0 10 0 0 2529 574 5413 9311 1924 202 646 1104 296 20 0 4603 2058 0 4255 1185 7108 39 0 542 1048 160 0 0 0 0 84 65 22 525 1433 51 194 0
 0 0 3 0 0 0 0 0 0 0 389 77 52 280 77 0 8 0 13 7 732 0 0 0 0 3286 87 0 0 7 0 0 0 0 0 0 50 22 9 926 427 53 93 20
 3833 0 0 0 0 0 0 0 0 0 0 0 0 295 133 154 139 298 141 41 0 0 0 0 0 0 962 0 0 2135 0 0 0 0 0 0 12471 304 169 2122 10878 707 1663 68
 259 0 7 0 0 0 37530 284 490 2318 0 0 0 0 0 70 46 342 292 27 12 0 41 6027 0 66 1772 103 1184 1439 33566 0 0 0 0 0 58 65 48 151 0 87 158 0
 17241 46 141 271 0 4 4049 4179 6013 4542 2504 545 4771 2864 1847 3402 847 6037 1391 47 18906 5850 608 0 315 747 13901 0 30757 9842 6045 1812 0 0 0 0 836 444 652 686 2150 383 2913 0
 0 0 9 0 0 1 451 0 0 0 164 155 159 271 246 0 0 0 0 0 0 93 0 0 0 0 0 0 0 0 0 46 0 0 0 0 0 158 45 0 895 53 463 0
 10389 0 651 0 1501 5 6687 10918 8963 4760 1577 180 3046 0 0 2105 2190 11500 4174 641 5647 2211 9087 5533 0 785 28492 0 0 3672 2956 292 0 0 0 0 786 537 118 427 5111 1195 1016 90
 351 1 528 0 1465 0 2123 1844 887 724 7 0 149 254 0 0 0 12 0 12 0 82 1166 3 0 151 2965 6 0 0 0 765 0 0 0 0 38 6 15 84 2066 22 118 0
 2653 0 69 9 0 0 1519 479 740 477 105 4 97 149 169 270 16 705 95 40 371 326 504 151 320 109 919 51 10759 641 1642 22525 234 0 0 0 56 18 6 106 888 43 70 0
 476 21 20 0 0 1 436 444 839 494 122 11 0 243 270 128 41 427 104 29 484 234 251 0 188 23 694 56 7239 2554 7 974 417 1596 5019 1228 246 136 38 332 5568 173 226 86
 3428 220 125 353 0 3 1910 2618 2338 2268 934 122 1484 1029 1370 313 190 2164 887 289 3409 1394 1631 0 761 416 1376 298 12759 1235 5391 2912 835 0 11178 0 3289 75 186 603 781 359 462 0
 4748 105 72 816 1187 5 3146 2035 15933 1630 1737 981 4373 4190 1218 194 423 3707 5258 562 4569 1413 1698 1181 6098 548 19980 315 11532 2982 4902 2941 592 0 7249 9754 2124 411 384 0 22006 165 557 0
 0 0 0 0 0 0 0 0 0 0 0 0 0 0 0 0 0 0 0 0 0 0 0 0 0 0 0 0 0 0 0 0 0 0 0 0 175 0 0 0 3533 0 0 0
 0 0 0 0 0 0 0 0 0 0 0 0 0 0 0 0 0 0 0 0 0 0 0 0 0 0 0 0 0 0 0 0 0 0 0 0 0 0 0 0 0 0 0 0
 129 0 0 0 0 0 0 0 0 0 0 0 0 0 0 0 0 0 0 0 0 0 0 0 0 0 0 0 0 0 0 0 0 0 0 0 0 238 0 0 0 0 0 231
 0 0 0 0 0 0 0 0 0 0 0 0 0 0 0 0 0 0 0 0 0 0 0 1485 0 0 0 0 0 3912 0 0 0 0 0 5173 116 180 225 2337 4402 304 1238 830
 957 0 4 0 0 3 369 205 0 0 72 0 0 0 0 249 76 676 299 63 344 211 15 0 0 0 0 110 0 0 0 0 0 0 0 0 0 102 63 0 0 0 0 205
 0 0 0 0 0 0 0 0 0 0 0 0 0 0 0 0 0 0 0 0 0 0 0 0 0 0 0 0 0 0 0 0 0 0 0 0 0 0 0 0 0 0 0 0
 0 0 0 0 0 0 0 0 0 0 0 0 0 0 0 0 0 0 0 0 0 0 0 0 0 0 0 0 0 0 0 0 0 0 0 0 0 0 0 0 0 0 0 0
 0 109 20 0 0 0 258 371 63 248 123 42 266 185 193 0 0 0 65 15 337 117 229 0 108 0 0 49 105 318 0 126 125 0 25 55 145 62 0 0 0 88 0 0
