44
 14264 65 0 0 0 0 0 0 0 0 0 0 0 0 0 23069 10282 6231 1568 1023 1727 0 3884 370 0 0 0 0 0 3144 0 0 0 0 0 0 0 1 8 60 368 37 4 104
 0 751 2107 0 974 0 217 68 0 0 0 0 0 13 6 3 5 9 4 1 21 26 0 14 10 2 59 0 0 14 43 0 1 0 0 0 0 0 0 0 123 49 0 0
 57 0 80 0 0 0 2172 95 63 9 17 0 6 12 2 1 1 9 4 1 19 0 8 6 11 0 86 0 0 8 0 0 0 0 0 0 0 0 8 0 10 3 0 0
 1183 55 22 11846 843 0 822 1037 1268 171 0 49 171 244 81 126 63 408 108 60 309 37 74 177 134 14 2016 309 1313 417 529 1017 0 87 20 0 89 0 647 92 845 460 0 93
 476 0 32 0 1078 0 1684 850 1338 302 117 119 0 394 137 58 62 226 46 45 376 46 166 265 327 28 0 150 1164 385 273 11 0 0 68 0 185 0 71 0 1154 579 4 62
 0 0 0 0 256 206 0 0 0 0 0 0 0 0 0 0 0 0 0 0 0 0 0 0 0 0 0 0 0 0 0 0 0 0 0 0 0 0 0 0 0 185 0 0
 1000 0 0 0 0 5 20793 58 51 8872 4292 566 3184 4251 1209 0 0 0 118 0 0 0 163 43 393 446 4850 0 0 0 0 0 0 0 0 0 0 0 0 0 91 3 0 0
 441 0 0 0 0 0 0 2494 465 308 0 46 215 435 91 22 8 166 256 0 0 0 5 0 0 59 14524 0 166 97 0 0 0 0 0 0 0 0 22 0 28 52 0 0
 4237 23 0 0 0 0 0 0 11259 376 230 50 902 637 178 22 15 0 0 11 2368 421 534 0 2159 217 1543 0 0 3 0 0 0 0 0 0 0 0 1228 734 415 374 5 32
 102 30 0 0 0 0 0 0 0 5384 4013 362 2353 5685 1802 41 17 907 70 0 506 107 181 0 0 266 4037 0 0 559 0 0 0 0 0 0 68 0 47 0 858 58 0 24
 1113 308 0 10 0 0 0 498 0 0 3814 0 0 864 515 28 14 123 59 0 468 0 268 30 0 61 2328 134 0 112 0 0 0 0 0 0 0 0 0 91 665 106 0 0
 0 0 0 0 0 0 0 0 0 0 475 304 0 208 79 0 0 0 0 0 0 0 0 0 0 6 0 0 0 0 0 0 0 0 0 0 0 0 268 25 37 104 0 0
 22 23 0 0 309 0 0 0 0 0 1181 861 4116 603 1150 0 0 16 0 0 0 0 0 25 0 22 2715 632 0 15 0 0 0 719 0 0 0 28 38 0 936 291 0 0
 0 0 0 0 0 0 0 0 0 0 0 0 0 6352 0 0 0 0 0 0 0 0 0 0 0 0 0 6340 0 0 0 0 0 0 0 0 0 0 0 0 2421 0 0 0
 68 0 0 0 0 0 0 0 0 0 0 0 0 60 3023 0 0 0 0 0 0 0 0 0 0 0 0 0 0 0 681 976 0 0 0 0 0 0 0 0 3060 25 0 0
 0 0 0 0 0 0 0 0 0 0 0 0 0 0 1 5206 0 173 0 0 0 746 0 0 0 0 0 0 0 3562 0 0 0 0 0 0 0 0 453 87 466 48 4 131
 0 0 0 0 0 0 0 0 0 0 0 0 0 0 0 0 0 1739 0 0 0 0 0 0 0 0 0 0 0 827 0 0 0 0 0 0 0 0 193 29 212 23 2 63
 0 0 0 0 0 0 0 0 340 0 0 0 0 0 0 0 0 6231 501 0 10 0 0 0 0 0 0 0 0 1970 0 0 0 0 0 0 0 0 331 83 381 44 4 110
 0 0 0 0 0 0 0 0 432 0 0 0 0 0 0 0 0 0 137 0 0 0 0 0 0 0 0 0 0 4084 0 0 0 0 0 0 0 0 43 16 119 12 1 32
 0 0 0 0 0 0 0 0 0 0 0 0 0 0 0 0 0 0 0 0 0 0 0 0 0 0 0 0 0 0 0 0 0 0 0 0 0 0 0 0 0 0 0 0
 0 0 0 0 0 0 18 41 0 0 0 56 83 452 152 0 0 0 8 0 17433 205 407 0 0 97 794 0 0 48 0 28 0 0 0 0 0 0 266 157 167 60 0 16
 29 0 1 0 0 0 2 10 0 0 18 16 30 148 4 0 0 0 0 0 0 1451 2 0 0 0 0 5 0 0 0 0 0 0 0 0 0 0 2 80 111 6 0 0
 0 89 0 0 0 0 0 0 0 0 0 52 100 50 128 65 53 265 123 0 0 0 2317 0 0 117 6334 0 0 85 0 0 0 0 0 0 0 0 156 0 740 270 2 24
 0 0 0 0 0 0 0 321 569 157 0 133 0 24 19 52 212 1265 178 207 529 153 15 10539 0 177 453 0 926 62 0 45 0 0 533 3441 20 777 1436 504 1127 457 1 81
 8 0 0 0 0 0 0 124 0 133 349 155 578 2087 165 70 203 495 301 0 16 262 298 7 855 250 1269 1458 325 0 266 190 0 0 0 0 0 0 92 0 104 14 0 5
 2 0 0 0 0 0 0 0 0 0 0 0 0 16 70 0 1 0 2 0 0 7 0 0 0 6 82 8 0 6 0 0 0 12 55 0 0 40 101 277 268 91 0 105
 758 0 0 0 979 0 0 0 0 0 0 42 0 276 253 20 31 92 22 6 0 12 0 0 0 0 222 0 0 105 0 0 0 0 0 0 0 0 291 0 3158 400 3 118
 817 10 0 0 0 0 3904 478 133 670 0 53 0 0 46 64 56 149 43 2 961 0 135 690 0 0 329 194 0 0 1058 12 0 0 0 0 0 46 697 176 3 0 0 5
 2060 2 5 0 0 0 321 0 353 933 989 120 604 921 46 1732 27 855 120 12 522 128 563 0 0 83 2772 440 475 0 0 0 0 0 0 0 0 107 796 100 0 0 0 0
 0 0 0 0 0 0 46 0 0 0 0 18 0 43 15 0 0 0 0 2 0 9 0 0 3 0 0 69 400 549 0 3 25 0 0 235 0 41 179 90 0 0 0 49
 276 0 4 0 0 0 1066 804 883 766 352 53 279 450 0 56 48 429 266 21 152 54 32 71 0 35 1829 0 7665 3 1738 192 0 13 0 0 0 20 160 182 874 118 2 99
 2 0 0 0 0 0 3 1 7 28 0 18 72 16 0 0 0 4 0 5 0 1 1 0 0 4 0 0 176 0 0 651 0 56 0 0 4 22 141 42 74 10 0 8
 140 0 0 583 38 0 498 807 270 227 70 31 45 222 62 15 11 153 49 11 193 41 78 2266 51 108 649 5 2531 0 1931 458 1727 0 0 0 0 0 0 0 101 14 0 12
 9 9 4 0 75 0 139 19 178 301 114 51 0 147 59 0 36 102 48 1 111 28 94 99 26 0 333 264 1254 203 0 0 12 1381 590 901 2 3 172 324 1531 254 0 73
 463 1 0 0 0 0 88 112 172 148 133 26 136 108 84 26 38 98 36 0 188 28 87 0 49 0 296 113 861 64 1 289 44 0 22669 0 0 0 64 0 183 0 0 19
 263 13 16 292 367 0 214 480 3046 269 884 449 1031 951 1033 138 323 1488 803 205 1126 240 347 0 706 218 9733 15 1497 0 85 69 150 0 5292 4592 224 368 146 0 3940 784 0 154
 0 0 0 0 0 0 21 44 156 0 76 32 72 60 6 10 9 41 8 0 33 15 6 0 6 5 110 85 923 85 39 0 26 0 371 0 1 79 352 296 374 104 1 35
 0 7 12 74 19 5 62 23 111 30 5 0 0 31 467 0 1 6 0 4 10 9 8 0 1 0 15 0 0 0 0 0 0 0 90 0 0 21 0 16 1796 738 0 0
 0 0 0 0 0 0 0 0 0 0 0 0 0 0 0 0 0 0 0 0 0 0 0 0 0 0 0 0 0 0 0 0 0 0 0 0 0 0 0 0 761 40 36 19
 0 14 0 0 100 0 80 105 0 73 0 0 56 152 23 0 0 0 0 0 0 0 28 0 36 0 71 0 0 0 0 0 0 0 46 274 0 0 20 1633 1531 100 0 30
 0 0 0 0 0 0 0 0 0 0 0 0 0 0 0 0 0 0 0 0 0 0 0 0 0 0 0 0 0 0 0 0 0 0 0 0 0 0 0 0 0 0 0 0
 0 0 0 0 0 0 0 0 0 0 0 0 0 0 0 0 0 0 0 0 0 0 0 0 0 0 0 0 0 0 0 0 0 0 0 0 0 0 0 0 0 0 0 0
 0 0 0 0 0 0 0 0 0 0 0 0 0 0 0 0 0 0 0 0 0 0 0 0 0 0 0 0 0 0 0 0 0 0 0 0 0 0 0 0 0 0 0 0
 0 0 0 0 0 0 0 0 0 0 0 0 0 0 0 0 0 0 0 0 0 0 0 0 0 0 0 0 0 0 0 0 0 0 0 0 0 0 0 0 0 0 0 0
