44
 17715 159 5 0 0 0 0 0 0 0 0 0 0 0 0 14688 9888 10117 1639 1011 1788 0 2342 468 257 50 0 0 0 1702 0 0 0 0 0 0 814 0 99 0 651 77 315 44
 0 64 6160 10 3894 0 0 47 0 0 0 0 0 60 0 23 7 58 3 0 41 3 0 0 0 1 0 0 0 0 0 0 0 0 0 0 0 0 0 0 119 3 4 1
 0 0 31 0 355 0 4480 177 681 191 26 0 0 6 1 3 1 21 0 0 0 0 5 0 0 0 17 0 0 8 0 0 0 3 0 0 0 0 5 0 80 12 8 5
 2307 0 272 26960 4723 0 1606 2128 4855 406 484 105 501 561 77 359 166 668 340 68 989 167 524 700 248 32 2590 203 2678 465 2735 1362 596 389 201 930 20 14 283 32 2154 242 215 103
 993 0 0 0 3308 0 3210 1693 3162 0 662 2 285 682 125 142 141 549 217 9 819 57 519 835 440 26 950 99 1039 392 365 16 78 97 188 286 2072 17 148 34 1010 485 342 178
 0 0 0 0 0 0 0 0 0 0 0 0 0 0 0 0 0 0 0 0 0 0 0 0 0 0 0 0 0 0 0 0 0 0 0 0 0 0 0 0 0 0 0 0
 14 53 0 0 0 0 78605 0 328 19928 6511 932 5759 5074 2073 4 0 0 0 0 14 11 0 0 176 804 3881 0 0 0 0 0 0 0 0 0 0 0 0 0 0 153 0 1
 427 0 0 0 0 0 457 7571 562 208 0 110 1171 811 18 139 88 488 616 0 0 5 0 0 0 189 22109 0 0 0 0 0 0 0 0 0 0 0 222 0 550 163 237 64
 1501 1 0 0 0 0 0 0 33624 0 440 16 1320 1635 273 216 17 0 0 96 7399 140 936 0 6019 131 286 0 0 123 0 0 0 0 0 347 66 9 794 23 6417 867 1586 50
 901 596 0 0 86 0 0 0 1685 8428 6460 570 3615 6186 993 558 279 779 391 86 321 200 1179 0 0 81 19023 0 0 0 0 32 0 0 0 0 21 0 27 0 2491 170 78 27
 718 499 0 0 0 0 0 30 0 0 13320 0 0 745 976 39 14 62 0 0 218 0 0 0 0 1 1138 0 0 0 0 0 0 0 0 0 0 0 0 0 748 28 3 1
 24 9 31 0 0 0 0 0 0 0 88 2298 0 516 123 22 3 29 21 1 7 0 0 0 0 0 0 43 409 0 0 0 0 0 108 0 0 0 220 0 1555 254 183 9
 84 135 5 0 0 0 0 0 0 0 2653 590 16575 3836 457 10 0 0 0 0 0 0 0 0 0 16 3788 432 0 0 0 0 0 311 330 0 0 0 35 0 502 76 104 27
 95 0 0 0 0 0 0 0 0 0 0 0 0 11144 52 2 1 0 0 0 0 0 0 0 0 0 0 2180 0 0 2002 0 0 0 0 0 0 0 8 0 3035 12 9 2
 111 0 0 0 0 0 0 0 0 0 0 0 0 0 544 0 0 0 0 0 0 0 0 0 0 0 0 40 0 0 0 1008 0 0 0 0 0 0 0 0 1987 0 0 44
 0 0 0 0 0 0 0 0 0 0 0 0 0 0 0 3022 0 390 0 0 175 268 0 0 0 5 0 0 0 1613 0 17 0 0 0 0 0 0 41 41 601 185 396 94
 0 0 0 0 0 0 0 0 0 0 0 0 0 0 0 0 1836 1793 0 0 0 0 0 0 0 0 0 0 0 767 0 99 0 0 0 0 0 0 67 155 100 25 355 163
 0 0 0 0 0 0 19 0 1090 0 0 0 11 13 0 0 0 16479 651 0 0 3 0 0 0 0 0 0 0 3367 0 279 0 0 0 58 0 0 188 40 846 137 644 229
 0 0 3 0 0 0 72 0 430 0 0 0 55 20 0 11 3 0 2911 0 0 1 0 0 0 0 0 0 0 5312 0 116 0 0 0 182 0 5 0 0 19 291 17 886
 0 8 0 0 0 0 41 15 0 0 19 0 29 16 0 10 2 6 1 386 8 2 0 0 0 0 6 3 225 1018 0 10 0 0 7 0 8 0 0 0 0 0 0 1
 0 0 2 0 0 0 0 55 0 0 0 0 158 431 28 0 5 45 38 0 16080 59 578 0 1097 19 70 246 0 59 0 0 0 0 61 26 0 2 152 87 1648 384 378 143
 20 0 6 0 0 0 0 0 0 0 18 52 2 41 5 0 0 0 0 0 0 973 0 0 0 7 9 87 0 0 0 0 0 0 0 0 0 0 58 0 597 42 45 7
 0 221 0 0 0 0 316 247 0 0 574 26 489 531 68 5 19 35 40 1 0 15 8776 280 0 57 11157 582 0 0 0 0 0 0 0 0 0 0 2 0 98 42 5 24
 0 64 18 0 0 0 517 1595 562 178 630 63 1442 502 23 356 406 1815 469 224 167 162 0 15440 139 67 639 0 4120 0 0 0 15 0 533 0 40 4 191 0 3170 1071 171 139
 0 48 2 0 0 0 0 209 0 361 1497 698 2631 3532 140 209 168 557 147 22 0 601 1225 0 2820 102 2852 214 229 0 72 0 0 0 0 0 0 0 253 0 935 603 305 18
 0 0 6 0 0 0 0 0 0 0 0 7 0 0 0 0 0 0 0 0 0 0 0 0 0 474 11 15 28 0 52 0 0 0 21 29 3 0 2 0 80 117 5 5
 401 821 0 0 0 0 0 0 0 0 0 25 0 15 24 25 11 56 22 0 0 0 0 0 0 0 1206 0 0 0 0 0 0 0 0 0 1918 0 81 0 1938 699 96 2
 148 36 7 0 0 0 8714 87 63 229 50 0 0 0 0 51 17 90 45 0 0 0 0 161 0 0 188 102 605 0 875 0 21 0 105 443 88 0 87 0 424 176 122 8
 2888 142 39 0 0 0 2790 1383 1677 2493 1673 0 59 1578 248 1281 877 2323 313 0 968 227 2224 0 0 0 4165 0 3496 0 50 150 0 0 0 0 0 0 430 0 2764 513 587 238
 0 74 0 0 0 0 680 14 0 244 473 14 779 437 24 0 0 0 0 0 0 38 197 563 95 12 94 95 1826 80 333 25 126 0 134 281 45 1 1 72 1238 6 11 117
 1056 225 745 0 0 0 2074 1463 1483 365 681 170 362 0 111 412 307 1169 225 24 442 14 1336 1075 0 0 2249 0 0 0 257 39 0 0 0 0 0 0 65 0 731 211 142 75
 85 40 156 0 0 0 109 232 209 0 171 53 73 4 0 0 0 0 0 0 52 8 50 0 27 2 121 33 0 0 0 2302 581 0 2 0 20 0 5 0 304 37 30 8
 895 29 3 0 0 0 507 427 563 72 71 21 124 71 0 183 191 416 240 49 74 15 107 0 74 9 20 0 148 0 375 0 135 0 0 0 0 0 0 0 0 1 0 24
 236 196 0 0 0 0 215 244 329 420 620 46 0 285 52 60 47 149 93 9 225 27 320 75 111 6 422 31 2941 175 776 51 46 175 965 41 0 6 213 12 2037 507 138 73
 522 54 5 0 0 0 310 176 63 27 199 0 0 206 18 45 23 97 45 0 0 23 84 0 52 0 541 0 2320 0 1432 0 200 0 32424 0 740 0 76 0 1092 308 65 60
 436 741 18 0 0 0 1468 1060 0 1356 2450 357 508 1879 78 192 213 0 0 53 0 81 695 1535 355 0 8732 0 12646 0 707 44 114 0 7786 8365 6443 0 1026 0 1526 1262 697 0
 0 30 5 0 0 0 54 37 0 0 71 24 29 49 7 13 2 71 2 0 7 12 22 0 19 0 0 0 4027 0 39 0 11 20 0 0 6 0 16 0 0 100 60 27
 1 3 13 0 0 0 16 8 0 2 12 2 27 6 0 2 0 5 0 1 0 0 7 0 3 0 3 4 14 0 30 0 1 0 15 11 4 0 9 0 315 167 10 0
 0 1 0 0 0 0 1 0 0 0 9 0 0 0 0 0 0 0 0 1 0 0 0 0 0 0 0 0 0 0 0 0 9 0 0 0 0 0 63 0 18882 41 10 0
 21 14 5 0 0 0 48 9 0 47 56 11 38 29 1 0 0 0 10 4 0 4 14 46 10 1 41 12 219 0 22 2 7 0 78 71 179 0 16 0 0 0 6 1
 0 0 0 0 0 0 157 0 0 0 0 0 0 0 0 0 0 0 0 9 0 0 0 0 0 0 0 0 0 0 0 0 20 0 0 0 44 0 0 5 865 66 0 0
 0 0 0 0 0 0 0 0 0 0 0 0 0 0 0 0 0 0 0 0 0 0 0 0 0 0 0 0 0 0 0 0 0 0 0 0 0 0 0 0 0 0 0 0
 0 0 0 0 0 0 0 0 0 0 0 0 0 0 0 0 0 0 0 0 0 0 0 0 0 0 0 0 0 0 0 0 0 0 0 0 0 0 0 0 16653 0 0 0
 0 0 0 0 0 0 0 0 0 0 0 0 0 0 0 0 0 0 0 0 0 0 0 0 0 0 0 0 0 0 0 0 0 0 0 10 0 31 102 0 3500 0 17 0
