44
 20428 150 13 0 0 0 0 0 0 0 0 0 0 0 0 16029 10003 12266 2483 1379 2524 0 1831 370 80 43 0 0 0 2587 0 0 0 0 0 0 1001 0 173 0 1242 100 392 59
 0 703 7155 0 4291 0 0 0 0 0 0 0 0 0 0 6 1 20 0 0 0 0 0 0 0 0 0 0 0 0 0 0 0 0 0 0 0 0 0 0 156 4 3 2
 0 0 76 0 612 0 6864 204 387 0 47 0 17 9 0 6 2 48 0 1 13 0 12 0 3 0 0 0 48 0 0 0 0 0 0 0 0 0 6 0 124 12 6 4
 2098 14 127 24967 5772 0 738 1542 2281 341 483 99 560 448 75 319 189 673 302 34 717 99 476 517 226 26 2266 345 2745 387 2287 2053 250 393 226 696 32 19 263 30 1741 247 231 93
 656 0 0 0 4561 0 3217 1824 3064 118 643 28 742 866 98 266 237 766 267 18 765 32 517 1007 592 22 923 301 1161 520 290 0 71 616 299 506 2695 27 197 54 850 1232 786 106
 0 0 0 0 0 0 0 0 0 0 0 0 0 0 0 0 0 0 0 0 0 0 0 0 0 0 0 0 0 0 0 0 0 0 0 0 0 0 0 0 0 0 0 0
 13 252 0 0 0 0 72606 86 197 21465 2474 632 4977 3522 1506 3 0 0 0 0 26 17 0 0 66 502 2994 0 0 0 0 0 0 0 0 0 0 0 0 0 0 170 0 0
 481 29 0 0 0 0 0 7806 968 228 0 133 1112 859 13 130 69 495 656 0 0 7 0 0 0 139 20917 0 0 0 0 0 0 0 0 0 0 0 282 0 591 189 267 65
 1701 476 0 0 0 0 0 0 34044 0 536 32 1157 1861 220 136 0 0 0 0 4464 194 762 0 6072 90 285 202 0 93 0 0 0 0 0 532 57 13 1132 10 6715 895 1652 44
 1017 808 43 0 0 0 0 0 1500 10127 10040 528 3389 7168 1263 472 220 739 348 48 411 224 1139 0 0 67 18224 0 0 0 0 11 0 0 0 0 36 0 36 0 3131 189 89 28
 792 475 0 0 0 0 0 6 0 0 15382 0 0 713 1070 38 16 62 0 0 250 0 0 0 0 3 879 0 0 0 0 0 0 0 0 0 0 0 0 0 691 30 3 1
 28 16 46 0 0 0 0 0 0 0 194 2464 0 607 137 21 3 27 18 0 8 0 0 0 0 2 0 87 459 0 0 0 0 0 115 0 0 0 312 0 1900 299 217 8
 91 161 0 0 0 0 0 0 0 0 3394 621 16171 4244 487 9 0 0 0 0 0 0 0 0 0 11 3781 381 0 0 0 0 0 58 301 0 0 0 57 0 508 80 120 27
 87 82 0 0 0 0 0 0 0 0 0 0 0 13637 67 2 1 0 0 0 0 0 0 0 0 0 0 2212 0 0 1491 0 0 0 0 0 0 0 9 0 3124 12 7 2
 68 103 0 0 0 0 0 0 0 0 0 0 0 0 1412 0 0 0 0 0 0 0 0 0 0 0 0 125 0 0 0 1001 0 0 0 0 0 0 0 0 1649 0 0 198
 0 0 0 0 0 0 0 0 0 0 0 0 0 0 0 1754 0 46 0 0 240 279 0 0 0 7 0 0 0 1241 0 0 0 0 0 0 0 0 42 32 544 171 367 81
 0 0 0 0 0 0 0 0 28 0 0 0 0 0 0 0 1391 1914 0 0 0 0 0 0 0 0 0 0 0 818 0 106 0 0 0 0 0 0 95 189 128 25 411 183
 0 0 0 0 0 0 11 0 247 0 0 0 14 19 0 0 0 15992 877 0 0 4 0 0 0 0 0 0 0 4012 0 336 0 0 0 53 0 0 274 63 1004 136 778 255
 0 12 11 0 0 0 53 0 565 0 5 0 55 21 3 12 0 0 2793 0 0 5 0 0 0 1 0 0 0 4675 0 114 0 0 0 224 0 11 3 0 17 336 21 796
 0 7 0 0 0 0 33 15 1 0 32 0 34 20 0 10 2 6 1 359 9 2 4 0 0 0 15 0 228 1156 0 11 0 0 17 0 10 0 0 0 0 0 0 1
 0 0 0 0 0 0 0 64 0 0 0 0 128 400 30 0 3 37 27 0 17622 1 484 0 860 0 69 155 0 0 0 0 0 0 38 0 0 3 180 60 1459 364 409 158
 19 13 6 0 0 0 0 0 0 0 12 55 4 45 5 0 0 0 0 0 0 1138 0 0 0 6 6 85 0 0 0 0 0 0 0 0 0 0 74 0 655 43 44 7
 0 244 0 0 0 0 145 220 0 0 563 17 432 488 57 4 13 31 39 0 0 9 7493 211 0 44 8520 523 0 0 0 0 0 0 0 0 0 0 3 0 76 42 5 25
 0 157 23 0 0 0 344 1517 192 341 734 26 1251 546 23 305 320 1552 436 126 214 147 0 16624 139 38 684 0 3650 0 0 0 65 0 556 0 45 8 326 0 3466 1194 181 146
 0 69 0 0 0 0 0 241 0 477 1835 715 2515 3587 150 164 132 548 136 7 0 498 1130 0 3314 76 2861 393 493 0 102 0 0 0 0 0 0 0 318 0 924 628 311 19
 0 0 7 0 0 0 0 0 0 0 0 0 0 0 0 0 0 0 0 0 40 0 0 0 0 631 11 10 7 0 52 0 0 0 23 22 4 0 2 0 108 109 6 5
 359 572 631 0 0 0 0 0 0 0 0 26 0 24 43 25 8 62 23 0 0 0 0 0 0 0 3727 0 0 0 0 0 66 0 0 0 2059 0 106 0 1404 616 91 4
 418 39 8 0 0 0 4071 128 0 89 104 0 0 0 0 56 18 95 81 0 0 0 0 159 0 0 381 77 815 0 913 0 52 0 104 554 76 0 147 0 725 170 160 9
 3386 145 0 0 0 0 1637 1258 807 2119 1937 0 52 1802 312 1531 983 2910 553 0 1186 250 2159 0 0 0 3764 0 3566 0 309 214 0 0 0 0 0 0 621 0 3560 559 766 269
 0 106 4 0 0 0 548 77 0 385 345 32 952 251 32 0 0 0 0 0 0 52 230 830 123 13 128 57 1675 94 212 24 437 0 194 767 59 3 5 100 1620 10 23 144
 936 157 434 0 0 0 1239 1237 1571 309 706 100 284 0 28 350 241 956 227 16 469 14 1041 752 0 0 1971 0 0 0 211 37 0 0 0 0 0 0 90 0 651 186 133 65
 116 51 199 0 89 0 141 264 290 0 255 45 105 39 0 11 0 0 0 0 108 14 61 18 41 4 191 46 0 0 0 2305 754 0 11 0 24 1 13 0 376 46 38 8
 1767 283 10 0 0 0 471 625 873 126 128 35 176 112 0 234 221 548 337 54 134 27 154 0 95 11 0 0 418 0 481 0 273 0 0 0 0 0 0 0 411 1 0 34
 285 249 0 0 0 0 134 281 380 517 826 79 0 374 63 58 41 143 96 7 339 61 350 175 119 6 485 68 3098 199 484 43 386 80 0 366 0 10 314 19 2436 598 158 81
 546 68 15 0 0 0 223 177 77 58 262 0 0 232 21 41 18 82 41 0 0 24 80 0 48 0 533 0 2434 0 949 0 560 634 35723 0 818 0 111 0 1212 375 91 63
 486 1020 55 0 0 0 1087 1148 0 1779 3097 442 461 2188 89 185 184 0 0 30 568 100 696 1523 260 0 9091 0 12503 0 652 30 157 0 8384 9476 6806 0 1882 0 1884 1423 912 0
 0 35 8 0 0 0 37 38 0 0 92 26 32 56 7 11 2 58 0 0 15 12 21 0 20 0 0 0 4345 0 41 0 16 11 0 0 6 0 23 0 0 108 70 27
 0 3 20 0 0 0 9 5 0 3 12 2 23 5 0 1 0 2 0 0 0 0 4 0 0 0 2 3 16 0 29 0 1 0 14 8 3 0 11 0 315 169 10 0
 0 0 0 0 0 0 0 0 0 0 11 0 0 0 0 0 0 0 0 1 0 0 0 0 0 0 0 0 0 0 0 0 14 0 0 0 0 0 96 0 24120 49 11 0
 26 19 9 0 0 0 35 5 0 56 76 11 42 36 1 0 0 0 8 3 0 4 14 49 9 0 50 11 244 0 22 2 11 0 88 96 204 0 24 0 0 0 8 1
 0 0 0 0 0 0 91 0 0 0 0 0 0 0 0 0 0 0 0 1 0 0 0 0 0 0 0 0 0 0 0 0 0 0 0 0 187 0 0 7 1114 161 0 0
 0 0 0 0 0 0 0 0 0 0 0 0 0 0 0 0 0 0 0 0 0 0 0 0 0 0 0 0 0 0 0 0 0 0 0 0 0 0 0 0 0 0 0 0
 0 0 0 0 0 0 0 0 0 0 0 0 0 0 0 0 0 0 0 0 0 0 0 0 0 0 0 0 0 0 0 0 0 0 0 0 0 0 0 0 18128 0 0 0
 0 0 0 0 0 0 0 0 0 0 0 0 0 0 0 0 0 0 0 0 0 0 0 0 0 0 0 0 0 0 0 0 0 0 0 24 0 42 151 0 4224 0 18 0
