44
 13240 59 1 0 0 0 0 0 0 0 0 0 0 0 0 13511 7576 6281 1606 1291 1498 15 2018 633 137 0 0 0 0 680 0 1 0 0 0 0 681 0 0 0 235 24 87 32
 0 599 3806 0 3182 0 18 127 250 0 0 0 0 38 1 17 7 95 27 0 51 5 0 16 0 0 0 0 0 0 205 0 6 0 0 0 0 0 1 0 77 3 2 1
 0 0 36 0 0 0 2772 86 304 0 21 0 0 4 0 0 0 8 3 1 3 0 3 0 0 0 0 0 53 7 0 0 0 0 0 0 0 0 3 0 36 11 6 3
 955 13 51 8276 185 0 831 1043 1733 86 373 18 219 529 27 155 78 404 251 22 265 44 273 94 0 11 679 55 1874 27 2261 607 217 142 65 61 0 1 178 142 1048 189 178 57
 630 0 624 0 1641 0 2518 1187 1562 764 577 34 303 666 67 108 88 419 181 20 480 61 350 246 336 32 88 91 1772 259 0 46 37 84 157 41 121 4 88 144 620 363 236 93
 0 0 0 0 0 0 0 0 0 0 0 0 0 0 0 0 0 0 0 0 0 0 0 0 0 0 0 0 0 0 0 0 0 0 0 0 0 0 0 0 0 0 0 0
 18 0 0 0 0 0 49064 0 708 14561 7921 765 5401 4276 1206 3 0 0 0 0 35 14 172 0 170 1067 4569 0 0 0 0 0 0 0 0 0 0 0 0 0 67 110 0 2
 197 0 0 0 0 0 1093 5621 405 31 0 79 637 500 11 119 40 292 276 0 0 3 0 0 0 135 15622 0 0 0 0 0 0 0 0 0 0 0 122 0 320 80 99 70
 1138 0 0 0 0 0 0 0 15304 0 457 52 1241 1457 128 183 0 0 0 100 5026 222 855 0 3474 62 188 0 0 323 0 0 0 0 0 0 123 2 623 239 227 326 843 75
 461 293 52 0 0 0 0 0 555 6161 5048 433 2441 4283 471 408 122 652 226 107 275 199 1219 0 0 195 8306 131 202 0 0 44 0 0 0 0 319 0 15 0 1062 112 44 14
 1163 122 0 0 0 0 0 27 0 0 6825 0 0 187 600 37 11 48 20 0 243 9 0 0 0 0 1048 0 0 0 0 0 0 0 0 0 0 0 0 0 2956 9 2 14
 2 3 5 0 0 0 0 0 0 0 14 1284 0 307 74 8 2 14 13 2 6 0 0 0 0 0 22 41 0 0 0 0 0 0 8 0 0 0 97 0 288 88 81 4
 70 30 80 0 0 0 0 0 0 0 943 396 7714 1898 213 6 0 0 0 0 0 2 0 0 0 0 2299 214 0 0 0 0 0 43 106 0 8 0 19 10 274 32 38 15
 16 0 0 0 0 0 0 0 0 0 0 0 0 8645 0 4 1 0 0 0 0 0 0 0 0 0 0 2850 0 0 0 34 0 0 0 0 0 0 7 0 1294 3 6 2
 31 0 0 0 0 0 0 0 0 0 0 0 0 82 700 0 0 0 0 0 0 0 0 0 0 0 0 12 0 0 45 519 68 0 0 0 0 0 0 0 1604 0 0 27
 0 0 0 0 0 0 0 0 0 0 0 0 0 0 0 595 0 173 0 0 33 258 0 0 0 0 0 0 0 1431 0 2 0 0 0 0 0 0 35 0 146 114 112 42
 0 0 0 0 0 0 0 0 20 0 0 0 0 0 0 0 115 1022 4 0 0 0 0 0 0 0 0 0 0 803 0 42 0 0 0 0 0 0 60 22 90 10 151 78
 0 0 0 0 0 0 8 0 327 0 0 0 4 4 0 0 0 10733 751 7 0 6 0 0 0 0 0 0 0 3479 0 87 0 0 0 0 0 0 91 62 285 62 303 116
 0 0 0 0 0 0 20 0 140 0 0 0 15 4 0 6 0 0 1958 0 0 2 0 0 0 0 0 0 0 5470 0 7 0 0 0 0 0 0 0 0 6 20 2 1
 0 2 0 0 0 0 12 10 0 0 4 0 14 8 0 7 2 0 5 17 9 4 0 0 0 0 0 0 0 2283 0 0 0 0 0 0 1 0 0 0 5 0 0 1
 0 0 0 0 0 0 0 53 0 0 0 0 125 258 15 0 3 26 28 0 17765 0 1363 0 640 0 0 0 0 0 0 0 0 0 0 0 0 0 67 8 875 197 127 90
 0 0 2 0 0 0 0 0 0 0 0 53 0 26 2 0 0 0 0 0 64 1454 0 0 0 0 9 0 0 0 0 0 0 0 0 0 0 0 47 0 458 65 58 24
 0 77 0 0 0 0 0 82 0 0 153 24 282 339 41 52 12 39 41 4 0 15 8181 231 0 0 7071 84 0 0 0 0 0 0 0 0 0 0 8 0 171 12 47 36
 0 0 40 0 0 0 344 846 647 134 490 133 1015 380 23 305 201 1213 419 268 415 168 0 8905 128 52 684 0 5304 0 0 3 79 0 467 0 47 3 141 140 1401 400 106 241
 0 7 1 27 0 0 0 79 0 56 704 384 1462 2789 97 166 67 379 99 26 0 615 881 0 1801 93 1498 189 130 0 34 0 0 0 0 0 0 0 220 12 356 287 158 11
 11 3 2 0 0 0 0 0 0 0 17 22 17 41 8 25 9 48 16 7 13 4 19 0 0 530 121 27 262 0 28 8 0 0 14 0 0 0 2 6 99 85 4 6
 332 249 36 0 0 0 0 0 0 0 0 0 0 12 62 65 5 203 125 81 32 0 0 0 0 0 603 0 0 0 0 3 0 0 0 0 5867 0 17 0 3002 295 93 181
 221 23 20 0 0 0 4113 95 9 0 139 0 0 0 0 56 14 88 60 13 3 4 0 192 0 0 165 148 786 0 1124 47 27 0 58 0 85 1 116 144 605 33 69 10
 2231 95 0 0 0 0 2777 1438 1595 0 2214 148 2390 2772 276 1587 616 2585 793 72 1741 556 935 0 0 0 2248 0 2195 0 0 108 0 0 0 0 0 0 401 0 2005 2006 556 336
 0 34 0 0 0 0 327 21 0 10 308 25 349 310 17 0 0 0 0 0 56 26 177 47 55 1 122 50 3358 0 46 9 174 0 48 0 63 0 0 38 143 0 0 200
 400 0 35 0 53 0 1767 712 859 309 309 30 124 11 0 253 167 563 189 29 198 18 221 180 0 0 992 0 2544 0 398 155 0 0 0 0 0 0 53 43 358 93 59 55
 0 3 3 0 0 0 55 67 112 0 47 15 54 0 0 0 0 0 0 6 24 11 44 0 9 0 0 0 0 0 0 707 0 0 14 0 1 0 9 8 158 18 1 11
 744 0 3 0 0 0 236 266 557 4 43 18 171 46 0 177 96 344 206 59 86 20 93 0 45 9 6 0 99 0 80 660 204 0 0 0 0 0 0 0 278 1 1 15
 156 81 0 0 0 0 93 143 210 323 333 53 0 171 34 55 31 117 69 9 310 72 269 11 83 23 276 57 3278 249 138 33 165 106 612 195 0 0 113 156 710 178 60 40
 180 24 2 0 0 0 115 110 43 33 84 0 0 152 12 41 16 90 49 17 43 21 106 0 36 0 165 0 977 0 334 0 113 0 17065 0 797 0 40 0 249 59 15 31
 211 100 60 0 0 0 573 413 151 392 679 112 497 467 44 142 84 164 228 73 275 84 343 335 118 9 2689 1 7176 216 144 3 133 0 3348 2237 3709 2 207 631 1566 320 177 174
 0 19 4 9 0 0 51 39 0 0 71 25 0 47 10 19 3 90 13 0 49 16 41 0 22 1 0 0 141 0 20 0 15 28 0 0 0 1 19 0 138 53 38 22
 2 1 1 0 0 0 6 7 0 2 5 0 5 5 0 3 0 5 1 1 0 0 7 0 0 0 6 0 40 13 17 0 2 0 16 0 0 0 6 6 82 22 4 2
 480 0 0 0 0 0 1 0 0 0 6 0 0 0 0 0 0 0 4 1 0 0 0 0 0 0 0 0 0 1 0 0 9 0 0 0 0 0 0 0 62 18 5 0
 35 17 6 0 0 0 104 68 0 40 110 12 0 82 9 17 0 0 38 11 0 4 51 0 0 0 568 0 937 0 0 0 10 0 531 0 768 0 35 37 223 45 28 27
 0 0 0 0 0 0 0 0 0 0 0 0 0 0 0 0 0 0 0 0 0 0 0 0 0 0 0 0 0 0 0 0 0 0 0 0 0 0 0 0 0 0 0 0
 0 0 0 0 0 0 0 0 0 0 0 0 0 0 0 0 0 0 0 0 0 0 0 0 0 0 0 0 0 0 0 0 0 0 0 0 0 0 0 0 0 0 0 0
 0 0 0 0 0 0 0 0 0 0 0 0 0 0 0 0 0 0 0 0 0 0 0 0 0 0 0 0 0 0 0 0 0 0 0 0 0 0 0 0 0 0 0 0
 0 0 0 0 0 0 0 0 0 0 0 0 0 0 0 0 0 0 0 0 0 0 0 0 0 0 0 0 0 0 0 0 0 0 0 0 0 0 0 0 0 0 0 0
