44
 10285401 28713 0 0 0 0 0 0 0 0 0 0 0 0 0 14186063 7272721 5383645 1060146 1230221 1419197 57232 1519778 298762 70916 14488 0 0 0 1008872 0 13527 0 0 0 0 184971 0 0 0 375663 27146 31589 47998
 0 404519 1987034 0 1973967 0 61877 114482 120670 0 0 0 0 16392 1937 7027 4997 46829 17406 0 29027 7686 0 36409 0 779 0 0 0 0 1016 0 2355 0 0 0 0 0 1249 0 135603 23348 3481 1740
 9990 0 27737 0 0 0 1756220 60648 126371 38822 4200 0 0 3766 1806 216 183 6483 1848 453 12734 0 2683 0 1266 0 9505 0 12489 7145 0 0 0 0 0 0 0 0 2260 0 53744 4981 4300 820
 807674 8828 27556 10303237 1204090 0 659963 943274 1364203 156447 193298 39453 166548 289402 71212 107801 94782 482865 168600 23518 289304 38300 161843 218721 58512 69963 1285045 89283 1630909 154357 1681984 1156199 0 68464 190810 136696 9618 0 281032 80495 798671 182071 63645 46766
 485417 0 227588 0 1133446 0 1756799 774882 1335580 361148 273521 54193 0 355740 113653 74716 69429 369840 97785 19722 432992 57550 193272 260283 233927 21750 0 61183 1391506 261778 49909 68321 18751 2357 44602 0 133462 0 106057 62237 852945 245949 82383 40160
 0 0 0 0 51228 37089 0 0 2 2 0 0 0 0 0 0 0 0 0 0 0 0 0 0 0 0 0 0 0 0 11 0 0 0 0 0 0 0 0 0 0 34022 0 0
 212304 0 0 0 0 900 24768706 0 271483 8610233 5017545 451986 3967153 3254752 1129166 20584 25009 69418 22763 8950 16252 4987 110116 0 111337 634175 3950164 0 0 0 0 0 0 0 0 0 0 0 21342 0 97320 31992 0 715
 246224 0 0 0 0 0 422573 3146146 313025 17596 0 58116 430761 341577 45085 66428 42755 200320 247719 0 0 4139 0 0 0 47008 12358917 0 0 11854 0 0 0 0 0 0 0 0 46449 0 224038 40203 28924 20039
 2109494 0 0 0 0 0 0 0 10874594 0 138360 41429 798862 662762 122576 25425 22079 0 0 44955 3387492 261251 524605 0 2733886 133575 839851 2453 0 87632 0 0 0 0 0 0 3404 0 709606 305367 852985 171430 256882 35808
 227922 118279 0 0 0 0 0 0 181414 3515297 3981334 345948 1743910 3313323 769072 247583 144038 606216 187279 46681 259588 130388 499123 0 0 105688 4622869 0 0 83861 0 0 0 0 0 0 104262 0 22564 0 689228 66479 12031 8625
 622216 217812 0 0 0 0 0 190228 0 0 3960080 0 0 306615 745047 37148 22168 113761 54922 8885 238165 5857 0 0 0 0 1693702 191379 0 0 0 0 0 0 0 0 0 0 1380 0 1377647 25479 546 4024
 1526 1022 1687 0 0 0 0 0 0 0 110434 611347 0 193611 112626 3024 1896 8002 4382 1378 0 0 0 0 0 0 34625 18266 0 0 0 0 0 0 0 0 0 0 84535 9171 397007 46752 26150 2175
 36661 47823 22082 0 169002 0 0 0 0 0 428385 456948 4600451 1108725 579839 5308 2719 10054 0 0 0 0 0 0 0 0 2065910 393979 0 0 0 0 0 273461 0 0 0 0 20165 1416 899127 72111 12837 4867
 17786 0 0 0 0 0 0 0 0 0 0 0 0 5015647 0 2396 2804 3554 1274 0 0 0 0 0 0 0 0 2508357 0 0 0 0 0 0 0 0 0 0 1926 0 1014142 1800 1639 246
 67704 0 0 0 0 0 0 0 0 0 0 0 0 33944 1018952 0 290 77 0 0 0 0 0 0 0 0 0 22533 0 0 371011 698845 6868 0 0 0 0 0 13 0 2744445 5054 0 8719
 0 0 0 0 0 0 0 0 0 0 0 0 0 0 87 1701412 0 112284 514 0 19984 570380 0 0 0 2000 0 0 0 1257817 0 24077 0 0 0 0 0 0 152348 0 249393 42766 35240 41933
 0 0 0 0 0 0 0 0 0 0 0 0 0 0 0 23315 163629 937039 3919 0 0 0 0 0 0 0 0 0 0 436637 0 17816 0 0 0 0 0 0 72994 5598 180357 8285 43427 33387
 0 0 0 0 0 0 0 0 130170 0 0 0 0 0 0 0 0 8505108 489158 1905 0 2000 0 0 0 0 0 0 0 2062220 0 0 0 0 0 0 0 0 134139 0 337662 27775 86080 56397
 0 0 0 0 0 0 0 0 41892 0 0 0 2653 0 126 0 0 0 637009 0 0 606 0 0 0 0 0 0 0 3010821 0 9661 0 0 0 0 0 0 13580 0 51151 8423 726 8200
 0 333 0 0 0 0 0 1803 0 0 0 0 3229 2152 27 1979 600 0 1353 43725 0 1106 0 0 0 0 0 0 0 622673 0 1152 0 0 0 0 0 0 0 0 10761 20 0 206
 0 0 0 0 0 0 0 52542 0 0 0 16096 67805 240611 50598 0 2681 17244 10436 1514 14747476 17064 650686 0 202627 14568 143536 0 0 0 0 0 0 0 0 0 0 0 98625 25124 450760 76876 36322 30635
 0 0 460 0 0 0 0 0 0 0 0 18308 3559 42523 2690 0 0 0 0 0 0 1349408 0 0 0 0 0 12636 0 0 0 0 0 0 0 0 0 0 13342 14084 175597 20968 15847 7045
 0 62478 0 0 0 0 0 23307 0 0 23529 28304 183521 166870 141881 32504 19680 81377 98672 5354 0 8722 4381253 16377 0 4625 5138031 0 0 0 0 0 0 0 0 0 16919 0 32331 0 284690 70546 17498 16018
 0 0 10010 0 0 0 80010 444755 389358 118852 186334 95889 469351 173023 42289 186559 213754 1114773 255118 278256 377208 139400 0 8509671 69470 84946 407188 0 2558691 7549 0 23323 0 0 1549269 647493 6068 153856 327383 178468 1167363 292669 47553 108188
 0 9005 0 0 0 0 0 62395 0 49389 408786 189907 833316 1803320 122665 83035 89128 300334 123520 14126 0 296529 401134 0 759407 105625 1031208 358980 250109 0 251751 33680 0 0 11876 0 0 0 95470 7322 174249 83731 46478 4010
 0 0 526 0 0 0 0 0 0 0 16129 8682 4219 31929 18543 0 2524 12180 5880 2268 0 7041 0 0 0 419423 52204 6635 44005 0 0 0 0 0 521015 0 0 9042 28654 52094 136035 47364 2211 20527
 387526 141684 0 0 360985 0 0 0 0 0 0 0 0 53411 86571 36373 18226 131460 79337 25874 0 7212 0 0 0 0 265476 0 0 27493 0 0 0 0 0 0 2642451 0 115090 0 2672930 275039 54088 114788
 355124 7802 7064 0 0 0 2490416 179536 0 18201 0 0 0 0 0 38618 28442 133990 42393 5239 264573 0 12026 265504 0 0 243166 91380 473528 0 798516 22835 51083 0 0 16732 50670 14601 194377 100732 231618 18607 24753 5241
 1745152 36836 0 0 0 0 1320197 517757 592101 389262 1187553 111977 845929 1155467 184474 1001424 259771 1458786 312264 44362 967853 319880 392143 0 0 0 1766468 0 1812696 0 0 63767 0 0 0 0 0 13320 335480 0 1104734 567577 165730 90779
 0 4686 0 0 0 0 116591 0 0 0 90420 12758 108662 114784 14856 0 0 0 0 0 17894 12772 24720 0 15046 981 0 8398 744476 101964 0 38830 43028 0 31361 0 0 4306 34625 0 116792 16274 2554 60836
 355098 0 79405 0 0 0 994201 871531 742403 422132 262766 31483 29295 52292 0 193999 160745 568330 182276 31893 248210 47211 177189 253306 0 14373 1304830 0 4162593 19060 654166 61930 0 32640 0 0 0 1026 58846 52649 524194 85075 24924 41455
 0 907 1796 0 0 0 63504 27101 92134 7996 30729 7230 32418 20833 0 0 0 2230 0 0 37721 9268 31648 0 0 1257 4026 0 0 0 0 735029 0 48852 0 0 0 4310 29681 3922 166705 9147 1062 5264
 256915 0 11976 6346 0 0 233230 243695 229867 61671 68665 15271 67325 81926 0 60544 33794 173020 79846 19247 86792 15781 54764 373406 19606 22549 126602 0 800337 0 430031 879977 454510 0 0 0 0 0 0 0 104771 5364 974 5010
 86066 27689 1300 0 0 0 49600 81308 231083 187460 213679 26729 0 119032 42904 34069 33011 123832 59569 7880 164347 33909 109020 123208 51878 7317 109897 43170 1713461 159377 0 0 93232 309001 1280513 285711 0 7607 88825 131846 876420 117866 29397 35455
 328779 21401 11986 0 0 0 744145 263729 709848 300270 836645 69127 133515 115221 204784 162949 81248 551372 332386 157207 414829 70717 159944 0 0 0 566076 18408 1088306 0 347431 2617576 49337 0 17158894 0 237924 0 51305 0 1389897 56577 16131 15338
 205742 31607 21020 0 52614 0 277010 243759 753731 241063 467870 142226 432911 363910 228128 90122 102194 412648 251950 70444 388818 80085 169324 0 154059 45230 2892981 0 2640262 34886 65169 53417 92740 0 2606966 1536818 1248126 104279 157026 205791 1850122 296283 93561 78184
 0 5206 1168 0 0 0 19483 30844 0 0 48295 20266 20381 27522 15449 7464 6003 56147 7477 82 75818 26227 0 0 13601 8689 0 0 658072 126891 27026 3790 47105 13945 0 0 180 21519 104341 0 205866 70268 16483 12312
 208 794 2434 221 2945 866 19757 1330 87673 6035 5871 17471 15005 15064 87974 1372 1009 6993 523 2036 4722 2173 2947 0 24675 0 2550 0 0 0 0 0 520 0 17030 0 0 6267 3573 4152 461693 141094 1093 546
 152307 0 0 0 0 0 0 0 0 0 0 0 0 0 0 0 0 0 0 233 0 0 0 0 0 0 0 0 0 0 0 0 1468 0 0 0 0 0 8547 0 287740 67848 7848 3421
 9733 5714 1639 0 0 0 45620 39338 0 21928 16714 0 0 55429 7845 891 0 9964 26227 4975 0 0 12061 0 0 0 197898 0 268744 7097 0 0 8079 0 191159 0 111377 0 39877 460208 529510 78899 34233 18388
 0 0 0 0 0 0 0 0 0 0 0 0 0 0 0 0 0 0 0 0 0 0 0 0 0 0 0 0 0 0 0 0 0 0 0 0 0 0 0 0 21258 0 0 5565
 0 0 0 0 0 0 0 0 0 0 0 0 0 0 0 0 0 0 0 0 0 0 0 0 0 0 0 0 0 0 0 0 0 0 0 0 0 0 0 0 0 2762 0 0
 0 0 0 0 0 0 0 0 0 0 0 0 0 0 0 0 0 0 0 0 0 0 0 0 0 0 0 0 0 0 0 0 0 0 0 0 0 0 0 0 0 0 0 0
 0 0 0 0 0 0 0 0 0 0 0 0 0 0 0 0 0 0 0 0 0 0 0 0 0 0 0 0 0 0 0 0 0 0 0 0 0 0 0 0 0 829 1349 1248
