44
 3040969 63 0 0 0 0 0 0 0 0 0 0 0 0 0 2918880 858288 2743217 143081 137654 267371 51968 239724 57343 0 19882 1658 0 0 530959 0 10417 221 0 0 0 0 566 0 7207 78255 10692 57813 32645
 0 0 499410 0 27380 0 3922 5647 1104 599 0 39 0 24 94 0 0 155 118 20 16 17 44 47 348 0 0 0 322 492 3956 242 0 0 244 170 0 201 49 0 1614 747 575 0
 0 0 4161 0 0 0 465140 7482 7194 14915 0 0 0 52 520 3 3 4822 7 0 0 13 0 0 77 0 0 0 0 4831 0 0 0 0 0 0 0 0 0 0 2657 237 1409 0
 170437 285 1019 6745583 872470 0 114778 327740 1033643 31090 86560 5212 27918 62139 11401 8791 19769 121480 23284 1301 99955 14393 43985 61422 46265 4177 221082 30519 674026 112681 604972 369922 71691 3552 0 274279 0 8558 62821 85482 155368 37457 98510 22518
 100788 0 58375 0 883005 0 586133 315799 459254 54918 49053 10888 0 55806 23810 19573 16601 136506 9456 1324 152069 11983 56320 89316 57535 12128 0 10655 298426 101738 40221 6026 4780 0 0 25135 60640 332 16661 40582 76892 15101 23810 6649
 0 0 0 0 10359 0 0 0 2 1 0 0 0 0 0 0 0 0 0 0 0 0 0 0 0 0 0 0 0 0 140 0 0 0 0 0 0 37 0 0 0 1187 0 0
 10764 0 0 0 0 0 3544418 0 0 1976160 1184677 49150 772949 564107 242760 7930 5632 103140 11047 1551 0 0 20060 0 16415 483629 913378 0 0 0 0 0 0 0 0 0 0 0 0 0 36782 1163 0 0
 2700 0 0 0 0 0 26320 938503 114168 0 0 19636 49531 84687 13542 884 1577 75570 67954 0 585 8543 0 0 0 20378 3069242 0 0 0 0 0 0 0 0 0 0 0 1208 0 19867 3490 5871 219
 521360 0 0 0 0 0 39575 0 3212827 33740 47670 3793 97216 79118 20931 0 0 69413 37977 3781 845650 100653 178040 0 1052496 28910 216689 1088 0 0 0 0 0 0 0 0 0 0 66695 58879 71172 7230 314190 14882
 13620 0 0 0 0 0 0 10566 0 659745 1189884 82295 269875 553340 169129 7723 1849 64550 14376 0 9447 23160 13377 0 0 55165 525975 93183 0 0 0 0 0 0 0 0 0 0 280 0 79576 6208 0 0
 23 695 2023 0 0 0 0 32708 0 0 615730 16194 0 104945 126466 3466 3552 12581 1413 487 11100 3603 0 0 0 2295 169342 201480 0 0 0 0 0 0 0 0 0 0 0 0 101421 0 0 0
 0 0 590 0 0 0 0 0 0 0 0 46024 0 61065 27284 0 0 3348 0 0 0 0 0 0 0 0 41167 30049 0 0 0 3481 0 3164 0 0 0 0 3179 5627 21886 1468 13456 0
 2356 175 2989 0 78839 0 0 0 0 0 55969 55174 556323 218121 77501 2255 2037 10668 1108 634 6936 3371 0 0 0 2159 417053 217114 0 0 0 0 0 403 0 0 0 0 400 3624 174444 4759 7555 0
 0 0 0 0 0 0 0 0 0 0 0 0 0 743475 0 0 0 0 0 0 0 0 0 0 0 0 0 668678 0 0 0 0 0 0 0 0 0 0 0 0 60000 0 0 0
 12144 0 0 0 0 0 0 0 0 0 0 0 0 0 138075 0 0 0 0 0 0 0 0 0 0 0 0 43539 0 0 2337 109726 0 0 0 0 0 0 0 0 208937 0 0 0
 0 0 0 0 0 0 0 0 34114 0 0 0 0 0 0 280476 4471 39700 0 0 1837 335688 40 0 0 11669 0 0 0 471176 0 22005 0 0 0 0 0 0 4999 0 40759 6779 54356 14422
 0 0 0 0 0 0 0 0 1715 0 0 0 0 0 0 0 94960 64134 0 0 0 0 0 0 0 0 0 0 0 116888 0 930 0 0 0 0 0 0 1406 0 8099 2241 16299 5736
 0 0 0 0 0 0 0 0 0 0 0 0 0 0 0 0 0 2469380 69656 18 0 399 0 0 0 0 0 0 0 813762 0 0 0 0 0 0 0 0 4783 0 53174 7693 51798 9608
 0 0 0 0 0 0 0 0 0 0 0 0 0 0 0 0 0 0 22880 0 0 0 0 0 0 0 0 0 0 537052 0 0 0 0 0 0 0 0 125 0 2913 246 1353 1428
 0 0 0 0 0 0 0 0 0 0 0 0 0 0 0 0 0 0 0 0 0 0 0 0 0 0 0 0 0 0 0 724 0 0 0 0 0 0 0 0 0 0 0 0
 0 0 125 0 0 0 1713 0 0 0 0 1140 0 24436 502 0 1690 11239 129 242 4378815 0 50483 0 36403 0 15806 0 0 0 0 0 0 0 0 0 0 765 8646 4395 5543 1537 29781 14033
 0 0 0 0 0 0 0 0 0 0 0 890 0 1605 1580 0 0 0 0 0 5476 758017 0 0 0 547 0 16787 0 0 0 0 0 0 0 0 0 0 0 0 16745 1831 0 3158
 0 0 84 0 0 0 0 6860 0 0 32750 2909 43998 48500 54384 0 1743 7372 6300 297 0 4434 1640496 2260 0 19538 538227 0 90988 10578 0 1956 0 0 0 0 97017 1034 927 7854 21122 9116 6491 8506
 0 0 1581 0 0 0 3999 113713 77837 24915 65174 18210 85017 43777 16248 9810 52791 198163 38320 17394 79974 55058 0 2118300 14547 10055 22144 0 552434 0 0 21103 19241 0 58220 20548 0 7340 8558 56189 121800 72302 30846 51455
 21941 0 0 0 0 0 0 8242 0 22739 113818 27939 206614 450930 42243 3154 18496 81276 18057 1244 0 95910 136947 0 93453 39772 221486 53984 80242 1226 152683 0 0 0 0 0 0 0 3509 4526 33031 1166 38608 360
 0 0 0 0 0 0 0 0 0 0 0 21487 0 1094 1301 0 10 2953 189 112 2356 0 0 0 0 4863 1424 0 0 0 0 0 0 0 0 0 0 2067 2973 0 4696 3154 11434 17
 0 0 613 0 56573 0 0 0 0 0 0 0 0 15686 6428 2125 1604 36988 2004 434 0 8732 0 0 0 0 97702 0 0 22205 0 0 0 75815 0 0 736683 0 7463 0 408979 93110 97044 1026
 58956 14 2317 0 0 0 746705 84316 0 0 0 0 0 0 0 5390 6821 93474 17169 334 96177 0 13531 100307 0 4072 112241 3624 361101 31464 237844 9064 91646 35577 0 75735 128411 7246 16704 27930 66397 17045 50727 776
 416580 0 60 0 0 0 180316 103563 94014 128364 216786 39417 135581 142155 43878 179304 34173 251777 32789 1323 409762 152388 0 0 0 36850 168155 0 1220517 291066 0 11733 0 0 0 0 0 2273 16237 1838 107019 18162 56360 15937
 0 0 0 0 0 0 29240 3184 33061 20599 39738 3152 24918 34259 9406 0 0 0 0 56 14250 6332 0 5397 0 2488 0 0 0 0 0 4545 0 0 0 24849 0 0 0 48138 23415 17569 1783 137
 99911 0 22647 0 0 0 219797 145010 108344 76625 27045 5314 47790 12522 0 54869 37040 150328 22288 4981 99270 42113 48293 38568 0 16994 278862 0 84297 62425 146401 0 0 41913 0 23606 0 1859 9102 48316 64878 10308 30267 5093
 0 0 2542 0 0 0 11695 7373 24763 8576 11292 0 9319 12085 0 0 0 2072 1000 0 5343 1768 0 0 1402 1008 9728 0 0 0 2447 0 0 1672 0 0 0 122 0 0 24430 1877 1567 167
 0 10 0 0 0 0 41791 15437 52511 54472 98728 9162 17327 45587 9067 2495 2362 29435 7888 238 49120 7311 6418 0 971 1757 703 0 307062 10324 170609 513023 4548 0 0 0 0 0 763 0 14520 477 2743 198
 2250 20 129 0 4327 0 27938 21980 127501 25418 64070 0 0 40816 11959 9111 10803 49799 19478 101 25489 8018 3383 51763 7315 757 0 0 370765 48846 0 0 26063 25900 78520 21282 0 3512 1787 17581 81521 24741 15403 607
 152191 0 353 11687 8334 0 35691 60349 63404 69204 83702 7776 34702 24517 13332 16072 3277 83163 18881 2070 134041 32370 111401 0 31019 9187 157420 27007 273518 5941 56589 28412 19009 0 6216027 0 81869 5475 36951 0 78913 34720 21067 2530
 15976 0 828 0 0 0 78410 42700 232260 72429 107693 43952 111086 94672 49561 7003 10518 65303 18737 2508 72134 22002 19555 0 15129 7014 232125 0 249713 0 0 17407 46455 0 748897 49009 197883 38208 13337 65001 592507 49967 71397 5625
 1363 0 90 6419 0 0 5488 15490 23898 22176 15671 7498 12229 6882 2208 3670 3028 27628 2921 85 27338 4128 0 13588 6268 3154 0 0 824509 113124 41843 7446 6300 14039 0 0 0 8862 35730 138654 57962 47484 19152 0
 0 0 0 0 0 0 11156 356 98894 0 5494 24943 25716 19041 7483 0 0 1395 0 84 0 0 0 0 26558 0 12167 0 0 0 0 0 0 0 0 0 0 0 0 124 0 0 0 0
 33174 0 0 0 0 0 0 0 0 0 0 0 0 0 0 0 0 0 0 0 0 0 0 0 0 0 0 0 0 0 0 0 0 0 0 0 0 0 0 0 0 0 356420 0
 0 12 0 0 0 0 4607 4077 0 664 6525 0 0 6415 3439 5194 5774 33257 17407 767 0 329 0 0 0 2330 5685 0 0 0 0 2814 23158 0 27974 0 0 0 17126 128877 204721 25676 36382 0
 0 0 0 0 0 0 0 0 0 0 0 0 0 0 0 0 0 0 0 0 0 0 0 0 0 0 0 0 0 0 0 0 0 0 0 0 0 0 0 0 99499 0 12577 0
 0 0 0 0 0 0 0 0 0 0 0 0 0 0 0 0 0 0 0 0 0 0 0 0 0 0 0 0 0 0 0 0 0 0 0 0 0 0 0 0 9600 1250 23860 0
 0 0 0 0 0 0 0 0 0 0 0 0 0 0 0 0 0 0 0 0 0 0 0 0 0 0 0 0 0 0 0 0 0 0 0 0 0 0 0 0 0 0 0 0
 0 0 0 0 0 0 0 0 0 0 0 0 0 0 0 0 0 0 0 0 0 0 0 0 0 0 0 0 0 0 0 0 0 0 0 0 0 0 0 0 0 0 0 0
