44
 1144 0 0 0 0 0 0 0 0 0 0 0 0 0 0 4338 3014 563 46 247 108 0 73 20 0 0 0 0 0 51 0 0 0 0 0 0 0 0 0 2 38 3 0 0
 4 106 0 57 96 0 103 2 67 0 0 0 0 0 1 0 0 1 0 0 0 0 0 0 0 1 0 0 1 1 0 0 3 0 1 3 0 2 2 5 9 8 0 0
 0 0 0 0 0 0 0 0 0 0 0 0 0 0 0 0 0 0 0 0 0 0 0 0 0 0 0 0 0 0 0 0 0 0 0 0 0 0 0 0 0 0 0 0
 153 0 0 3997 1197 0 101 64 145 0 0 0 32 3 12 24 70 156 14 5 34 4 19 44 0 0 288 7 320 16 275 654 17 5 39 0 0 29 64 0 189 48 0 0
 27 0 0 0 498 0 117 105 297 24 15 3 0 10 26 17 26 102 15 3 56 5 22 56 18 7 34 17 153 69 84 5 24 11 49 2 0 6 53 29 161 61 0 0
 0 0 0 0 0 0 0 0 0 0 0 0 0 0 0 0 0 0 0 0 0 0 0 0 0 0 0 0 0 0 0 0 0 0 0 0 0 0 0 0 0 0 0 0
 21 0 0 0 0 0 1103 38 0 1309 591 9 718 149 363 1 3 15 0 2 0 1 4 0 4 12 554 0 0 0 0 0 0 0 0 0 0 0 5 0 39 0 0 0
 45 0 0 0 0 0 0 600 134 0 0 0 85 12 9 7 14 52 56 3 0 1 0 0 0 0 2642 0 0 0 0 0 0 0 0 0 0 19 11 0 89 14 0 0
 459 0 0 0 0 0 42 0 2650 0 23 0 159 47 39 5 28 0 24 12 577 51 42 0 456 2 466 22 0 0 0 5 0 0 0 0 0 28 211 17 82 31 0 0
 131 12 0 70 0 0 0 6 43 208 0 0 0 63 238 67 126 143 13 11 20 21 25 0 0 5 1505 41 0 5 33 2 12 14 2 0 13 1 17 4 81 51 0 0
 30 24 0 16 0 0 0 7 0 28 413 0 156 159 609 2 2 14 1 2 4 0 7 7 0 0 249 98 0 0 23 23 2 0 9 0 0 0 9 0 343 12 0 0
 2 0 0 0 0 0 0 0 2 0 8 281 1 2 7 0 0 1 0 0 0 0 0 0 0 65 0 9 0 0 0 0 1 0 0 0 0 2 2 2 22 2 0 0
 20 2 0 0 70 0 0 0 0 39 0 0 2184 135 113 2 2 14 1 0 0 0 0 0 0 34 550 134 0 0 29 0 1 0 0 0 0 0 17 0 211 13 0 0
 10 0 0 0 0 0 0 0 0 0 0 0 0 393 10 1 6 7 0 0 0 0 0 0 0 0 11 436 0 0 0 0 0 0 0 0 0 0 0 0 12 0 0 0
 23 0 0 0 0 0 0 0 0 0 0 0 0 0 308 0 1 1 0 0 0 0 0 0 0 0 0 1 0 0 96 153 14 0 0 0 0 0 0 0 346 2 0 0
 0 0 0 0 0 0 0 0 0 0 0 0 0 0 0 82 0 149 0 0 18 77 0 0 0 0 0 0 0 101 0 43 0 0 0 0 0 0 27 0 0 2 0 0
 0 0 0 0 0 0 0 0 0 0 0 0 0 0 0 57 13 332 2 0 0 0 0 0 0 0 0 0 0 68 0 33 0 0 0 0 0 0 19 0 2 2 0 0
 0 0 0 0 0 0 0 0 19 0 0 0 0 0 0 0 0 3190 170 0 0 2 0 0 0 0 0 0 0 166 0 24 0 0 0 0 0 0 46 0 8 3 0 0
 0 0 0 0 0 0 0 0 0 0 0 0 0 0 0 0 0 0 99 0 0 0 0 0 0 0 0 0 0 432 0 37 0 0 0 0 0 0 2 0 15 0 0 0
 0 0 0 0 0 0 0 0 0 0 0 0 0 0 0 0 0 0 0 126 0 0 0 0 0 0 0 0 0 0 0 32 0 0 0 0 0 0 0 0 12 0 0 0
 0 1 0 0 0 0 0 4 0 0 0 0 20 25 7 0 6 21 1 7 2875 24 74 0 0 0 0 0 0 2 0 5 7 0 0 0 0 0 25 0 19 14 0 0
 4 0 0 0 0 0 0 0 0 0 0 0 1 5 1 0 0 0 0 0 0 146 14 0 0 0 0 3 0 0 0 0 0 0 0 0 0 0 0 0 3 1 0 0
 0 2 0 0 0 0 0 13 0 0 0 0 7 12 137 5 3 40 12 7 0 0 574 0 0 0 1432 0 0 0 4 0 2 0 0 0 0 0 1 0 44 22 0 0
 0 1 0 0 0 0 9 13 149 49 0 5 103 8 16 50 76 342 26 56 66 13 15 2328 0 14 81 0 651 23 0 5 16 0 173 0 0 31 42 0 182 121 0 0
 48 3 0 0 0 0 0 3 0 28 21 0 49 52 20 12 22 76 5 14 23 23 66 26 125 0 177 6 57 2 116 9 4 3 0 0 0 8 26 1 19 2 0 0
 2 0 0 0 0 0 0 0 0 0 28 0 0 4 6 0 0 2 1 0 7 1 4 0 0 128 5 0 0 1 5 1 2 2 0 0 0 2 30 5 18 12 0 0
 149 8 0 0 0 0 0 0 0 0 0 0 0 0 16 17 15 61 8 3 13 6 0 0 0 0 0 0 0 0 0 0 17 0 0 0 798 14 70 0 604 129 0 0
 102 0 0 0 0 0 180 24 0 0 0 0 0 0 0 15 26 49 6 2 36 0 12 67 0 0 55 8 120 0 254 7 0 7 21 0 0 4 14 14 74 1 0 0
 344 0 0 0 0 0 83 195 106 16 96 11 71 4 56 119 57 559 41 27 203 26 110 0 0 7 694 0 1222 20 0 174 0 0 0 0 0 8 47 0 79 15 0 0
 0 0 0 0 0 0 4 0 6 0 6 1 16 2 4 0 0 0 0 2 0 2 7 0 0 0 5 3 0 0 13 81 0 0 25 0 0 1 6 0 62 17 0 0
 13 2 0 0 0 0 1 15 12 0 0 1 0 3 0 9 43 46 5 2 3 3 0 17 0 0 5 0 2549 0 601 1 4 0 0 0 0 4 7 0 100 35 0 0
 2 1 0 0 0 0 1 2 0 0 0 0 6 1 0 0 0 0 0 0 0 1 2 0 0 0 1 0 0 0 0 1095 0 0 0 0 0 1 2 0 22 2 0 0
 10 0 0 0 0 0 0 0 1 0 0 0 0 0 0 0 4 14 0 0 0 0 0 0 0 0 0 2 740 8 0 200 35 0 0 0 0 0 1 0 0 1 0 0
 40 1 0 0 0 0 11 12 8 0 3 1 7 4 9 13 9 37 8 4 18 4 10 57 0 0 38 0 290 14 18 105 65 25 222 16 0 15 33 20 141 17 0 0
 78 0 0 0 0 0 27 13 27 0 0 0 26 6 17 5 11 35 9 4 24 3 12 0 3 2 5 0 45 0 31 13 11 0 3645 0 39 0 0 0 45 2 0 0
 89 0 0 60 0 0 11 12 86 20 12 2 26 10 23 7 14 42 5 3 33 7 19 136 7 2 163 7 283 46 41 20 19 0 158 31 13 8 40 48 253 47 0 0
 0 0 0 0 0 0 0 0 0 0 0 0 0 0 0 0 0 0 0 0 0 0 0 0 0 0 0 0 0 0 0 0 0 0 0 0 0 0 0 0 0 0 0 0
 1 0 0 0 0 0 3 0 0 0 1 0 7 1 4 2 3 13 1 1 12 2 0 0 0 0 0 0 0 0 0 0 0 0 0 0 0 9 7 0 420 8 0 0
 55 0 0 0 0 0 0 0 0 0 0 0 0 0 0 0 0 0 0 0 0 0 0 0 0 0 0 0 0 0 0 0 0 0 2 0 0 0 0 0 32 195 0 0
 0 0 0 52 0 0 1 2 0 0 7 0 9 10 20 1 5 44 15 3 16 3 1 18 0 0 116 0 62 17 2 7 6 0 41 0 0 6 73 58 266 138 0 0
 0 0 0 0 0 0 0 0 0 0 0 0 0 0 0 2 0 0 0 0 0 0 0 0 0 0 0 0 0 0 0 0 21 0 0 0 12 0 0 0 45 0 0 20
 0 0 0 0 0 0 0 0 0 0 0 0 0 0 0 0 0 0 0 0 0 0 0 0 0 0 0 0 0 0 0 0 0 0 0 0 6 0 0 0 0 10 0 0
 0 0 0 0 0 0 0 0 0 0 0 0 0 0 0 0 0 0 0 0 0 0 0 0 0 0 0 0 0 0 0 0 0 0 0 0 0 0 0 0 0 0 0 0
 0 0 0 0 0 0 0 0 0 0 0 0 0 0 0 0 0 0 0 0 0 0 0 0 0 0 0 2 28 10 0 0 0 0 0 0 0 0 0 0 0 3 0 0
