44
 13973 156 0 0 0 0 0 0 0 0 0 0 0 0 16 39892 10535 2170 2902 2484 6721 837 2370 672 0 38 0 0 0 2556 0 0 0 0 0 0 0 0 0 0 326 117 0 0
 0 638 7782 0 1025 0 0 0 0 0 0 0 0 2 0 7 0 53 8 1 7 0 0 0 1 0 0 15 0 15 0 0 0 9 0 0 0 0 15 0 178 502 0 0
 0 0 32 0 0 0 10106 312 26 72 0 0 0 0 28 1 0 20 3 0 2 0 0 0 0 1 194 0 0 0 0 0 0 0 0 0 0 0 0 0 77 50 0 0
 888 58 36 27228 2853 0 1227 1800 2299 313 83 8 127 193 71 200 223 808 276 22 625 41 317 552 117 10 1944 221 8171 187 3422 2577 19 36 92 2880 0 0 800 0 1326 1218 0 0
 948 0 1185 0 4378 0 4813 1683 3334 161 0 0 0 283 92 224 148 812 218 33 1256 50 515 623 285 43 0 102 1075 427 272 12 109 0 0 0 0 0 575 0 1627 762 0 0
 0 0 0 0 0 0 0 0 0 0 0 0 0 0 0 0 0 0 0 0 0 0 0 0 0 0 0 0 0 0 0 0 0 0 0 0 0 0 0 0 0 0 0 0
 37 122 0 0 0 0 91482 0 356 10740 2153 52 5186 1476 1929 33 0 250 0 0 0 1 0 0 0 228 15369 0 0 0 0 0 0 0 0 0 0 0 838 0 40 31 0 0
 46 47 0 0 0 0 1212 5984 1041 0 0 0 272 0 30 45 70 505 351 6 129 0 0 0 73 0 27635 0 0 284 0 0 0 0 0 0 0 0 174 0 245 142 0 0
 5270 200 0 0 0 0 0 0 18541 0 0 0 609 560 124 0 95 390 375 14 7895 197 1261 0 4103 221 781 0 0 0 0 0 0 0 0 0 0 0 1998 0 630 135 0 0
 449 137 0 0 0 0 0 750 778 2467 7806 274 897 848 808 528 253 1054 423 19 440 160 1198 0 0 45 9038 0 0 0 0 61 0 0 50 0 0 0 220 0 773 321 0 0
 736 592 151 0 140 0 0 1041 272 0 5852 257 0 0 1147 191 9 504 356 22 556 6 329 144 0 0 3177 507 0 0 0 0 0 0 0 0 0 0 0 0 3641 31 0 0
 0 23 1 0 1 0 0 12 52 0 0 69 6 22 10 6 39 23 3 4 53 0 5 0 0 0 43 63 0 0 0 6 1 15 0 0 0 0 350 0 193 107 0 0
 32 33 7 0 217 0 0 0 0 0 658 0 12279 98 358 1 6 40 5 5 0 3 0 0 0 0 1964 573 0 0 76 0 0 0 0 0 0 0 117 0 567 260 0 0
 0 0 1 0 0 0 0 95 0 0 409 0 0 45171 115 4 5 21 45 1 0 2 0 0 0 1 0 5073 0 0 137 0 0 0 0 0 0 0 0 0 306 49 0 0
 0 216 0 0 0 0 0 0 0 0 0 0 0 0 682 0 0 0 0 0 0 0 0 0 0 0 0 210 0 0 404 818 0 0 0 0 0 0 0 0 2969 0 0 0
 0 0 0 0 0 0 0 0 206 0 0 0 0 0 0 990 0 252 0 0 0 894 0 0 0 0 0 0 0 1703 0 0 0 0 0 0 0 0 480 0 530 14 0 0
 0 0 0 0 0 0 0 0 0 0 0 0 0 0 0 1 0 2116 3 0 2 0 0 0 0 0 0 0 0 1001 0 0 0 0 0 0 0 0 200 0 181 28 0 0
 0 0 0 0 0 0 0 0 0 0 0 0 0 0 0 0 0 22789 707 2 32 0 0 0 0 0 0 0 0 1982 0 0 0 0 0 0 0 0 445 0 506 25 0 0
 0 0 0 0 0 0 1 0 0 0 0 0 0 0 1 1 0 0 367 0 0 1 0 0 0 1 0 0 0 15501 0 4 0 0 0 0 0 0 112 0 10 5 0 0
 0 0 0 0 0 0 0 0 0 0 0 0 0 0 0 0 0 0 0 33 0 0 0 0 0 0 2 0 0 28 0 0 0 0 0 0 0 0 0 0 100 1 0 0
 0 0 0 0 0 0 21 0 0 0 0 0 57 82 63 44 0 0 4 64 34575 0 1957 0 0 18 0 0 0 0 0 0 0 0 0 0 0 0 185 0 570 340 0 0
 0 17 0 0 0 0 0 0 0 0 0 4 0 0 0 0 0 40 0 0 317 1414 76 0 0 44 9 76 0 0 0 0 0 0 0 0 0 0 7 0 47 21 0 0
 0 45 1 0 0 0 166 382 0 0 0 0 123 102 69 3 0 12 6 2 0 0 7157 0 0 55 9669 0 0 0 0 0 0 0 0 405 0 0 0 0 105 284 0 0
 0 25 17 0 0 0 364 914 1047 41 0 16 396 187 73 318 372 2616 259 641 797 88 886 16728 80 89 813 0 4167 29 0 75 30 0 913 3603 0 0 140 0 1706 888 0 0
 148 0 3 0 0 0 171 0 0 35 368 13 553 887 81 186 136 287 66 7 117 155 871 0 459 53 2959 462 1194 18 532 61 198 0 0 237 0 0 184 0 101 73 0 0
 0 0 0 0 0 0 0 9 0 0 534 14 32 0 0 0 0 0 0 0 0 0 0 0 0 7875 0 17 0 0 0 0 0 0 0 0 0 0 0 0 126 111 0 0
 101 57 0 0 81 0 0 0 0 0 0 0 0 44 18 104 54 332 161 0 80 0 0 0 0 19 0 51 0 566 0 381 0 0 0 0 7662 0 363 0 4490 1875 0 0
 29 0 0 0 0 0 8925 471 38 905 0 0 0 0 0 114 60 530 173 14 444 0 151 228 0 0 0 310 3885 64 2004 0 54 0 0 0 0 0 60 0 331 47 0 0
 1612 27 137 0 0 0 407 558 1079 1134 1238 35 731 1544 265 2538 99 1624 205 100 3334 385 1804 0 0 362 6888 0 1681 7976 212 0 0 0 0 0 0 0 997 0 424 232 0 0
 0 0 3 0 0 0 68 0 93 168 327 16 164 150 54 0 0 0 0 0 190 22 8 0 0 23 0 0 0 0 0 303 0 0 55 0 0 0 10 0 596 96 0 0
 1210 147 662 0 0 0 831 1292 1176 412 729 16 0 0 0 508 469 852 201 114 905 46 1412 409 0 146 2816 0 0 541 447 168 0 264 0 0 0 0 47 0 1650 1087 0 0
 0 0 0 0 0 0 157 55 108 0 59 0 21 71 0 38 0 39 0 0 152 5 12 0 0 0 0 6 383 0 0 15 0 0 0 0 0 0 0 0 44 7 0 0
 897 15 533 0 0 0 3076 897 349 79 125 0 86 544 24 42 19 1384 507 11 382 23 529 0 0 0 984 0 25 36 254 2290 0 0 0 0 0 0 0 0 103 107 0 0
 58 0 1 0 74 0 127 236 296 130 193 0 91 94 38 35 15 221 81 26 152 21 167 357 82 5 339 241 3504 263 0 172 350 22 1529 1487 0 0 615 0 1425 222 0 0
 335 239 13 0 49 0 187 164 236 0 163 13 128 92 71 82 45 262 68 20 376 3 313 0 82 23 15 20 2093 0 897 769 163 0 29566 0 1066 0 31 0 838 530 0 0
 2200 144 48 0 96 0 1840 909 1609 1653 2391 263 1496 1078 304 680 302 2065 1334 421 1849 41 0 0 0 39 1983 987 484 647 43 839 316 0 9624 914 35 0 970 0 3760 756 0 0
 0 0 0 0 0 0 0 0 0 0 0 0 0 0 0 0 0 0 0 0 0 0 0 0 0 0 0 0 0 0 0 0 0 0 0 0 0 0 0 0 1299 0 0 0
 0 0 0 0 0 0 0 0 0 0 0 0 0 0 0 0 0 0 0 0 0 0 0 0 0 0 0 0 0 0 0 0 0 0 0 0 0 0 0 0 0 0 0 0
 1005 0 0 0 0 0 0 0 0 0 0 0 0 0 0 0 0 0 0 0 0 0 0 0 0 0 0 0 0 0 0 0 0 0 0 0 0 0 0 0 268 93 0 0
 0 0 0 0 0 0 0 0 0 0 0 0 0 0 0 0 0 0 0 0 0 0 0 0 0 0 0 0 0 0 0 0 0 0 0 0 0 0 0 0 0 0 0 0
 0 0 0 0 0 0 0 0 0 0 0 0 0 0 0 0 0 0 0 0 0 0 0 0 0 0 0 0 0 0 0 0 0 0 0 0 0 0 0 0 0 0 0 0
 0 0 0 0 0 0 0 0 0 0 0 0 0 0 0 0 0 0 0 0 0 0 0 0 0 0 0 0 0 0 0 0 0 0 0 0 0 0 0 0 0 0 0 0
 0 0 0 0 0 0 0 0 0 0 0 0 0 0 0 0 0 0 0 0 0 0 0 0 0 0 0 0 0 0 0 0 0 0 0 0 0 0 0 0 0 0 0 0
 0 0 0 0 0 0 0 0 0 0 0 0 0 0 0 0 0 0 0 0 0 0 0 0 0 0 0 0 0 0 0 0 0 0 0 0 0 0 0 0 0 0 0 0
