56
 212 494 22 94 0 294 15 2 88 77 0 27 0 1155 696 62 0 0 4 386 105 0 33 0 0 51 63 6 11 0 0 0 4 45 0 31 0 0 14 0 0 0 0 0 138 544 63 92 16 155 74 680 0 0 0 0
 0 3564 382 1570 0 0 0 0 0 0 0 0 0 0 396 0 0 0 0 0 0 0 0 0 0 0 0 0 0 0 0 0 8 0 0 0 0 0 0 0 0 0 0 0 0 90 0 3 0 0 18 54 0 0 0 0
 0 0 502 576 0 0 326 0 5 0 0 0 0 0 304 8 9 4 17 151 0 0 0 0 18 0 7 0 0 20 0 9 41 1 0 0 2 0 0 0 0 0 0 0 0 85 0 38 0 0 23 24 0 0 0 0
 0 0 0 147 0 0 3 23 0 0 0 62 0 0 35 0 103 0 32 230 0 0 0 205 5 268 56 0 0 6 0 0 17 7 0 0 7 0 0 0 0 0 0 56 61 137 0 0 1 79 31 82 0 84 0 0
 0 13 1 5 0 0 0 0 3 0 0 0 0 0 2 0 2 0 0 2 0 0 0 3 0 0 0 0 0 0 0 0 0 0 0 0 0 0 0 0 0 0 0 2 1 4 0 9 3 8 1 1 0 3 2 0
 0 34 9 15 0 79 1 0 3 18 6 10 0 0 4 0 6 0 0 4 0 0 0 19 0 6 10 0 0 17 0 11 4 0 0 0 0 0 0 0 0 0 0 0 0 1 0 9 4 6 4 0 0 0 0 0
 0 16 0 0 0 0 247 0 0 1 0 4 0 0 0 0 2 0 0 0 0 0 0 5 0 20 5 0 0 0 0 0 0 0 0 0 0 0 0 0 0 0 0 0 0 4 0 4 0 2 0 12 0 0 0 0
 0 7 1 0 0 1 0 2 0 1 0 1 0 0 2 0 3 0 0 3 0 0 0 0 0 1 1 0 0 2 0 0 0 0 0 1 0 0 0 0 0 0 0 0 0 1 0 2 7 4 1 1 0 0 0 0
 0 443 0 68 0 0 18 0 1229 0 0 1 2 0 383 7 39 0 4 96 6 0 0 0 0 34 9 0 0 31 0 276 16 47 3 3 11 1 0 1 3 2 11 0 0 481 31 39 37 747 34 58 0 128 0 0
 0 494 339 946 154 0 0 0 335 3993 0 0 0 0 202 23 4 9 0 0 0 0 0 0 0 0 0 16 10 1 0 63 33 55 5 27 7 2 0 2 8 5 43 0 0 560 19 267 68 298 66 137 0 179 19 0
 6 119 30 18 9 0 1 0 32 399 71 13 34 53 11 7 0 2 0 0 0 0 0 0 0 1 0 0 2 6 0 5 14 0 0 3 5 1 0 0 2 1 11 0 0 150 8 0 11 21 9 23 0 60 4 0
 0 44 16 0 5 0 0 0 0 1475 0 273 12 0 0 0 2 0 0 0 0 0 0 0 0 0 0 0 0 0 0 0 7 5 0 0 0 1 0 0 1 1 0 0 0 178 3 0 11 25 13 14 0 56 6 0
 8 272 35 24 7 0 2 0 0 9 0 0 558 0 37 1 0 0 0 0 0 0 0 0 0 0 0 0 0 1 0 5 0 0 1 1 1 1 0 0 2 1 11 0 0 88 4 0 13 35 50 39 0 16 0 0
 0 856 157 531 0 215 5 31 187 140 0 39 159 8267 370 0 0 0 0 0 0 0 0 0 0 44 11 0 43 0 0 227 0 0 0 0 0 0 257 11 1 0 197 451 0 1837 0 373 118 831 142 11 0 0 0 0
 0 0 0 0 0 0 467 0 0 0 0 5 0 0 1946 0 0 0 0 0 0 0 0 0 0 0 0 0 0 0 0 0 0 7 0 0 0 0 0 0 0 0 0 0 0 176 0 8 0 0 0 0 0 0 0 0
 0 56 0 4 0 0 2 0 0 0 0 13 0 633 17 221 0 6 0 0 0 0 0 0 0 3 0 0 0 0 0 72 8 79 0 239 0 0 0 0 0 2 0 0 0 195 0 13 0 0 15 0 0 0 0 0
 919 46 0 0 0 0 0 0 0 0 0 0 0 60 28 1 41 0 0 0 0 0 0 0 0 0 0 0 0 0 0 0 0 5 0 1 0 0 0 0 1 1 4 0 0 78 1 1 5 55 8 17 0 0 0 0
 186 76 0 59 0 0 5 0 25 0 0 28 0 26 99 0 112 389 0 0 0 0 0 0 0 0 0 0 1 0 0 0 0 1 0 4 0 0 0 0 0 0 0 0 0 110 0 11 8 26 6 0 0 0 0 0
 0 2 0 0 0 0 2 0 0 1204 149 104 8 23 18 78 14 5 239 0 0 0 0 67 0 81 180 0 5 4 0 6 15 53 4 3 4 1 1 1 4 2 27 0 0 262 0 0 0 22 3 18 0 98 0 0
 0 238 0 0 0 0 2 0 0 1555 1222 318 285 297 70 626 62 13 1182 6218 0 0 0 1199 0 426 284 15 13 0 0 21 91 162 9 0 2 1 0 0 9 9 98 64 0 1117 0 40 18 146 150 11 0 257 0 0
 0 209 74 31 0 0 19 0 0 1463 568 396 260 775 366 1049 52 28 25 770 3867 0 0 1121 236 1025 923 21 182 32 0 38 15 340 24 349 4 0 0 2 0 2 56 0 0 422 0 125 58 0 35 252 0 331 0 0
 3 6 2 2 0 0 0 0 0 4 2 1 5 8 5 4 2 0 0 0 0 22 0 54 4 13 12 0 1 3 0 0 0 6 0 2 0 0 0 0 1 0 5 8 0 14 1 2 1 0 3 5 0 14 0 0
 0 33 12 1 0 0 2 0 7 320 10 141 26 82 6 11 13 4 6 155 0 0 63 158 2 30 38 5 12 6 0 1 3 12 3 15 2 0 0 0 2 1 11 5 0 57 6 0 0 14 11 14 0 38 0 0
 41 66 1 0 0 0 0 0 1 408 233 293 1076 571 56 122 3 45 0 0 0 0 0 6322 0 393 395 71 189 536 9 155 66 442 4 45 0 2 0 0 12 9 81 320 0 1009 0 0 14 109 0 0 0 19 0 0
 1 4 0 0 0 0 0 0 0 54 17 21 68 19 0 3 1 5 15 104 0 0 0 185 49 23 60 1 20 36 22 22 14 131 26 2 5 0 1 0 3 2 21 175 3 162 14 0 4 46 11 4 0 49 0 0
 0 33 0 0 0 0 0 0 0 1025 0 229 76 0 3 0 8 2 0 0 0 0 0 0 0 118 0 0 0 0 0 0 2 16 0 0 0 1 0 0 0 1 0 0 0 139 3 0 0 17 13 0 0 20 0 0
 0 121 0 0 0 0 0 0 0 1156 24 485 398 0 10 30 8 0 0 0 0 0 0 0 0 90 730 0 0 0 0 0 0 192 0 0 0 0 0 0 0 0 0 55 0 483 0 0 6 54 44 0 0 0 0 0
 0 37 15 5 0 0 2 0 56 0 2 5 3 23 17 5 0 9 0 0 0 0 0 0 0 1 20 33 0 0 3 11 9 26 0 1 6 0 0 0 0 1 0 0 0 59 5 0 1 40 1 0 0 0 0 0
 0 88 45 4 0 0 3 0 69 0 0 15 6 0 73 6 4 0 0 0 0 0 0 0 0 1 16 54 184 0 0 53 7 17 0 1 0 0 0 1 0 0 0 0 0 145 6 2 0 64 5 0 0 0 0 0
 299 41 0 0 0 0 3 0 0 0 0 71 0 39 44 9 439 12 0 16 0 0 0 0 0 49 505 3 274 401 0 0 9 0 0 118 0 0 0 0 0 0 0 0 0 269 0 0 5 92 20 0 0 0 0 0
 8 16 1 1 0 0 0 0 4 8 1 13 21 125 2 3 25 4 0 0 1 0 0 0 0 11 33 0 1 6 82 52 3 48 6 8 0 0 0 0 1 1 7 0 1 51 0 2 3 11 6 5 0 0 0 0
 2 31 0 7 0 0 1 0 0 0 0 8 0 0 24 0 4 1166 0 0 0 0 0 0 0 2 1 0 0 4 0 97 0 144 0 0 0 0 0 0 0 0 0 0 0 0 0 0 0 30 0 0 0 0 0 0
 0 0 0 0 0 0 1 0 0 0 0 0 2 65 15 0 0 874 0 0 0 0 0 0 0 0 53 0 0 0 0 33 94 24 0 0 0 0 0 0 0 0 0 0 0 46 0 0 0 0 0 0 0 0 0 0
 0 84 0 0 0 0 2 0 0 0 0 0 1 1357 0 0 0 0 0 0 0 0 0 0 0 0 0 0 0 12 0 0 0 85 0 0 0 0 1 0 0 0 0 0 0 98 0 14 0 36 0 4 0 0 0 0
 108 31 6 2 0 0 2 0 0 0 0 18 0 190 12 163 0 3 0 0 0 0 0 0 0 9 59 5 0 4 0 27 5 165 907 49 0 0 1 0 3 2 22 0 0 247 0 1 1 21 16 15 0 10 0 0
 0 274 17 38 0 0 5 0 0 0 0 0 0 1882 84 0 0 0 0 110 0 0 0 0 0 2 23 0 0 0 0 188 39 48 0 3499 0 1 2 1 6 6 63 0 0 900 0 30 1 61 67 85 0 59 0 0
 5 47 0 0 0 0 2 0 0 0 0 22 0 4 17 75 0 23 0 0 0 0 0 50 0 13 129 0 5 32 0 108 27 354 61 3087 406 1 1 1 7 2 44 0 0 243 0 0 0 0 27 35 0 0 0 0
 1345 26 1 1 0 0 0 0 0 0 0 0 0 1 5 0 0 5 0 0 2 0 0 0 0 0 3 1 0 3 0 28 16 6 0 0 0 20 0 0 0 0 0 0 2 104 0 9 20 26 11 0 0 0 0 0
 0 20 4 7 0 2 0 0 0 4 0 0 0 0 17 0 1 7 0 2 2 0 0 1 0 2 16 0 2 9 0 5 2 0 0 0 0 0 416 0 1 0 0 6 1 102 4 14 25 68 14 0 0 0 0 0
 647 4 2 30 0 0 2 0 0 0 0 0 0 0 34 0 0 4 0 1 0 0 0 1 0 1 9 0 0 3 0 15 2 0 0 0 0 0 0 232 0 0 0 0 2 57 8 42 4 47 4 7 0 0 0 0
 345 76 18 21 0 4 3 0 0 0 0 0 0 0 56 6 0 8 0 0 0 0 0 0 0 0 30 1 43 8 0 6 5 7 0 0 0 0 0 34 1120 0 0 0 0 60 0 13 5 61 22 44 0 0 0 0
 53 19 0 0 0 0 0 0 0 0 0 0 0 62 10 0 0 20 0 0 0 0 0 0 0 0 8 0 2 7 0 31 3 1 0 0 0 0 0 0 0 749 0 0 0 24 0 9 4 23 24 19 0 0 9 0
 6249 173 35 9 0 22 7 0 0 0 0 17 0 0 164 63 0 78 0 0 0 0 0 0 0 8 342 16 188 61 0 324 129 64 0 0 0 659 20 263 7 33 4364 0 0 1176 0 104 49 263 114 123 0 0 0 0
 6304 549 95 0 0 3 16 0 268 500 114 140 63 0 374 530 291 425 69 0 87 0 0 0 0 123 0 11 35 349 12 162 43 235 164 1060 199 802 0 33 23 22 2321 7483 0 1622 522 69 13 333 224 214 0 0 0 0
 0 181 47 0 0 3 38 0 6803 1516 738 198 294 1325 898 138 1110 39 358 518 95 0 2 818 0 147 492 364 280 474 0 74 87 138 0 4 51 0 0 0 2 2 29 1964 873 2112 129 156 86 983 187 140 0 154 0 0
 0 0 0 0 0 0 0 0 0 0 0 0 0 0 0 0 0 0 0 0 0 0 0 0 0 0 0 0 0 0 0 56 0 0 0 0 0 0 0 0 0 0 0 0 0 972 0 265 67 1212 892 397 0 0 0 0
 0 188 49 0 0 2 25 0 0 0 0 0 0 17 598 56 0 80 12 65 246 0 0 40 0 0 8 0 0 35 13 440 111 56 6 42 174 0 0 0 24 33 247 0 0 7783 109 99 13 119 479 169 0 1038 0 0
 0 0 0 110 0 0 0 0 0 0 14 61 42 0 0 0 0 0 47 0 0 0 4 19 2 51 8 6 0 11 0 13 28 0 0 0 12 0 0 0 0 0 0 0 0 0 0 8 0 0 0 89 0 17 0 0
 0 24 3 0 0 0 2 0 0 0 0 0 0 0 170 1 0 0 9 0 0 0 152 0 0 3 0 0 0 0 0 10 6 9 0 0 32 0 0 0 0 0 0 0 0 0 0 18 434 0 53 61 0 56 71 0
 0 163 11 0 0 0 0 0 0 0 0 0 0 0 149 35 0 0 0 0 366 18 0 0 0 0 0 0 0 0 0 0 55 0 0 0 7 0 0 0 0 0 0 0 0 0 0 1691 1128 3723 121 95 0 16 0 0
 0 0 0 0 0 0 3 0 0 0 0 0 0 0 17 0 0 0 0 0 0 0 0 51 0 0 0 0 0 0 0 4 41 2 0 0 0 0 0 0 0 0 0 0 0 0 0 194 0 0 0 0 0 0 0 0
 0 0 0 0 0 16 0 0 0 0 0 0 0 0 12 0 0 22 0 0 0 0 0 3 0 0 1 1 7 37 0 42 284 0 0 0 0 13 18 0 0 0 0 0 0 0 0 0 0 0 153 2692 0 1317 0 0
 27 155 743 1 0 0 2 0 19 4 0 0 1 8 14 15 3 0 0 27 0 0 0 76 3 34 75 0 1 18 0 36 70 3 9 14 19 0 0 0 2 2 15 857 2033 107 88 1 1 4 10 1758 0 2033 855 0
 307 209 23 0 0 13 12 0 0 0 0 0 0 86 426 172 0 120 0 0 0 0 0 0 0 0 176 40 79 111 40 175 1131 154 0 0 258 56 98 116 1889 1410 1339 1469 0 19 0 0 0 0 803 0 0 7942 0 0
 129 699 272 150 0 26 27 0 67 0 0 0 6 2022 755 113 51 42 223 272 811 458 400 1118 334 110 234 7 41 189 3 195 555 80 47 204 245 17 31 31 37 0 289 1138 2780 1700 1132 492 0 581 620 1725 0 9731 1876 0
 0 0 0 0 0 0 0 0 0 0 0 0 0 0 0 0 0 0 0 0 0 0 0 0 0 0 0 0 0 0 0 0 0 0 0 0 0 0 0 0 0 0 0 0 0 0 0 0 0 0 0 0 0 0 0 0
