56
 447 551 27 43 0 64 0 3 72 86 0 21 0 1301 836 72 0 0 9 500 72 0 13 11 0 69 72 0 13 0 0 1 0 63 0 43 0 0 143 0 0 0 0 0 70 606 150 74 16 252 97 179 0 0 0 0
 0 5591 620 1887 0 0 0 0 0 0 0 0 0 0 533 0 0 0 0 0 0 0 0 0 0 0 0 0 0 0 0 0 0 0 0 0 0 0 0 0 0 0 0 0 0 0 0 0 0 0 0 22 0 0 0 0
 0 0 925 621 0 0 769 0 0 0 0 0 0 0 440 21 22 3 61 168 0 0 0 21 32 30 27 0 0 12 0 3 41 1 0 0 5 0 0 0 0 0 0 28 30 130 0 11 0 0 8 23 0 83 0 0
 0 0 0 275 0 1 0 10 0 0 0 41 0 0 34 22 47 0 44 298 0 0 0 202 8 222 39 0 0 13 0 3 0 41 3 0 19 0 0 0 0 2 0 168 105 202 4 67 1 129 25 103 0 207 0 0
 0 11 1 0 14 0 0 0 1 0 0 1 0 1 1 0 1 0 0 3 0 0 0 0 0 1 1 0 0 0 0 0 0 0 0 0 0 0 0 0 0 0 0 1 1 1 0 5 3 6 1 1 0 1 1 0
 0 13 8 0 0 89 0 6 4 3 8 3 1 0 9 2 2 0 0 13 0 0 0 10 0 4 6 0 0 8 0 6 2 4 0 0 0 0 0 0 0 0 0 0 12 29 2 4 4 51 2 0 0 10 0 0
 0 22 0 0 0 0 122 0 0 0 3 3 1 0 0 0 2 1 1 11 1 0 0 6 0 20 9 0 0 0 0 1 1 0 0 0 1 0 0 0 0 0 2 7 6 7 0 3 3 11 3 22 0 9 8 0
 0 1 1 0 0 0 0 14 0 0 0 1 0 0 0 0 3 1 0 3 0 0 0 0 0 1 2 0 0 1 0 2 0 1 0 1 0 0 0 0 0 0 0 0 2 0 0 2 2 8 1 1 0 2 2 0
 0 541 15 8 0 0 29 12 2985 0 0 0 7 62 742 32 15 0 0 125 19 0 0 54 0 46 71 0 0 9 0 134 17 50 3 3 17 1 1 1 0 5 4 0 0 397 22 0 33 1054 62 67 0 310 0 0
 0 451 403 1322 99 0 38 1 265 4932 0 0 0 124 303 0 14 0 0 0 0 0 0 0 0 0 0 17 5 0 0 8 32 39 1 12 0 1 0 1 7 9 2 0 0 502 10 227 47 467 66 161 0 388 12 0
 4 149 32 22 0 0 0 3 14 416 63 15 57 98 18 0 5 5 0 0 0 0 0 0 0 0 54 6 2 11 0 11 30 7 0 9 3 0 0 0 2 3 8 0 0 118 5 0 3 23 13 27 0 88 3 0
 0 70 2 0 0 0 0 0 5 2148 0 193 0 14 5 0 0 0 0 0 0 0 0 0 0 0 0 0 0 0 0 0 8 0 0 2 0 0 0 0 0 2 0 0 0 134 0 0 4 61 14 16 0 108 6 0
 4 283 35 43 0 0 0 0 0 21 0 31 2488 0 50 13 3 8 0 0 0 0 0 0 0 0 0 0 0 4 0 0 0 0 0 4 2 0 0 0 2 3 1 0 0 334 0 0 3 132 34 40 0 201 0 0
 0 1077 206 117 0 195 15 25 0 0 0 0 345 13063 651 0 0 29 0 0 0 0 0 0 0 9 0 0 0 0 0 231 0 0 0 0 41 0 265 14 0 0 62 0 0 2222 8 186 99 640 307 0 0 1456 0 0
 0 0 0 0 0 0 152 11 0 0 0 0 0 0 5243 0 0 0 0 0 0 0 0 0 0 0 0 0 0 0 0 0 0 0 0 0 0 0 0 0 0 0 0 0 0 896 0 0 0 0 0 0 0 0 0 0
 0 106 0 0 0 0 0 0 0 11 0 128 0 821 37 451 0 6 0 0 0 0 0 0 0 0 161 0 0 0 0 35 8 0 0 426 0 0 0 0 0 4 0 0 0 113 0 0 0 0 28 0 0 0 0 0
 773 52 0 0 0 0 0 0 0 0 0 5 0 116 44 5 288 43 0 0 0 0 0 0 0 0 0 0 0 0 0 0 11 23 1 7 0 0 0 0 1 0 0 0 0 159 3 0 0 83 14 14 0 9 0 0
 102 99 0 21 0 0 0 0 41 2 0 14 0 0 152 0 0 356 0 0 0 0 0 0 0 0 0 0 0 0 0 0 0 0 0 24 0 0 0 0 0 0 0 0 0 128 0 11 6 112 11 0 0 0 0 0
 0 9 0 0 0 0 0 0 74 1086 203 186 43 92 44 27 45 26 483 0 1 0 0 131 9 158 38 11 37 19 0 14 36 174 10 24 0 1 1 1 4 6 22 0 0 298 0 0 0 0 22 26 0 173 0 0
 0 369 0 0 0 0 0 0 0 1537 1229 477 563 696 344 790 120 64 58 7984 0 0 0 3010 44 548 33 20 2 51 0 45 130 463 40 0 0 2 1 0 0 25 52 1049 0 1806 0 23 7 273 340 83 0 637 0 0
 0 335 113 10 0 0 0 0 0 1904 651 491 490 1185 452 1620 85 35 0 565 4736 0 0 1677 309 1327 1266 28 329 31 0 44 24 558 26 473 0 1 0 0 0 9 40 58 91 556 0 97 21 0 52 403 0 500 0 0
 2 10 2 0 0 0 0 0 0 19 2 0 13 13 11 8 3 0 0 0 0 71 0 92 6 16 7 0 2 2 0 0 1 7 1 3 0 0 0 0 1 1 5 12 0 10 0 3 0 0 5 7 0 14 0 0
 0 31 15 1 0 0 0 0 1 359 15 47 45 76 15 11 14 0 40 283 2 0 85 254 23 29 27 1 1 3 0 2 7 20 2 17 1 0 0 0 1 2 8 56 1 88 4 8 0 20 9 14 0 41 0 0
 0 36 0 0 0 0 0 12 0 555 154 672 1464 1204 188 254 116 180 0 0 0 0 0 9187 0 807 342 83 329 156 0 223 169 581 4 113 5 1 2 0 22 42 60 378 0 1184 0 0 0 105 0 0 0 419 0 0
 5 10 0 0 0 0 0 1 1 85 15 0 131 64 18 2 16 0 0 0 0 0 0 133 237 61 6 2 71 13 0 30 15 297 17 5 6 1 1 1 3 4 16 268 8 188 0 0 0 21 56 9 0 7 0 0
 0 49 0 0 0 0 0 0 0 1072 27 158 140 0 12 0 0 12 0 0 0 0 0 0 0 172 0 9 0 9 0 18 20 2 0 5 6 0 0 0 3 3 14 0 0 175 0 5 0 19 25 0 0 104 0 0
 0 138 0 0 0 0 0 0 0 1464 0 992 469 143 28 0 70 36 0 0 0 0 0 0 0 269 1312 0 0 0 0 48 18 127 0 0 0 0 0 0 0 0 0 0 0 658 0 31 0 191 73 0 0 0 0 0
 2 40 27 0 0 0 0 0 20 0 0 6 0 68 26 14 10 38 0 0 0 0 0 0 0 0 11 11 0 0 0 16 18 15 0 12 3 0 0 0 0 0 0 0 0 37 1 4 0 31 3 0 0 0 0 0
 0 138 73 1 0 0 0 0 60 0 0 4 26 136 110 6 14 32 0 0 0 0 0 0 0 2 43 40 466 0 0 87 10 67 2 0 5 0 0 0 0 0 0 0 0 174 3 14 1 55 17 0 0 0 0 0
 103 81 0 0 0 0 0 0 0 8 0 239 0 243 93 28 818 18 0 0 0 0 0 0 0 0 537 7 42 799 0 41 17 578 29 408 0 0 1 0 0 0 2 0 0 401 0 9 0 195 0 0 0 0 0 0
 2 21 3 0 0 0 0 0 0 15 8 8 51 208 9 18 25 21 0 3 5 0 0 18 9 11 5 0 1 14 3 23 7 71 5 39 0 0 0 0 1 0 3 56 2 108 5 5 1 35 13 11 0 3 0 0
 0 63 0 0 0 0 0 0 0 0 0 10 12 0 39 0 2 1211 0 0 0 0 0 0 0 0 0 0 0 0 0 258 0 0 0 0 0 0 0 0 0 0 0 0 0 36 0 9 0 72 29 0 0 0 0 0
 6 15 0 0 0 0 0 0 0 0 0 0 9 610 31 0 0 1026 0 0 0 0 0 0 0 0 0 0 0 0 0 18 225 0 0 5 0 0 0 0 0 2 0 0 0 81 0 3 0 0 26 0 0 0 0 0
 0 168 0 0 0 0 0 0 0 0 0 0 17 1908 5 36 0 75 0 0 0 0 0 0 0 0 0 0 0 0 0 18 7 374 0 352 0 1 0 1 0 0 0 0 0 11 0 28 0 10 69 3 0 0 0 0
 71 23 1 0 0 0 0 0 0 0 0 2 0 265 27 79 0 33 0 0 0 0 0 0 0 9 94 6 0 0 0 23 10 261 600 96 0 0 0 0 2 3 12 0 3 174 9 7 1 5 26 30 0 65 0 0
 0 332 29 15 0 0 0 0 0 0 0 0 0 2453 182 0 0 0 0 89 0 0 0 0 0 0 35 0 5 0 0 116 0 0 0 3757 0 0 15 0 0 10 12 0 8 661 0 42 0 128 66 147 0 330 0 0
 3 58 0 0 0 0 0 0 0 3 0 26 0 0 38 52 0 9 0 27 7 0 0 0 0 0 116 0 0 78 1 95 35 117 26 4040 69 1 1 1 7 7 30 278 0 324 0 3 0 0 64 68 0 29 0 0
 860 25 1 0 0 0 0 0 0 0 0 0 0 9 5 0 0 15 0 0 0 0 0 0 0 0 0 0 0 0 0 30 5 0 0 5 0 46 9 4 0 0 0 0 1 47 0 6 3 20 9 0 0 0 0 0
 0 21 4 0 0 1 0 0 0 6 0 0 0 0 24 0 4 71 0 0 0 0 0 0 0 0 33 0 3 0 0 38 1 19 0 0 0 0 550 0 0 0 0 0 2 120 3 24 4 64 13 0 0 0 0 0
 861 6 4 13 0 0 0 0 0 0 0 0 0 0 41 0 0 10 0 5 1 0 0 1 0 0 9 0 0 3 0 18 4 0 0 1 0 0 1 110 0 0 0 0 2 59 3 15 2 37 6 6 0 0 0 0
 480 84 22 7 0 2 0 0 0 0 0 1 0 18 88 22 0 27 0 5 5 0 0 0 0 0 75 5 97 2 0 34 16 30 0 11 0 1 6 57 943 1 163 39 0 119 0 18 0 49 23 71 0 0 0 0
 41 12 0 0 0 0 0 0 0 0 0 0 0 50 16 0 0 87 0 0 0 0 0 0 0 0 28 2 5 8 1 82 0 30 0 0 0 0 0 0 0 167 1 0 0 0 0 10 0 13 24 14 0 0 12 0
 7051 348 45 3 0 20 0 1 0 0 0 19 0 0 311 20 5 147 0 0 0 0 0 0 0 0 462 33 361 0 0 497 151 267 0 0 0 500 39 346 0 0 6479 0 0 1504 13 135 9 646 129 124 0 0 0 0
 7790 530 0 0 0 4 0 2 23 571 183 240 95 103 577 684 614 299 497 0 0 0 0 0 0 121 168 27 203 423 0 643 99 685 275 1005 0 711 137 137 0 37 1149 9006 0 2070 381 101 10 254 502 368 0 0 0 0
 0 167 0 0 0 0 0 0 9673 1402 619 252 620 1077 1031 158 1355 93 1316 619 0 0 0 1449 0 117 1003 305 318 946 0 76 162 835 0 0 38 0 0 0 2 5 23 2435 2527 1311 0 86 34 1164 111 280 0 0 0 0
 0 38 0 0 0 0 0 0 0 0 0 0 0 0 0 0 0 0 0 0 0 0 0 0 0 0 0 0 0 0 0 0 0 0 0 0 0 0 0 0 0 50 0 0 0 1462 0 914 156 2679 1602 728 0 358 0 0
 0 318 11 0 0 0 0 0 0 0 0 0 0 0 478 127 0 8 1 14 125 0 0 100 33 2 124 0 0 161 0 92 59 68 0 24 142 0 0 0 36 68 0 0 13 8808 1000 289 31 511 1108 320 0 562 0 0
 0 159 0 0 0 0 0 0 15 0 15 4 12 0 68 3 13 0 194 0 0 0 0 74 4 0 0 0 0 0 0 0 0 0 0 0 0 0 0 0 0 0 0 0 0 0 0 15 0 0 0 421 0 0 0 0
 0 27 5 0 0 0 0 0 0 0 0 0 0 0 86 4 0 0 15 0 0 0 136 0 5 5 7 2 0 5 0 8 7 13 0 2 39 0 0 0 4 4 0 0 0 0 0 21 527 0 78 90 0 26 0 0
 0 171 17 0 0 0 0 0 0 0 0 0 0 0 1420 291 0 0 21 0 286 77 0 0 0 0 0 0 0 0 0 0 18 0 0 0 42 0 0 0 0 0 0 0 0 0 0 1129 1019 4676 228 381 0 195 0 0
 0 49 0 0 0 0 0 0 0 0 0 0 0 0 27 0 0 0 0 0 0 0 0 222 0 0 0 0 0 3 0 0 0 0 0 0 0 0 0 0 0 0 0 0 0 0 0 174 0 0 0 0 0 0 0 0
 0 0 0 0 0 19 0 0 0 0 0 0 0 25 41 1 0 44 0 0 0 0 0 22 0 1 8 5 8 60 0 58 456 0 0 0 0 22 25 0 0 0 0 0 0 0 0 0 0 0 262 3671 0 1726 0 0
 159 331 1298 1 0 0 0 0 114 0 0 0 0 9 132 1 1 0 5 13 4 0 0 150 4 31 10 5 5 40 0 8 22 0 1 40 5 0 0 0 3 3 13 1805 3409 24 6 8 2 20 17 1778 0 1145 1080 0
 414 252 0 0 0 0 0 0 0 0 0 0 0 0 296 17 0 80 0 0 0 0 0 0 0 0 157 10 19 303 0 39 1546 57 0 0 0 40 60 38 2926 2331 2459 1156 137 0 0 71 0 0 1296 0 0 8615 0 0
 381 1004 357 141 0 21 0 0 57 0 0 0 21 3907 993 163 63 34 228 309 733 1118 364 1605 389 206 245 4 52 236 13 240 749 102 85 315 271 53 71 79 4 0 358 1286 3289 2134 1837 537 17 860 1177 2141 0 14037 26460 0
 0 0 0 0 0 0 0 0 0 0 0 0 0 0 0 0 0 0 0 0 0 0 0 0 0 0 0 0 0 0 0 0 0 0 0 0 0 0 0 0 0 0 0 0 0 0 0 0 0 0 0 0 0 0 0 0
