56
 139 274 15 61 0 154 3 0 49 23 0 17 0 652 359 51 0 0 0 218 38 0 3 0 0 38 24 0 3 0 0 11 4 8 0 11 0 0 74 0 0 0 0 0 168 295 7 89 13 88 73 493 0 0 0 0
 0 1193 276 1052 0 0 0 0 0 0 0 0 0 0 78 0 0 0 0 0 0 0 0 8 0 0 0 0 0 0 0 2 21 0 0 0 0 0 0 0 0 0 0 0 0 51 0 41 6 0 20 36 0 0 0 0
 0 0 193 717 0 0 1 0 0 0 0 0 0 0 0 4 3 0 0 83 0 0 0 0 5 0 0 0 0 10 0 6 25 0 0 0 0 0 0 0 0 0 0 0 0 17 0 57 12 0 14 1 0 0 0 0
 0 0 0 397 0 0 0 38 0 0 0 58 0 0 0 0 184 0 37 325 0 0 0 220 7 377 59 0 0 6 0 2 19 0 0 0 0 0 0 0 0 0 0 9 76 163 0 0 21 82 45 55 0 95 0 0
 0 23 1 14 2 0 0 2 8 0 0 0 0 13 2 0 6 0 0 3 0 0 0 5 0 5 1 0 0 0 0 0 0 0 0 0 0 0 0 0 0 0 0 3 1 7 0 14 9 7 2 4 0 5 3 0
 0 9 2 35 0 6 0 0 1 5 2 3 0 0 0 0 2 0 0 1 0 0 0 5 0 2 1 0 0 3 0 2 1 0 0 0 0 0 0 0 0 0 0 0 2 0 0 1 2 1 3 2 0 0 0 0
 0 21 0 1 0 0 107 0 0 10 0 5 0 23 0 0 6 0 0 3 0 0 0 6 0 36 7 0 0 0 0 1 0 0 0 0 0 0 0 0 0 0 0 0 0 12 0 7 0 0 4 5 0 0 0 0
 0 5 3 0 0 1 0 2 0 0 0 2 0 0 1 0 4 0 0 4 0 0 0 0 0 2 1 0 0 2 0 0 0 0 0 1 0 0 0 0 0 0 1 0 1 0 0 1 5 1 1 2 0 0 0 0
 0 196 6 155 0 0 6 1 686 0 0 0 0 0 85 1 33 0 2 45 4 0 0 0 0 17 0 0 0 14 0 109 7 3 1 1 6 1 0 1 0 1 9 0 0 140 12 42 34 426 22 33 0 26 0 0
 0 274 435 1122 279 0 0 2 264 2677 0 0 46 7 92 13 4 7 0 0 0 0 0 0 0 0 0 23 6 1 0 42 31 6 2 32 6 2 0 1 3 2 23 0 0 452 11 47 106 161 63 82 0 128 27 0
 8 59 38 26 14 0 0 0 31 259 85 9 33 45 7 2 0 2 0 0 0 0 0 0 0 0 0 0 1 2 0 3 13 0 0 3 3 1 0 0 2 1 11 0 0 93 4 15 11 12 10 16 0 39 2 0
 0 34 32 0 3 0 0 0 5 1000 0 184 0 0 0 0 2 0 0 0 0 0 0 0 0 0 0 0 0 0 0 0 7 1 0 0 0 0 0 0 1 1 0 0 0 119 1 0 12 13 13 6 0 40 4 0
 5 145 35 10 8 0 2 0 4 0 0 11 725 0 17 2 0 0 0 0 0 0 0 0 0 0 0 0 0 1 0 6 0 0 1 1 1 0 0 0 1 1 0 0 0 150 3 0 20 16 22 22 0 32 0 0
 0 483 340 690 0 93 0 29 82 0 0 0 201 3134 0 0 0 0 0 0 0 0 0 0 0 34 0 0 14 0 0 142 0 0 0 0 10 0 75 11 0 0 41 11 0 720 0 351 121 233 70 34 0 0 0 0
 0 0 34 25 0 0 475 0 0 0 0 3 0 90 906 3 0 0 0 0 0 0 0 0 1 0 0 0 0 0 0 0 0 0 0 0 0 0 0 0 0 0 0 0 0 0 0 92 0 0 0 0 0 0 0 0
 0 23 0 16 0 0 0 0 0 0 0 7 0 219 0 83 0 4 0 0 0 0 0 0 0 3 0 0 0 0 0 29 6 5 0 210 0 1 0 0 0 1 0 0 0 65 0 18 5 0 9 3 0 0 0 0
 886 24 0 0 0 0 0 0 0 0 0 0 0 31 17 0 52 0 0 0 0 0 0 0 0 0 0 0 0 0 0 0 0 1 0 1 0 0 0 0 1 0 3 0 0 56 0 0 12 55 10 11 0 0 0 0
 166 61 1 105 0 0 2 0 36 0 0 20 0 19 27 0 124 321 0 0 0 0 0 0 0 0 0 0 1 0 0 0 0 0 0 10 0 0 0 0 0 0 0 0 0 64 0 19 16 8 11 0 0 0 0 0
 0 7 6 0 0 0 0 0 0 894 221 80 13 22 8 47 17 5 189 0 0 0 0 66 0 71 116 0 3 2 0 3 14 7 2 3 3 1 0 1 2 1 24 0 0 210 0 14 0 10 7 15 0 70 0 0
 0 118 0 0 0 0 0 0 0 1287 1100 245 192 140 19 246 46 1 617 3750 0 0 0 574 0 237 97 14 4 0 0 8 57 21 2 0 0 0 0 0 0 4 71 47 0 516 0 92 15 50 93 17 0 98 0 0
 0 62 45 29 0 0 11 0 0 777 329 176 156 298 116 559 29 12 17 380 1295 0 0 421 150 454 443 12 82 40 0 15 13 111 13 195 1 0 0 1 0 0 19 157 0 223 0 73 24 0 20 68 0 183 0 0
 1 1 0 1 0 0 0 0 0 4 2 1 4 4 1 4 1 0 0 3 0 14 0 10 1 5 3 0 0 0 0 0 0 1 0 1 0 0 0 0 0 0 1 3 0 2 0 1 0 0 0 0 0 2 0 0
 0 41 6 3 0 0 0 0 6 306 24 123 19 46 3 9 17 3 14 208 0 0 64 146 8 28 30 8 8 5 0 1 5 3 2 18 1 1 0 0 1 1 13 16 4 60 3 6 0 9 11 7 0 34 0 0
 21 0 18 0 0 0 0 0 13 618 188 151 722 404 28 56 2 27 0 0 0 0 0 2749 0 251 122 70 68 266 0 53 36 135 0 45 0 3 0 0 4 3 55 179 0 456 0 75 23 66 50 19 0 0 0 0
 5 3 0 0 0 0 0 0 0 32 17 13 60 5 0 0 1 2 4 67 0 0 0 93 156 17 11 1 10 18 10 10 9 23 19 1 1 1 0 1 1 1 17 136 2 104 5 11 0 17 11 3 0 8 0 0
 0 20 27 0 0 0 0 0 0 389 3 177 68 0 4 0 8 1 0 0 0 0 0 0 0 98 0 1 0 0 0 0 2 1 0 0 0 1 0 0 0 0 0 0 0 95 1 0 0 4 9 0 0 6 0 0
 0 64 31 0 0 0 0 0 14 827 74 346 262 1 4 14 12 4 0 0 0 0 0 0 0 118 227 0 0 0 0 5 0 10 0 0 0 0 0 0 0 0 0 100 0 283 2 13 10 64 32 11 0 0 0 0
 0 20 11 21 0 0 0 0 54 0 2 4 0 34 6 2 0 7 0 0 0 0 0 0 0 0 8 42 0 0 1 5 8 1 0 1 2 0 1 0 0 1 0 0 0 42 0 0 0 18 4 0 0 0 0 0
 0 49 52 29 0 0 2 0 46 0 0 7 3 0 22 2 3 0 0 0 0 0 0 0 0 1 9 45 65 0 0 18 3 0 0 1 0 0 0 0 0 0 0 0 0 65 1 9 3 34 5 0 0 0 0 0
 180 9 0 0 0 0 1 0 0 0 0 48 0 112 23 7 401 7 0 5 0 0 0 0 0 29 168 13 170 211 0 0 9 0 0 119 0 0 0 0 0 0 0 0 0 150 0 27 5 47 14 0 0 0 0 0
 3 4 1 2 0 0 0 0 4 8 2 9 47 62 3 2 33 1 0 3 0 0 0 2 0 11 18 0 4 4 40 34 3 7 5 15 0 0 0 0 1 0 6 14 1 49 0 4 0 11 4 4 0 0 0 0
 0 0 0 0 0 0 0 0 0 0 0 6 0 0 8 0 4 817 0 0 0 0 0 0 0 3 0 0 0 4 0 49 0 13 0 0 0 0 0 0 0 0 0 0 0 0 0 0 0 29 0 0 0 0 0 0
 0 0 0 0 0 0 0 0 0 0 0 0 2 118 12 0 1 721 0 0 0 0 0 0 0 0 12 0 0 0 0 7 94 0 0 0 0 0 0 0 0 0 0 0 0 0 0 0 0 0 0 0 0 0 0 0
 0 19 0 2 0 0 0 0 0 0 0 0 0 339 2 0 0 1 0 0 0 0 0 0 0 0 0 0 0 2 0 0 0 3 0 16 0 0 0 0 0 0 0 0 0 41 0 14 4 11 1 4 0 0 0 0
 148 19 0 13 0 0 0 0 0 0 0 13 0 159 11 117 2 4 0 0 0 0 0 1 0 9 36 8 0 8 0 25 9 53 874 98 0 1 0 1 2 1 22 0 2 259 0 7 1 13 18 12 0 20 0 0
 0 182 15 107 0 0 3 0 0 0 0 0 0 1252 68 0 0 0 0 90 0 0 0 0 0 1 14 0 0 0 0 88 30 0 0 3433 0 2 0 1 2 4 64 0 16 586 0 26 0 24 63 65 0 27 0 0
 4 26 1 3 0 0 1 0 0 0 0 17 0 0 13 39 0 19 0 12 0 0 0 33 0 15 53 0 3 19 0 57 24 38 33 2907 227 1 1 1 4 2 38 9 0 168 0 13 0 19 26 22 0 0 0 0
 1336 25 0 5 0 0 0 0 0 0 0 0 0 2 6 0 0 6 0 0 1 0 0 0 0 0 0 1 0 3 0 22 18 1 0 0 0 26 0 1 0 0 0 0 3 101 0 12 42 26 12 0 0 0 0 0
 0 12 1 12 0 1 0 0 0 2 0 0 0 0 9 0 1 6 0 2 2 0 0 2 0 1 13 0 1 10 0 4 3 0 0 0 0 0 480 0 0 0 0 3 0 101 0 15 29 51 11 0 0 0 0 0
 755 1 1 67 0 0 0 0 0 0 0 0 0 0 5 0 0 5 0 5 0 0 0 1 0 1 3 0 0 2 0 14 4 0 0 0 0 0 0 143 0 0 0 0 3 53 0 61 7 41 7 5 0 0 0 0
 395 55 15 38 0 2 2 0 0 0 0 0 0 1 21 6 0 9 0 0 3 0 0 0 0 3 12 3 38 9 0 5 8 1 0 0 0 0 0 23 511 0 0 0 3 75 0 10 2 34 16 32 0 0 0 0
 85 5 0 2 0 0 0 0 0 0 0 0 0 30 9 0 1 34 0 0 0 0 0 0 0 1 8 0 2 7 0 36 8 1 0 0 0 0 0 0 1 407 0 0 1 51 0 7 5 11 19 12 0 0 9 0
 4902 117 19 38 0 8 4 0 0 0 0 8 1 0 57 31 0 55 0 0 0 0 0 0 0 4 103 16 92 25 0 171 113 9 0 0 0 473 55 211 11 15 2092 0 0 663 0 99 40 144 78 119 0 0 0 0
 5122 239 143 0 0 1 12 0 339 374 129 100 56 0 149 294 312 337 28 0 0 0 0 0 0 84 0 18 20 189 0 85 37 11 72 1100 0 687 0 44 5 2 1658 5441 0 1033 0 115 19 152 169 154 0 0 0 0
 0 29 40 0 0 0 12 0 3321 820 384 81 56 528 286 52 613 17 119 189 46 0 0 269 0 92 144 218 126 169 0 25 41 25 0 0 15 0 0 0 0 0 8 618 870 687 0 57 55 340 68 21 0 0 0 0
 0 0 0 0 0 2 0 0 0 0 0 0 0 0 34 0 0 0 0 0 0 0 0 0 0 0 0 0 0 0 0 74 18 0 0 0 0 0 0 0 0 0 0 0 0 1166 0 378 185 917 698 273 0 303 0 0
 0 84 49 26 0 0 18 0 0 0 0 0 0 25 252 26 2 56 7 55 155 0 0 33 0 0 0 2 0 26 7 204 100 0 12 45 87 8 6 16 34 34 192 188 36 4905 52 118 22 110 268 151 0 589 0 0
 0 0 0 306 0 0 0 0 0 0 0 35 11 0 0 0 0 0 0 0 0 0 0 0 0 25 0 1 0 0 0 1 5 0 0 0 0 0 0 0 0 0 0 0 0 0 0 2 0 0 0 58 0 0 0 0
 0 0 0 0 0 0 12 0 0 0 0 0 0 0 114 0 0 0 2 0 0 0 43 0 0 1 0 0 0 0 0 1 5 0 0 0 4 0 0 0 0 0 0 0 0 0 0 16 458 0 44 25 0 43 80 0
 0 62 21 0 0 0 28 0 0 0 0 0 0 0 244 13 0 0 0 0 90 4 0 0 0 0 0 0 0 0 0 0 46 0 0 0 0 0 0 0 0 0 0 0 0 0 0 552 557 671 86 60 0 63 0 0
 0 0 0 0 0 0 0 0 0 0 0 0 0 0 8 0 0 0 0 0 0 0 0 0 0 0 0 0 0 0 0 0 14 0 0 0 0 0 0 0 0 0 0 0 0 0 0 159 0 0 0 0 0 0 0 0
 0 0 0 0 0 0 0 0 0 0 0 0 0 0 2 0 0 3 0 0 0 0 0 0 0 1 0 0 2 22 0 37 229 0 0 0 0 4 8 0 0 0 0 0 0 0 0 0 0 0 168 1082 0 655 0 0
 11 80 428 4 0 0 0 0 6 0 0 0 0 4 6 2 0 0 0 12 0 0 0 24 0 13 27 0 0 3 0 11 38 0 1 3 6 0 0 0 0 1 12 243 1892 31 18 1 0 1 5 965 0 512 380 0
 156 46 44 0 0 2 4 0 0 0 0 0 0 313 180 103 6 114 0 0 0 0 0 138 0 0 21 54 78 94 9 98 1356 14 0 0 137 29 83 92 1139 431 817 1154 91 0 0 5 0 0 508 0 0 6320 0 0
 28 262 174 171 0 15 1 0 34 0 0 0 3 901 266 33 14 10 158 214 479 13 220 589 154 73 345 6 11 108 2 95 260 13 30 78 63 3 1 11 9 0 63 563 2330 951 491 251 0 248 323 1013 0 5062 1121 0
 0 0 0 0 0 0 0 0 0 0 0 0 0 0 0 0 0 0 0 0 0 0 0 0 0 0 0 0 0 0 0 0 0 0 0 0 0 0 0 0 0 0 0 0 0 0 0 0 0 0 0 0 0 0 0 0
