56
 197 517 25 91 0 241 19 5 69 83 0 36 0 1098 912 78 0 0 8 529 146 0 11 0 3 73 84 7 13 0 0 3 0 41 0 29 12 0 0 0 0 0 0 0 212 811 181 83 17 201 75 549 0 0 0 0
 0 3984 231 1611 0 0 16 0 0 0 0 0 0 0 362 0 0 0 0 0 0 0 0 0 0 0 0 0 0 0 0 0 0 0 0 0 0 0 0 0 0 0 0 0 0 0 0 0 0 0 9 51 0 0 0 0
 0 0 552 765 0 15 141 0 0 0 0 0 0 0 217 12 11 0 40 127 0 0 0 7 18 12 1 0 0 0 0 0 17 4 0 0 3 0 0 0 0 0 0 10 30 63 0 13 0 16 9 30 0 98 0 0
 0 0 0 255 0 13 93 3 0 0 0 39 0 0 16 10 39 0 34 187 0 0 0 116 2 170 18 0 0 0 0 0 0 18 0 0 9 0 0 0 0 4 0 98 79 171 0 0 0 178 15 66 0 149 0 0
 0 13 3 8 19 0 0 0 1 0 0 1 0 4 2 0 0 0 0 4 0 0 0 1 0 1 1 0 0 0 0 0 0 0 0 0 0 0 0 0 0 0 0 1 1 1 1 9 4 9 1 1 0 1 2 0
 0 13 0 0 0 93 0 2 2 4 8 2 1 0 240 1 1 0 0 18 0 0 0 6 0 2 3 0 0 4 0 4 2 1 0 0 0 0 0 0 0 0 0 0 9 26 2 8 5 48 1 0 0 0 0 0
 0 0 0 0 0 0 9 0 2 2 5 3 1 0 0 0 1 0 0 6 1 0 0 3 0 11 4 0 0 0 0 1 1 0 0 0 1 0 0 0 0 0 0 0 6 4 0 5 5 18 1 10 0 0 0 0
 0 3 1 0 0 0 0 8 0 0 0 1 0 0 0 0 2 1 0 2 0 0 0 0 0 1 0 0 0 1 0 2 0 1 0 1 0 0 0 0 0 0 0 0 1 0 0 2 2 12 1 1 0 0 0 0
 0 364 5 111 0 0 0 9 1575 0 0 0 3 7 508 19 10 0 0 92 30 0 0 31 0 26 36 0 0 5 0 83 8 15 2 3 6 0 0 0 1 5 0 0 0 228 23 30 44 624 29 48 0 162 0 0
 0 443 284 871 145 0 0 1 204 4534 0 0 3 105 199 0 15 0 0 0 0 0 0 0 0 0 0 23 5 0 0 10 30 0 2 15 0 1 0 1 9 10 0 0 0 524 14 126 64 424 39 120 0 296 17 0
 3 108 29 29 2 0 0 3 1 299 59 2 35 57 9 0 3 4 0 0 0 0 0 0 0 0 0 3 0 6 0 7 16 0 0 6 1 0 0 0 3 3 3 0 0 90 4 0 7 16 6 21 0 58 4 0
 0 46 7 0 0 0 0 0 5 1678 0 195 0 45 7 0 0 0 0 0 0 0 0 0 0 0 0 0 0 0 0 0 7 0 0 3 0 0 0 0 1 2 0 0 0 161 0 4 7 43 7 10 0 115 7 0
 4 174 29 30 0 0 0 0 0 0 0 19 1196 0 40 10 2 5 0 0 0 0 0 0 0 0 0 1 0 5 0 0 0 0 0 4 2 0 0 0 3 4 0 0 0 260 5 13 7 71 17 32 0 146 4 0
 0 887 64 325 0 299 79 19 0 0 0 0 211 8136 756 0 0 83 0 0 0 0 0 0 0 0 41 0 0 0 0 269 0 0 0 0 36 0 265 13 1 0 0 125 0 1148 45 188 31 373 152 1 0 1631 59 0
 0 0 0 0 0 0 107 9 0 0 0 0 0 0 4127 0 0 0 0 0 0 0 0 0 0 0 0 0 0 0 0 0 0 0 0 0 0 0 0 0 0 0 0 0 0 949 0 0 0 0 0 0 0 0 0 0
 0 70 0 0 0 0 0 0 0 2 5 86 0 535 19 163 0 5 0 0 0 0 0 0 0 0 82 0 0 0 0 23 5 0 0 281 0 0 0 0 0 5 0 0 0 87 0 2 0 0 11 0 0 0 0 0
 628 38 0 0 0 0 0 0 0 0 0 1 0 41 26 1 85 10 0 0 0 0 0 0 0 0 0 0 0 0 0 0 7 5 0 2 0 0 0 0 0 0 0 0 0 104 1 0 0 78 7 10 0 0 0 0
 100 62 5 43 0 0 5 0 31 2 0 11 0 0 97 0 0 376 0 0 0 0 0 0 0 0 0 0 0 0 0 0 0 0 0 17 0 0 0 0 0 0 0 0 0 105 0 20 6 120 0 0 0 0 0 0
 0 6 0 0 0 0 0 0 48 1047 181 119 49 59 21 15 25 20 225 201 0 0 0 78 3 100 4 7 18 6 0 8 24 66 7 15 0 0 0 0 5 6 9 0 0 197 0 0 0 0 0 10 0 107 0 0
 0 254 0 0 0 0 0 0 0 1644 962 285 281 283 213 527 57 74 0 6006 0 1 0 1813 27 379 0 13 0 60 0 30 91 168 0 6 0 2 2 0 11 27 51 281 0 1201 23 40 10 185 153 0 0 342 0 0
 0 212 77 23 0 0 0 0 0 1266 528 270 228 708 298 845 39 9 2 369 2403 0 0 847 222 864 837 25 172 27 0 21 16 289 28 279 1 0 1 0 2 9 4 188 0 671 0 65 32 0 18 244 0 491 0 0
 2 8 2 2 0 0 0 0 0 29 5 0 6 19 15 7 3 0 0 0 0 81 0 95 7 31 7 0 2 3 0 0 2 5 2 3 0 0 0 0 2 2 3 32 1 11 0 1 0 0 2 4 0 24 0 0
 0 29 13 2 0 0 0 0 1 345 23 46 41 60 11 10 16 0 58 331 3 0 105 164 23 29 26 0 1 4 0 2 6 17 2 15 1 0 0 0 2 2 5 65 3 88 4 8 0 14 6 10 0 47 0 0
 4 49 0 0 0 0 0 15 0 566 139 356 785 706 105 173 64 123 0 0 0 0 0 5413 0 426 229 57 165 126 0 135 45 322 7 85 7 1 3 0 17 31 16 251 0 792 0 0 2 70 0 7 0 544 0 0
 0 9 0 0 0 0 0 1 2 67 21 1 64 57 17 7 14 2 0 0 0 0 0 105 121 54 22 2 57 6 0 28 12 144 19 8 3 0 0 0 5 6 10 187 3 181 3 9 0 15 19 7 0 28 0 0
 0 33 0 0 0 0 0 0 0 974 28 104 89 16 8 0 0 10 0 0 0 0 0 0 0 122 0 6 0 5 0 11 10 0 0 4 2 0 0 0 3 3 6 0 0 134 0 6 0 5 10 0 0 69 0 0
 0 120 0 0 0 0 0 0 0 1263 11 859 186 0 11 0 58 50 0 54 0 0 0 0 0 204 758 0 0 0 0 44 8 60 0 0 0 0 0 0 0 0 0 14 0 541 0 25 0 43 37 0 0 0 0 0
 0 33 23 6 0 0 0 0 37 0 0 6 0 58 20 12 9 34 0 0 0 0 0 0 0 0 10 11 0 0 0 19 14 6 0 12 2 0 0 0 0 3 0 0 0 39 2 6 0 30 0 0 0 0 0 0
 0 81 48 9 0 0 0 0 33 0 0 3 15 58 83 4 10 29 0 1 0 0 0 0 0 1 26 28 280 0 0 62 6 31 2 0 2 0 0 0 0 4 0 0 0 115 3 8 0 28 5 0 0 0 0 0
 91 63 2 1 0 0 0 0 0 31 0 135 0 202 46 18 508 17 0 0 0 0 0 0 0 0 245 5 21 269 0 32 9 165 21 214 0 0 0 0 0 2 0 0 0 374 10 4 0 133 11 0 0 0 0 0
 5 16 3 1 0 0 0 0 0 28 11 8 29 152 5 16 21 19 0 8 5 0 0 25 4 9 10 0 1 13 3 22 5 34 6 40 0 0 0 0 1 1 1 44 1 113 6 4 0 21 9 6 0 10 0 0
 0 38 3 6 0 0 0 0 0 0 0 5 8 0 30 0 1 880 0 0 0 0 0 0 0 0 0 0 0 0 0 144 0 0 0 0 0 0 0 0 0 0 0 0 0 79 0 4 0 65 0 0 0 0 4 0
 6 30 0 2 0 0 0 0 0 0 0 0 4 309 19 0 0 837 0 0 0 0 0 0 0 0 0 0 0 0 0 20 96 0 0 0 0 0 0 0 0 2 0 0 0 120 0 0 0 10 37 0 0 0 0 0
 0 79 0 0 0 0 0 0 0 11 4 0 7 890 8 31 0 65 0 0 0 0 0 0 0 0 0 0 0 0 0 20 4 92 0 206 0 0 0 0 0 0 0 0 0 132 1 16 0 8 22 1 0 0 0 0
 70 25 3 4 0 0 0 0 0 0 0 2 0 285 18 72 3 29 0 6 0 0 0 0 0 7 94 6 0 0 0 24 8 126 655 105 0 0 0 0 5 5 7 0 1 180 11 7 0 9 19 20 0 64 0 0
 0 229 18 49 0 0 3 0 0 0 0 0 0 2042 103 0 0 0 0 0 0 0 0 0 0 0 25 0 2 0 0 90 1 0 0 2970 0 0 16 0 0 10 0 0 9 618 18 33 0 75 47 107 0 255 0 0
 0 44 0 0 0 0 0 0 0 2 0 24 0 0 36 38 0 10 0 2 0 0 0 0 0 0 95 0 0 59 1 75 28 48 28 3272 19 0 0 0 8 9 11 249 0 311 1 6 0 0 43 47 0 164 0 0
 1271 27 1 3 0 0 0 0 0 0 0 0 0 11 6 0 0 18 0 0 0 0 0 0 0 0 0 0 0 1 0 42 9 0 0 9 0 92 14 6 0 0 0 0 2 82 2 10 3 23 6 0 0 0 0 0
 6 20 3 5 0 1 0 0 0 6 0 0 0 0 18 0 3 60 0 0 0 0 0 0 0 0 32 0 3 0 0 39 2 14 0 0 0 0 441 0 0 1 0 0 2 119 4 16 5 40 8 0 0 0 0 0
 818 3 3 34 0 0 0 0 0 0 0 0 0 0 31 0 0 9 0 6 2 0 0 2 0 0 9 0 0 4 0 20 5 0 0 1 0 0 1 65 0 1 0 0 3 60 4 14 3 29 4 7 0 0 0 0
 403 70 14 21 0 1 3 0 0 0 0 0 0 0 56 13 0 17 0 0 0 0 0 0 0 0 57 3 56 1 0 20 10 15 0 2 0 1 6 38 585 3 98 58 1 133 2 14 0 29 15 44 0 0 0 0
 43 14 2 0 0 0 0 0 0 0 0 0 0 37 8 0 1 66 0 0 0 0 0 0 0 0 18 0 0 0 0 79 0 15 0 0 0 0 0 0 0 156 0 0 0 71 0 12 0 14 19 21 0 0 0 0
 7075 215 17 17 0 18 7 1 4 10 0 18 1 10 192 18 5 118 0 0 0 0 0 0 0 0 422 28 308 9 0 446 131 181 0 3 0 572 231 379 0 3 4045 0 0 1276 41 112 20 366 76 111 0 0 259 0
 7738 530 0 0 0 5 6 2 137 422 134 136 19 0 368 441 368 218 676 0 0 0 0 0 0 99 0 13 145 346 0 447 36 301 93 703 0 621 75 96 0 15 2105 5359 0 1421 164 106 10 208 316 278 0 0 0 0
 0 139 0 0 0 0 0 0 6610 1203 585 175 271 617 704 100 1132 93 1401 583 24 0 0 726 0 81 546 297 240 584 0 67 120 415 0 0 23 0 0 0 0 2 6 1285 816 1526 116 92 37 837 57 160 0 0 0 0
 0 77 0 0 0 0 0 0 0 0 0 0 0 0 0 0 0 0 0 0 0 0 0 0 0 0 0 0 0 0 0 0 0 0 0 0 0 0 0 0 0 0 0 0 0 976 0 674 128 1914 887 552 0 0 0 0
 0 327 4 0 0 0 0 0 0 0 0 0 0 0 327 62 0 5 5 0 86 0 0 26 0 0 3 0 0 0 0 51 15 0 0 0 0 0 0 0 0 1 0 0 0 8645 674 230 32 413 678 257 0 0 0 0
 0 44 0 28 0 0 0 0 0 0 7 0 0 0 112 0 17 0 152 0 0 0 0 33 0 0 0 0 0 0 0 0 1 0 0 0 0 0 0 0 0 0 0 0 0 0 0 13 0 0 0 300 0 0 0 0
 0 24 4 1 0 0 0 0 0 0 0 0 0 0 146 4 1 0 17 0 0 0 260 0 5 5 5 3 1 5 0 11 9 16 2 3 42 0 0 0 3 3 0 0 0 0 0 25 337 0 55 107 0 45 0 0
 0 162 0 0 0 0 0 0 0 0 0 0 0 0 533 254 0 0 24 0 412 39 0 0 0 0 0 0 0 0 0 0 0 0 0 0 19 0 0 0 0 0 0 0 0 0 0 1282 1333 3741 132 73 0 0 54 0
 0 0 0 0 0 0 0 0 0 0 0 0 0 0 41 0 0 0 6 0 0 0 0 96 0 0 0 1 0 0 0 8 0 0 0 0 0 0 0 0 0 0 0 0 0 0 0 196 0 0 0 0 0 0 0 0
 0 0 0 0 0 19 0 0 0 0 0 0 0 0 12 1 0 23 0 27 0 0 0 0 0 2 5 2 8 43 0 37 297 0 0 0 0 24 10 0 0 0 0 0 0 0 0 0 0 0 158 2899 0 1237 0 0
 164 311 998 3 0 5 0 0 101 0 0 0 0 6 98 1 1 1 4 10 5 0 0 95 4 29 10 6 5 34 0 6 21 0 1 35 2 0 0 0 0 0 2 1285 2541 20 5 7 1 19 10 1490 0 1833 0 0
 503 249 0 0 0 8 0 0 0 0 0 0 0 0 207 87 8 91 0 0 0 0 0 0 0 0 124 13 41 169 0 101 1466 30 0 0 0 35 65 30 2461 1815 1899 1059 64 416 65 43 0 76 747 0 0 6617 410 0
 126 756 279 158 0 20 33 0 71 0 0 0 0 0 2468 750 116 55 26 181 328 942 615 371 1330 345 159 332 0 30 218 0 178 631 84 36 251 248 28 55 48 2 0 323 975 3008 1778 1402 443 0 756 694 954 0 10502 23484
 0 0 0 0 0 0 0 0 0 0 0 0 0 0 0 0 0 0 0 0 0 0 0 0 0 0 0 0 0 0 0 0 0 0 0 0 0 0 0 0 0 0 0 0 0 0 0 0 0 0 0 0 0 0 0 0
