56
 233 500 25 104 0 298 10 3 94 72 0 27 0 1151 613 61 0 0 4 429 106 0 33 0 0 52 67 6 12 0 0 0 5 42 0 32 0 0 19 0 0 0 0 0 162 612 68 91 19 176 102 754 0 0 0 0
 0 3621 431 1749 0 0 0 0 0 0 0 0 0 0 332 0 0 0 1 0 0 0 0 0 0 0 0 0 0 0 0 0 19 0 0 0 0 0 0 0 0 0 0 0 0 113 0 0 0 0 34 64 0 0 0 0
 0 0 565 634 0 0 211 0 4 0 0 0 0 0 260 7 9 3 17 166 0 0 0 0 19 0 4 0 0 23 0 10 48 0 0 0 3 0 0 0 0 0 0 0 0 95 0 34 0 0 34 27 0 0 0 0
 0 0 0 162 0 0 2 28 0 0 0 60 0 0 18 0 102 0 35 254 0 0 0 213 6 279 60 0 0 7 0 0 20 7 0 0 8 0 0 0 0 0 0 60 70 153 0 0 3 90 45 90 0 99 0 0
 0 13 1 6 0 0 0 0 3 0 0 0 0 0 2 0 2 0 0 2 0 0 0 3 0 0 0 0 0 0 0 0 0 0 0 0 0 0 0 0 0 0 0 2 1 4 0 9 4 9 2 1 0 3 2 0
 0 35 10 17 0 80 0 0 4 18 6 10 0 0 2 0 6 0 0 4 0 0 0 20 0 6 11 0 0 19 0 12 5 0 0 0 0 0 0 0 0 0 0 0 0 2 0 9 5 8 6 0 0 0 0 0
 0 25 0 0 0 0 160 0 0 5 0 4 0 11 0 0 3 0 0 0 0 0 0 6 0 22 7 0 0 0 0 0 0 0 0 0 0 0 0 0 0 0 0 0 0 13 0 7 5 20 0 15 0 0 0 0
 0 6 1 0 0 1 0 2 0 0 0 1 0 0 2 0 3 0 0 3 0 0 0 0 0 1 1 0 0 2 0 0 0 0 0 1 0 0 0 0 0 0 0 0 0 1 0 2 8 4 1 1 0 0 0 0
 0 447 0 78 0 0 11 0 1320 0 0 0 6 0 336 6 39 0 5 107 6 0 0 0 0 35 9 0 0 36 0 310 19 45 3 3 12 1 0 1 3 2 12 0 0 541 34 34 44 853 49 64 0 153 0 0
 0 504 382 1067 150 0 0 0 365 3921 0 0 15 0 175 23 4 9 0 0 0 0 0 0 0 0 0 18 12 2 0 70 38 53 5 29 8 2 0 2 9 5 47 0 0 628 21 271 82 342 97 151 0 209 30 0
 7 121 35 21 9 0 0 0 34 388 75 13 54 52 8 7 0 2 0 0 0 0 0 0 0 1 0 0 2 7 0 6 16 0 0 3 5 1 0 0 2 1 12 0 0 168 9 0 13 24 14 25 0 70 6 0
 0 45 21 0 5 0 0 0 0 1448 0 269 31 0 0 0 2 0 0 0 0 0 0 0 0 0 0 0 0 0 0 0 8 5 0 0 0 1 0 0 1 1 0 0 0 200 3 0 14 29 20 16 0 65 9 0
 9 244 34 11 7 0 1 0 0 0 0 0 865 0 30 1 0 0 0 0 0 0 0 0 0 0 0 0 0 0 0 6 0 0 1 1 1 1 0 0 2 1 8 0 0 95 4 0 15 38 70 43 0 14 0 0
 0 869 180 600 0 218 0 38 204 134 0 38 286 8399 267 0 0 0 0 0 0 0 0 0 0 47 36 0 61 0 0 266 0 0 0 0 0 0 298 11 2 0 214 523 0 2063 0 373 142 949 203 22 0 43 0 0
 0 0 0 0 0 0 283 0 0 0 0 6 0 0 1714 0 0 0 0 0 0 0 0 0 2 0 0 0 0 0 0 0 0 8 0 0 0 0 0 0 0 0 0 0 0 296 0 34 0 55 20 0 0 0 0 0
 0 57 0 5 0 0 1 0 0 0 0 13 0 644 13 222 0 6 0 0 0 0 0 0 0 3 0 0 0 0 0 81 10 75 0 255 0 0 0 0 0 2 0 0 0 223 0 13 1 0 23 2 0 0 0 0
 1015 47 0 0 0 0 0 0 0 0 0 0 0 62 25 1 41 0 0 0 0 0 0 0 0 0 0 0 0 0 0 0 1 5 0 1 0 0 0 0 1 1 4 0 0 88 1 1 7 65 13 19 0 3 0 0
 206 77 0 67 0 0 3 0 28 0 0 28 0 28 87 0 112 391 0 0 0 0 0 0 0 0 1 0 2 0 0 0 0 1 0 5 0 0 0 0 0 0 0 0 0 129 0 11 10 32 13 0 0 0 0 0
 0 0 0 0 0 0 1 0 0 1171 158 103 18 23 16 78 14 5 256 0 0 0 0 68 0 84 192 0 6 4 0 7 17 51 4 3 4 1 1 1 4 2 29 0 0 293 0 0 0 29 12 20 0 117 0 0
 0 228 0 0 0 0 0 0 0 1499 1294 312 461 278 49 626 61 11 1256 6889 0 0 0 1211 0 437 296 17 14 0 1 24 104 152 9 0 2 1 0 0 10 9 101 55 0 1253 0 28 22 169 214 11 0 330 0 0
 0 213 84 34 0 0 12 0 0 1435 604 391 412 787 322 1052 52 28 27 854 3991 0 0 1173 256 1066 987 23 205 38 0 43 18 328 27 372 5 0 0 2 1 2 60 0 0 495 0 125 69 0 54 279 0 406 0 0
 3 6 2 2 0 0 0 0 0 4 2 1 8 8 4 4 2 0 0 1 0 23 0 56 4 14 13 0 1 3 0 0 0 6 0 2 0 0 0 0 1 0 5 9 0 16 1 2 1 0 4 6 0 16 0 0
 0 34 14 1 0 0 1 0 7 313 11 139 50 83 5 11 13 4 8 176 0 0 64 165 2 31 41 5 13 7 0 1 4 11 3 16 2 0 0 0 2 1 12 7 0 64 7 0 0 16 15 15 0 45 0 0
 47 60 6 0 0 0 0 0 3 395 248 288 1702 576 47 121 3 45 0 0 0 0 0 6613 0 408 427 80 215 609 11 174 76 423 5 49 0 2 0 0 13 9 87 364 0 1136 0 0 18 135 0 3 0 90 0 0
 1 2 0 0 0 0 0 0 0 53 18 21 106 19 0 3 1 5 16 116 0 0 0 194 53 24 64 1 23 40 24 25 16 126 29 2 5 0 1 0 3 2 22 190 3 182 15 0 5 53 18 5 0 58 0 0
 0 32 3 0 0 0 0 0 0 1002 0 226 120 0 0 0 8 2 0 0 0 0 0 0 0 123 0 0 0 0 0 0 3 15 0 0 0 1 0 0 0 1 0 0 0 156 4 0 0 23 21 1 0 29 0 0
 0 120 0 0 0 0 0 0 0 1115 25 473 636 0 1 28 7 0 0 0 0 0 0 0 0 91 780 0 0 0 0 2 0 181 0 0 0 0 0 0 0 0 0 64 0 543 0 0 8 69 65 1 0 0 0 0
 0 37 17 6 0 0 1 0 60 0 2 5 5 22 15 5 0 9 0 0 0 0 0 0 0 1 21 36 0 0 3 12 11 24 0 1 6 0 0 0 0 1 0 0 0 67 6 0 2 46 3 0 0 0 0 0
 0 88 51 4 0 0 2 0 74 0 0 15 9 0 64 6 4 0 0 0 0 0 0 0 0 1 15 60 207 0 0 59 8 14 0 1 0 0 0 1 0 0 0 0 0 162 7 1 0 73 8 0 0 0 0 0
 328 39 0 0 0 0 2 0 0 0 0 70 0 32 38 7 439 11 0 17 0 0 0 0 0 51 534 3 308 451 0 0 11 0 0 123 0 0 0 0 0 0 0 0 0 301 0 0 6 106 29 0 0 0 0 0
 9 16 1 1 0 0 0 0 4 8 1 13 33 127 2 3 25 4 0 0 1 0 0 0 0 11 35 0 1 7 90 58 4 46 7 9 0 0 0 0 1 1 7 0 1 57 0 2 3 12 9 6 0 0 0 0
 2 29 0 7 0 0 0 0 0 0 0 8 0 0 20 0 4 1166 0 0 0 0 0 0 0 1 0 0 0 5 0 108 0 135 0 0 0 0 0 0 0 0 0 0 0 0 0 0 0 34 0 0 0 0 0 0
 0 0 0 0 0 0 0 0 0 0 0 0 5 57 13 0 0 871 0 0 0 0 0 0 0 0 54 0 0 0 0 36 108 20 0 0 0 0 0 0 0 0 0 0 0 51 0 0 0 0 0 0 0 0 0 0
 0 85 0 0 0 0 1 0 0 0 0 0 2 1386 0 0 0 0 0 0 0 0 0 0 0 0 0 0 0 13 0 0 0 82 0 0 0 0 1 0 0 0 0 0 0 113 0 14 0 46 2 5 0 0 0 0
 118 32 6 3 0 0 1 0 0 0 0 18 0 193 10 163 0 3 0 0 0 0 0 0 0 9 63 5 0 5 0 31 6 159 1007 50 0 0 1 0 3 2 23 0 0 277 0 0 2 25 24 16 0 14 0 0
 0 278 19 43 0 0 3 0 0 0 0 0 0 1905 73 0 0 0 0 122 0 0 0 0 0 2 25 0 0 0 0 212 45 41 0 3719 0 1 2 1 7 6 67 0 0 1010 0 29 3 71 100 95 0 85 0 0
 5 48 0 0 0 0 1 0 0 0 0 22 0 2 15 75 0 23 0 0 0 0 0 52 0 14 137 0 5 36 0 121 31 340 68 3281 437 1 1 1 7 2 47 0 0 274 0 0 0 0 40 38 0 0 0 0
 1480 26 1 1 0 0 0 0 0 0 0 0 0 1 4 0 0 5 0 0 2 0 0 0 0 0 3 1 0 4 0 32 19 6 0 0 0 21 0 0 0 0 0 0 2 117 0 9 23 30 15 0 0 0 0 0
 0 20 5 8 0 2 0 0 0 4 0 0 0 0 15 0 1 7 0 2 2 0 0 1 0 2 17 0 2 10 0 6 3 0 0 0 0 0 480 0 1 0 0 6 1 115 4 14 29 77 20 0 0 0 0 0
 726 4 2 33 0 0 1 0 0 0 0 0 0 0 30 0 0 4 0 2 0 0 0 1 0 1 10 0 0 3 0 17 3 0 0 0 0 0 0 233 0 0 0 0 2 64 9 42 5 53 6 8 0 0 0 0
 380 77 21 24 0 4 2 0 0 0 0 0 0 0 49 6 0 8 0 0 0 0 0 0 0 0 32 1 48 9 0 7 6 7 0 0 0 0 0 34 1203 0 0 0 0 68 0 13 6 69 31 48 0 0 0 0
 58 19 0 0 0 0 0 0 0 0 0 0 0 63 9 0 0 20 0 0 0 0 0 0 0 0 9 0 2 8 0 35 4 1 0 0 0 0 0 0 0 750 0 0 0 28 0 9 5 26 33 22 0 0 13 0
 6981 174 41 11 0 22 4 0 0 0 0 16 0 0 144 62 0 77 0 0 0 0 0 0 0 8 366 18 211 70 0 364 149 60 0 0 0 700 40 262 8 33 4639 0 0 1323 0 104 58 300 158 144 0 0 0 0
 6961 548 110 0 0 3 9 0 286 482 121 136 108 0 318 527 291 424 73 0 75 0 0 0 0 126 0 13 41 405 13 182 51 221 185 1123 213 851 0 32 25 21 2453 8119 0 1831 580 61 18 395 327 242 0 0 0 0
 0 178 52 0 0 3 22 0 7306 1483 783 194 461 1343 789 137 1113 38 383 573 95 0 2 854 0 153 524 403 314 533 0 83 99 132 0 2 54 0 0 0 2 2 29 2127 993 2365 138 151 103 1119 272 153 0 186 0 0
 0 0 0 0 0 0 0 0 0 0 0 0 0 0 0 0 0 0 0 0 0 0 0 0 0 0 0 0 0 0 0 62 0 0 0 0 0 0 0 0 0 0 0 0 0 1089 0 251 84 1386 1251 437 0 24 0 0
 0 190 55 0 0 2 16 0 0 0 0 0 0 14 526 55 0 80 13 73 251 0 0 39 0 0 8 0 0 41 14 492 129 50 7 44 188 0 0 0 26 32 261 0 0 8719 119 98 15 146 664 189 0 1259 0 0
 0 0 0 135 0 0 0 0 0 0 18 60 82 0 0 0 0 0 54 0 0 0 4 26 3 55 14 7 0 17 0 16 34 0 0 0 14 0 0 0 0 0 0 0 0 0 0 8 0 0 0 102 0 36 0 0
 0 23 2 0 0 0 0 0 0 0 0 0 0 0 97 0 0 0 8 0 0 0 150 0 0 2 0 0 0 0 0 10 6 7 0 0 33 0 0 0 0 0 0 0 0 0 0 17 512 0 75 67 0 65 93 0
 0 160 12 0 0 0 0 0 0 0 0 0 0 0 0 28 0 0 0 0 355 18 0 0 0 0 0 0 0 0 0 0 63 0 0 0 5 0 0 0 0 0 0 0 0 0 0 1688 1335 4241 181 103 0 24 0 0
 0 0 0 0 0 0 0 0 0 0 0 0 0 0 0 0 0 0 0 0 0 0 0 13 0 0 0 0 0 0 0 0 42 0 0 0 0 0 0 0 0 0 0 0 0 0 0 188 0 0 0 0 0 0 0 0
 0 0 0 0 0 15 0 0 0 0 0 0 0 0 4 0 0 20 0 0 0 0 0 0 0 0 0 1 9 42 0 48 327 0 0 0 0 13 21 0 0 0 0 0 0 0 0 0 0 0 240 2975 0 1572 0 0
 30 157 836 1 0 0 1 0 20 4 0 0 2 8 12 15 3 0 0 30 0 0 0 80 3 35 80 0 1 20 0 40 80 3 10 15 20 0 0 0 2 2 16 930 2311 120 96 1 1 5 14 1943 0 2376 1075 0
 324 187 22 0 0 11 2 0 0 0 0 0 0 0 346 163 0 113 0 0 0 0 0 0 0 0 167 42 86 120 44 191 1291 139 0 0 267 55 112 111 2026 1411 1395 1506 0 0 0 0 0 0 1126 0 0 9292 0 0
 107 701 305 160 0 23 12 0 67 0 0 0 12 2033 655 110 49 40 237 289 825 472 403 1157 361 112 239 7 45 211 2 216 632 74 50 211 259 16 34 29 34 0 278 1201 3139 1884 1207 480 0 651 865 1897 0 11348 2360 0
 0 0 0 0 0 0 0 0 0 0 0 0 0 0 0 0 0 0 0 0 0 0 0 0 0 0 0 0 0 0 0 0 0 0 0 0 0 0 0 0 0 0 0 0 0 0 0 0 0 0 0 0 0 0 0 0
