56
 130 198 8 37 0 147 5 0 40 29 0 18 0 575 249 40 0 0 0 199 28 0 6 0 0 33 21 2 3 0 0 14 5 3 0 35 0 0 0 0 0 0 0 0 92 158 0 71 10 52 53 271 0 0 0 0
 0 1085 235 710 0 0 0 0 0 0 0 0 0 0 74 0 0 0 0 0 0 0 0 100 0 0 0 0 0 0 0 0 12 0 0 0 0 0 0 0 0 0 0 0 0 32 0 80 19 0 21 22 0 0 0 0
 0 0 169 738 0 0 2 0 1 0 0 0 0 0 0 6 0 0 1 60 0 0 0 0 5 0 0 0 0 6 0 4 13 1 0 0 0 0 0 0 0 0 0 0 0 19 0 80 16 0 15 1 0 0 0 0
 0 0 0 296 0 0 0 38 0 0 0 53 0 0 0 0 222 0 27 201 0 0 0 138 4 192 44 0 0 2 0 0 10 0 0 0 0 0 0 0 0 0 0 0 46 109 0 0 23 43 26 28 0 30 0 0
 0 15 1 0 1 0 0 2 4 0 0 0 0 8 1 0 5 0 0 2 0 0 0 2 0 3 1 0 0 0 0 0 0 0 0 0 0 0 0 0 0 0 0 3 0 4 0 6 4 2 1 1 0 2 1 0
 0 6 1 26 0 2 0 0 2 4 2 3 0 0 2 0 2 0 0 1 0 0 0 3 0 2 1 0 0 3 0 2 1 0 0 0 0 0 0 0 0 0 0 0 1 1 0 3 2 2 3 0 0 0 0 0
 0 11 0 0 0 0 89 0 0 9 0 4 0 12 0 0 5 0 0 0 0 0 0 4 0 25 2 0 0 0 0 1 1 0 0 0 0 0 0 0 0 0 0 0 0 0 0 9 0 0 1 3 0 0 0 0
 0 3 4 0 0 0 0 2 0 0 0 2 0 0 1 0 4 0 0 3 0 0 0 0 0 2 1 0 0 2 0 0 0 0 0 2 0 0 0 0 0 0 0 0 0 0 0 1 5 1 1 1 0 0 0 0
 0 127 0 164 0 0 9 1 478 0 0 0 0 0 47 1 26 0 1 33 5 0 0 0 0 12 0 0 0 6 0 61 6 3 1 3 3 1 1 1 0 2 9 0 0 140 6 80 22 283 21 20 0 27 0 0
 0 134 282 688 172 0 0 2 196 2091 0 0 52 0 37 11 3 5 0 0 0 0 0 0 0 0 0 15 4 0 0 27 19 5 2 32 3 2 0 1 2 2 9 0 0 297 5 85 63 89 56 40 0 82 7 0
 6 36 27 30 11 0 0 0 21 267 78 7 34 46 6 4 0 2 0 0 0 0 0 0 0 0 0 0 1 2 0 2 9 0 0 4 1 1 0 0 1 1 6 0 0 76 2 16 7 10 12 8 0 28 0 0
 0 22 16 0 2 0 0 0 8 716 0 164 0 0 0 0 2 0 0 0 0 0 0 0 0 0 0 0 0 0 0 0 4 1 0 0 0 1 0 0 0 1 0 0 0 98 1 0 6 9 10 5 0 25 0 0
 4 129 27 19 7 0 0 0 2 0 0 16 898 0 6 2 0 0 0 0 0 0 0 0 0 0 0 0 0 1 0 6 0 0 1 2 1 1 0 0 1 1 2 0 0 150 3 2 17 12 18 11 0 32 0 0
 0 278 192 424 0 73 0 23 71 26 0 6 165 2311 0 0 0 1 0 0 0 0 0 0 0 22 6 0 0 0 0 121 0 0 0 0 16 2 65 7 0 0 53 79 0 443 0 329 108 118 56 16 0 0 0 0
 0 0 17 40 0 0 514 0 0 0 0 4 0 95 644 0 0 0 0 0 0 0 0 0 3 0 3 0 0 0 0 0 0 2 0 0 0 0 0 0 0 0 0 0 0 0 0 153 0 0 0 0 0 0 0 0
 0 16 0 15 0 0 1 0 0 0 0 3 0 162 6 74 0 3 0 0 0 0 0 0 0 1 0 0 0 0 0 17 3 3 0 208 0 1 0 0 0 1 0 0 0 49 0 17 2 0 8 0 0 0 0 0
 840 16 0 0 0 0 0 0 0 0 0 0 0 22 12 1 126 0 0 0 0 0 0 2 0 0 0 0 0 0 0 0 2 1 0 2 1 1 0 0 0 0 3 0 0 94 0 31 12 45 9 6 0 6 0 0
 122 45 0 76 0 0 2 0 24 0 0 19 0 0 12 0 139 326 0 0 0 0 0 0 0 0 0 0 1 0 0 0 0 0 0 23 0 0 0 0 0 0 0 0 0 62 0 25 11 11 12 0 0 0 0 0
 0 5 0 0 0 0 1 0 0 591 149 55 11 15 4 39 14 3 128 0 0 0 0 33 0 51 78 0 2 1 0 2 8 5 2 3 1 1 0 1 1 1 12 3 0 131 0 14 0 5 8 6 0 42 0 0
 0 66 0 0 0 0 0 0 0 861 725 168 138 76 14 195 34 1 323 1961 0 0 0 313 0 134 93 8 3 0 0 2 31 15 0 0 0 3 0 0 0 3 25 109 0 314 0 74 10 20 61 21 0 4 0 0
 0 26 27 23 0 0 5 0 0 469 150 105 86 164 53 345 25 8 8 182 582 0 0 263 97 242 261 7 37 30 0 7 4 54 10 103 0 0 0 1 0 0 2 171 0 109 0 46 9 0 15 36 0 58 0 0
 0 0 0 0 0 0 0 0 0 1 0 0 0 0 0 0 0 0 0 1 0 1 0 0 0 1 0 0 0 0 0 0 0 0 0 0 0 0 0 0 0 0 0 0 0 0 0 0 0 0 0 0 0 0 0 0
 0 24 3 4 0 0 0 0 4 215 16 81 5 22 2 10 15 2 8 119 0 0 72 75 10 22 11 5 6 3 0 1 3 2 2 20 1 1 0 0 1 1 7 11 3 38 2 5 0 4 10 4 0 16 0 0
 2 0 0 0 0 0 0 0 3 331 126 87 536 246 13 34 0 14 0 0 0 0 0 1462 0 120 89 41 44 136 0 29 17 85 1 50 0 4 0 0 0 2 17 224 0 260 0 54 8 23 24 11 0 0 0 0
 4 0 0 0 0 0 1 0 0 22 13 8 53 7 0 0 1 2 3 34 0 0 0 56 202 10 8 1 8 10 6 6 6 15 10 1 1 1 0 0 1 1 9 103 2 74 1 11 0 11 7 0 0 0 0 0
 0 9 16 0 0 0 0 0 0 356 5 128 66 0 2 0 7 0 0 0 0 0 0 0 0 65 0 0 0 0 0 0 2 1 0 0 0 1 0 0 0 0 0 0 0 77 0 4 1 0 8 0 0 6 0 0
 0 28 14 0 0 0 0 0 10 642 56 231 234 0 0 19 8 3 0 0 0 0 0 0 0 51 181 0 0 0 0 5 0 16 0 0 0 0 0 0 0 0 0 160 0 221 0 18 6 39 25 2 0 0 0 0
 0 14 2 20 0 0 0 0 51 0 2 3 1 39 3 2 0 7 0 0 0 0 0 0 0 0 5 46 0 0 1 5 7 2 0 2 1 0 0 0 0 1 0 0 0 39 1 1 0 12 1 0 0 0 0 0
 0 22 34 29 0 0 2 0 28 0 0 5 3 16 10 2 3 0 0 0 0 0 0 0 0 1 3 35 52 0 0 13 2 0 0 1 0 1 0 0 0 0 0 0 0 51 1 7 2 18 4 0 0 0 0 0
 121 7 0 0 0 0 2 0 0 0 0 28 0 75 17 6 322 6 0 7 0 0 0 0 0 23 120 9 95 98 0 0 5 0 0 131 0 0 0 0 0 0 0 0 0 100 0 23 3 34 13 0 0 0 0 0
 2 2 2 1 0 0 0 0 3 6 2 9 44 41 2 2 31 3 0 2 0 0 0 3 0 7 10 0 3 3 38 22 2 6 4 18 0 0 0 0 0 1 3 25 1 33 0 3 0 6 3 3 0 0 0 0
 0 0 0 0 0 0 0 0 0 0 0 4 0 0 3 0 3 678 0 0 0 0 0 0 0 2 0 0 0 2 0 31 0 12 0 0 0 0 0 0 0 0 0 0 0 0 0 1 0 14 2 0 0 0 0 0
 0 0 0 0 0 0 0 0 0 0 0 0 1 60 10 0 0 600 0 0 0 0 0 0 0 0 12 0 0 0 0 5 60 1 0 0 0 0 0 0 0 0 0 0 0 0 0 2 0 0 0 0 0 0 0 0
 0 7 0 3 0 0 0 0 0 0 0 0 0 180 0 0 0 1 0 0 0 0 0 0 0 0 0 0 0 1 0 0 0 3 0 15 0 0 0 0 0 0 0 0 0 19 0 13 1 4 1 1 0 0 0 0
 190 11 0 12 0 0 0 0 0 0 0 12 0 109 7 89 1 3 0 3 0 0 0 0 0 9 21 6 0 4 0 16 6 31 638 106 0 1 0 1 1 1 11 0 2 192 0 7 0 5 13 7 0 14 0 0
 0 116 8 105 0 0 3 0 0 0 0 0 0 1080 46 0 0 0 0 42 0 0 0 0 0 0 7 0 0 0 0 38 14 0 0 3429 0 4 0 2 1 6 36 0 6 296 0 25 0 7 52 38 0 0 0 0
 0 16 0 3 0 0 0 0 0 0 0 9 0 0 11 21 0 9 0 3 1 0 0 20 0 7 38 0 1 9 0 28 12 20 24 2104 68 3 1 1 3 2 19 0 0 84 0 12 0 2 21 12 0 0 0 0
 801 16 0 6 0 0 0 0 0 0 0 0 0 0 6 0 0 5 0 0 1 0 0 0 0 0 0 0 0 1 0 15 13 1 0 0 0 34 0 1 0 0 0 0 1 72 0 10 30 14 12 0 0 0 0 0
 7 8 1 15 0 1 0 0 0 1 0 0 0 0 5 0 1 6 0 1 0 0 0 1 0 1 6 0 1 6 0 4 3 0 0 0 0 0 417 0 0 0 0 15 0 84 0 14 18 26 8 0 0 0 0 0
 581 1 1 52 0 0 0 0 0 0 0 0 0 0 3 0 0 4 0 2 0 0 0 0 0 1 3 0 0 1 0 10 3 0 0 0 0 0 0 133 0 0 0 0 1 41 0 48 4 25 8 3 0 0 0 0
 253 31 8 31 0 1 2 0 0 0 0 0 0 0 16 4 0 5 0 2 3 0 0 1 0 1 7 2 18 3 0 3 5 1 0 0 0 0 0 14 226 0 0 0 1 35 0 7 1 14 12 19 0 0 0 0
 79 3 0 1 0 0 0 0 0 0 0 0 0 25 4 0 0 37 0 0 0 0 0 0 0 0 7 0 1 6 0 34 8 1 0 0 0 1 0 0 2 237 0 1 0 43 0 6 3 8 19 7 0 0 5 0
 3443 69 10 51 0 6 4 0 0 0 0 7 0 0 34 20 0 30 0 0 0 0 0 0 0 5 64 10 48 6 0 76 49 7 0 0 0 447 91 191 5 9 863 0 0 335 0 76 25 72 52 61 0 0 0 0
 4306 189 82 1 0 0 17 1 111 236 83 52 8 0 81 210 214 198 0 0 0 0 0 0 0 43 0 3 1 13 0 32 2 10 78 1277 21 648 0 33 2 0 1097 4294 0 192 0 97 7 11 149 76 0 0 0 0
 0 8 20 0 0 0 16 0 2233 628 268 59 22 404 206 40 554 14 47 128 35 0 0 206 0 60 106 142 73 122 0 14 25 14 0 0 8 0 1 0 0 0 10 581 608 499 0 60 30 158 60 0 0 0 0 0
 0 0 0 0 0 0 10 1 0 0 0 0 0 0 46 0 0 0 0 0 0 0 0 0 0 0 0 0 0 0 0 45 14 0 0 0 0 0 0 0 0 0 0 0 0 996 0 336 117 246 520 197 0 337 0 0
 9 46 26 21 0 0 32 0 0 0 0 0 0 10 206 25 2 46 5 36 90 0 0 16 0 0 9 0 0 14 4 129 70 4 9 58 44 29 6 25 21 45 160 288 42 3445 27 91 18 48 249 145 0 414 0 0
 0 0 0 284 0 0 0 0 0 0 0 8 0 0 0 0 0 0 0 0 0 0 0 0 0 0 0 0 0 0 0 0 0 0 0 0 0 0 0 0 0 0 0 0 0 0 0 3 0 0 0 27 0 0 0 0
 0 0 0 0 0 0 19 0 0 0 0 0 0 0 71 0 0 0 2 0 0 0 46 0 0 0 0 0 0 0 0 1 1 0 0 0 7 0 0 0 0 0 0 0 0 0 0 9 201 0 38 9 0 20 36 0
 0 51 8 0 0 0 64 0 0 0 0 0 0 0 241 18 0 0 0 0 93 2 0 0 0 4 0 0 0 0 0 0 23 0 0 0 0 0 0 0 0 0 0 0 0 0 0 218 118 272 74 47 0 36 0 0
 0 0 0 0 0 0 0 0 0 0 0 0 0 0 8 0 0 0 0 0 0 0 0 0 0 0 0 0 0 0 0 0 3 0 0 0 0 0 0 0 0 0 0 0 0 0 0 133 0 0 0 0 0 0 0 0
 0 0 0 0 0 0 0 0 0 0 0 0 0 0 3 1 0 5 0 0 0 0 0 0 1 0 0 1 2 7 0 22 123 0 0 0 0 1 3 0 0 0 0 0 8 0 0 0 0 0 135 568 0 351 0 0
 4 48 207 3 0 0 0 0 2 0 0 0 0 2 3 2 0 0 0 4 0 0 0 8 0 5 18 0 0 2 0 3 11 0 1 3 3 1 0 0 1 1 8 208 1067 14 13 0 0 1 3 614 0 146 198 0
 149 24 23 0 0 0 9 0 0 0 0 0 0 194 140 85 0 72 0 0 0 0 0 66 13 0 14 35 31 38 9 48 658 10 0 5 85 51 95 84 957 403 596 1432 100 0 0 11 0 0 309 0 0 2694 0 0
 68 266 197 281 0 14 13 1 22 0 2 2 6 488 159 20 36 8 32 131 257 2 35 268 96 41 218 15 17 183 4 62 168 8 16 98 70 2 2 11 7 0 83 676 2303 510 299 343 0 332 352 360 0 3309 580 0
 0 0 0 0 0 0 0 0 0 0 0 0 0 0 0 0 0 0 0 0 0 0 0 0 0 0 0 0 0 0 0 0 0 0 0 0 0 0 0 0 0 0 0 0 0 0 0 0 0 0 0 0 0 0 0 0
