56
 203 525 30 106 0 243 12 6 74 75 0 35 0 1096 892 73 0 0 8 592 150 0 11 0 4 74 90 8 15 0 0 4 0 37 0 31 13 0 0 0 0 0 0 0 243 918 203 84 22 233 109 677 0 0 0 0
 0 4048 268 1794 0 0 5 0 0 0 0 0 0 0 349 0 0 0 0 0 0 0 0 0 0 0 0 0 0 0 0 0 0 0 0 0 0 0 0 0 0 0 0 0 0 0 0 0 0 0 25 65 0 0 0 0
 0 0 637 841 0 14 90 0 0 0 0 0 0 0 208 10 10 0 38 137 0 0 0 0 19 8 0 0 0 0 0 0 20 2 0 0 3 0 0 0 0 0 0 4 33 70 0 9 0 18 13 32 0 118 0 0
 0 0 0 281 0 12 60 4 0 0 0 37 0 0 7 8 35 0 35 210 0 0 0 116 2 172 19 0 0 0 0 0 0 17 0 0 10 0 0 0 0 4 0 104 88 192 0 0 1 206 24 74 0 180 0 0
 0 13 4 9 19 0 0 0 1 0 0 1 0 4 2 0 0 0 0 4 0 0 0 1 0 1 1 0 0 0 0 0 0 0 0 0 0 0 0 0 0 0 0 1 1 1 1 9 5 10 1 1 0 1 3 0
 0 13 0 0 0 94 0 2 2 4 8 2 1 0 234 1 1 0 0 20 0 0 0 6 0 2 3 0 0 5 0 4 2 1 0 0 0 0 0 0 0 0 0 0 10 29 2 8 6 56 2 0 0 0 0 0
 0 0 0 0 0 0 6 0 2 2 5 3 1 0 0 0 1 0 0 7 1 0 0 3 0 11 5 0 0 0 0 1 1 0 0 0 1 0 0 0 0 0 0 0 7 4 0 5 6 21 1 13 0 3 0 0
 0 3 1 0 0 0 0 9 0 0 0 1 0 0 0 0 2 1 0 3 0 0 0 0 0 1 0 0 0 1 0 2 0 1 0 1 0 0 0 0 0 0 0 0 1 0 0 2 2 14 1 1 0 0 0 0
 0 368 9 124 0 0 0 11 1677 0 0 0 6 0 497 18 7 0 0 103 31 0 0 32 0 26 38 0 0 7 0 93 9 14 2 3 7 0 0 0 1 6 0 0 0 255 25 27 54 726 45 54 0 202 0 0
 0 455 330 981 141 0 0 1 249 4162 0 0 39 111 197 0 14 0 0 0 0 0 0 0 0 0 0 25 6 0 0 11 35 0 2 16 0 1 0 1 10 11 0 0 0 586 15 152 82 498 58 134 0 355 32 0
 3 110 34 34 2 0 0 3 2 266 62 2 46 57 9 0 3 4 0 0 0 0 0 0 0 0 0 3 0 7 0 8 18 0 0 6 1 0 0 0 3 3 3 0 0 101 4 0 9 19 9 23 0 70 6 0
 0 48 13 0 0 0 0 0 6 1536 0 189 0 45 7 0 0 0 0 0 0 0 0 0 0 0 0 0 0 0 0 0 8 0 0 3 0 0 0 0 1 2 0 0 0 180 0 5 9 51 11 12 0 138 10 0
 4 155 31 31 0 0 0 0 0 0 0 11 1584 0 39 8 2 5 0 0 0 0 0 0 0 0 0 0 0 5 0 0 0 0 0 4 2 0 0 0 3 4 0 0 0 291 5 6 8 81 24 36 0 173 0 0
 0 903 79 379 0 302 46 23 1 0 0 0 291 8169 735 0 0 76 0 0 0 0 0 0 0 0 77 0 0 0 0 332 0 0 0 0 40 0 289 13 3 0 10 176 0 1289 53 190 41 436 230 16 0 2085 0 0
 0 0 0 0 0 0 56 11 0 0 0 0 0 0 4036 0 0 0 0 0 0 0 0 0 0 0 0 0 0 0 0 0 0 0 0 0 0 0 0 0 0 0 0 0 0 1096 0 0 0 0 0 0 0 0 0 0
 0 72 0 0 0 0 0 0 0 2 6 83 0 541 19 154 0 5 0 0 0 0 0 0 0 0 98 0 0 0 0 30 7 0 0 295 0 0 0 0 0 5 0 0 0 106 0 3 0 0 19 2 0 0 0 0
 648 40 0 0 0 0 0 0 0 0 0 1 0 46 25 1 79 11 0 0 0 0 0 0 0 0 0 0 0 0 0 0 8 4 0 2 0 0 0 0 0 0 0 0 0 117 1 0 2 96 11 11 0 0 0 0
 103 63 6 48 0 0 3 0 34 2 0 10 0 0 95 0 0 371 0 0 0 0 0 0 0 0 0 0 0 0 0 0 0 0 0 20 0 0 0 0 0 0 0 0 0 120 0 20 8 142 6 0 0 0 0 0
 0 6 0 0 0 0 0 0 52 946 190 115 70 59 21 14 23 20 229 253 0 0 0 80 3 101 5 8 21 8 0 9 28 62 8 16 0 0 0 0 5 7 10 0 0 221 0 0 0 0 4 13 0 133 0 0
 0 245 0 0 0 0 0 0 0 1465 999 267 395 261 204 496 50 72 0 6691 0 1 0 1817 29 374 0 14 0 69 0 33 106 151 0 4 0 2 2 0 12 29 51 279 0 1344 24 30 14 217 231 0 0 450 0 0
 0 216 89 26 0 0 0 0 0 1159 552 261 309 710 291 799 36 9 2 437 2482 0 0 862 244 874 891 27 196 31 0 24 20 272 31 290 1 0 1 0 3 11 5 222 0 768 0 65 40 0 34 274 0 610 0 0
 2 8 2 2 0 0 0 0 0 27 5 0 8 19 15 7 3 0 0 0 0 84 0 97 8 31 7 0 2 3 0 0 2 5 2 3 0 0 0 0 2 2 3 35 1 12 0 1 0 0 3 5 0 29 0 0
 0 29 15 2 0 0 0 0 1 315 24 45 57 60 11 9 15 0 59 371 3 0 107 167 25 29 28 0 1 4 0 2 7 16 2 16 1 0 0 0 2 2 5 70 4 99 4 8 0 16 8 11 0 57 0 0
 4 49 3 0 0 0 0 18 0 514 146 344 1098 706 103 163 59 121 0 0 0 0 0 5516 0 431 255 62 188 151 0 151 55 301 8 89 8 1 3 0 19 34 19 308 0 894 0 0 6 95 0 19 0 735 0 0
 0 7 0 0 0 0 0 1 2 61 22 1 86 55 17 6 13 2 0 0 0 0 0 101 133 55 23 2 65 7 0 32 14 134 21 8 3 0 0 0 5 7 11 201 3 203 3 8 0 18 33 8 0 42 0 0
 0 33 0 0 0 0 0 0 0 891 29 100 120 16 8 0 0 10 0 0 0 0 0 0 0 123 0 6 0 6 0 12 12 0 0 4 2 0 0 0 3 3 6 0 0 150 0 6 0 11 16 0 0 87 0 0
 0 119 3 0 0 0 0 0 0 1144 10 830 268 0 7 0 52 48 0 63 0 0 0 0 0 205 806 0 0 0 0 52 12 47 0 0 0 0 0 0 0 0 0 21 0 606 0 23 0 58 57 0 0 0 0 0
 0 33 27 7 0 0 0 0 39 0 0 6 0 56 20 11 8 34 0 0 0 0 0 0 0 0 11 12 0 0 0 21 16 6 0 13 2 0 0 0 0 3 0 0 0 44 2 6 0 35 0 0 0 0 0 0
 0 81 56 10 0 0 0 0 35 0 0 3 20 38 81 4 9 29 0 1 0 0 0 0 0 1 24 30 318 0 0 69 7 29 2 0 2 0 0 0 0 4 0 0 0 129 3 8 0 33 9 0 0 0 0 0
 88 63 3 1 0 0 0 0 0 28 0 130 0 193 45 14 473 16 0 0 0 0 0 0 0 0 256 6 24 304 0 35 10 153 23 219 0 0 0 0 0 2 0 0 0 419 11 1 0 155 18 0 0 0 0 0
 5 16 3 1 0 0 0 0 0 26 12 8 39 153 5 15 20 19 0 9 5 0 0 26 4 9 9 0 1 15 3 25 6 32 7 42 0 0 0 0 1 1 1 48 1 127 7 4 0 24 13 7 0 13 0 0
 0 38 3 6 0 0 0 0 0 0 0 4 12 0 28 0 0 862 0 0 0 0 0 0 0 0 0 0 0 0 0 161 0 0 0 0 0 0 0 0 0 0 0 0 0 89 0 2 0 77 0 0 0 0 0 0
 6 25 0 2 0 0 0 0 0 0 0 0 6 298 18 0 0 822 0 0 0 0 0 0 0 0 0 0 0 0 0 21 111 0 0 0 0 0 0 0 0 3 0 0 0 132 0 0 0 12 70 0 0 0 0 0
 0 81 0 0 0 0 0 0 0 9 4 0 16 919 9 29 0 65 0 0 0 0 0 0 0 0 0 0 0 0 0 31 8 87 0 216 0 0 0 0 0 0 0 0 0 148 2 16 0 17 35 4 0 8 0 0
 71 24 3 4 0 0 0 0 0 0 0 2 0 286 18 67 3 29 0 7 0 0 0 0 0 7 99 6 0 0 0 26 9 118 729 108 0 0 0 0 5 5 7 0 1 202 12 7 0 11 29 22 0 79 0 0
 0 232 22 54 0 0 2 0 0 0 0 0 0 2040 101 0 0 0 0 0 0 0 0 0 0 0 28 0 3 0 0 103 4 0 0 3083 0 0 17 0 0 11 0 0 10 693 21 33 0 90 73 121 0 317 0 0
 0 44 0 0 0 0 0 0 0 2 0 23 0 0 35 36 0 10 0 2 0 0 0 0 0 0 101 0 0 67 1 84 32 45 31 3396 21 0 0 0 9 10 12 269 0 349 2 5 0 0 65 53 0 218 0 0
 1306 27 1 3 0 0 0 0 0 0 0 0 0 11 6 0 0 18 0 0 0 0 0 0 0 0 0 0 0 1 0 47 10 0 0 9 0 97 15 6 0 0 0 0 2 92 2 10 4 27 8 0 0 0 0 0
 3 20 4 5 0 1 0 0 0 5 0 0 0 0 18 0 3 59 0 0 0 0 0 0 0 0 34 0 3 0 0 43 2 13 0 0 0 0 475 0 0 1 0 0 2 133 4 16 6 46 11 0 0 0 0 0
 848 3 3 37 0 0 0 0 0 0 0 0 0 0 30 0 0 9 0 7 2 0 0 2 0 0 10 0 0 5 0 22 6 0 0 1 0 0 1 64 0 1 0 0 3 67 4 14 4 34 6 8 0 0 0 0
 411 71 16 24 0 1 2 0 0 0 0 0 0 0 55 12 0 17 0 0 0 0 0 0 0 0 60 3 64 2 0 23 13 14 0 1 0 1 7 37 631 3 104 63 1 149 3 14 0 34 21 49 0 0 2 0
 44 14 2 0 0 0 0 0 0 0 0 0 0 35 8 0 1 65 0 0 0 0 0 0 0 0 18 0 0 0 0 88 0 14 0 0 0 0 0 0 0 171 0 0 0 80 0 12 0 16 27 24 0 0 15 0
 7164 218 21 19 0 18 4 1 4 7 0 17 3 0 188 16 5 116 0 0 0 0 0 0 0 0 449 31 351 11 0 501 152 170 0 3 0 600 254 368 0 3 4292 0 0 1428 46 113 26 427 109 138 0 0 0 0
 7880 530 0 0 0 4 3 3 142 359 138 129 44 0 356 406 338 211 681 0 0 0 0 0 0 95 0 14 168 407 0 501 47 275 108 718 0 650 81 91 0 16 2221 5788 0 1601 191 101 17 269 470 323 0 0 0 0
 0 135 0 0 0 0 0 0 7039 1099 611 169 361 613 687 94 1057 91 1424 650 22 0 0 737 0 82 580 321 273 661 0 75 139 391 0 0 24 0 0 0 0 3 6 1385 906 1709 128 80 49 974 107 180 0 0 0 0
 0 68 0 0 0 0 0 0 0 0 0 0 0 0 0 0 0 0 0 0 0 0 0 0 0 0 0 0 0 0 0 0 0 0 0 0 0 0 0 0 0 0 0 0 0 1092 0 670 162 2230 1292 619 0 0 0 0
 0 331 5 0 0 0 0 0 0 0 0 0 0 0 319 57 0 4 4 0 85 0 0 23 0 0 2 0 0 0 0 57 18 0 0 0 0 0 0 0 0 2 0 0 0 9676 746 231 40 489 980 291 0 0 0 0
 0 46 0 44 0 0 0 0 0 0 8 0 0 0 106 0 14 0 155 0 0 0 0 34 0 0 0 0 0 0 0 0 5 0 0 0 0 0 0 0 0 0 0 0 0 0 0 13 0 0 0 340 0 0 0 0
 0 22 5 0 0 0 0 0 0 0 0 0 0 0 122 2 0 0 15 0 0 0 260 0 6 4 3 2 1 5 0 11 10 14 2 0 45 0 0 0 2 3 0 0 0 0 0 23 411 0 80 119 0 54 85 0
 0 148 0 0 0 0 0 0 0 0 0 0 0 0 435 232 0 0 17 0 400 40 0 0 0 0 0 0 0 0 0 0 0 0 0 0 18 0 0 0 0 0 0 0 0 0 0 1248 1637 4340 203 79 0 0 0 0
 0 0 0 0 0 0 0 0 0 0 0 0 0 0 29 0 0 0 0 0 0 0 0 20 0 0 0 0 0 0 0 2 0 0 0 0 0 0 0 0 0 0 0 0 0 0 0 191 0 0 0 0 0 0 0 0
 0 0 0 0 0 18 0 0 0 0 0 0 0 0 7 0 0 20 0 29 0 0 0 0 0 0 2 2 9 49 0 41 345 0 0 0 0 25 11 0 0 0 0 0 0 0 0 0 0 0 267 3247 0 1519 0 0
 169 316 1152 3 0 5 0 0 108 0 0 0 0 6 96 1 1 1 4 11 5 0 0 97 4 29 11 6 6 38 0 7 24 0 1 36 2 0 0 0 0 0 2 1388 2820 22 6 7 1 22 15 1669 0 2196 1174 0
 493 217 0 0 0 7 0 0 0 0 0 0 0 0 151 51 4 85 0 0 0 0 0 0 0 0 92 11 42 184 0 104 1683 0 0 0 0 26 61 14 2643 1956 1947 1001 43 422 21 27 0 79 1097 0 0 7941 0 0
 69 758 320 167 0 16 17 0 69 0 0 0 13 2406 710 99 52 25 253 315 911 645 422 1285 386 198 286 1 44 234 2 200 720 74 65 241 252 25 49 50 0 0 113 1111 3273 2023 1341 492 0 812 1030 1994 0 12071 37480 0
 0 0 0 0 0 0 0 0 0 0 0 0 0 0 0 0 0 0 0 0 0 0 0 0 0 0 0 0 0 0 0 0 0 0 0 0 0 0 0 0 0 0 0 0 0 0 0 0 0 0 0 0 0 0 0 0
