56
 136 277 14 61 0 149 4 0 45 24 0 18 0 697 363 51 0 0 0 190 36 0 3 0 0 35 21 0 3 0 0 10 2 10 0 13 0 0 74 0 0 0 0 0 114 269 3 88 13 82 74 367 0 0 0 0
 0 1204 266 1033 0 0 0 0 0 0 0 0 0 0 80 0 0 0 0 0 0 0 0 5 0 0 0 0 0 0 0 1 13 0 0 0 0 0 0 0 0 0 0 0 0 44 0 38 6 0 21 28 0 0 0 0
 0 0 186 711 0 0 1 0 0 0 0 0 0 0 0 4 3 0 0 71 0 0 0 0 4 0 0 0 0 9 0 5 21 0 0 0 0 0 0 0 0 0 0 0 0 15 0 57 12 0 14 0 0 0 0 0
 0 0 0 391 0 0 0 40 0 0 0 60 0 0 0 0 186 0 32 286 0 0 0 218 6 352 54 0 0 5 0 1 16 0 0 0 0 0 0 0 0 0 0 3 57 151 0 0 23 75 46 45 0 72 0 0
 0 23 1 13 2 0 0 2 7 0 0 0 0 14 2 0 6 0 0 3 0 0 0 5 0 5 1 0 0 0 0 0 0 0 0 0 0 0 0 0 0 0 0 3 1 7 0 14 9 7 2 3 0 4 2 0
 0 9 2 34 0 6 0 0 1 5 2 3 0 0 0 0 2 0 0 1 0 0 0 5 0 2 1 0 0 3 0 2 1 0 0 0 0 0 0 0 0 0 0 0 1 0 0 1 2 1 3 1 0 0 0 0
 0 18 0 0 0 0 142 0 0 8 0 5 0 16 0 0 6 0 0 1 0 0 0 5 0 34 6 0 0 0 0 1 0 0 0 0 0 0 0 0 0 0 0 0 0 5 0 5 0 0 4 3 0 0 0 0
 0 5 3 0 0 1 0 2 0 0 0 2 0 0 1 0 4 0 0 4 0 0 0 0 0 2 1 0 0 2 0 0 0 0 0 1 0 0 0 0 0 0 1 0 1 0 0 1 5 1 1 2 0 0 0 0
 0 200 6 160 0 0 9 1 637 0 0 0 0 0 86 1 33 0 2 40 4 0 0 0 0 16 0 0 0 12 0 101 6 4 1 1 5 1 0 1 0 1 9 0 0 131 11 44 34 398 23 28 0 19 0 0
 0 276 420 1098 279 0 0 2 242 2747 0 0 43 10 93 13 4 7 0 0 0 0 0 0 0 0 0 21 6 1 0 39 27 7 2 32 5 2 0 1 3 2 22 0 0 422 10 35 107 149 64 70 0 108 22 0
 8 60 37 30 14 0 0 0 29 272 78 9 33 51 7 2 0 2 0 0 0 0 0 0 0 0 0 0 1 2 0 3 11 0 0 3 3 1 0 0 2 1 10 0 0 88 4 17 11 11 10 14 0 33 1 0
 0 33 31 0 3 0 0 0 4 1025 0 191 0 0 0 0 2 0 0 0 0 0 0 0 0 0 0 0 0 0 0 0 6 1 0 0 0 0 0 0 1 1 0 0 0 111 1 0 12 12 13 5 0 34 3 0
 5 146 34 10 8 0 2 0 3 0 0 12 717 0 17 2 0 0 0 0 0 0 0 0 0 0 0 0 0 1 0 6 0 0 1 1 1 0 0 0 1 1 0 0 0 139 3 0 20 15 22 19 0 25 0 0
 0 486 328 669 0 88 0 30 73 0 0 0 194 3300 0 0 0 0 0 0 0 0 0 0 0 30 0 0 5 0 0 122 0 0 0 0 8 0 74 11 0 0 32 0 0 666 0 344 121 216 71 21 0 0 0 0
 0 0 30 24 0 0 645 0 0 0 0 3 0 104 917 3 0 0 0 0 0 0 0 0 0 0 0 0 0 0 0 0 0 0 0 0 0 0 0 0 0 0 0 0 0 0 0 89 0 0 0 0 0 0 0 0
 0 23 0 16 0 0 0 0 0 0 0 7 0 232 0 82 0 4 0 0 0 0 0 0 0 3 0 0 0 0 0 27 5 6 0 212 0 1 0 0 0 1 0 0 0 58 0 18 5 0 9 2 0 0 0 0
 866 24 0 0 0 0 0 0 0 0 0 0 0 34 17 0 52 0 0 0 0 0 0 0 0 0 0 0 0 0 0 0 0 1 0 1 0 0 0 0 1 0 3 0 0 51 0 0 12 50 10 9 0 0 0 0
 161 62 1 102 0 0 3 0 33 0 0 21 0 22 27 0 125 333 0 0 0 0 0 0 0 0 0 0 1 0 0 0 0 0 0 10 0 0 0 0 0 0 0 0 0 54 0 19 16 7 11 0 0 0 0 0
 1 10 6 0 0 0 0 0 0 929 202 83 14 25 8 47 17 5 171 0 0 0 0 68 0 66 109 0 3 2 0 3 12 8 2 3 3 1 0 1 2 1 23 0 0 197 0 17 0 10 9 13 0 58 0 0
 0 130 0 0 0 0 0 0 0 1344 1009 257 198 167 24 245 47 4 559 3356 0 0 0 611 0 225 95 13 4 0 0 8 50 26 1 0 0 0 0 0 1 4 70 67 0 490 0 95 17 49 96 11 0 68 0 0
 0 63 43 29 0 0 15 0 0 799 301 183 154 314 117 555 29 13 15 339 1256 0 0 418 135 425 413 11 77 36 0 14 11 127 11 197 1 0 0 1 0 0 18 147 0 204 0 72 24 0 20 58 0 148 0 0
 1 1 0 1 0 0 0 0 0 4 2 1 4 4 1 4 1 0 0 3 0 14 0 10 1 5 3 0 0 0 0 0 0 1 0 1 0 0 0 0 0 0 1 3 0 2 0 1 0 0 0 0 0 2 0 0
 0 41 6 3 0 0 0 0 6 315 22 128 19 48 3 9 17 3 12 185 0 0 63 145 7 26 28 7 8 5 0 1 4 3 2 18 1 1 0 0 1 1 13 15 3 56 3 6 0 8 11 6 0 29 0 0
 20 0 17 0 0 0 0 0 11 636 172 157 713 429 28 55 2 28 0 0 0 0 0 2733 0 234 108 64 63 239 0 49 31 156 0 46 0 3 0 0 4 3 52 159 0 422 0 74 23 57 52 11 0 0 0 0
 5 5 0 0 0 0 0 0 0 33 15 14 59 7 0 0 1 2 4 60 0 0 0 94 141 16 10 1 9 16 9 9 8 27 17 1 1 1 0 1 1 1 16 130 1 97 4 11 0 16 11 3 0 5 0 0
 0 22 26 0 0 0 0 0 0 406 2 184 67 0 4 0 8 1 0 0 0 0 0 0 0 92 0 1 0 0 0 0 1 1 0 0 0 1 0 0 0 0 0 0 0 89 1 0 0 3 9 0 0 3 0 0
 0 67 30 0 0 0 0 0 13 860 67 362 261 25 6 15 12 4 0 0 0 0 0 0 0 110 212 0 0 0 0 4 0 14 0 0 0 0 0 0 0 0 0 97 0 265 1 15 10 60 33 7 0 0 0 0
 0 20 10 21 0 0 0 0 50 0 2 4 0 38 6 2 0 7 0 0 0 0 0 0 0 0 7 39 0 0 1 5 7 2 0 1 2 0 1 0 0 1 0 0 0 39 0 0 0 17 4 0 0 0 0 0
 0 49 50 29 0 0 3 0 42 0 0 7 3 0 22 2 3 0 0 0 0 0 0 0 0 1 8 41 61 0 0 17 3 0 0 1 0 0 0 0 0 0 0 0 0 61 1 9 3 32 5 0 0 0 0 0
 178 11 0 0 0 0 1 0 0 0 0 50 0 123 23 7 404 9 0 5 0 0 0 0 0 27 158 12 160 193 0 0 8 0 0 121 0 0 0 0 0 0 0 0 0 141 0 28 5 44 14 0 0 0 0 0
 3 4 1 2 0 0 0 0 4 8 2 9 46 65 3 2 33 1 0 3 0 0 0 3 0 10 17 0 4 4 36 32 3 8 4 15 0 0 0 0 1 0 6 14 1 46 0 4 0 10 4 3 0 0 0 0
 0 0 0 0 0 0 0 0 0 0 0 6 0 0 8 0 4 849 0 0 0 0 0 0 0 3 0 0 0 3 0 46 0 16 0 0 0 0 0 0 0 0 0 0 0 0 0 0 0 27 1 0 0 0 0 0
 0 0 0 0 0 0 0 0 0 0 0 0 3 131 12 0 1 755 0 0 0 0 0 0 0 0 13 0 0 0 0 9 82 2 0 0 0 0 0 0 0 0 0 0 0 0 0 0 0 0 0 0 0 0 0 0
 0 19 0 2 0 0 0 0 0 0 0 0 0 355 1 0 0 1 0 0 0 0 0 0 0 0 0 0 0 2 0 0 0 3 0 14 0 0 0 0 0 0 0 0 0 37 0 14 4 10 1 3 0 0 0 0
 146 19 0 13 0 0 0 0 0 0 0 13 0 168 11 116 2 4 0 0 0 0 0 2 0 8 34 7 0 8 0 23 8 61 776 101 0 1 0 1 2 1 21 0 1 243 0 8 1 13 18 10 0 16 0 0
 0 184 14 105 0 0 4 0 0 0 0 0 0 1322 69 0 0 0 0 80 0 0 0 0 0 1 13 0 0 0 0 81 26 0 0 3464 0 2 0 1 2 4 61 0 9 543 0 26 0 21 64 55 0 6 0 0
 5 26 1 3 0 0 1 0 0 0 0 18 0 0 13 39 0 20 0 10 0 0 0 34 0 14 49 0 3 17 0 53 21 44 29 2934 213 1 1 1 4 2 37 9 0 157 0 14 0 18 27 18 0 0 0 0
 1309 25 0 5 0 0 0 0 0 0 0 0 0 2 6 0 0 6 0 0 1 0 0 0 0 0 0 1 0 3 0 20 16 1 0 0 0 25 0 1 0 0 0 0 2 94 0 12 42 24 12 0 0 0 0 0
 0 12 1 12 0 1 0 0 0 2 0 0 0 0 9 0 1 6 0 2 2 0 0 2 0 1 12 0 1 9 0 4 3 0 0 0 0 0 474 0 0 0 0 2 0 94 0 15 29 48 11 0 0 0 0 0
 738 1 1 66 0 0 0 0 0 0 0 0 0 0 5 0 0 5 0 4 0 0 0 1 0 1 3 0 0 2 0 13 3 0 0 0 0 0 0 139 0 0 0 0 2 49 0 60 7 38 7 4 0 0 0 0
 386 56 14 37 0 2 2 0 0 0 0 0 0 1 21 6 0 9 0 0 3 0 0 0 0 3 11 3 36 8 0 5 7 1 0 0 0 0 0 22 501 0 0 0 2 69 0 10 2 32 16 27 0 0 0 0
 83 5 0 2 0 0 0 0 0 0 0 0 0 32 9 0 1 35 0 0 0 0 0 0 0 1 7 0 2 6 0 33 7 1 0 0 0 0 0 0 1 405 0 0 0 47 0 7 5 10 19 10 0 0 7 0
 4816 118 18 38 0 8 5 0 0 0 0 9 1 0 58 31 0 57 0 0 0 0 0 0 0 3 95 14 86 22 0 158 98 11 0 0 0 453 59 206 11 15 2015 0 0 617 0 98 41 134 80 94 0 0 0 0
 5046 245 139 0 0 1 17 0 313 390 117 105 57 28 153 293 316 352 22 0 0 0 0 0 0 78 0 17 19 165 0 79 29 17 58 1116 0 659 0 44 6 3 1603 5169 0 959 0 115 20 140 174 118 0 0 0 0
 0 42 43 0 0 0 18 0 3083 853 354 85 58 565 290 53 619 20 108 173 48 0 0 271 0 87 137 202 119 155 0 24 36 29 0 0 15 0 0 0 0 0 11 606 675 656 0 69 59 321 82 23 0 0 0 0
 0 0 0 0 0 2 0 0 0 0 0 0 0 0 52 0 0 0 0 0 0 0 0 0 0 0 0 0 0 0 0 69 11 0 0 0 0 0 0 0 0 0 0 0 0 1091 0 378 192 856 715 228 0 191 0 0
 0 86 47 27 0 0 24 0 0 0 0 0 0 28 255 26 2 58 7 49 152 0 0 35 0 0 0 2 0 24 7 190 87 2 11 46 82 8 7 16 34 35 187 209 20 4594 47 117 22 106 273 125 0 480 0 0
 0 0 0 301 0 0 0 0 0 0 0 37 11 0 0 0 2 0 0 0 0 0 0 0 0 21 0 1 0 0 0 0 3 0 0 0 0 0 0 0 0 0 0 0 0 0 0 2 0 0 0 47 0 0 0 0
 0 0 0 0 0 0 20 0 0 0 0 0 0 0 116 0 0 0 0 0 0 0 42 0 0 1 0 0 0 0 0 0 3 0 0 0 3 0 0 0 0 0 0 0 0 0 0 16 462 0 45 20 0 35 65 0
 0 64 21 0 0 0 43 0 0 0 0 0 0 0 260 15 0 0 0 0 90 4 0 0 0 0 0 0 0 0 0 0 38 0 0 0 0 0 0 0 0 0 0 0 0 0 0 546 566 627 89 50 0 48 0 0
 0 0 0 0 0 0 0 0 0 0 0 0 0 0 7 0 0 0 0 0 0 0 0 0 0 0 0 0 0 0 0 0 11 0 0 0 0 0 0 0 0 0 0 0 0 0 0 157 0 0 0 0 0 0 0 0
 0 0 1 0 0 0 0 0 0 0 0 0 0 0 5 0 0 6 0 0 0 0 0 0 0 1 0 1 3 21 0 36 201 0 0 0 0 5 9 0 0 0 0 0 0 0 0 0 0 0 177 925 0 549 0 0
 11 81 413 4 0 0 0 0 6 0 0 0 0 4 6 2 0 0 0 11 0 0 0 24 0 12 25 0 0 3 0 10 33 0 1 3 6 0 0 0 0 1 12 231 1468 29 16 1 0 1 5 825 0 434 325 0
 171 61 49 0 0 2 11 0 0 0 0 0 0 394 195 107 8 124 0 0 0 0 0 176 0 0 29 51 76 90 9 96 1190 20 0 0 137 32 86 94 1123 432 807 1180 63 0 0 12 0 0 522 0 0 5340 0 0
 49 269 169 172 0 15 8 0 33 0 0 0 4 960 272 35 15 12 143 194 469 13 219 591 140 69 325 6 11 99 2 89 228 17 27 82 61 4 3 12 11 0 71 549 1799 897 445 253 0 237 335 866 0 4274 960 0
 0 0 0 0 0 0 0 0 0 0 0 0 0 0 0 0 0 0 0 0 0 0 0 0 0 0 0 0 0 0 0 0 0 0 0 0 0 0 0 0 0 0 0 0 0 0 0 0 0 0 0 0 0 0 0 0
