56
 175 376 18 88 0 243 12 3 53 46 0 21 0 874 515 65 0 0 4 331 83 0 25 0 0 42 59 2 8 0 0 0 5 29 0 17 0 0 112 0 0 0 0 0 92 420 35 79 9 130 83 495 0 0 0 0
 0 2141 350 1649 0 0 0 0 0 0 0 3 0 0 195 0 0 0 0 0 0 0 0 0 0 0 0 0 0 0 0 0 8 0 0 0 0 0 0 0 0 0 0 0 0 89 0 46 0 0 27 41 0 0 0 0
 0 0 245 761 0 0 83 0 0 0 0 0 0 0 130 7 6 2 4 131 0 0 0 0 10 0 0 0 0 18 0 10 38 1 0 0 2 0 0 0 0 0 0 0 0 51 0 44 6 0 25 9 0 0 0 0
 0 0 0 204 0 0 4 20 0 0 0 57 0 0 33 0 117 0 31 252 0 0 0 215 5 311 73 0 0 5 0 0 17 0 0 0 4 0 0 0 0 0 0 51 59 155 0 0 6 109 46 65 0 97 0 0
 0 16 1 6 0 0 0 0 4 0 0 0 0 7 3 0 3 0 0 3 0 0 0 3 0 3 2 0 0 0 0 0 0 0 0 0 0 0 0 0 0 0 0 2 1 7 0 9 5 10 2 2 0 4 1 0
 0 28 6 18 0 32 0 0 6 12 7 9 0 0 3 0 7 0 0 4 0 0 0 12 0 5 10 0 0 17 0 10 5 0 0 0 0 0 0 0 0 0 0 1 0 1 0 5 4 5 4 0 0 0 0 0
 0 11 0 0 0 0 188 0 0 5 1 5 0 9 0 0 3 0 0 0 0 0 0 7 0 26 6 0 0 0 0 0 0 0 0 0 0 0 0 0 0 0 0 0 0 6 0 6 0 0 2 7 0 0 0 0
 0 4 3 0 0 1 0 4 0 0 0 1 0 0 3 0 3 0 0 3 0 0 0 0 0 1 1 0 0 2 0 0 0 0 0 1 0 0 0 0 0 0 0 0 0 1 0 3 7 4 1 1 0 0 0 0
 0 343 2 113 0 0 14 3 1188 0 0 0 0 0 227 3 41 0 3 75 7 0 0 0 0 25 0 0 0 27 0 207 17 25 2 2 10 1 0 1 2 2 13 0 0 363 27 14 36 672 30 44 0 102 0 0
 0 443 403 1059 208 0 0 5 338 3775 0 0 31 54 160 22 5 11 0 0 0 0 0 0 0 0 0 21 12 3 0 61 35 38 6 31 10 2 0 1 8 4 44 0 0 600 22 44 86 315 92 105 0 192 21 0
 6 106 37 30 7 0 0 0 43 569 103 14 50 100 9 7 0 2 0 0 0 0 0 0 0 0 0 0 2 7 0 5 19 0 0 3 6 1 0 0 2 1 12 0 0 178 10 0 17 35 11 19 0 76 0 0
 0 0 27 0 4 0 0 0 0 1260 0 161 10 0 0 0 3 0 0 0 0 0 0 0 0 0 0 0 0 0 0 0 6 2 0 0 0 0 0 0 1 1 0 0 0 121 2 0 10 20 14 8 0 37 1 0
 7 162 33 11 4 0 3 0 0 0 0 0 747 0 30 1 0 0 0 0 0 0 0 0 0 0 0 0 0 0 0 5 0 0 1 1 1 1 0 0 2 1 6 0 0 63 2 0 17 27 36 27 0 13 0 0
 0 707 249 590 0 134 0 63 151 0 0 2 174 5051 66 0 0 0 0 0 0 0 0 0 0 42 0 0 20 0 0 126 0 0 0 0 5 0 147 13 0 0 84 195 0 1237 0 299 112 454 112 13 0 0 0 0
 0 0 0 0 0 0 663 0 0 0 0 8 0 0 2618 0 0 0 0 0 0 0 0 0 2 2 5 0 0 0 0 0 0 7 0 0 0 0 0 0 0 0 0 0 0 424 0 67 0 86 8 0 0 0 0 0
 0 42 0 14 0 0 1 0 0 0 0 10 0 505 9 170 0 6 0 0 0 0 0 0 0 2 0 0 0 0 0 55 10 43 0 219 0 0 0 0 0 1 0 0 0 154 0 12 3 1 13 4 0 0 0 0
 1009 35 0 0 0 0 0 0 0 0 0 0 0 61 26 0 25 0 0 0 0 0 0 0 0 0 0 0 0 0 0 0 1 2 0 1 0 0 0 0 1 1 4 0 0 69 0 0 7 70 11 13 0 0 0 0
 219 77 0 70 0 0 5 0 25 0 0 20 0 52 69 0 116 348 0 0 0 0 0 0 0 0 0 0 1 0 0 0 0 0 0 0 0 0 0 0 0 0 0 0 0 65 0 5 10 37 13 0 0 0 0 0
 0 4 0 0 0 0 1 0 0 1160 187 88 18 22 13 66 16 5 208 0 0 0 0 64 0 72 160 0 5 3 0 5 18 33 4 3 4 1 0 1 3 2 27 0 0 248 0 0 0 47 5 17 0 95 0 0
 0 196 0 0 0 0 2 0 0 1513 1453 277 337 230 24 516 71 16 963 5595 0 0 0 961 0 360 257 17 12 0 0 18 92 101 9 0 3 1 0 0 7 8 106 188 0 981 0 14 29 153 125 21 0 292 0 0
 0 148 62 36 0 0 13 0 0 1188 515 284 285 553 217 880 41 20 23 583 2248 0 0 781 236 774 725 18 135 36 0 30 15 215 20 268 4 0 0 1 0 0 45 61 0 396 0 77 29 0 31 154 0 310 0 0
 2 6 2 4 0 0 0 0 1 7 3 2 10 6 3 5 3 1 1 6 0 93 0 65 5 24 19 0 1 4 0 0 0 6 0 2 0 0 0 0 1 0 4 17 0 23 2 3 1 0 4 2 0 22 0 0
 0 39 8 3 0 0 0 0 7 290 13 108 25 65 4 7 14 4 3 129 0 0 60 135 3 25 31 5 10 6 0 1 4 5 3 14 2 1 0 0 1 1 11 4 0 51 6 0 0 8 11 8 0 33 0 0
 39 67 6 0 0 0 0 0 16 451 259 238 1013 562 43 94 4 43 0 0 0 0 0 4643 0 342 314 72 170 473 0 120 71 296 5 42 0 3 0 0 8 5 78 304 0 877 0 0 17 132 15 14 0 57 0 0
 0 2 0 0 0 0 0 0 0 44 19 16 79 4 0 2 1 5 11 85 0 0 0 139 49 19 48 1 18 32 14 18 15 60 26 2 5 1 0 0 2 1 19 156 2 144 12 4 2 32 6 5 0 41 0 0
 0 35 18 0 0 0 0 0 0 826 0 216 86 0 0 0 9 3 0 0 0 0 0 0 0 102 0 0 0 0 0 1 3 14 0 0 0 1 0 0 0 0 0 0 0 142 4 0 0 21 16 1 0 27 0 0
 0 107 12 0 0 0 0 0 0 1126 30 361 338 68 0 22 14 2 0 0 0 0 0 0 0 47 567 0 0 0 0 2 0 98 0 0 0 0 0 0 0 0 0 70 0 397 0 0 8 79 36 7 0 0 0 0
 0 38 17 19 0 0 1 0 57 0 2 4 2 45 10 4 0 8 0 0 0 0 0 0 0 0 15 33 0 0 2 8 10 15 0 1 5 0 0 0 0 1 0 0 0 51 4 0 0 29 2 0 0 0 0 0
 0 85 58 8 0 0 4 0 59 0 0 10 5 0 52 4 4 0 0 0 0 0 0 0 0 0 3 46 139 0 0 35 6 3 0 1 0 0 0 0 0 0 0 0 0 105 5 1 2 65 4 0 0 0 0 0
 341 36 0 0 0 0 2 0 0 0 0 46 0 140 34 3 398 9 0 5 0 0 0 0 0 34 334 3 208 303 0 0 9 0 0 103 0 0 0 0 0 0 0 0 0 177 0 0 5 90 15 0 0 0 0 0
 7 10 1 1 0 0 0 0 4 7 1 10 32 115 3 2 28 4 0 0 0 0 0 0 0 9 27 0 4 6 54 42 4 27 6 9 0 0 0 0 1 0 6 8 1 50 0 3 1 10 5 3 0 0 0 0
 3 16 0 1 0 0 0 0 0 0 0 6 0 0 18 0 5 981 0 0 0 0 0 0 0 0 0 0 0 5 0 67 0 69 0 0 0 0 0 0 0 0 0 0 0 0 0 0 0 48 0 0 0 0 0 0
 0 0 0 0 0 0 0 0 0 0 0 0 6 186 13 0 0 886 0 0 0 0 0 0 0 0 41 0 0 0 0 22 110 11 0 0 0 0 0 0 0 0 0 0 0 7 0 0 0 0 0 0 0 0 0 0
 0 46 0 0 0 0 1 0 0 0 0 0 0 863 0 0 0 0 0 0 0 0 0 0 0 0 0 0 0 9 0 0 0 26 0 0 0 0 0 0 0 0 0 0 0 55 0 11 0 44 0 3 0 0 0 0
 144 22 2 9 0 0 1 0 0 0 0 14 0 194 10 133 1 3 0 0 0 0 0 0 0 7 50 5 0 5 0 22 6 114 943 42 0 1 0 0 3 2 21 0 0 225 0 2 1 22 18 12 0 10 0 0
 0 248 14 70 0 0 5 0 0 0 0 0 0 1593 70 0 0 0 0 107 0 0 0 0 0 2 18 0 0 0 0 171 41 29 0 3747 0 1 1 1 6 6 66 0 3 900 0 26 2 50 66 72 0 73 0 0
 5 35 0 0 0 0 1 0 0 0 0 18 0 0 15 61 0 23 0 0 0 0 0 41 0 12 108 0 5 30 0 88 30 200 62 2990 423 1 1 1 5 1 41 0 0 203 0 0 0 0 25 26 0 0 0 0
 1055 26 1 1 0 0 0 0 0 0 0 0 0 1 6 0 0 5 0 0 2 0 0 0 0 0 3 1 0 4 0 24 20 4 0 0 0 75 0 0 0 0 0 0 1 94 0 9 21 26 12 0 0 0 0 0
 0 14 3 8 0 1 1 0 0 3 0 0 0 0 13 0 1 8 0 3 3 0 0 1 0 2 17 0 2 11 0 6 5 0 0 0 0 0 399 0 0 0 0 2 1 113 9 14 24 62 13 0 0 0 0 0
 572 2 1 34 0 0 1 0 0 0 0 0 0 0 15 0 0 2 0 1 0 0 0 1 0 0 7 0 0 2 0 10 1 0 0 0 0 0 0 59 0 0 0 0 1 28 0 38 6 43 8 6 0 0 0 0
 369 67 16 33 0 3 3 0 0 0 0 0 0 0 46 6 0 10 0 0 3 0 0 0 0 1 29 2 47 8 0 6 7 5 0 0 0 0 0 26 828 0 0 0 0 63 0 13 4 53 20 35 0 0 8 0
 48 9 0 3 0 0 0 0 0 0 0 0 0 52 8 0 0 19 0 0 0 0 0 0 0 0 7 0 1 6 0 31 4 0 0 0 0 0 0 0 0 585 0 0 0 16 0 9 4 18 24 18 0 0 7 0
 5947 139 25 23 0 18 8 0 0 0 0 7 0 0 135 38 0 58 0 0 0 0 0 0 0 2 214 13 137 38 0 210 115 25 0 0 0 600 55 279 6 22 3715 0 0 789 0 111 34 232 100 117 0 0 0 0
 5424 411 123 0 0 0 15 0 252 492 114 96 73 0 215 364 296 366 34 0 0 0 0 0 0 94 0 12 31 300 0 114 44 103 144 841 172 720 0 58 9 16 2049 6115 0 1037 341 53 30 336 197 164 0 0 0 0
 0 141 41 0 0 0 34 0 5491 1301 678 118 214 980 551 86 976 28 227 348 105 0 0 524 0 98 307 294 192 327 0 57 75 61 0 0 40 0 0 0 1 1 22 1317 863 1483 88 162 104 861 142 105 0 99 0 0
 0 0 0 0 0 0 0 0 0 0 0 0 0 0 0 0 0 0 0 0 0 0 0 0 0 0 0 0 0 0 0 87 0 0 0 0 0 0 0 0 0 0 0 0 0 1290 0 249 60 1248 846 297 0 404 0 0
 0 156 49 4 0 1 26 0 0 0 0 0 0 24 417 44 1 80 8 53 190 0 0 29 0 0 5 0 0 41 6 358 131 25 8 39 180 6 0 0 50 41 270 0 0 7087 102 101 22 146 351 150 0 905 0 0
 0 0 0 268 0 0 0 0 0 0 23 66 49 0 0 0 30 0 54 0 0 0 4 14 0 85 32 6 0 18 0 22 32 0 0 0 11 0 0 0 0 0 0 0 0 0 0 5 0 0 0 86 0 88 0 0
 0 12 0 0 0 0 11 0 0 0 0 0 0 0 110 0 0 0 8 0 0 0 140 0 0 0 0 0 0 0 0 5 6 1 0 0 37 0 0 0 0 0 0 0 0 0 0 13 483 0 49 32 0 50 51 0
 0 149 14 0 0 0 5 0 0 0 0 0 0 0 0 0 0 0 0 0 215 11 0 0 0 0 0 0 0 0 0 0 28 0 0 0 4 0 0 0 0 0 0 0 0 0 0 1680 1110 2603 109 100 0 1 0 0
 0 0 0 0 0 0 0 0 0 0 0 0 0 0 0 0 0 0 0 0 0 0 0 0 0 0 0 0 0 0 0 4 31 3 0 0 0 0 0 0 0 0 0 0 0 0 0 162 0 0 0 0 0 0 0 0
 0 0 0 0 0 6 0 0 0 0 0 0 0 0 6 0 0 9 0 0 0 0 0 0 0 0 0 2 7 23 0 28 218 0 0 0 0 8 15 0 0 0 0 0 0 0 0 0 0 0 162 1858 0 1034 0 0
 22 119 461 1 0 0 0 0 13 2 0 0 1 5 8 8 2 0 0 16 0 0 0 33 2 19 41 0 1 11 0 19 52 1 6 9 13 0 0 0 1 1 13 520 1416 64 54 1 1 3 8 1157 0 1127 479 0
 189 145 24 0 0 5 6 0 0 0 0 0 0 251 199 120 2 109 0 0 0 0 0 0 0 0 114 39 73 101 19 129 1189 66 0 0 243 45 79 110 1456 995 1039 1235 0 0 0 0 0 0 554 0 0 6432 0 0
 61 433 233 143 0 16 9 1 64 0 0 0 8 1313 458 96 48 32 239 326 887 580 330 1314 231 154 423 18 20 182 4 158 373 39 79 277 241 12 25 23 0 0 159 1027 2585 1668 889 363 0 461 539 1492 0 7138 1430 0
 0 0 0 0 0 0 0 0 0 0 0 0 0 0 0 0 0 0 0 0 0 0 0 0 0 0 0 0 0 0 0 0 0 0 0 0 0 0 0 0 0 0 0 0 0 0 0 0 0 0 0 0 0 0 0 0
