56
 539 666 39 99 0 74 0 5 104 101 0 25 0 1373 922 79 0 0 15 797 94 0 17 15 0 88 98 0 20 0 0 3 0 66 0 55 0 0 157 0 0 0 0 0 185 919 218 110 20 382 145 740 0 0 0 0
 0 6759 887 3230 0 0 0 0 0 0 0 0 0 0 570 0 0 0 5 0 0 0 0 0 0 0 0 0 0 0 0 0 3 0 0 0 0 0 0 0 0 0 0 0 0 0 0 0 0 0 0 81 0 0 0 0
 0 0 1318 1035 0 0 673 0 0 0 0 0 0 0 473 21 24 0 92 279 0 0 0 5 45 32 31 0 0 18 0 5 60 0 0 0 6 0 0 0 0 0 0 15 61 191 0 16 0 0 14 44 0 179 0 0
 0 0 0 451 0 0 0 16 0 0 0 48 0 0 1 22 52 0 66 466 0 0 0 247 11 284 51 0 0 18 0 4 1 43 4 0 24 0 0 0 0 2 0 203 175 297 5 84 0 186 35 166 0 361 0 0
 0 13 1 2 17 0 0 0 1 0 0 1 0 0 1 0 1 0 0 4 0 0 0 0 0 1 1 0 0 0 0 0 0 0 0 0 0 0 0 0 0 0 0 1 1 2 0 7 4 9 1 1 0 2 2 0
 0 16 12 0 0 103 0 10 5 4 12 4 1 0 10 2 2 0 0 21 0 0 0 12 0 5 8 0 0 11 0 8 3 4 0 0 0 0 0 0 0 0 0 0 20 42 3 6 5 78 3 0 0 17 0 0
 0 27 0 0 0 0 107 0 0 0 5 4 1 0 0 0 2 1 2 18 1 0 0 7 0 25 12 0 0 0 0 2 2 0 0 0 1 0 0 0 0 0 2 9 10 10 0 5 4 17 4 36 0 15 16 0
 0 1 1 0 0 0 0 22 0 0 0 1 0 0 0 0 3 1 0 5 0 0 0 0 0 1 2 0 0 1 0 3 0 1 0 1 0 0 0 0 0 0 0 0 3 0 0 3 2 12 1 1 0 3 3 0
 0 641 26 29 0 0 24 19 4075 0 0 0 10 5 816 35 12 0 0 198 24 0 0 65 0 59 95 0 0 16 0 188 26 51 4 3 22 1 1 1 0 6 3 0 0 585 30 0 43 1624 92 108 0 564 0 0
 0 549 584 2222 121 0 30 3 399 5815 0 0 0 125 331 0 16 0 0 0 0 0 0 0 0 0 0 25 9 0 0 12 47 41 2 15 0 1 0 1 9 11 3 0 0 749 14 386 64 714 99 259 0 677 49 0
 5 178 46 41 0 0 0 5 17 481 91 16 75 95 15 0 6 5 0 0 0 0 0 0 0 0 66 8 3 17 0 16 44 3 0 11 4 0 0 0 3 4 9 0 0 173 7 0 4 35 20 44 0 153 9 0
 0 85 10 0 0 0 0 0 11 2532 0 230 0 10 4 0 0 0 0 0 0 0 0 0 1 0 0 0 0 0 0 0 13 0 0 3 0 0 0 0 0 2 0 0 0 198 0 5 5 96 21 30 0 188 16 0
 5 329 53 75 0 0 0 0 0 10 0 33 3297 0 55 14 3 8 0 0 0 0 0 0 0 0 0 1 0 7 0 0 0 0 0 6 3 0 0 0 3 4 1 0 0 491 0 0 4 202 51 65 0 361 0 0
 0 1321 317 342 0 228 3 43 0 0 0 0 476 14134 733 0 0 23 0 0 0 0 0 0 0 29 34 0 0 0 0 475 0 0 0 0 56 0 301 13 0 0 140 94 0 3285 33 287 133 977 464 72 0 3346 0 0
 0 0 0 0 0 0 126 19 0 0 0 0 0 0 5778 0 0 0 0 0 0 0 0 0 0 0 0 0 0 0 0 0 0 0 0 0 0 0 0 0 0 0 0 0 0 1439 0 0 0 0 0 0 0 0 0 0
 0 131 0 0 0 0 0 0 0 15 5 152 0 887 41 495 0 6 0 0 0 0 0 0 1 0 243 0 0 0 0 63 16 0 0 535 0 0 0 0 0 5 0 0 0 197 0 3 0 0 47 12 0 109 0 0
 933 64 0 0 0 0 0 0 0 0 0 6 0 120 49 6 328 44 0 0 0 0 0 0 0 1 0 0 0 0 0 0 17 23 3 9 0 0 0 0 1 0 0 0 0 234 5 0 2 143 22 22 0 27 0 0
 125 122 0 39 0 0 0 0 64 2 0 18 0 0 167 0 0 379 0 0 0 0 0 0 2 0 0 0 0 0 0 0 0 0 0 37 0 0 0 0 0 0 0 0 0 196 0 25 9 180 18 0 0 0 0 0
 0 0 0 0 0 0 0 0 99 1229 289 221 54 92 48 30 51 28 716 0 0 0 0 157 13 202 50 16 55 27 0 20 53 185 15 30 0 1 1 1 6 7 27 0 0 437 0 0 0 0 34 45 0 311 0 0
 0 385 0 0 0 0 0 0 0 1687 1751 551 721 665 353 854 123 62 28 12493 0 0 0 3553 48 662 1 26 0 68 0 62 192 462 55 0 0 2 0 0 0 27 41 1130 0 2638 0 16 5 409 508 157 0 1215 0 0
 0 404 162 17 0 0 0 0 0 2241 935 585 650 1279 497 1777 96 36 0 984 6015 0 0 2077 438 1695 1694 39 488 46 0 62 37 594 38 585 0 1 0 0 0 11 47 95 188 863 0 144 28 0 85 652 0 948 0 0
 2 12 3 0 0 0 0 0 0 22 3 0 17 14 12 9 3 0 0 0 0 90 0 114 9 20 9 0 3 3 0 0 1 7 1 4 0 0 0 0 1 1 6 16 0 14 0 4 0 0 7 11 0 25 0 0
 0 38 22 1 0 0 0 0 2 418 23 56 60 82 16 12 16 0 61 459 3 0 110 315 33 37 36 1 2 5 0 3 11 21 3 21 1 0 0 0 2 3 10 73 4 129 6 12 0 30 14 22 0 72 0 0
 0 31 0 0 0 0 0 19 0 649 226 800 1971 1260 202 275 131 188 0 0 0 0 0 11380 0 1034 498 117 490 248 0 316 251 603 8 139 7 1 2 0 31 51 71 547 0 1778 0 0 1 207 0 45 0 1223 0 0
 6 4 0 0 0 0 0 2 2 98 21 0 173 60 17 0 18 0 0 0 0 0 0 136 336 77 3 3 105 19 0 42 22 312 25 6 8 1 1 1 4 5 19 339 14 277 0 0 0 34 83 17 0 55 0 0
 0 55 0 0 0 0 0 0 0 1260 40 187 187 0 11 0 0 13 0 0 0 0 0 0 0 220 0 12 0 14 0 25 29 1 0 7 8 0 0 0 4 4 17 0 0 259 0 12 0 38 37 7 0 192 0 0
 0 153 0 0 0 0 0 0 0 1704 0 1179 620 0 14 0 75 30 0 0 0 0 0 0 0 341 1753 0 0 0 0 74 31 89 0 0 0 0 0 0 0 0 0 0 0 984 0 49 0 310 110 6 0 0 0 0
 3 46 40 1 0 0 0 0 25 0 0 7 0 63 29 15 11 40 0 0 0 0 0 0 0 0 14 16 0 0 0 23 26 15 0 14 3 0 0 0 0 0 0 0 0 54 2 6 0 47 4 0 0 0 0 0
 0 166 104 1 0 0 0 0 80 0 0 5 35 63 121 7 16 34 0 0 0 0 0 0 0 2 48 54 691 0 0 121 15 71 3 0 6 0 0 0 0 0 0 0 0 255 4 19 0 83 26 0 0 0 0 0
 105 93 0 0 0 0 0 0 0 7 0 283 0 223 102 24 923 14 0 0 0 0 0 0 0 0 707 9 64 1150 0 57 25 604 41 497 0 0 1 0 0 0 0 0 0 593 0 12 0 297 0 0 0 0 0 0
 2 25 4 0 0 0 0 0 0 18 12 10 67 225 10 20 28 22 0 5 6 0 0 22 13 14 4 0 2 19 5 32 10 76 7 47 0 0 0 0 1 0 3 70 4 158 6 6 1 53 19 17 0 10 0 0
 0 73 0 0 0 0 0 0 0 0 0 11 15 0 36 0 0 1271 0 0 0 0 0 0 0 0 0 0 0 0 0 362 0 0 0 0 0 0 0 0 0 0 0 0 0 64 0 14 0 115 44 0 0 0 0 0
 7 0 0 0 0 0 0 0 0 0 0 0 10 614 33 0 0 1081 0 0 0 0 0 0 0 0 0 0 0 0 0 22 330 0 0 0 0 0 0 0 0 2 0 0 0 119 0 3 0 0 41 0 0 0 0 0
 0 205 5 0 0 0 0 0 0 0 0 0 29 2076 7 41 0 80 0 0 0 0 0 0 0 0 0 0 0 0 0 62 24 398 0 444 0 1 0 1 0 0 0 0 0 105 0 42 0 48 105 17 0 113 0 0
 86 27 1 0 0 0 0 0 0 0 0 2 0 287 29 83 0 35 0 0 0 0 0 0 0 11 125 8 0 0 0 32 14 275 857 116 0 0 0 0 3 4 14 0 6 255 13 10 1 8 39 50 0 125 0 0
 0 400 44 24 0 0 0 0 0 0 0 0 0 2620 201 0 0 0 0 145 0 0 0 0 0 0 55 0 7 0 0 175 1 0 0 4647 0 0 16 0 0 11 14 0 19 983 0 62 0 203 104 242 0 607 0 0
 3 70 0 0 0 0 0 0 0 3 0 30 0 0 42 57 0 10 0 41 9 0 0 0 0 0 155 0 0 114 2 134 51 121 39 4996 89 1 1 1 9 8 36 361 0 488 0 7 0 0 98 113 0 210 0 0
 1039 31 2 0 0 0 0 0 0 0 0 0 0 10 6 0 0 16 0 0 0 0 0 0 0 0 0 0 0 0 0 42 8 0 0 6 0 45 10 4 0 0 0 0 2 69 1 9 4 30 14 0 0 0 0 0
 0 25 5 0 0 1 0 0 0 7 0 0 0 0 26 0 4 76 0 0 1 0 0 0 0 0 44 0 4 0 0 54 2 20 0 0 0 0 622 0 0 0 0 0 3 177 4 34 6 97 20 0 0 0 0 0
 1054 8 5 22 0 0 0 0 0 0 0 0 0 0 45 0 0 11 0 9 2 0 0 2 0 0 13 0 0 5 0 26 6 0 0 1 0 0 1 112 0 0 0 0 4 87 4 22 3 56 9 11 0 4 0 0
 571 100 32 11 0 2 0 0 1 0 0 0 0 16 97 23 0 28 0 11 5 0 0 0 0 0 100 7 143 3 0 48 25 31 0 13 0 1 7 58 1287 2 194 41 1 179 0 26 0 76 35 116 0 0 3 0
 50 15 0 0 0 0 0 0 0 0 0 0 0 52 18 0 0 93 0 0 0 0 0 0 0 0 39 2 7 13 3 115 0 31 0 0 0 0 0 0 0 201 1 0 0 0 0 14 0 22 36 28 0 0 23 0
 8490 421 67 9 0 23 0 1 0 0 0 22 0 0 342 20 5 155 0 0 0 0 0 0 0 0 622 47 538 2 0 719 227 281 0 0 0 477 18 341 0 0 7820 0 0 2219 28 194 14 982 193 360 0 0 0 0
 9277 622 0 0 0 4 0 5 63 647 269 283 131 0 632 721 687 306 772 0 0 0 0 0 0 152 257 40 318 692 0 911 165 698 414 1224 0 679 131 133 0 42 1076 11654 0 3121 595 165 14 485 760 730 0 0 0 0
 0 162 0 0 0 0 0 0 13179 1628 885 297 818 1135 1129 168 1540 93 1941 965 0 0 0 1773 0 145 1332 425 470 1359 0 105 236 884 0 0 45 0 0 0 0 4 17 3097 4212 1857 0 87 36 1735 143 447 0 0 0 0
 0 3 0 0 0 0 0 0 0 0 0 0 0 0 0 0 0 0 0 0 0 0 0 0 0 0 0 0 0 0 0 0 0 0 0 0 0 0 0 0 0 41 0 0 0 2145 0 1312 198 4055 2389 1207 0 845 0 0
 0 381 16 0 0 0 0 0 0 0 0 0 0 0 525 136 0 7 2 44 148 0 0 111 47 2 165 0 0 232 0 129 88 69 0 25 179 0 0 0 49 80 0 0 88 12936 1402 416 41 807 1652 591 0 1265 0 0
 0 157 0 0 0 0 0 0 12 0 21 0 12 0 5 0 6 0 289 0 0 0 0 69 6 0 0 0 0 0 0 0 0 0 0 0 0 0 0 0 0 0 0 0 0 0 0 21 0 0 0 684 0 0 0 0
 0 32 8 3 0 0 0 0 0 0 0 0 0 0 69 4 0 0 23 0 0 0 176 0 8 6 10 2 0 8 0 12 12 12 0 2 50 0 0 0 5 4 0 0 0 0 0 30 691 0 117 147 0 54 18 0
 0 163 20 0 0 0 0 0 0 0 0 0 0 0 1308 294 0 0 29 0 290 97 0 0 0 0 0 0 0 0 0 0 22 0 0 0 42 0 0 0 0 0 0 0 0 0 0 1608 1308 7051 339 621 0 418 0 0
 0 41 0 0 0 0 0 0 0 0 0 0 0 0 8 0 0 0 0 0 0 0 0 184 0 0 0 0 0 2 0 0 0 0 0 0 0 0 0 0 0 0 0 0 0 0 0 248 0 0 0 0 0 0 0 0
 0 0 0 0 0 20 0 0 0 0 0 0 0 0 24 0 0 32 0 0 0 0 0 0 0 0 0 4 10 77 0 76 664 0 0 0 0 16 22 0 0 0 0 0 0 0 0 0 0 0 358 5914 0 3086 0 0
 192 400 1849 2 0 0 0 0 156 0 0 0 0 10 145 1 1 0 7 20 5 0 0 186 5 40 14 7 8 58 0 11 33 0 1 49 6 0 0 0 4 4 16 2336 5683 35 8 11 2 30 26 2864 0 1992 2058 0
 416 173 0 0 0 0 0 0 0 0 0 0 0 0 113 0 0 65 0 0 0 0 0 0 0 0 42 5 3 384 0 4 2159 0 0 0 0 12 27 0 3955 2698 2633 685 197 0 0 69 0 0 1907 0 0 15016 0 0
 329 1183 500 221 0 19 0 0 57 0 0 0 22 4156 1069 167 66 29 331 391 887 1418 466 1925 547 254 290 3 73 329 16 330 1092 91 117 365 330 43 68 73 0 0 254 1576 5425 3057 2456 752 0 1251 1753 3425 0 24377 72890 0
 0 0 0 0 0 0 0 0 0 0 0 0 0 0 0 0 0 0 0 0 0 0 0 0 0 0 0 0 0 0 0 0 0 0 0 0 0 0 0 0 0 0 0 0 0 0 0 0 0 0 0 0 0 0 0 0
