56
 151 207 9 48 0 157 4 0 47 32 0 20 0 518 255 40 0 0 1 253 27 0 5 0 0 40 25 2 4 0 0 18 7 2 0 28 0 0 0 0 0 0 0 0 157 182 0 74 10 60 54 414 0 0 0 0
 0 1137 265 894 0 0 0 0 0 0 0 0 0 0 75 0 0 0 0 0 0 0 0 105 2 0 0 0 0 0 0 2 21 0 0 0 0 0 0 0 0 0 0 0 11 40 0 86 20 0 21 32 0 0 0 0
 0 0 191 927 0 0 1 0 2 0 0 0 0 0 0 6 0 0 3 82 0 0 0 0 6 0 0 0 0 8 0 5 18 0 0 0 0 0 0 0 0 0 0 0 0 23 0 83 16 0 15 4 0 0 0 0
 0 0 0 366 0 0 0 34 0 0 0 57 0 0 0 0 240 0 36 254 0 0 0 140 4 232 49 0 0 3 0 0 14 0 0 0 0 0 0 0 0 0 0 0 70 125 0 0 15 49 24 39 0 42 0 0
 0 16 1 2 1 0 0 2 5 0 0 0 0 6 1 0 5 0 0 3 0 0 0 2 0 4 1 0 0 0 0 0 0 0 0 0 0 0 0 0 0 0 0 3 0 5 0 6 4 2 1 1 0 3 2 0
 0 6 1 32 0 2 0 0 2 5 3 3 0 0 2 0 2 0 0 1 0 0 0 3 0 2 1 0 0 4 0 2 1 0 0 0 0 0 0 0 0 0 0 0 2 1 0 3 2 2 3 1 0 1 0 0
 0 14 0 2 0 0 65 0 0 12 0 4 0 20 0 0 7 0 0 2 0 0 0 5 0 30 4 0 0 0 0 1 1 0 0 0 0 0 0 0 0 0 0 0 0 4 0 11 0 0 1 6 0 0 0 0
 0 3 5 0 0 0 0 2 0 0 0 2 0 0 1 0 4 0 0 4 0 0 0 0 0 2 1 0 0 3 0 0 0 0 0 2 0 0 0 0 0 0 0 0 0 0 0 1 5 1 1 1 0 0 0 0
 0 131 0 211 0 0 6 1 554 0 0 0 0 0 48 0 28 0 2 41 5 0 0 0 0 15 0 0 0 8 0 75 8 2 1 3 4 1 1 1 0 2 9 0 0 161 8 84 23 331 21 27 0 37 0 0
 0 139 319 873 196 0 0 2 228 2326 0 0 34 0 37 11 3 5 0 0 0 0 0 0 0 0 0 17 5 1 0 33 24 4 2 31 4 2 0 1 2 2 9 0 0 345 6 77 66 105 57 53 0 106 13 0
 7 37 31 36 13 0 0 0 23 290 99 7 29 35 5 3 0 2 0 0 0 0 0 0 0 0 0 0 1 2 0 2 12 0 0 4 1 1 0 0 1 1 6 0 0 86 3 14 7 11 12 11 0 36 0 0
 0 23 18 0 2 0 0 0 10 797 0 180 0 0 0 0 2 0 0 0 0 0 0 0 0 0 0 0 0 0 0 0 5 1 0 0 0 1 0 0 0 1 0 0 0 114 1 0 6 11 10 7 0 32 0 0
 5 137 32 39 8 0 0 0 3 0 0 22 815 0 6 2 0 0 0 0 0 0 0 0 0 0 0 1 0 2 0 7 2 0 1 2 1 1 0 0 1 1 2 4 0 177 4 7 18 15 18 15 0 46 0 0
 0 293 217 574 0 81 0 21 88 42 0 9 146 2193 0 0 0 5 0 0 0 0 0 0 0 30 34 0 0 0 0 160 0 0 0 0 19 2 61 7 0 0 60 128 0 531 0 351 116 141 58 31 0 0 0 0
 0 0 23 53 0 0 365 0 0 0 0 5 0 78 661 0 0 0 0 0 0 0 0 0 4 0 6 0 0 0 0 0 0 1 0 0 0 0 0 0 0 0 0 0 0 0 0 163 0 0 0 0 0 0 0 0
 0 17 0 20 0 0 1 0 0 0 0 3 0 152 6 75 0 3 0 0 0 0 0 0 0 1 0 0 0 0 0 21 5 1 0 200 0 1 0 0 0 1 0 0 0 61 0 18 2 0 8 0 0 0 0 0
 979 17 0 0 0 0 0 0 0 0 0 0 0 19 12 1 136 0 0 0 0 0 0 2 0 0 0 0 0 0 0 0 4 1 0 2 1 1 0 0 0 0 3 0 0 110 0 32 13 54 9 8 0 11 0 0
 144 47 0 98 0 0 1 0 29 0 0 21 0 0 12 0 151 326 0 2 0 0 0 0 0 0 0 0 1 0 0 0 0 0 0 22 0 0 0 0 0 0 0 0 0 79 0 27 12 14 12 0 0 0 0 0
 0 0 0 0 0 0 1 0 0 645 188 60 7 12 4 39 15 3 167 0 0 0 0 31 0 61 89 0 2 1 0 2 10 4 2 3 1 1 0 1 1 1 13 0 0 150 0 8 0 3 5 8 0 55 0 0
 0 57 0 0 0 0 0 0 0 942 919 181 99 48 10 195 36 0 428 2464 0 0 0 285 0 160 101 8 3 0 0 2 40 8 0 0 0 2 0 0 0 2 22 79 0 352 0 73 9 21 60 32 0 13 0 0
 0 28 30 29 0 0 4 0 0 524 192 115 78 155 54 349 27 8 11 230 590 0 0 277 114 293 303 8 42 39 0 9 6 39 12 99 0 0 0 1 0 0 3 193 0 141 0 49 10 0 15 49 0 88 0 0
 0 0 0 0 0 0 0 0 0 1 0 0 0 0 0 0 0 0 0 1 0 1 0 0 0 1 0 0 0 0 0 0 0 0 0 0 0 0 0 0 0 0 0 0 0 0 0 0 0 0 0 0 0 0 0 0
 0 25 3 5 0 0 0 0 5 243 22 89 3 21 2 10 16 2 12 152 0 0 74 79 12 27 13 6 7 4 0 1 4 1 2 19 1 1 0 0 1 1 7 13 4 44 3 5 0 5 10 5 0 21 0 0
 4 0 1 0 0 0 0 0 4 370 161 96 478 228 13 34 0 14 0 0 0 0 0 1537 0 147 110 47 51 175 0 36 24 59 2 47 0 4 0 0 0 2 18 252 0 306 0 57 9 31 24 20 0 0 0 0
 5 0 0 0 0 0 1 0 0 24 16 9 46 4 0 0 1 2 4 45 0 0 0 57 238 13 9 1 9 13 7 7 8 11 12 1 1 1 0 0 1 1 10 111 3 85 2 11 0 12 6 0 0 0 0 0
 0 5 17 0 0 0 0 0 0 391 7 140 58 0 1 0 7 0 0 0 0 0 0 0 0 79 0 0 0 0 0 0 3 0 0 0 0 1 0 0 0 0 0 0 0 88 1 1 0 0 8 1 0 9 0 0
 0 27 15 0 0 0 0 0 12 709 74 252 204 0 0 18 8 2 0 0 0 0 0 0 0 64 210 0 0 0 0 7 0 9 0 0 0 0 0 0 0 0 0 172 0 255 0 17 6 46 25 5 0 0 0 0
 0 14 3 25 0 0 0 0 59 0 3 3 0 35 3 2 0 7 0 0 0 0 0 0 0 1 6 52 0 0 1 6 9 1 0 2 1 0 0 0 0 1 0 0 0 45 2 1 0 14 1 0 0 0 0 0
 0 23 39 36 0 0 1 0 32 0 0 5 3 6 10 2 3 0 0 0 0 0 0 0 0 1 3 39 60 0 0 16 3 0 0 1 0 1 0 0 0 0 0 0 0 59 2 8 2 21 4 0 0 0 0 0
 139 4 0 0 0 0 1 0 0 0 0 31 0 63 17 5 347 5 0 8 0 0 0 0 0 28 137 9 108 123 0 0 7 0 0 124 0 0 0 0 0 0 0 0 0 113 0 22 2 39 12 0 0 0 0 0
 2 2 2 1 0 0 0 0 3 7 3 10 40 39 2 2 34 3 0 3 0 0 0 2 0 8 12 0 4 4 44 27 3 4 5 17 0 0 0 0 0 1 3 27 1 38 0 3 0 7 3 4 0 0 0 0
 0 0 0 1 0 0 0 0 0 0 0 4 0 0 3 0 3 673 0 0 0 0 0 0 0 3 0 0 0 2 0 38 0 7 0 0 0 0 0 0 0 0 0 0 0 0 0 0 0 16 1 0 0 0 0 0
 0 0 0 0 0 0 0 0 0 0 0 0 0 48 10 0 0 589 0 0 0 0 0 0 0 0 12 0 0 0 0 3 77 0 0 0 0 0 0 0 0 0 0 0 0 0 0 1 0 0 0 0 0 0 0 0
 0 8 0 4 0 0 0 0 0 0 0 0 0 176 0 0 0 1 0 0 0 0 0 0 0 0 0 0 1 1 0 0 1 2 0 16 0 0 0 0 0 0 0 0 0 23 0 14 1 6 2 2 0 0 0 0
 222 12 0 15 0 0 0 0 0 0 0 13 0 103 7 90 1 3 0 5 0 0 0 0 0 11 24 7 0 5 0 20 8 22 735 100 0 1 0 1 1 1 12 0 3 222 0 8 0 6 13 10 0 21 0 0
 0 122 9 131 0 0 2 0 0 0 0 0 0 1024 47 0 0 0 0 55 0 0 0 0 0 0 9 0 0 0 0 51 19 0 0 3307 0 4 0 2 1 6 39 0 15 359 0 27 1 13 53 52 0 22 0 0
 1 17 0 4 0 0 0 0 0 0 0 10 0 0 11 21 0 9 0 4 1 0 0 21 0 9 44 0 1 12 0 34 16 14 28 2028 77 3 1 1 3 2 20 0 0 98 0 12 0 3 20 17 0 0 0 0
 940 17 0 8 0 0 0 0 0 0 0 0 0 0 6 0 0 5 0 0 1 0 0 0 0 0 0 0 0 2 0 18 17 1 0 0 0 37 0 1 0 0 0 0 2 85 0 11 32 17 12 0 0 0 1 0
 18 8 1 19 0 1 0 0 0 1 0 0 0 0 5 0 1 6 0 2 0 0 0 1 0 1 7 0 1 8 0 5 4 0 0 0 0 0 396 0 0 0 0 19 0 100 0 15 19 30 8 0 0 0 2 0
 681 1 1 65 0 0 0 0 0 0 0 0 0 0 3 0 0 4 0 3 0 0 0 0 0 1 4 0 0 2 0 12 4 0 0 0 0 0 0 126 0 0 0 0 2 50 0 51 4 29 8 4 0 0 0 0
 296 33 9 39 0 1 1 0 0 0 0 0 0 0 16 4 0 5 0 4 3 0 0 1 0 1 8 2 21 4 0 4 7 1 0 0 0 0 0 13 234 0 0 0 3 42 0 7 1 17 12 26 0 0 0 0
 92 3 0 1 0 0 0 0 0 0 0 0 0 24 4 0 0 37 0 0 0 0 0 0 0 0 9 0 1 8 0 41 11 1 0 0 0 1 0 0 2 235 0 3 1 52 0 6 3 10 19 10 0 0 7 0
 4097 72 12 65 0 6 3 0 0 0 0 8 0 0 35 20 0 30 0 0 0 0 0 0 0 7 76 12 56 10 0 93 65 4 0 0 0 488 71 179 5 9 913 0 0 396 0 80 26 85 53 92 0 0 0 0
 5081 196 94 19 0 0 11 1 133 263 109 56 0 0 81 210 231 194 8 0 0 0 0 0 0 55 0 4 2 44 0 40 10 3 94 1219 26 707 0 30 0 0 1147 4719 0 254 0 102 6 24 150 127 0 0 0 0
 0 0 16 0 0 0 10 0 2585 685 338 63 15 371 211 40 599 11 61 157 31 0 0 211 0 72 120 161 83 152 0 16 31 10 0 0 8 0 1 0 0 0 6 607 905 553 0 45 28 180 44 0 0 0 0 0
 0 0 0 0 0 0 0 1 0 0 0 0 0 0 24 0 0 0 0 0 0 0 0 0 0 0 0 0 0 0 0 58 25 0 0 0 0 0 0 0 0 0 0 0 0 1151 0 351 120 289 524 271 0 486 0 0
 8 47 29 25 0 0 23 0 0 0 0 0 0 7 211 24 2 45 7 45 87 0 0 14 0 0 9 0 0 17 4 156 90 1 10 55 49 31 3 22 21 42 166 254 71 3978 35 95 19 51 253 197 0 540 0 0
 0 0 0 391 0 0 0 0 0 0 0 9 0 0 0 0 0 0 0 0 0 0 0 0 0 0 0 0 0 0 0 0 0 0 0 0 0 0 0 0 0 0 0 0 0 0 0 3 0 0 0 40 0 0 0 0
 0 0 0 0 0 0 13 0 0 0 0 0 0 0 71 0 0 0 4 0 0 0 47 0 0 0 0 0 0 0 0 2 3 0 0 0 8 0 0 0 0 0 0 0 0 0 0 10 213 0 39 14 0 26 57 0
 0 52 9 0 0 0 45 0 0 0 0 0 0 0 239 16 0 0 0 0 90 2 0 0 0 6 0 0 0 0 0 0 33 0 0 0 0 0 0 0 0 0 0 0 0 0 0 230 120 318 73 64 0 50 0 0
 0 0 0 0 0 0 0 0 0 0 0 0 0 0 9 0 0 0 0 0 0 0 0 0 0 0 0 0 0 0 0 0 7 0 0 0 0 0 0 0 0 0 0 0 0 0 0 141 0 0 0 0 0 0 0 0
 0 0 0 0 0 0 0 0 0 0 0 0 0 0 0 0 0 3 0 0 0 0 0 0 0 0 0 1 2 7 0 26 158 0 0 0 0 0 2 0 0 0 0 0 19 0 0 0 0 0 131 757 0 449 0 0
 5 50 234 4 0 0 0 0 2 0 0 0 0 2 3 2 0 0 0 5 0 0 0 8 0 6 21 0 0 3 0 4 14 0 1 3 3 1 0 0 1 1 8 229 1588 16 17 0 0 1 3 819 0 180 272 0
 163 13 22 0 0 0 1 0 0 0 0 0 0 115 133 82 0 64 0 0 0 0 0 37 13 0 6 37 34 46 10 55 848 3 0 0 91 50 83 73 988 395 611 1502 162 0 0 4 0 0 311 0 0 3499 0 0
 59 274 220 346 0 14 4 1 23 0 3 1 4 449 159 17 38 7 41 161 252 2 34 274 112 49 248 16 19 229 4 74 216 4 18 90 77 0 0 7 4 0 69 718 3434 579 377 357 0 381 351 480 0 4283 796 0
 0 0 0 0 0 0 0 0 0 0 0 0 0 0 0 0 0 0 0 0 0 0 0 0 0 0 0 0 0 0 0 0 0 0 0 0 0 0 0 0 0 0 0 0 0 0 0 0 0 0 0 0 0 0 0 0
